0.420153915702  0.46068676059
0.498589886939  0.603238601331
0.548331911849  0.681476673198
0.445613839624  0.52787902501
0.418653168571  0.72092440323
0.50584580521  0.555853703758
0.654194500076  0.2543961219
0.466271347047  0.547137865283
0.54665253031  0.484077796965
0.425799591697  0.623359233758
0.461057214896  0.317991802158
0.412507479044  0.446593261136
0.515041625179  0.567250290779
0.482367551061  0.357289239845
0.251957675887  0.487488979406
0.531406573128  0.55780760263
0.406087123289  0.609332687807
0.613478612141  0.604989493004
0.523423176492  0.53701564604
0.518390693974  0.559984989264
0.564441391946  0.570164405254
0.418697687781  0.609485135426
0.339526841068  0.383352762507
0.417102204333  0.475330334121
0.455940247375  0.644182527469
0.54004903083  0.537027470824
0.550153905084  0.51088734869
0.353097909589  0.543211721136
0.415079646504  0.720178543184
0.343369884554  0.63548483723
0.420331227271  0.383223547725
0.613911018375  0.54292145435
0.323338911011  0.443507808757
0.430290045392  0.464320162139
0.624701438595  0.627876366543
0.529417875965  0.573711935473
0.656122572516  0.481346612068
0.574221059093  0.520417931158
0.401427802538  0.446012983212
0.643423121434  0.522822006731
0.480906743944  0.494039320369
0.472137570519  0.426422420473
0.519831075904  0.532596910026
0.595649572587  0.610977981876
0.463571609074  0.575120738906
0.484516386254  0.626045266917
0.508469120238  0.600071242293
0.812453783763  0.683999563569
0.605855136917  0.541367633718
0.454598918405  0.517675113733
0.642352011498  0.489870769584
0.47039683911  0.249484339173
0.662085394977  0.459910414502
0.520794328531  0.573005893801
0.562317903401  0.402365495334
0.57998741738  0.425819224154
0.525517353023  0.356155438936
0.620477266744  0.562316328672
0.413854651536  0.524534768878
0.670373404705  0.57895898039
0.686056774032  0.479646424689
0.438280866621  0.374553634398
0.608693887641  0.373926518271
0.489762276674  0.35889465717
0.593959791616  0.436986607388
0.383635038128  0.547920194317
0.599705843028  0.437531922737
0.580993016777  0.357363431586
0.585942522613  0.301095070054
0.445813580701  0.338190804581
0.401833807627  0.379930618057
0.545629943473  0.345437981947
0.380699410605  0.612954169457
0.433153226902  0.35972777362
0.550703628086  0.376783245304
0.571208889839  0.437602745123
0.437479294165  0.428357254614
0.498822148423  0.626647248497
0.562895313877  0.580217823094
0.413316246473  0.474899981624
0.469516427035  0.402737485061
0.481591985507  0.549737165244
0.481351976531  0.719419421703
0.537141075675  0.694644019639
0.644437146829  0.40424261751
0.482088926614  0.576597311939
0.447352618284  0.507012161716
0.386722090721  0.342044049718
0.427192303876  0.40089362746
0.436433198644  0.483168817335
0.562732747913  0.585871425429
0.522901617896  0.521532803745
0.454445427708  0.435010491976
0.573969027908  0.695120570147
0.344104394752  0.481381000158
0.54342748071  0.662161808232
0.384910164566  0.600228554232
0.598743903705  0.344976047382
0.591444503637  0.295012317943
0.593711720126  0.50087127617
0.434266326495  0.47012803887
0.530620972773  0.574020864844
0.356111006417  0.632866783956
0.497323488783  0.405118011868
0.51162406265  0.530120003163
0.478966466592  0.409178556398
0.581135759076  0.404995223003
0.424517097836  0.608955267773
0.475121382183  0.626756314327
0.758446564376  0.567694812359
0.485529842264  0.316447535597
0.514883112048  0.379681575247
0.552245183785  0.462888717092
0.484513340503  0.667379377122
0.418202854321  0.582323884582
0.394625671838  0.628675116213
0.437733553161  0.419090728147
0.552633781927  0.56683203452
0.452342155228  0.537086690281
0.509070563138  0.377918628868
0.675439584371  0.276302648645
0.525379036666  0.530474890196
0.551125986214  0.498257946969
0.395720998074  0.520389919587
0.449179595946  0.522495327789
0.377786951817  0.470759217264
0.551992126311  0.454111533139
0.424484628218  0.467498486426
0.596553113159  0.618812916774
0.537433723556  0.424200828194
0.565752353156  0.534090702571
0.515691778746  0.595948701189
0.502854936781  0.490294405716
0.486463768997  0.500091776655
0.495998412482  0.568571009152
0.417854956452  0.326697137033
0.468511016527  0.585964662052
0.562716923457  0.532098406753
0.551369741919  0.547492741376
0.582651751092  0.527843176112
0.454594322079  0.274088415507
0.496509557685  0.506971959384
0.471221745514  0.554386791236
0.42659653299  0.511127680583
0.725457078925  0.384102512756
0.470386856795  0.537406405133
0.460184836223  0.306188004645
0.48666277089  0.704929022821
0.331908067272  0.490927533387
0.363963351048  0.575976853956
0.604022571929  0.4230163642
0.382099740884  0.472670176144
0.517457479237  0.524444252739
0.639342495123  0.491420427938
0.391426438683  0.377316776207
0.512440737587  0.407551788086
0.607347228816  0.525163412743
0.406380505674  0.672978165342
0.441861661273  0.419700567982
0.491902803449  0.321559167247
0.465676167056  0.491310974948
0.481964987089  0.435379560487
0.560836658987  0.490500566157
0.439877388632  0.537223973971
0.738812822767  0.235103529433
0.585762379904  0.300259012254
0.521376135648  0.497051515266
0.435904171021  0.490132683821
0.494085605163  0.558399963207
0.423401012786  0.497991538597
0.471753010121  0.46018188505
0.557940207457  0.348993121956
0.606832092459  0.524817097129
0.4957271032  0.446927311758
0.534409062447  0.464428939434
0.51825510767  0.386386048408
0.666851708493  0.510834888305
0.410593022491  0.502078585872
0.487710770799  0.573995500185
0.669908110106  0.443527962965
0.474650729756  0.61293982772
0.496626081544  0.451442993874
0.442856313572  0.5626844912
0.559556075601  0.547647133848
0.476508405098  0.272553887312
0.505302642935  0.176165078356
0.270169635898  0.669653624342
0.473915003241  0.563090061299
0.487408355797  0.56544653477
0.537402218587  0.469859006888
0.568293556387  0.496914689281
0.415574054516  0.539692808288
0.608758533377  0.70505385744
0.491499930401  0.524965737965
0.605401271026  0.606603979014
0.458141503749  0.626446442007
0.661454115437  0.373169332731
0.416068020541  0.256240821429
0.371661259476  0.528828809033
0.621658413983  0.651151309963
0.461833140622  0.421133929746
0.602036895711  0.555722756172
0.477017821731  0.696624262458
0.367899504578  0.582270132905
0.281632313467  0.540532170718
0.428797023769  0.472412192078
0.43461152752  0.558516298979
0.577805503841  0.648431560633
0.591424718657  0.547833188415
0.393956628849  0.394091655231
0.559597933301  0.590403098126
0.630444294178  0.405070298396
0.545365699193  0.646163161632
0.567183771788  0.419497328002
0.503944538442  0.541161744857
0.466911350971  0.591674882265
0.455914028361  0.454515673715
0.548539706681  0.491738152401
0.659642271637  0.485189695113
0.465305728718  0.498509393123
0.706702506684  0.647558014786
0.579204573018  0.45377214349
0.655167670094  0.604138579791
0.485125274193  0.424207331784
0.413457768532  0.42875547106
0.408471715667  0.703144239577
0.355652774417  0.398285969687
0.552326328409  0.597078786928
0.548607242838  0.462917457294
0.627476776865  0.606299469726
0.49272157508  0.468676669024
0.449059759367  0.570334256002
0.583213658277  0.44705431806
0.532839915051  0.469759460138
0.441616015532  0.561889284677
0.498538516559  0.543364723944
0.337700169241  0.565535504289
0.707069606322  0.388433447615
0.420507091258  0.419624178269
0.586001575764  0.520878950088
0.521069268436  0.608540059784
0.562036042444  0.453695512047
0.404290733968  0.416763563988
0.455017573745  0.373684865948
0.536441442497  0.454258269939
0.575653282242  0.476556813715
0.467531986475  0.430191945687
0.473511775928  0.584095404055
0.509538600107  0.551516318447
0.442821199588  0.504351492882
0.606163371853  0.511157183032
0.578046238206  0.422334718722
0.589852064513  0.533915430473
0.516099722364  0.616294667637
0.454365838915  0.379518321544
0.478644658711  0.489976425853
0.474013506213  0.66403627429
0.740343492422  0.462234526278
0.444745656554  0.278900089471
0.421298658793  0.341736741439
0.42711143893  0.421810513116
0.551188256663  0.644456958729
0.579965127132  0.489200823583
0.451496611232  0.430311744655
0.421546856683  0.476068007548
0.450216866723  0.37252605462
0.508968050578  0.426601136679
0.659726963206  0.457520470961
0.494076938729  0.457548255634
0.449303801741  0.461326577901
0.425227632596  0.381605124577
0.485764123048  0.457508236099
0.415849768398  0.528578779063
0.508845858142  0.360307892503
0.595390748213  0.514658909939
0.315046065524  0.608674949972
0.528195511741  0.382926722489
0.400096068781  0.721269409706
0.567767713314  0.383498320754
0.30943128068  0.390730281128
0.540234638586  0.562910564462
0.610148983486  0.384135247914
0.608595488175  0.503937910268
0.636135457181  0.504499141099
0.570728402857  0.641946023427
0.543005141854  0.457014978791
0.462921604363  0.330656279495
0.700955212438  0.429370786427
0.526275381992  0.432977151179
0.446989879011  0.351858456973
0.365847741546  0.355705536541
0.338301909913  0.425577390996
0.431049724252  0.427981238723
0.469552913614  0.457008048382
0.444236462495  0.529643146272
0.662865091126  0.585297275387
0.702707291069  0.703698055505
0.421058151149  0.617180558894
0.607917958244  0.404970191062
0.424748577709  0.476559186542
0.338636912257  0.594865098654
0.494709699228  0.393063626467
0.45029402961  0.446700657072
0.655506141579  0.291550654825
0.608230361819  0.534413112481
0.517092718712  0.490312076826
0.470305258322  0.653520731947
0.581083687974  0.522477924852
0.515390281359  0.386589436552
0.511370156777  0.500750301476
0.393244195313  0.630734766869
0.743454307496  0.529561381175
0.480517158236  0.427572987971
0.503669102619  0.584025656454
0.550926454332  0.527584873898
0.478713486862  0.456094395396
0.541928610826  0.467987877493
0.321326188254  0.498103660739
0.488013920417  0.502092404354
0.610215206037  0.500966153961
0.402078548227  0.646992749838
0.365069775436  0.570130483406
0.468080404052  0.389767162566
0.488293369501  0.453457959125
0.55073962019  0.581416692227
0.348605654121  0.387289485187
0.452821644579  0.486729657161
0.551188043336  0.393631127901
0.501825621529  0.492130984914
0.622372549244  0.37433993788
0.392910013708  0.580399350888
0.280986502161  0.645619420053
0.536304348766  0.557905917924
0.485607759913  0.561110146319
0.495076933085  0.435749122406
0.382158637642  0.595827975191
0.504591699419  0.365145319563
0.645791893122  0.44996911015
0.572716581439  0.553101622587
0.506154883415  0.268706211733
0.224328332246  0.593271182736
0.570225985882  0.460114771719
0.500016392878  0.434755307097
0.677619053918  0.462314116856
0.600058961178  0.44711379755
0.608946102509  0.519132211385
0.374767843622  0.333149090265
0.3833071274  0.351212428267
0.478861256246  0.515499870193
0.397031499905  0.678652893009
0.400926124523  0.718475492607
0.498091749446  0.535240274514
0.487728524752  0.417669809208
0.411722053831  0.603900848881
0.415330934711  0.718520544437
0.336098531496  0.536897904211
0.363482958763  0.276121067517
0.56764245339  0.538654652413
0.618143199522  0.507324560682
0.575897870116  0.505438315265
0.372941411715  0.404310989106
0.499292087426  0.508451425274
0.44430261927  0.410838755403
0.402894063396  0.6488595298
0.711215328185  0.765023503344
0.516863120734  0.446707847679
0.456928637462  0.269215901952
0.457458443138  0.494499203971
0.472519917189  0.619245011061
0.531962488479  0.500591439318
0.424243532005  0.571930671758
0.604103092922  0.64568320482
0.511397364445  0.609803000556
0.458506372262  0.592603735707
0.515296001912  0.435717922299
0.461129785467  0.401177249368
0.575078663628  0.485309322042
0.590531152276  0.347804645582
0.667489877457  0.429970164683
0.490927711223  0.547425211548
0.377909675556  0.351988699337
0.54874502905  0.598516816363
0.285955883913  0.491790147411
0.518388326875  0.65540914664
0.407184584225  0.736899591477
0.686464841784  0.629920856321
0.452048313046  0.630252470053
0.3957474946  0.482032822368
0.526431179962  0.547887280116
0.670706883074  0.619001078416
0.446607841342  0.483995487976
0.511929818763  0.627426345815
0.590685899355  0.54595583394
0.742730715162  0.502628433352
0.414564407618  0.585808135446
0.554702446681  0.412580827407
0.436006991292  0.329744139058
0.498822335787  0.473009878364
0.357463975649  0.430815957306
0.385887553147  0.457024446013
0.612115557735  0.481067622144
0.534046879518  0.518570424555
0.486392934532  0.519852351211
0.57619548607  0.510910902822
0.518102083135  0.371352000504
0.584587769807  0.506098904965
0.392391433184  0.610157897389
0.462065607475  0.54859759629
0.419071504203  0.254193137575
0.388951714506  0.4565776592
0.506665912015  0.449994284005
0.471526337868  0.628473325204
0.319715211962  0.495426211016
0.732350285074  0.532167971914
0.518661184669  0.507143638645
0.527644090299  0.42763231523
0.647265859318  0.554674627219
0.349533629678  0.645482122777
0.372500569397  0.570171475692
0.488859819861  0.516452411448
0.443807725677  0.620645531222
0.674172836662  0.586207054837
0.406085440994  0.564119339407
0.505839062872  0.361405791817
0.52586858393  0.450967964282
0.458870329401  0.2396926446
0.539252566947  0.537281793488
0.559362540343  0.448207108709
0.347217379995  0.578673883755
0.515452545728  0.440830864004
0.470165914433  0.521714572193
0.593303170303  0.46197043285
0.43700484069  0.487374931574
0.546100257873  0.356303819362
0.53982418055  0.591263779933
0.401517837261  0.543361151819
0.491680567593  0.418276308479
0.357204834898  0.34247822017
0.380333818921  0.478232069572
0.580065595515  0.839242173008
0.396323054894  0.530770311602
0.602040229245  0.263704864137
0.626032210838  0.511872578972
0.47974004755  0.627590734822
0.450325109523  0.561463142261
0.491773072675  0.401844205182
0.557061197793  0.455086002364
0.589872686056  0.602915453162
0.656937239028  0.521494162524
0.353795548874  0.425152067958
0.476651783435  0.52838436923
0.364896978229  0.381231528326
0.488882951005  0.490086794116
0.384564505028  0.45663219581
0.576966988163  0.401414562543
0.550542669918  0.51080277035
0.55854831664  0.612250431616
0.507424343412  0.477887381246
0.55157729053  0.466486513032
0.344018407938  0.490830659856
0.573476341575  0.505344074521
0.57712210718  0.40995499659
0.646851396714  0.263460000311
0.428643036734  0.354424179553
0.42425269068  0.466091521284
0.419273927179  0.704290591071
0.435338239916  0.408547797
0.468204325826  0.427851320395
0.571394387813  0.461952429741
0.479204230841  0.553863033989
0.496331820936  0.429489994226
0.484886635193  0.487353269747
0.378758563207  0.476326971919
0.476761946822  0.550848059466
0.489074550989  0.499836573861
0.487030649514  0.495594455195
0.568922037714  0.537169874657
0.465958600297  0.540316590386
0.418485904984  0.304685682784
0.613127679401  0.396632410161
0.425681293099  0.479881597109
0.450996603787  0.397658759477
0.272629567551  0.478327724627
0.550400942923  0.523437306326
0.399625248358  0.36624398325
0.472289002468  0.539581145123
0.492743398375  0.586401002178
0.646803734867  0.379692887245
0.343393698577  0.647144791281
0.420916053139  0.23716911847
0.663551535306  0.699908215553
0.465341919587  0.611354506749
0.484291368295  0.469738867285
0.348240279921  0.415899820771
0.567978342441  0.678640427662
0.516659585477  0.400091972345
0.513288276298  0.492710222773
0.47402693397  0.360877947267
0.49677247933  0.528349753881
0.491375463102  0.26360837878
0.59759615211  0.478540500197
0.362265818169  0.362079363155
0.534702724752  0.471879744786
0.54440824301  0.419176839963
0.513007492105  0.566502181884
0.440205041632  0.505648179306
0.472933333488  0.480107290577
0.466208628226  0.421848109403
0.602790591189  0.745727172148
0.672850951274  0.483649433825
0.54898671946  0.459691453323
0.516457981661  0.562373629461
0.563005311478  0.517518845207
0.413272516887  0.582752805019
0.535246672732  0.437446914395
0.579404820634  0.537000318282
0.522984158544  0.621845109671
0.423254036589  0.457974842784
0.466243759303  0.451588925712
0.544270784595  0.553188653775
0.387832463036  0.3332252134
0.562837847593  0.457455274455
0.366973614233  0.513079106963
0.526591309044  0.455590048859
0.585249445728  0.428119423598
0.415619782923  0.472266157966
0.610583925999  0.433685611316
0.520935028358  0.499026725833
0.525729898107  0.34703998665
0.490586239231  0.435898431956
0.497056608819  0.405821696962
0.566649451793  0.490076125135
0.491222104892  0.437518513422
0.433245954028  0.614417036401
0.370973712336  0.443934673581
0.539175180002  0.4421784464
0.5022411859  0.48127075376
0.513459991885  0.728774134121
0.377797328185  0.574069149037
0.43523487479  0.543818801154
0.535708619437  0.431432824877
0.597705119961  0.519707343291
0.560206752504  0.585812519407
0.591247245594  0.412490651516
0.552223752164  0.468797749822
0.600865450168  0.464591257078
0.490249141788  0.625772415102
0.517718545466  0.607141873559
0.431620159634  0.524092401176
0.47164978582  0.482351163117
0.676601287367  0.521314187742
0.608009930104  0.483396931789
0.519432428505  0.520068830185
0.317836675636  0.611500653005
0.591076091891  0.374114349486
0.575504771769  0.499734406165
0.301166221543  0.569575172407
0.556183382692  0.555195383295
0.522530288107  0.514649429211
0.612282154493  0.508121623609
0.574388679353  0.658298208204
0.497186614825  0.539629764858
0.636833931506  0.415696197553
0.657921295888  0.498857673496
0.77930205843  0.495740726725
0.55329966015  0.519964386316
0.515679053742  0.399872960415
0.511380934556  0.422239604016
0.477734987045  0.614568391218
0.549557971562  0.621231449374
0.275070034621  0.426171209801
0.616498055068  0.368549914379
0.352512583617  0.528133374116
0.340841710348  0.440998873605
0.557185104639  0.40997499863
0.582225354021  0.489807035744
0.63538217091  0.397329476036
0.512770644906  0.377315760459
0.554973186712  0.437931163643
0.587615998982  0.583673609833
0.432225359115  0.474972906351
0.471064601259  0.532009455679
0.679450404494  0.515870550553
0.463339985956  0.315036065197
0.39490513188  0.455691884116
0.530470910491  0.382125345474
0.690617005858  0.626517517062
0.465242480535  0.682503443541
0.45658814706  0.599065613028
0.562570473414  0.532319768994
0.470979133177  0.595322949857
0.495735775659  0.469116197186
0.605749052402  0.33685456165
0.564673807682  0.597038985044
0.425943470647  0.533931703788
0.469262111124  0.408153431923
0.479085385334  0.561660628919
0.436746718319  0.495695836057
0.491883142311  0.421920181745
0.511662203228  0.352457415122
0.402323396378  0.378728888211
0.409074424633  0.519960566718
0.610423847245  0.668471120357
0.497918533338  0.402894144955
0.518261655513  0.514861238355
0.608881593399  0.474098920334
0.465758777776  0.61841071358
0.592381242711  0.539479590232
0.402863942079  0.469129943546
0.481911004131  0.44498858546
0.523571256223  0.429120587377
0.444360612181  0.486199096466
0.452628535685  0.317734220976
0.527540940983  0.475563319635
0.50351514421  0.480174405282
0.588723252514  0.470157445815
0.593191576887  0.757780768935
0.552478373555  0.518318253895
0.502178833116  0.391367714403
0.569419357868  0.486666627456
0.438462749965  0.423577113406
0.388557183778  0.42350019629
0.471275467613  0.47927784423
0.292737217312  0.413724778743
0.634836228557  0.652596874052
0.254606027695  0.406849818923
0.650366265739  0.36195983061
0.625358117617  0.504122157575
0.569332778334  0.372433234017
0.633657159068  0.560807917201
0.601828341477  0.366473253434
0.560966160283  0.575823636259
0.538250246735  0.415639057169
0.444031162533  0.421340315962
0.585472414345  0.512385312943
0.408312551752  0.574232519139
0.367635050939  0.604057930849
0.471048289279  0.519027405994
0.350216318371  0.551297810471
0.41456394084  0.437369912418
0.485696921736  0.574239080379
0.419934076976  0.577132626636
0.511357079718  0.472354155445
0.574512673769  0.544936121169
0.601892397358  0.322668199633
0.372412061494  0.575294328584
0.295602200919  0.616678820623
0.63264537988  0.504294845884
0.586027346681  0.561637520585
0.382779183845  0.452694323438
0.439875252652  0.499235575315
0.390670505999  0.36786780574
0.497601218833  0.630697572683
0.494881974992  0.581626214077
0.512661547701  0.665337898143
0.5546004678  0.515757833039
0.352697454797  0.585672054615
0.652999103003  0.427315342072
0.436161767412  0.523500402212
0.57938641781  0.410240395852
0.283718050476  0.567720518709
0.645780179572  0.578122400503
0.441157193637  0.611606385363
0.591187369201  0.340178655796
0.402561795441  0.519235487652
0.364651174928  0.505164597941
0.677298458028  0.312603126083
0.549638378326  0.652059899527
0.486139517398  0.465551671658
0.654408613026  0.326261465967
0.588951427199  0.463818685535
0.536098953098  0.480968532121
0.524586811071  0.350089371901
0.665840529595  0.591331980039
0.542801090432  0.596271430864
0.556839615891  0.580946756383
0.244301222341  0.52577693889
0.499685387727  0.508011274342
0.491366377408  0.384346675947
0.576042240146  0.539673467138
0.573668317213  0.451841999304
0.412237967767  0.596773787954
0.518373127047  0.622472467834
0.289184380283  0.597016213406
0.502359033216  0.528197913757
0.303852919284  0.542381832886
0.615854601056  0.597720887147
0.456089767617  0.645386069761
0.62395222339  0.572130995676
0.477893806002  0.539870950683
0.38750901475  0.417250765793
0.49367470243  0.366307498775
0.519147925237  0.456250325627
0.504379700934  0.407363152603
0.440131698162  0.520448639367
0.433921004283  0.546423906361
0.394537715607  0.609023143886
0.254376483403  0.510481142681
0.325368605347  0.679802561963
0.562745984041  0.363027135921
0.575614166788  0.592580719706
0.507716986735  0.380700496266
0.503037536295  0.395843725645
0.54164641328  0.588754888849
0.526048000278  0.441959789503
0.401588422325  0.471619106239
0.368182088306  0.551966336585
0.613852463209  0.594548685698
0.557119874725  0.504758933929
0.660410809013  0.495008077122
0.430869181043  0.507213230611
0.304377859107  0.567393088578
0.461904678461  0.551628818387
0.737810124754  0.407241549993
0.407910708611  0.402129798008
0.593718517409  0.459993599228
0.598839909389  0.570999221428
0.403566829422  0.464794641629
0.469433646183  0.355933147986
0.548159241785  0.583176070478
0.434122906592  0.616206979464
0.456933495326  0.553828023595
0.419386331328  0.445454435683
0.423619680514  0.582527083803
0.386120653146  0.301702702451
0.434442789907  0.561843236029
0.417405901373  0.761043919994
0.402367303038  0.503488535059
0.482415386943  0.430057482038
0.459027574013  0.544903323183
0.447519920472  0.404464483954
0.637620990702  0.537218294217
0.535012278086  0.472609269528
0.643230647569  0.389121442715
0.43093701631  0.390483886394
0.525618663117  0.544069152863
0.50153839432  0.582144832712
0.515836812664  0.638565709074
0.471358059751  0.459890667336
0.544527105735  0.46982776774
0.552472868499  0.411123792922
0.509563174834  0.263792624529
0.469761485652  0.502856539945
0.30392425418  0.494234859283
0.710248148502  0.289900652261
0.352898494554  0.416847221131
0.487262094768  0.535513994513
0.527909183112  0.419531687489
0.503759955063  0.477826538763
0.398136195084  0.477799383117
0.684193659151  0.572638957448
0.590881111689  0.550097816948
0.493552810065  0.458153549327
0.569849398239  0.493751485461
0.532442818884  0.524024278582
0.412114512425  0.369865209738
0.5082573688  0.41856012633
0.516924499508  0.439466437423
0.382684842105  0.420027423978
0.407827310359  0.589205832746
0.646842184637  0.388073193975
0.671005433595  0.463141789051
0.475420111612  0.368503722491
0.520473083393  0.544796631219
0.55009550477  0.509196378989
0.581489708082  0.622904768232
0.620307240267  0.604142842744
0.348894917174  0.576320108017
0.43803662661  0.467593370715
0.262169123936  0.507285868451
0.420054156703  0.363206281779
0.580169157206  0.674343329745
0.22748060292  0.415542506156
0.578312926821  0.495827871906
0.510304530988  0.496773041217
0.525984922418  0.603083481443
0.682437878653  0.354421932994
0.522792475183  0.458599421834
0.69251070243  0.350948069182
0.533638923949  0.393172577803
0.530891414006  0.43840742709
0.41525841936  0.387089765899
0.42879348493  0.487644383306
0.370844997815  0.478809702872
0.608001542779  0.458919846129
0.61813138825  0.502595324026
0.604364964394  0.542306797137
0.384756807434  0.539139036353
0.444662245694  0.441800985723
0.519495855243  0.465531311529
0.533888747555  0.486670355157
0.528389839814  0.475071430528
0.50166375253  0.523513494899
0.528822893064  0.577357608236
0.299446219007  0.357005178092
0.587284741581  0.552977210273
0.481987072969  0.490984598646
0.397829407552  0.557519855911
0.401734652745  0.506961940195
0.561563215018  0.295973557749
0.532366693312  0.253269338539
0.49387756209  0.599790554294
0.50659157987  0.684154537486
0.278745459848  0.567025653829
0.515686919684  0.447683798051
0.46721000035  0.510939230907
0.396809842612  0.42941599095
0.454288365815  0.472285836676
0.356726646969  0.477696878728
0.444931081572  0.424244290073
0.561175328565  0.605554639241
0.44907378638  0.511868450427
0.476368610709  0.634848490879
0.474633373135  0.339532761242
0.454746909093  0.388210817057
0.438275487683  0.375157468395
0.571544075309  0.316267025465
0.539397317195  0.529228806323
0.243766753384  0.505445575734
0.51593522661  0.389012412166
0.302463249877  0.644385479357
0.512744148495  0.465949630088
0.565844572758  0.598160922645
0.477645784249  0.38083720872
0.422923388012  0.575254808889
0.373342975927  0.643057561955
0.681491059303  0.528499786468
0.602023409646  0.312194273824
0.401819252578  0.447112154074
0.496083068833  0.479339606898
0.620632427664  0.479742165326
0.653151171255  0.66547700101
0.454212436132  0.537472306144
0.469813693508  0.526733484911
0.528092232761  0.369193359745
0.56579620994  0.465455715032
0.432298570861  0.588617475764
0.469532286085  0.397928150855
0.319246284863  0.554270764522
0.365358816012  0.412193072499
0.583682505167  0.305820423519
0.561758008633  0.432028188413
0.573847588212  0.516586920007
0.503564658281  0.497025446431
0.448144206252  0.661241569353
0.450447422998  0.358762592256
0.428547331795  0.624881537277
0.354129052455  0.270772559171
0.64591830345  0.456062523254
0.435954087089  0.469871791057
0.754368707994  0.358971357598
0.500903635105  0.709049520424
0.55185963063  0.641069722251
0.617308166466  0.550093655679
0.486282125545  0.599406793993
0.58450058341  0.624393644356
0.435291398033  0.544150624826
0.352976007658  0.498288268759
0.381535826379  0.452158684488
0.536880698274  0.571603925149
0.479805756843  0.403988509209
0.537057718721  0.397860805936
0.512979574961  0.538436464644
0.5371254946  0.369443251558
0.490229927781  0.513187784535
0.54840580754  0.296341612543
0.410317282822  0.572324703272
0.555790142835  0.487036352101
0.54139929644  0.682762020598
0.351664155769  0.599818953264
0.362443016272  0.608536710907
0.476327228861  0.430959387975
0.478662469476  0.432377014786
0.406978458171  0.48087824556
0.413333331876  0.482478937941
0.368312693524  0.577480501349
0.499972779175  0.618305859819
0.43531380088  0.582938408557
0.4076176072  0.43961113836
0.368618341818  0.519342452348
0.423049092642  0.599279070485
0.509218161113  0.538476990209
0.413938055516  0.501727643228
0.517239781543  0.496005488928
0.612447725126  0.617981938719
0.470048053616  0.405496043621
0.557016868069  0.378105923621
0.724874516814  0.602890132144
0.380333820454  0.353313732652
0.38511833595  0.524742476855
0.436775231421  0.437933944792
0.520277135373  0.558008210719
0.527823075361  0.699470517805
0.598541501505  0.4594370933
0.573695710115  0.366537958645
0.481717398651  0.463924256225
0.387256251439  0.49092816701
0.64121689857  0.423288671289
0.469680752327  0.565783459318
0.500033356042  0.480038688363
0.76041946899  0.55846126467
0.257190035783  0.670085316988
0.389300672618  0.602887693095
0.385291584513  0.395629191776
0.596547421264  0.260324005204
0.5500406162  0.584331336063
0.583824295882  0.268783467467
0.427202441906  0.399883517386
0.503362190617  0.420635105489
0.395403121972  0.566024332588
0.422557039122  0.570113100367
0.613929564295  0.347561369039
0.487207852024  0.456920016036
0.581406613885  0.627495380899
0.563562120721  0.626236661369
0.539194433109  0.523217072521
0.701408806786  0.626752933785
0.546639769151  0.367548091392
0.553591090732  0.42645937689
0.357546598193  0.559410666548
0.639933292041  0.400586544038
0.471717401546  0.574588697041
0.629511661804  0.537555146358
0.400653365349  0.421424246934
0.514632766988  0.37560487416
0.424439127905  0.483734926445
0.435935653739  0.564381513288
0.540652442434  0.434040831402
0.285445107822  0.387185108696
0.634338994527  0.509568329
0.501340309227  0.564999244461
0.550153439622  0.539867639217
0.548215657666  0.538159216413
0.507652135633  0.530449530247
0.61900166623  0.426690647507
0.555041125306  0.449264813923
0.552825559547  0.511591497483
0.51212962065  0.59341973089
0.356994401513  0.433811783311
0.311316265665  0.478717446734
0.613034561564  0.607399118061
0.352300398235  0.439291215255
0.522526879798  0.456781676538
0.451987795155  0.856512741827
0.742435434428  0.642136995881
0.642742600649  0.582529015921
0.697020659624  0.415460257564
0.450829606217  0.232826782834
0.441614978015  0.296622391455
0.303616628472  0.444896500348
0.47689727109  0.676490554098
0.757011605222  0.506374853512
0.405912865159  0.487101364331
0.691260683657  0.530809226177
0.384430684637  0.382128211675
0.569170331786  0.416807374322
0.623596996527  0.507083978221
0.40006607771  0.60987770066
0.412371431061  0.427583473875
0.407347643553  0.68172120019
0.36293425733  0.511386634116
0.531613658686  0.46609757662
0.39025309217  0.591727490179
0.490652541308  0.516019824635
0.587807806304  0.643347786535
0.394689342563  0.2564126339
0.408899075537  0.599481006842
0.413599140865  0.629277997067
0.68225852593  0.611454306503
0.625558810333  0.470593581666
0.430842747353  0.481179414502
0.323592879812  0.520860312762
0.320854898584  0.468309003191
0.399019388545  0.46602471176
0.423057291385  0.531461948395
0.199637457871  0.582420913649
0.38952969771  0.477506228038
0.646922644871  0.716292005893
0.553273168965  0.485039247244
0.543527239122  0.587993211811
0.363340821653  0.429011368676
0.367817457624  0.419880185828
0.38071461874  0.640434429954
0.471464792679  0.500265970773
0.530215171565  0.431318828601
0.6880733411  0.406057619288
0.693958293397  0.446339447023
0.439488163586  0.449096170815
0.670737240989  0.450957181226
0.567683077633  0.397740312344
0.507458304951  0.562071404541
0.524163545845  0.330415356685
0.467681459062  0.421602804687
0.272913472016  0.613692560513
0.406182201545  0.58399511877
0.322011064241  0.497542257338
0.57308662173  0.51292990856
0.523390579863  0.375002910507
0.652821187848  0.552828620257
0.493454953746  0.53952677138
