0.616587938201  0.493324649527
0.51044740502  0.441987336692
0.48452793302  0.454624547922
0.760467395938  0.586620759864
0.639976038637  0.514516812326
0.60947228555  0.595845264067
0.638168523713  0.341439808819
0.235871205265  0.365284985871
0.622467912225  0.45928282552
0.498647063167  0.501900075829
0.72479069936  0.489510741753
0.406088323039  0.562690472049
0.53841435339  0.442702041651
0.540280028018  0.436879752768
0.413122856944  0.449703520482
0.505568433269  0.364700265502
0.443465089554  0.375794024799
0.368474701262  0.51965367292
0.53684111137  0.481608393697
0.508731313757  0.481096443371
0.472480890551  0.667378069348
0.521650864355  0.403129103267
0.460162188038  0.404776267296
0.58901816343  0.564893842457
0.654331097361  0.43546861607
0.727473903468  0.324823903603
0.366803544684  0.518735829722
0.229689378748  0.568718175707
0.37080822802  0.531943367003
0.447441804506  0.373334317304
0.568112219545  0.422997625286
0.331448996302  0.340864201188
0.454191071359  0.434781641751
0.406980904758  0.427535062186
0.454688602674  0.528724266905
0.624904308997  0.418948726006
0.699100265981  0.477296305611
0.488426402861  0.687884560963
0.350418429886  0.740666020848
0.4119281201  0.524253677113
0.416322135924  0.362421366586
0.443280571411  0.483804247376
0.440625664359  0.658331365437
0.456495701126  0.434647217603
0.61602490844  0.635497153872
0.470177918115  0.61193195349
0.489076358027  0.407447575673
0.611698939222  0.463321124511
0.556369179973  0.655044087802
0.581999554674  0.600667067842
0.528078853397  0.573454378823
0.593123407409  0.418068690172
0.46125699332  0.581615855747
0.602538482498  0.400384738607
0.530851035198  0.550283843397
0.50080740103  0.487545941797
0.546119434982  0.590391035866
0.510978476129  0.267179068502
0.441169741409  0.50860323398
0.383804211101  0.563944968569
0.693466603382  0.626191700283
0.493577932715  0.376620413997
0.387737924879  0.579684270135
0.413737242864  0.374008469124
0.321047742934  0.46129997154
0.533580990391  0.793000735052
0.316320664668  0.470315525025
0.575644106506  0.606143775965
0.392767424471  0.599074787972
0.59757126538  0.521197278027
0.564226044139  0.460089453919
0.450688879779  0.49727614642
0.525068410222  0.577253769057
0.477045021371  0.717967456305
0.603483629207  0.532960783934
0.674115433631  0.486896596495
0.574914019456  0.324859315277
0.448637820239  0.416110688227
0.262900191622  0.46729409357
0.54091126247  0.435857525664
0.419022559635  0.468488337078
0.448726631918  0.649803174737
0.558471761022  0.499143031468
0.445867434072  0.477779195324
0.28805096177  0.62447004296
0.435412302331  0.656139595618
0.459063227401  0.496604829185
0.49611944869  0.461576900168
0.484027431843  0.435552804956
0.611406744715  0.614289356584
0.51750135618  0.471806237035
0.333504137507  0.566926467487
0.561488221475  0.639343969789
0.283736333376  0.488397864287
0.42427431624  0.508620379643
0.441649701137  0.536955806836
0.596470853697  0.561730405437
0.608630240242  0.523015541206
0.48672921931  0.464039723464
0.562956541901  0.445564983863
0.563748172864  0.614671727727
0.521032027199  0.514301910992
0.558353458149  0.476685918559
0.584604163668  0.448721071155
0.566586853934  0.545995043934
0.469697237883  0.406791017934
0.433485478987  0.462296174573
0.481802961985  0.494955165599
0.450451205157  0.653372404466
0.573846485796  0.542894334716
0.539955362523  0.445437083654
0.559327642826  0.458750752385
0.576237677459  0.626512441555
0.582596200839  0.497933191346
0.498509332648  0.442139533058
0.596618906598  0.497865769494
0.49661781934  0.5366714784
0.477608425726  0.481698884799
0.423654454988  0.224061961395
0.603553608603  0.404542121416
0.285085988739  0.700148428131
0.381141982781  0.438356847076
0.411175701976  0.683187350263
0.618927130366  0.286158970993
0.423773377332  0.539589244645
0.423561299373  0.46648310959
0.315684269923  0.50432362873
0.410007022317  0.583630666078
0.624943053807  0.501587400316
0.570852493612  0.4713764135
0.532126675553  0.600345773887
0.578807217458  0.481616450337
0.409929280029  0.536999680177
0.47299809056  0.710334755285
0.634275702933  0.424637644714
0.568737945059  0.305060305831
0.615389935602  0.34634914934
0.48506574808  0.622231649879
0.51130392739  0.521890866305
0.341163653484  0.480733427817
0.541279709255  0.573963150784
0.253888793938  0.486178173032
0.417725278218  0.493905347785
0.625128645241  0.252103349964
0.452799890958  0.449917822382
0.51095859782  0.379520833722
0.495060055802  0.327244841421
0.690511420416  0.299569546149
0.524460779235  0.48684585502
0.438044300108  0.566155613151
0.457785334709  0.376663838246
0.625927154996  0.521387916331
0.550556619607  0.551676533948
0.612590919677  0.490716534019
0.473116677872  0.512753744451
0.598588162374  0.455062793263
0.510799330687  0.441294162262
0.538962033696  0.42555751161
0.505073583767  0.556366936187
0.581370625445  0.521051717851
0.555532524304  0.516974128604
0.547048467994  0.566394878065
0.336096493433  0.503410032124
0.464639345181  0.354297768361
0.561864640896  0.504581157918
0.538705424865  0.46918036384
0.454146994203  0.377042165929
0.510000659601  0.553130786984
0.542782396086  0.495417554124
0.693537947729  0.633026555995
0.500458716201  0.564358435215
0.545261468222  0.569318669746
0.586872090032  0.375680284443
0.710596532971  0.471122879404
0.594931950041  0.554015119661
0.441184742066  0.510023546086
0.531475512865  0.343246923732
0.548987035785  0.614671803589
0.371806458931  0.551995130497
0.579241413537  0.631494038573
0.565881304347  0.481783178254
0.459471875567  0.568567432758
0.514260955121  0.352547590816
0.620474476644  0.52858364819
0.429308909486  0.552869485118
0.50005117028  0.487934072429
0.370336932524  0.568470827863
0.429571538966  0.5535320437
0.521457682808  0.768233430392
0.338474010962  0.532430107766
0.423062172921  0.440501558635
0.721868365505  0.516368678748
0.521162008498  0.645171550538
0.426935005154  0.305901978812
0.439847035469  0.624856406893
0.422962116449  0.52017523224
0.425072211061  0.563191280157
0.604718763721  0.409389607988
0.602361621913  0.537886154139
0.648016405657  0.486851321367
0.537137817765  0.527505967459
0.49785839953  0.412200651027
0.455440614097  0.498452330622
0.433996301537  0.339475859445
0.431108546064  0.470095904898
0.395938535175  0.546252094899
0.570834042655  0.555532224128
0.566008831899  0.485238232547
0.448299417878  0.576678970429
0.363273062821  0.595891202847
0.641245391739  0.553459530827
0.651639347909  0.530103734729
0.370987505102  0.466658533557
0.720673983732  0.481648345421
0.569380464595  0.62264897483
0.519923033607  0.598552492687
0.743493531665  0.549053558155
0.496353864811  0.620402855126
0.572057846295  0.675823394535
0.71466495852  0.515865890479
0.500554015136  0.489330770086
0.616107683749  0.496266630283
0.466801864817  0.482171954297
0.602587746856  0.488548956969
0.416529031093  0.69711889713
0.547183950188  0.53608857847
0.578876477849  0.408176271421
0.418814286176  0.435001982885
0.39176369384  0.60983172588
0.460699517871  0.542250575416
0.564252575693  0.359378442601
0.438376638863  0.62402558072
0.541849048937  0.632774041058
0.427369922985  0.424383551289
0.478029501574  0.364015951332
0.43281730015  0.390757938659
0.386829484528  0.366100291439
0.50122803383  0.419041851138
0.457322293056  0.521785448435
0.464692226617  0.524237454947
0.503444526539  0.365501170061
0.632808240947  0.462333162359
0.381590077889  0.592261284699
0.573205245073  0.621759204104
0.496499570213  0.636045854064
0.43273058413  0.489712862564
0.431236194371  0.410380912725
0.566000481391  0.458796325723
0.518526517678  0.549068957167
0.514791256026  0.449067993364
0.566193105683  0.72163987457
0.529063407396  0.652338482366
0.536408135231  0.586350668332
0.567770898993  0.544317724448
0.390002897931  0.447843080707
0.261232221337  0.389939531471
0.483995472037  0.410704380031
0.383698744902  0.517599956174
0.50771335475  0.44648976793
0.477911616723  0.472501312701
0.179267434794  0.772989154215
0.668788262948  0.495466568537
0.396011092923  0.599835518899
0.708494620511  0.46453375073
0.637104247544  0.45306197863
0.531029178635  0.668824144728
0.521903720719  0.580014600116
0.425750727908  0.49407113208
0.651564643284  0.567657890989
0.648997017133  0.424658599994
0.402735163875  0.516356624062
0.682710305035  0.504830855279
0.555704681276  0.349890570658
0.401945908234  0.369000717385
0.556364731828  0.600610211358
0.400887147228  0.303750951049
0.633815532874  0.529288638036
0.47831269948  0.418200825347
0.624335679643  0.383234102068
0.599634802875  0.584113336959
0.478399575366  0.470245291366
0.658037742459  0.498652365217
0.328816940729  0.554780450618
0.449444125297  0.517585539707
0.540128064232  0.345177387116
0.601055881432  0.57159307747
0.50345990215  0.54577882535
0.447887380405  0.605772180055
0.628806071987  0.437364764964
0.590792853958  0.564888258739
0.486518847663  0.504384809578
0.495890668644  0.561510036521
0.523661481916  0.485524844327
0.470386762374  0.526357788311
0.377173762316  0.501650094723
0.548318084949  0.476105106348
0.588463242862  0.516669157859
0.639021404724  0.445418901639
0.382129527609  0.535325770455
0.671682870043  0.420967512489
0.456131161003  0.333338034823
0.390105800112  0.444010782217
0.521003378569  0.333744562418
0.344212364382  0.468014340068
0.494209354346  0.405423653146
0.729437100507  0.502294206915
0.50696092189  0.494227959624
0.373708770682  0.682222578487
0.454697114165  0.393362070462
0.545600819453  0.588214414714
0.52052785016  0.548257690106
0.468961823984  0.446583020846
0.548370680455  0.398095677011
0.490136125997  0.522513707476
0.542619706517  0.640462736709
0.536410022574  0.439916878852
0.329214597481  0.359619624353
0.510596010414  0.373633859276
0.56791184756  0.497569858064
0.569658448747  0.615690948223
0.577705295171  0.651733109431
0.6239687782  0.628520956765
0.539850136971  0.423625524212
0.364123259572  0.539736734052
0.563474174432  0.581285067561
0.536419515859  0.515722871697
0.675963538503  0.453137311808
0.387438097036  0.493373175314
0.343153979151  0.580193400838
0.43939092867  0.472503528026
0.430880385532  0.469291426577
0.538739539556  0.447480763015
0.435965407134  0.61495420723
0.472207253344  0.420550723499
0.385179776809  0.594892582594
0.55493491513  0.514769541608
0.70704378212  0.5542376889
0.397826175995  0.410799246793
0.554325618776  0.523068644347
0.588796964004  0.589180797378
0.670416469621  0.57063530868
0.503080948876  0.406494395763
0.4951813386  0.503656879967
0.568107407595  0.491011415732
0.456077964606  0.374327074197
0.483937208742  0.471150478224
0.618882143964  0.515269270939
0.559428656046  0.636171135344
0.518618695353  0.429455768438
0.567916608197  0.430635680924
0.506613567801  0.391679431411
0.514587906786  0.605825655668
0.494981237099  0.574093799669
0.581837815441  0.563074994496
0.343825693532  0.582005120277
0.400635843752  0.530829660219
0.703301597446  0.473557236509
0.416568207544  0.272962512922
0.543914439276  0.629004706364
0.503418592784  0.434520453778
0.565283256057  0.404297422277
0.450987871793  0.418100126864
0.567440804055  0.590498585586
0.395036880247  0.482845385269
0.222706682164  0.473288774962
0.5409303958  0.389957088453
0.576620799152  0.639430317211
0.494842464783  0.530182321406
0.498172892185  0.583508521646
0.505351809942  0.45821008704
0.607029371188  0.378161281958
0.457666260203  0.464968761219
0.480378800484  0.661736338583
0.641057821203  0.598144806022
0.447891975734  0.535319617512
0.561233980546  0.438616932852
0.533395009339  0.433442541228
0.414938280244  0.582143809662
0.597648697449  0.296365325882
0.383728686463  0.557273769603
0.619613967469  0.35013158173
0.637032195021  0.403127224495
0.604486068658  0.327586036368
0.548319636369  0.415079432962
0.425977860382  0.468950149823
0.540838082738  0.540765382455
0.366671938377  0.574076877997
0.579096538212  0.564070200975
0.78375694255  0.519277706327
0.503202495026  0.556454591718
0.656175604486  0.351857335842
0.570215024542  0.594883512012
0.505480598784  0.50616120986
0.372648754063  0.5838039208
0.551626299241  0.377278698481
0.553612499999  0.820204198616
0.458469304692  0.430047198374
0.579637662783  0.52183363471
0.539551096287  0.582364052885
0.389609071924  0.669368668329
0.426947718898  0.547361222626
0.523811708111  0.501685041359
0.381504962414  0.521704069746
0.45577111443  0.486365412382
0.430838699491  0.574846208583
0.615799582861  0.57548001347
0.556800378809  0.525711991033
0.527200239677  0.47108758491
0.531116638465  0.472461609897
0.5198246368  0.508227916844
0.551941584221  0.400516551548
0.428116291772  0.607531674453
0.314431151681  0.381923492078
0.542935672462  0.423934758458
0.349664228094  0.424315380217
0.513529029628  0.623398437561
0.279201093868  0.553072494784
0.417804676649  0.517147981536
0.445648315328  0.398388110148
0.353833272935  0.471186403656
0.553947514824  0.534522756771
0.413481847399  0.544592250192
0.423142076411  0.405560618564
0.382081056206  0.364548686554
0.571551342748  0.436033335234
0.408188865695  0.689406828788
0.488239896644  0.522797787324
0.50723991319  0.497738047575
0.444630845778  0.483646703159
0.318943837995  0.498109017914
0.311684906193  0.641154615918
0.56133996027  0.484667304456
0.455583171455  0.631797052898
0.594014275116  0.575544563715
0.510221217635  0.490533029523
0.28955136892  0.381626347735
0.646136077573  0.692738219104
0.48473328666  0.292031059801
0.559927078581  0.459283588098
0.461612683158  0.403071605454
0.618448390926  0.57186337686
0.53968199713  0.593939932604
0.377238190841  0.61041923781
0.65890554849  0.592097341474
0.624272775831  0.45410678032
0.589216848921  0.463878632564
0.599915431801  0.597840046198
0.578855044649  0.526179605184
0.445790105278  0.321644510759
0.625773537201  0.471256039507
0.501067285631  0.436926151382
0.40029342037  0.350358156614
0.3858280739  0.607380764474
0.373782232926  0.60180661608
0.593409625174  0.378652879346
0.455775999136  0.535370549431
0.630046518962  0.477720992945
0.578708067485  0.510640145975
0.439233831009  0.53934005048
0.48170483103  0.498450987504
0.547310936068  0.433603536739
0.728757763609  0.43310556369
0.606609931889  0.41693453676
0.401702910079  0.514869837928
0.527657937564  0.567865872186
0.374270551589  0.509386376234
0.518105392567  0.511169254312
0.574738356951  0.44741830954
0.405907672609  0.372035809456
0.574614165133  0.578215604922
0.52901678398  0.442040594783
0.62415566125  0.625365184084
0.396427462939  0.439736166709
0.546671866997  0.520116212604
0.507209269523  0.339407370908
0.512195931129  0.493066484769
0.534816600396  0.412782568063
0.365888314557  0.496327523454
0.614696431288  0.535921787138
0.426740094553  0.374433025313
0.491714967531  0.436063013513
0.456679480373  0.641704210958
0.592317640176  0.529090442291
0.443495012049  0.352222981826
0.584455342365  0.24554988744
0.481837712366  0.526532639393
0.451146505026  0.591424968255
0.478430316908  0.295216475916
0.499459456488  0.445572351102
0.475614584457  0.462462524661
0.411935156727  0.556616971795
0.631034701032  0.606840601052
0.363769908543  0.504786312141
0.436998738133  0.454448147787
0.363864731316  0.352379336749
0.491288495837  0.438056306859
0.551890778898  0.584261592094
0.463641993223  0.551676220826
0.601421340004  0.698211046946
0.451625649199  0.350666246962
0.483461286561  0.589050699519
0.474135753764  0.455736249444
0.346201143489  0.448365795329
0.650361729215  0.50258660371
0.427152146605  0.599942254027
0.501358395856  0.630067263386
0.562878442102  0.545961593075
0.449789930256  0.269215452261
0.539141827791  0.420862074278
0.455294682329  0.53522898493
0.496198890975  0.427028705743
0.430649059514  0.288250604115
0.488409835428  0.358458842431
0.594091651917  0.415667470989
0.522805380885  0.503022228692
0.449682359009  0.411642177453
0.389176476873  0.548544622938
0.513133486059  0.577297261326
0.386580993199  0.343054243348
0.70945198388  0.666219196637
0.573977320564  0.632773936268
0.635722223231  0.548276395633
0.447539760328  0.485331528147
0.451062237405  0.578585953188
0.710279984344  0.416611527766
0.536889878031  0.514038563934
0.516326203663  0.597116546696
0.490627308102  0.645537527573
0.271768803056  0.550360330205
0.351011786866  0.427336087075
0.428892461284  0.318405087759
0.474124982107  0.502693671555
0.605584959672  0.493458686217
0.312454893376  0.44662449465
0.370385760896  0.464155820659
0.501313706401  0.456210869282
0.480152184638  0.366024075208
0.380849257618  0.356517568544
0.521633171922  0.475190408848
0.46403308942  0.3733807527
0.415446247045  0.452242971952
0.284691105185  0.634437575321
0.61413682666  0.507291020621
0.479030179418  0.455441323549
0.46116199139  0.501590872649
0.661521463689  0.456878215132
0.491669991031  0.517791411297
0.506621584395  0.633411484787
0.440263877447  0.493811728791
0.41731153131  0.536513690192
0.523121563811  0.559469215225
0.343434298452  0.520934390767
0.585896370059  0.488521175764
0.4387813932  0.497108203923
0.41410879031  0.539941235399
0.530206257321  0.462285253149
0.519422694712  0.530920253647
0.639926258103  0.362954345571
0.570179890289  0.478585932622
0.615217637834  0.50955046045
0.481187549858  0.488095037099
0.346685666173  0.551736935026
0.61099688035  0.543422480115
0.502993509208  0.635114767578
0.554935851401  0.511112824363
0.425720219446  0.536649392517
0.513755202191  0.495900653531
0.696049737685  0.344393787716
0.515594847046  0.557981194904
0.422702473247  0.463107865598
0.471667855154  0.462812548857
0.398379724016  0.394078236488
0.481943579447  0.332275540501
0.51171302327  0.474540603885
0.486978601303  0.511223752097
0.495943702693  0.447649256182
0.465620069719  0.407543028976
0.594202624344  0.317918687502
0.408043992719  0.577421303308
0.48213247604  0.435674636568
0.587995578391  0.486775875277
0.434879666311  0.328033095193
0.534149879287  0.53364679426
0.488270367107  0.619146860955
0.482539897769  0.469067693696
0.604366466391  0.707851085388
0.513572291953  0.620488633681
0.525427758028  0.481543035526
0.53332681653  0.556648066846
0.5643647368  0.388989457938
0.730661910488  0.323544254601
0.433630000644  0.267706308275
0.412620208664  0.522510775952
0.534695024273  0.433387410888
0.438412698811  0.477761730322
0.544836809286  0.523985572014
0.54522374788  0.474833217217
0.784064004144  0.422220007243
0.531363422147  0.513199834641
0.324765020682  0.530938232883
0.443998962182  0.520902398857
0.314790544161  0.465637856392
0.41611211566  0.53792042576
0.554075038057  0.525931676394
0.550375583407  0.470502932702
0.465170349435  0.478977885378
0.480856184656  0.518570705769
0.376128869002  0.517728400437
0.531409493882  0.377588126537
0.451864411333  0.353163604785
0.608842667317  0.547323886279
0.489965332944  0.609468130341
0.540264546156  0.353256623553
0.301223436373  0.371101027103
0.530381997219  0.554592645492
0.489388860652  0.590049095264
0.556792432819  0.291950244847
0.485504189848  0.530051386765
0.503689523114  0.429606388862
0.557270938987  0.600388816851
0.500923130172  0.41167109416
0.323052538755  0.368878124372
0.6226473833  0.600019671128
0.584803531412  0.484599287656
0.497839729242  0.578652430107
0.424578490102  0.51219390784
0.462616195937  0.375254866693
0.536012644742  0.558800194363
0.281577132267  0.491502822386
0.601774772825  0.574458578746
0.672949623571  0.381112218197
0.513207452532  0.587500408534
0.352877588409  0.536202972555
0.598018618127  0.537847990227
0.566750974047  0.371848129088
0.4290102949  0.625748175762
0.441802110547  0.311297044655
0.527807440921  0.622903857022
0.516466982999  0.512158015566
0.552369561796  0.500396478466
0.484699264116  0.363481905825
0.639825413176  0.335470041138
0.495104759696  0.410619011822
0.475453251603  0.479591383759
0.548027295487  0.473736559806
0.459901272491  0.384523836452
0.546538907299  0.439578606106
0.441441343238  0.389419615245
0.419736157947  0.455674306036
0.600899754208  0.393357703767
0.383277885704  0.620302782133
0.457384473368  0.325711233275
0.431529930466  0.632000708224
0.477485676218  0.56889675855
0.603877937416  0.432128345414
0.52861521873  0.471544326613
0.511939526825  0.431075694414
0.606582487232  0.679311183923
0.724427630036  0.508203648648
0.481731900593  0.570341666851
0.476057772172  0.503826247925
0.636611947343  0.51675783078
0.450442272877  0.28417404051
0.453805530051  0.696115545081
0.554436789834  0.579303848953
0.577819737815  0.417277457379
0.665184249277  0.263541726428
0.473227810727  0.514113308587
0.534652888712  0.503038248034
0.470943458853  0.580962506571
0.426641467258  0.324083900379
0.679067123413  0.384764587265
0.427818233601  0.526179373902
0.397773946127  0.467162330733
0.543129364314  0.379551191105
0.61587449533  0.504477555997
0.594496959191  0.565431292847
0.498455321431  0.63220391621
0.46543022893  0.503807294255
0.554137347775  0.524457203398
0.438500305136  0.566665392428
0.433884438183  0.536605644603
0.461852934813  0.504424435806
0.532107150124  0.35351060581
0.145719547918  0.678665397418
0.500470983903  0.512338787112
0.6795461098  0.632427634962
0.655210361614  0.448577502243
0.446688909833  0.571062738809
0.452461424636  0.282293189081
0.621925957686  0.554762692313
0.650714107367  0.508623740387
0.48975958323  0.660092957683
0.514555185956  0.454442375013
0.422452559807  0.515540216581
0.425818160248  0.312162841096
0.603691948245  0.53778260313
0.557985842008  0.200985508299
0.585929803169  0.603965327386
0.478285191369  0.585812589499
0.530890962602  0.554381937554
0.392136123405  0.524876012871
0.33278765526  0.478692423754
0.539766857084  0.433427007841
0.521919874198  0.245613283993
0.371572484629  0.543681239215
0.378238497521  0.620244648273
0.50341339889  0.418720124117
0.438763543287  0.681923472405
0.410714916751  0.494316090698
0.331938186346  0.398844773669
0.670727670894  0.549567691287
0.437247782573  0.480792156403
0.488973488861  0.634328091903
0.53785828591  0.559007348584
0.49575831015  0.415554859896
0.536151472204  0.549219934509
0.605064203333  0.62099822142
0.521883168837  0.651572744249
0.534790797635  0.507669290095
0.517414923908  0.428996321313
0.385694751714  0.365773468898
0.508325114227  0.505402963505
0.399956436115  0.374467207135
0.552716908707  0.583719006328
0.549520539381  0.507598955737
0.334456794572  0.614358035376
0.590604215872  0.449636494321
0.290178433075  0.649184959757
0.266925871812  0.539736475387
0.601315555132  0.426634823997
0.449548140029  0.439541700139
0.513826497047  0.569816601457
0.583155123499  0.403574437237
0.433326436992  0.359395215341
0.499866562687  0.615735194673
0.571263905494  0.666478253193
0.56770142828  0.401237607168
0.513221115715  0.411986273623
0.582868744048  0.394567554203
0.575122223734  0.505692047098
0.382743603118  0.459254168782
0.540815024512  0.557993961807
0.514506470788  0.560205400756
0.577484612716  0.551728669004
0.606284037134  0.772908442696
0.552231374402  0.331654179551
0.35055679063  0.467821047293
0.612410816183  0.474415349606
0.420568518905  0.558756648368
0.408106558278  0.537490525204
0.268633893887  0.503704842565
0.487982624372  0.519901877138
0.651215803067  0.462793758181
0.584505744892  0.570383847766
0.473676448568  0.523806602498
0.530387596074  0.62087936531
0.598737024895  0.668457088498
0.510181147016  0.529690749845
0.456541177326  0.48745025473
0.348675635792  0.350773289802
0.598776711805  0.616482028885
0.47956450089  0.726765102345
0.496562886151  0.470616030409
0.409141517336  0.380884272558
0.49847676783  0.612086816896
0.433052086685  0.415078649749
0.542502047248  0.350867125826
0.614650218708  0.443438402475
0.448167271689  0.713867390015
0.409868295371  0.5719310146
0.600860138104  0.308053585137
0.661066339302  0.578918722881
0.430024629385  0.299129477889
0.363539342588  0.524407630388
0.543834836995  0.463465060235
0.458852231216  0.365022630754
0.352075114667  0.256778821049
0.377458999536  0.548253663653
0.55659233398  0.549652347238
0.453059489465  0.387439355225
0.440542932553  0.464056086509
0.566711128379  0.617643059624
0.397374073647  0.521995754089
0.432698268628  0.409127485125
0.382337677884  0.695045500099
0.342456930812  0.418268656395
0.422947563376  0.473875463415
0.518803281725  0.561696739519
0.549785018878  0.549672655146
0.636490028359  0.436408557376
0.489748963721  0.576904438769
0.489274576091  0.45405461844
0.369461666763  0.538224594542
0.476185280035  0.465443964587
0.58465221872  0.290360008078
0.465568572732  0.592231629506
0.502179569889  0.592549609885
0.49367046466  0.575120641654
0.573033759709  0.583660692536
0.529352984298  0.277209199987
0.404198931741  0.50753673242
0.649670815049  0.453013455814
0.407640470926  0.551185154148
0.540828238152  0.634279607029
0.449540874041  0.521145543785
0.539198912377  0.445402258453
0.550219072296  0.3694437768
0.385350302712  0.427244643601
0.505105510137  0.612089405958
0.532297133188  0.714346353458
0.549792149302  0.50956804636
0.50944686782  0.47599133723
0.464459601674  0.564070446633
0.46846795589  0.498234616819
0.529391938839  0.513469982618
0.432565714362  0.537166741107
0.653934997407  0.533812978019
0.665655102038  0.399397361848
0.582561777948  0.7434013205
0.515406147641  0.719223703948
0.33972390797  0.481187714541
0.616560218095  0.730647853569
0.398180547933  0.595249447964
0.469867613954  0.537600790765
0.508380673941  0.467630440749
0.338171566904  0.385761418812
0.585119344261  0.398876464677
0.505095749546  0.447136598
0.512171538327  0.489064532423
0.416272036034  0.391767930815
0.476035110143  0.716215673274
0.76975101866  0.49064946347
0.601790548929  0.499220809954
0.570790087025  0.39167479024
0.387820092416  0.416005354911
0.449803032974  0.544519120923
0.59943734237  0.616468819165
0.597356354736  0.63100179803
0.63090819087  0.474859828999
0.416448318969  0.394451846973
0.665644289488  0.415597804859
0.606305109185  0.557071003201
0.503271165291  0.604269873994
0.479336750814  0.543776153905
0.551217096272  0.637400270937
0.519544522629  0.394064145569
0.594267618566  0.443350606695
0.450500181682  0.499804352155
0.352238576475  0.35188117118
0.341029400873  0.36243810301
0.50102864186  0.501338688088
0.529222715427  0.611551830824
0.699399357761  0.476785373876
0.401497625049  0.364127600494
0.404673595206  0.52273853001
0.628524998975  0.821973126765
0.463419656342  0.636910692472
0.389294201367  0.440141415043
0.676950441963  0.547750386484
0.610132359091  0.480669756203
0.44807873193  0.462731730715
0.666370318067  0.601046904658
0.406069217749  0.621309532156
0.371593569198  0.564552388483
0.623037337019  0.377526374251
0.356527146821  0.523858586298
0.553615644109  0.347694673941
0.577453803303  0.451636045417
0.591347675062  0.351002758655
0.617221866085  0.422957041956
0.510897912438  0.464900757206
0.312512699202  0.50914643936
0.514399848169  0.60062897698
0.418103612782  0.50911501076
0.476416168817  0.402244175423
0.46984306895  0.653269595764
0.460372334884  0.402323978055
0.466813214442  0.525290915641
0.458097830114  0.537282330463
0.469341111908  0.49167633523
0.405786218051  0.644354296492
0.656609615877  0.574415798672
0.373680881042  0.530417301906
0.537993282596  0.398828678776
0.551548552252  0.599559297813
0.297723624534  0.583238900522
0.470078913594  0.722273728542
0.359109426771  0.495437975492
0.55313653354  0.545675824257
0.406616670929  0.544269506371
0.488833525565  0.416062879547
0.569211845747  0.431897933083
0.513548981251  0.621427174932
0.409481816835  0.491124697696
0.581639453537  0.510062463072
0.479258458561  0.435147529025
0.477765452274  0.47119506575
0.60240021903  0.648529419988
0.545938770697  0.566585370737
0.48693485928  0.48814631306
0.554082567732  0.475092159327
0.38223821719  0.67330544739
0.396714301495  0.667544972165
0.570157566852  0.619095775966
0.50232964796  0.464206404143
0.701630448563  0.601554769704
0.664030741489  0.462252081856
0.631800926256  0.548437437664
0.257744531997  0.407681158406
0.292716345334  0.49914925539
0.545110432619  0.539404089427
0.606966336518  0.371301292691
0.499983588705  0.579808907566
0.403328789624  0.65075781017
0.529181142541  0.557151708935
0.723581300736  0.523893286776
0.542131627402  0.504862155578
0.518798012056  0.504248785517
0.443159605796  0.379758901432
0.488227741473  0.526056408587
0.345085823321  0.58732624912
0.490401941264  0.339261939543
0.474617574538  0.568019032638
0.490876387628  0.442716250408
0.620749340311  0.66098516415
0.577477426251  0.318435986379
0.608996704284  0.620328240076
0.675897106802  0.525065835116
0.427192899681  0.447262521308
0.679707984616  0.529714545417
0.468765870908  0.521387951002
0.4586819799  0.513634610831
0.336484845062  0.345345776237
0.40676803952  0.630026870819
0.400412067273  0.364988489745
0.431688478902  0.505025476136
0.443994845475  0.188794392625
0.3893319407  0.714828372226
0.472653498967  0.521914178703
0.512239407413  0.610334077076
0.567174329834  0.596512028714
0.578416954231  0.443447113632
0.484389061555  0.418572979556
0.474890688138  0.558217579644
0.698969995909  0.557466238303
0.476262440324  0.388178909735
0.51681998369  0.550824905224
0.497886601543  0.459419967119
0.535986618272  0.597460961482
0.695469155645  0.602278652927
0.589059415954  0.52515842551
0.427367533014  0.562474834549
0.412294985947  0.473416015423
0.428929727813  0.547433198567
0.50848574848  0.530395797614
0.465666585064  0.577586664505
0.413258234559  0.535264868491
0.548083256109  0.495514605386
0.479560059733  0.60173221316
0.398120661083  0.464196786712
0.421704737195  0.440447970598
0.483148438237  0.579131274167
0.41198263634  0.490236303342
0.57005684539  0.566563950039
0.479158228089  0.474375289299
0.553141184322  0.568759600075
0.631358402744  0.356886790347
0.479179751129  0.673245449652
0.48620848006  0.379607500264
0.639490604729  0.474473719414
0.447226295627  0.579236561186
0.651790021238  0.438015225725
0.644332659234  0.619729775793
0.450039486111  0.513535817814
0.34341052147  0.517243061321
0.567774945719  0.40419427881
0.588114392521  0.525784922365
0.538347771842  0.619215926941
0.35634951199  0.487434322241
0.666179076014  0.550639668515
0.448309764298  0.49926950925
0.445737439184  0.41727286202
0.522586470948  0.452789060678
0.537655974083  0.54045662138
0.654393918723  0.570697651903
0.44579442394  0.399678099323
0.537022559286  0.356326510014
0.446934340606  0.37221593842
0.439668711301  0.460065243093
0.472665663601  0.60598677703
0.443108996087  0.680283952696
0.453941592987  0.518127640585
0.451953503967  0.368203874826
0.500051806954  0.370780726972
0.580885836726  0.486338505856
0.413422304684  0.384154032631
0.534116034992  0.520535655979
0.4560993742  0.501486896504
0.43171406548  0.395400851719
