0.457203231965  0.493745344429
0.374658409139  0.326658957265
0.393747138144  0.535976950748
0.365826652043  0.385137300963
0.382017812748  0.470652823695
0.792651681489  0.37789224499
0.551637982571  0.306611356291
0.523114918247  0.426291400636
0.583993146424  0.443368657439
0.430164126551  0.50681574399
0.551612455373  0.675792151812
0.521402279534  0.557778268727
0.537324358903  0.399050547938
0.552961974769  0.537780724211
0.381323692005  0.453700944729
0.631343554423  0.719775057044
0.507977480273  0.56890805597
0.692369697381  0.627564748631
0.358066370345  0.382828657323
0.653963099936  0.289180338833
0.462765119967  0.501317788286
0.321044829876  0.665330004734
0.600571325175  0.433932103389
0.600375713543  0.292015241212
0.583615871243  0.627322365548
0.487512764739  0.520966436634
0.383820099103  0.475712935802
0.491376717689  0.372247430078
0.455525305663  0.547321962408
0.462856761584  0.435008347282
0.306047918046  0.261771492016
0.414709919135  0.54313908263
0.458654574262  0.55444464808
0.580577971222  0.55681317434
0.519099083821  0.443150663556
0.520730494864  0.261209667981
0.607055064807  0.504760670082
0.446334121792  0.591502952054
0.510629329042  0.376651629424
0.361789781095  0.454558331493
0.573435248434  0.447141290696
0.511434657683  0.615074534176
0.681708328183  0.598653859297
0.521874507791  0.473058961896
0.491869179705  0.325405496965
0.615643625924  0.60608929749
0.544665740636  0.442816814134
0.458781236473  0.528817543065
0.480415077153  0.454359914316
0.378578736939  0.587595009783
0.61064669054  0.502537589861
0.422849816391  0.407867872531
0.544942745682  0.464167365629
0.425161830609  0.525123478665
0.549259668698  0.448469381506
0.623874714488  0.558968867461
0.622878898299  0.563641622383
0.434939790186  0.295136273573
0.548569036846  0.595165287018
0.456907898117  0.54253489549
0.569951320349  0.35799014878
0.405365445726  0.485598895417
0.640432060282  0.414607795291
0.423857953539  0.39025190899
0.659003856462  0.507939259104
0.386862576396  0.709367762846
0.295620797143  0.480498129055
0.393387469025  0.444532802433
0.549566295274  0.409505093519
0.606635229258  0.458609440066
0.484712015363  0.219284282967
0.426638242081  0.394609483903
0.412241813518  0.516883934699
0.372934978901  0.670464847377
0.435298660834  0.530690171297
0.546799282449  0.46610297218
0.476232891909  0.540779675032
0.69841140316  0.355413153466
0.5147573036  0.446986402805
0.518775371413  0.217973813279
0.353626155127  0.507384862683
0.39096082769  0.261261939742
0.588012151025  0.547537698569
0.605039532263  0.600262856107
0.605516931232  0.603672563912
0.554802824926  0.4292381361
0.39176686129  0.447957495355
0.593571447949  0.525914585847
0.417162988205  0.414652239072
0.512250251186  0.508842158776
0.705493268577  0.438797416594
0.517710038043  0.549290781743
0.487519939727  0.620845067048
0.424116024878  0.490789517135
0.344118915359  0.571710365569
0.578639074786  0.419933881946
0.513240507133  0.38168666069
0.593958197958  0.567590195127
0.518878704117  0.37278973726
0.639938512962  0.406531873288
0.455342293205  0.495497881822
0.636400477825  0.592430890439
0.486726980591  0.537371394811
0.707559913151  0.570715908189
0.508450401679  0.404791809195
0.47502533722  0.675306956013
0.526122825761  0.627671636691
0.563080014934  0.393694374197
0.691877213966  0.403593663318
0.418864727898  0.532794640482
0.44400510151  0.397352566194
0.622280280418  0.607830117464
0.505625410606  0.470452532903
0.410200543273  0.541978746122
0.31177804212  0.429217149552
0.591737377007  0.534097639076
0.511055807204  0.747131059643
0.476811532085  0.501660774367
0.532993691259  0.579054037685
0.612818250367  0.499490439091
0.550442673285  0.45944127332
0.421608336713  0.643745907047
0.483049740671  0.344599207519
0.506513826786  0.284287592702
0.494085337718  0.470845087541
0.544290904816  0.608092684526
0.53936153709  0.519491892561
0.466741823515  0.487298290936
0.515386530323  0.462481260379
0.358893742101  0.615440424593
0.60384573317  0.486546285085
0.420618555498  0.580342161968
0.496847274285  0.54027022125
0.578089673884  0.689619867455
0.390701793482  0.416126307091
0.39680703664  0.533393687008
0.462910142469  0.521756767048
0.392108603257  0.555986778979
0.686342453974  0.442911908895
0.518630102282  0.54227193349
0.392898806639  0.321264148292
0.46665559803  0.456599464601
0.403771340743  0.346701309362
0.428144803374  0.568713465874
0.636735205542  0.671143712599
0.659559279571  0.532514085288
0.487479616493  0.597067706831
0.538824303572  0.486898101216
0.381163178732  0.58650781199
0.364818938262  0.535925476951
0.612121462122  0.421518984514
0.592185141433  0.584665902968
0.581426722903  0.492179939182
0.462433327124  0.385951236067
0.489467012805  0.424244882895
0.322822873813  0.410324670024
0.45497857404  0.48813040145
0.424789708613  0.566601228715
0.57509681565  0.457269895981
0.488835471831  0.498421976074
0.239290408667  0.374348655221
0.460145434536  0.307562742444
0.474921000039  0.506710266589
0.437502692216  0.475016114168
0.404870907464  0.401210537531
0.61316562503  0.502052993204
0.431077819582  0.523687178633
0.498811537216  0.471650070762
0.48175001225  0.52744040135
0.554806113827  0.316437628273
0.354551261662  0.60588147135
0.377600228405  0.385096062766
0.547809045749  0.617523052905
0.487512651776  0.567802794792
0.366889702722  0.332038075517
0.38341534998  0.511677402808
0.513604255824  0.338660743529
0.544714544077  0.456345723201
0.488372373162  0.392380514845
0.594767050857  0.338328574059
0.515258318156  0.441382239246
0.461018939521  0.579201735957
0.387566885398  0.449957763911
0.593394903736  0.449580502816
0.392658682099  0.491360696296
0.403847874014  0.565042118696
0.543170169165  0.497163185948
0.50648557523  0.441468073414
0.419337331908  0.344297731191
0.473390288902  0.576970126441
0.584059371734  0.456336469869
0.52637307081  0.472580790558
0.637500367953  0.498789966127
0.458652009006  0.472130409641
0.61621781505  0.487236260228
0.575342426391  0.56669114879
0.500570477856  0.294597130911
0.431707798292  0.482850301209
0.447222092866  0.482119758209
0.570399074766  0.574877600197
0.537724169655  0.38977533648
0.53034974493  0.531496717848
0.493597943325  0.354340556514
0.521253660956  0.461805111896
0.590972839409  0.473513324389
0.479124918909  0.569387018605
0.613164169335  0.418317971022
0.636238210275  0.463829563881
0.454430045973  0.557831828218
0.345051339819  0.470810540469
0.469914710425  0.445319003936
0.408118388466  0.591101888264
0.542091376242  0.553178024103
0.399692273515  0.510987335292
0.43091267536  0.329191111774
0.668106285959  0.436517404671
0.405967573668  0.536309086138
0.555703232833  0.534338824183
0.54087586932  0.55740204406
0.645846632701  0.68391208011
0.451895972318  0.458126427272
0.507070690981  0.399755669064
0.674417831926  0.559446883841
0.380135283856  0.589795625629
0.378704014356  0.568178727476
0.609468072322  0.511609907684
0.490604329701  0.552422982581
0.414005064212  0.317223429796
0.388767070433  0.424559400336
0.497144548162  0.514793036638
0.529548375503  0.448809735637
0.482901243201  0.370035722914
0.56265610666  0.482494805547
0.487037343235  0.398143822886
0.568349161103  0.600989377004
0.519896601317  0.609580479457
0.324453394349  0.495728422885
0.627849754064  0.755052046857
0.523658248034  0.36142624485
0.421940402226  0.410164659564
0.53932956722  0.595633159939
0.477374093861  0.244193086854
0.619589380515  0.349919116515
0.416510421785  0.486084202154
0.446179517219  0.485193529062
0.499933694316  0.577429925575
0.643243271587  0.496033227757
0.469842768161  0.439141585601
0.458850899102  0.460766657159
0.536067711059  0.540458116479
0.614016407047  0.434047367794
0.41831639109  0.5694592233
0.558777221747  0.3849790815
0.439237457348  0.632774075447
0.512575329141  0.604243614338
0.478516780999  0.44415198287
0.482330285719  0.618004521325
0.514473203016  0.396314855213
0.526400933418  0.425409254819
0.452761530408  0.387097402659
0.58925349707  0.39081886211
0.513916650217  0.353167285193
0.395024950417  0.571426075876
0.591894924944  0.505038312781
0.5020558317  0.529933702544
0.622091490033  0.564258967706
0.542055629471  0.490414285444
0.388823866445  0.502908412681
0.350200038544  0.414670932655
0.426757794964  0.608532418624
0.61983091247  0.426104559307
0.479883337353  0.535171089289
0.474107783318  0.592780171858
0.568349746726  0.444838041609
0.461204367768  0.57282033596
0.547574794975  0.614437765453
0.619367243822  0.434408222487
0.576058374912  0.483263262316
0.349748413563  0.34908958521
0.403046556935  0.401560886043
0.368190492342  0.47021339749
0.460175805199  0.484546213149
0.556290764166  0.535644597152
0.486732896564  0.530167531774
0.384557365896  0.440181774139
0.453713337734  0.392541779652
0.525189208445  0.429433443948
0.458248722022  0.496016261721
0.75837636324  0.409514254737
0.602975257197  0.527814558967
0.500933010803  0.38008210515
0.581045620723  0.661915163355
0.490885774669  0.30131559209
0.6364513422  0.373991690685
0.626512756903  0.440608828468
0.480732124557  0.478771367447
0.825075909614  0.232774172933
0.629803926364  0.416452736766
0.56513864793  0.239938137143
0.544670489839  0.512397968986
0.547315533911  0.494713807292
0.371479760112  0.581960767544
0.51072395397  0.560083022289
0.703620858185  0.596388408505
0.726551952793  0.41183561081
0.434088025618  0.435169337614
0.379625831733  0.565682213379
0.711363213526  0.502935118458
0.403397299897  0.6340894175
0.482331404548  0.372230514709
0.606135412135  0.564108652086
0.546893819616  0.338190434233
0.509247479938  0.631003932028
0.523300270905  0.50969949107
0.651841818688  0.655944185588
0.637879921117  0.374928823247
0.571281135563  0.452774309904
0.554876405666  0.605927571127
0.510954470499  0.434567427087
0.396643645814  0.344974028929
0.525488067392  0.462967021207
0.525930961277  0.425650768015
0.712602713351  0.592280783951
0.280281428728  0.59060644562
0.507190912028  0.461515386038
0.62563848588  0.654609979923
0.547736335115  0.556318786496
0.640644448887  0.41211234703
0.341176913988  0.534698701876
0.751559507849  0.610970994422
0.611663741329  0.477967401159
0.317865975515  0.407582108849
0.501424820304  0.393660100892
0.484092347011  0.509294450337
0.426736427473  0.462624810481
0.534770314342  0.420571018113
0.486938944624  0.541078584862
0.421486574121  0.405159686927
0.584090145915  0.422873232994
0.481908691461  0.499119684548
0.448532836091  0.44054341401
0.52572174841  0.564526703513
0.522782250543  0.488841390741
0.454843015388  0.420874894635
0.528332473052  0.415742899908
0.57810668533  0.462056525858
0.638861325608  0.500956609053
0.372277433546  0.513027118826
0.482579160853  0.420338919999
0.486893358769  0.515225377491
0.540716560894  0.372796467537
0.529008893502  0.538170563909
0.538681361224  0.507500206581
0.392253709677  0.260555490277
0.591975685426  0.432795862371
0.427934738394  0.561530903288
0.541554545374  0.536205045911
0.372650325872  0.292381115856
0.511170150875  0.383993468456
0.418686389928  0.355231192187
0.601054851009  0.4714203168
0.401004496428  0.732583430631
0.383958908921  0.379742929456
0.469749230555  0.533394512669
0.444404268149  0.544008091961
0.491523068583  0.533334004433
0.468862258542  0.345706441621
0.496633727408  0.562618968939
0.418497744789  0.543603020237
0.424268599287  0.443973584192
0.785280668932  0.499211996526
0.623767284689  0.472678223452
0.466323274141  0.384238041027
0.600503090597  0.306993414673
0.381363703438  0.428026345715
0.37528168648  0.446500205125
0.460605616511  0.702605416639
0.664873894974  0.485275998415
0.431664383578  0.51347033187
0.430270562287  0.466138639583
0.4536235085  0.63060532478
0.300781022924  0.623760629866
0.512712713268  0.434726212886
0.381371870622  0.542359444799
0.507693520808  0.450226422104
0.482316859712  0.523065400193
0.685651498469  0.696477116411
0.611877019955  0.658391609017
0.484223511081  0.510636171643
0.645938939367  0.460395821839
0.658718146977  0.388536349867
0.578694120908  0.286257052448
0.581128056142  0.531911028469
0.538570912393  0.553346150425
0.749911308583  0.403080451687
0.472007538588  0.435773469289
0.506526058827  0.495586404879
0.508846070368  0.477146324507
0.400215894206  0.365211195277
0.469034707102  0.421106868676
0.485576088208  0.498400401806
0.54343966809  0.536874845128
0.492872647293  0.708180958815
0.541353820709  0.372410302954
0.403644547066  0.468370608836
0.505342461932  0.377043066963
0.516787838259  0.4353956578
0.536578572533  0.561339250419
0.459492424356  0.56517890957
0.523348052526  0.370807125918
0.486486267166  0.603580429642
0.475009038015  0.51423933781
0.662190842602  0.385440668589
0.574970296484  0.594968330719
0.424526936707  0.411259249789
0.574897789219  0.784513329794
0.569627648376  0.491231843801
0.606936082258  0.553988636277
0.575860475248  0.390544588521
0.465199535074  0.420408319085
0.503606756206  0.449246255103
0.425284156235  0.320870627339
0.543094831536  0.3662290678
0.635568830592  0.575626099136
0.521138693646  0.341127512028
0.339481648174  0.339183816264
0.391510835465  0.61395191998
0.419782085897  0.415829736147
0.638689883027  0.493849137105
0.562389954555  0.387815431151
0.304194451273  0.535553782011
0.547139069268  0.58111880308
0.307502407288  0.502034433159
0.643640216741  0.364574876232
0.497262568635  0.417365975094
0.641654354256  0.578679762369
0.424332377137  0.389387349902
0.47085537644  0.515309420736
0.507717007802  0.402349850771
0.515546825439  0.382787630016
0.586011214752  0.404230198429
0.540474390267  0.448752449659
0.395216561241  0.52801888683
0.553957191216  0.531455093258
0.375572920724  0.387652002625
0.631332769288  0.481791057161
0.484096578339  0.501998244079
0.508058084042  0.461629997523
0.36922741969  0.608439943518
0.368071526358  0.423023132022
0.471525622209  0.427308028486
0.388693448792  0.69502311657
0.43604762378  0.591821319537
0.578326222561  0.434965756458
0.554665794048  0.514265916424
0.466395899731  0.467604277074
0.335638808083  0.444112396047
0.481739301567  0.404704393902
0.438665100677  0.535226779126
0.359680491388  0.376624667329
0.395423455847  0.479261805382
0.639420881934  0.477119036085
0.512438109621  0.651462192299
0.642443286763  0.596266978946
0.46610832553  0.462648079506
0.440682349545  0.455424999308
0.435246484982  0.426705468474
0.435672658148  0.447955031988
0.356125493787  0.52058338086
0.561760776117  0.507835103161
0.368301251311  0.63822773883
0.357307314361  0.41244236657
0.567612688722  0.283340399637
0.440433484503  0.44614030725
0.359560466559  0.518249005708
0.41210063062  0.586937979398
0.491464375644  0.454580347345
0.496744276281  0.565854496111
0.430553134113  0.513114690324
0.644751471416  0.39663239718
0.389495458984  0.499434047556
0.497760360299  0.400668150679
0.501174756086  0.715102839244
0.472192976319  0.280644848977
0.634920244811  0.223502789292
0.395460970019  0.53895185721
0.463497584622  0.458261907115
0.523612281813  0.483182115792
0.636076521294  0.358688802034
0.477144744604  0.55401612854
0.429058061349  0.561681149427
0.551090390221  0.394586161197
0.520454170589  0.636022633775
0.469285123686  0.446441676711
0.422168246705  0.512440219749
0.495257908808  0.528484690574
0.585471852592  0.260463296593
0.622451543521  0.459025208352
0.65599723583  0.646334283688
0.499186041302  0.429721664332
0.406047490873  0.50640479239
0.385556328309  0.501872435162
0.332590038362  0.452679996036
0.452153308736  0.352132762848
0.468198055987  0.508389441864
0.56498712038  0.522832006032
0.522825505921  0.656450058287
0.593816712147  0.518684633999
0.385252450245  0.543157576434
0.61825889626  0.531028204631
0.500359891169  0.600732713905
0.38383785756  0.549967175338
0.603122578779  0.506078502982
0.516061325754  0.403884994445
0.614856679919  0.512133656488
0.442759014633  0.333103462465
0.593714331448  0.450722849586
0.46169233744  0.530725325206
0.424823326226  0.323804750454
0.509551303889  0.573479433105
0.499800447662  0.479695833096
0.725048551645  0.537303226565
0.588094251998  0.689475719222
0.44172701286  0.599286036485
0.579452246497  0.493955054392
0.427206940798  0.420307214272
0.38462376662  0.353940910187
0.429328222955  0.777936910631
0.489906729313  0.459041330707
0.746793135068  0.613026052429
0.351966151593  0.432505166326
0.347959999264  0.659255690867
0.397548216018  0.319361177806
0.300530172326  0.615028421484
0.561606967243  0.457147843773
0.452289075065  0.246444677516
0.581585515928  0.374682114609
0.453303724785  0.39878986317
0.445825644496  0.487124474445
0.495924075023  0.54759771659
0.368872237058  0.430726139239
0.586400826249  0.430139756325
0.51552552567  0.494933110687
0.410180684457  0.473233781158
0.486672916031  0.421667506263
0.5588485555  0.4925793824
0.395554735571  0.640445949111
0.395375170514  0.529899998324
0.410426064217  0.42828933579
0.405384697487  0.53029634333
0.345545173571  0.475916525131
0.42770740419  0.34057412047
0.532788747939  0.426847160361
0.595171471259  0.612869581208
0.640443109929  0.446090588841
0.349147445692  0.342895827803
0.566957208087  0.445141184309
0.454415849403  0.547683726519
0.551252770634  0.704930330156
0.433923064297  0.306502465525
0.398158266412  0.480285065563
0.436460970693  0.384491355355
0.433580729917  0.726160204981
0.535406399139  0.489600338242
0.554762802059  0.670097512416
0.500077074765  0.329387444182
0.374901501647  0.511636198975
0.168276914983  0.585571161849
0.394760191862  0.487167967429
0.458654399297  0.506308911503
0.623537913177  0.582360359627
0.537992484549  0.482057884767
0.571827678454  0.430808123628
0.520534763559  0.35757896801
0.470376502922  0.570759980749
0.668971630593  0.63265433553
0.3114423457  0.515387714014
0.281246038707  0.384569547522
0.518712457481  0.333992140163
0.536111758253  0.273138579256
0.399102734118  0.402213531351
0.581682610182  0.438610389964
0.650190803802  0.630494698636
0.412718933029  0.567191468289
0.573259500825  0.575997014346
0.606055807965  0.631341835817
0.481060220964  0.369212624695
0.357628013953  0.357616584767
0.41397648231  0.492428122085
0.531494569948  0.433714980124
0.473313714209  0.496205143298
0.443325318646  0.547402167736
0.64415901316  0.453634287076
0.730344659388  0.578749340917
0.482326016434  0.465487695353
0.662845279015  0.577064390732
0.398645792729  0.433926482254
0.462426624932  0.445732103793
0.480971964167  0.482745664798
0.455567821945  0.375379601675
0.397682149681  0.501633160485
0.59356754606  0.308996197108
0.502058810235  0.445883743965
0.301665621602  0.513990801083
0.391538028635  0.53046569647
0.585533854224  0.471607993679
0.696680302742  0.335711755229
0.619843094861  0.401576203741
0.696535160096  0.421720276844
0.548631830158  0.445887578965
0.545912301862  0.445406560834
0.664967174907  0.446468058474
0.462066930773  0.43691035488
0.589800073645  0.519763911729
0.499882151757  0.731370417308
0.49665692411  0.669005325471
0.742662618043  0.531536893321
0.533788886751  0.454210753653
0.46024596364  0.488724389724
0.47815384076  0.418353170932
0.426345361042  0.327443131607
0.737461309546  0.415610487743
0.545464354188  0.310850320656
0.516452372865  0.665523967715
0.496180002068  0.437984257113
0.546916242238  0.422881227647
0.510674140298  0.631399691507
0.470841222405  0.615228766438
0.475303108342  0.579543548965
0.648770915792  0.384869398265
0.39552924518  0.579496908722
0.458399784115  0.401505827744
0.471439132114  0.645842253444
0.351762597394  0.337841655871
0.329426903766  0.203789181007
0.551451311568  0.466006418622
0.276000102611  0.558040154264
0.515457327912  0.506086234363
0.460605802068  0.416618537152
0.588350972685  0.522475567535
0.547412344682  0.44523862582
0.525974551054  0.482161521727
0.415231524242  0.488608374784
0.67735744096  0.455207233843
0.466549203945  0.434621990997
0.526937082857  0.493836795687
0.589985187862  0.38347772711
0.445580477208  0.518739082845
0.77007801744  0.362047051395
0.552249237497  0.741248114034
0.646614060286  0.364394737741
0.57422169253  0.426933719414
0.432382980608  0.411162709932
0.392160270959  0.562122453504
0.41248335839  0.512700986823
0.37250210054  0.358276789966
0.509368347276  0.417451376209
0.625526268131  0.509045062571
0.481341933714  0.402344927608
0.311164696538  0.687049888059
0.422439826058  0.605052627929
0.531128934065  0.223996172501
0.521688937181  0.280201138489
0.682855368263  0.546974381716
0.453049552183  0.463058879259
0.480312845152  0.428284072177
0.596782545968  0.625528420988
0.548169369965  0.615055206445
0.529019050411  0.429011170495
0.574046517931  0.453395812571
0.452323362048  0.519538911683
0.319665128963  0.587457786906
0.633580450167  0.61397382516
0.402622574776  0.561502713106
0.505100472218  0.582084688544
0.586945743773  0.381214704011
0.440705569255  0.573626161996
0.615936036874  0.558027760577
0.544451925151  0.591634402754
0.39675465481  0.449775368787
0.537341858121  0.597078053935
0.475254122203  0.457970136848
0.350418507633  0.610306913139
0.573765062895  0.374362224747
0.413063129981  0.68281353785
0.518676271732  0.641132821512
0.485574167831  0.461792990144
0.501992935232  0.509641145174
0.4419549793  0.587499940211
0.628922878926  0.610992348035
0.572523556829  0.506965755289
0.559277493819  0.432495605903
0.409632562062  0.407203959933
0.486609297109  0.563641197544
0.607082330719  0.354103193457
0.5742124879  0.516485269676
0.402275062504  0.485667445907
0.453281319006  0.580826325258
0.447953531567  0.634404425601
0.440057606682  0.733633762176
0.404808382802  0.379571880274
0.406777318053  0.573398220136
0.46484506968  0.471879610553
0.551246889062  0.520211530329
0.509742291606  0.42910841895
0.378095916278  0.53890557864
0.457594374201  0.559496304957
0.400436054663  0.510292421452
0.731195299698  0.527740925536
0.607953033537  0.498381426361
0.435928544606  0.50964770425
0.624846377202  0.565651155573
0.583935679839  0.623121263035
0.52637627201  0.398132319743
0.519103309695  0.594140022812
0.509717129672  0.6522802623
0.484079804422  0.657352064293
0.451211670105  0.476023436859
0.644006805519  0.630048004596
0.624615883227  0.499359668331
0.516311649714  0.512878514955
0.632781380718  0.510512377046
0.528920684155  0.3003634402
0.657271789874  0.470075145898
0.645679085789  0.498810007427
0.619233745944  0.468145748603
0.676100693692  0.551421193234
0.465074516829  0.5118998497
0.470898862788  0.680103531633
0.459129072887  0.493942641288
0.717221719987  0.508623283756
0.62804902506  0.417256515958
0.325075995313  0.76052367006
0.172701483685  0.338870165862
0.648258258173  0.175881811169
0.461666326923  0.602673837817
0.399993923608  0.378253376178
0.784814828556  0.36982824215
0.594606097922  0.387016874011
0.437683102825  0.431222397621
0.556672287502  0.606896436583
0.608469143106  0.456443299294
0.508198216328  0.38708282285
0.414480534207  0.599465120859
0.516801902898  0.437478443001
0.612296280547  0.506337169291
0.388055599645  0.435848423913
0.552012898189  0.507797582442
0.516704727322  0.490939293596
0.401563364168  0.468493157324
0.45015837173  0.580271367949
0.305787518331  0.529535862647
0.491954455118  0.410843925087
0.59584357554  0.371858341633
0.552793027922  0.471198392565
0.48800014588  0.584362297326
0.314551077203  0.471804100497
0.588533359109  0.50753611905
0.709457657168  0.537057634497
0.487432957266  0.528583005479
0.324991870665  0.707093297343
0.642549032583  0.378038981419
0.488497183744  0.45616053463
0.468061024914  0.538503242282
0.461751382249  0.522852749248
0.638664655406  0.359464344478
0.508079349281  0.677469991203
0.467039061929  0.254392887483
0.493309715616  0.489743957518
0.486256787126  0.436425579103
0.509514491914  0.545214227561
0.492592474843  0.598594258877
0.333135197862  0.502743510999
0.627518881952  0.376284802085
0.419812401076  0.398554988277
0.549076675501  0.214946221673
0.410237420183  0.448462024524
0.341222308181  0.4899187767
0.679107993378  0.491961643422
0.445465605002  0.470798803951
0.428931457021  0.471914793647
0.434572762513  0.472063567532
0.503511951766  0.329803701439
0.611143585014  0.49935530495
0.491628526719  0.59227224474
0.516084521936  0.443700848259
0.677343525693  0.563530732981
0.52208168083  0.38478489832
0.61116009372  0.368797159705
0.590008018636  0.399971526955
0.45181327318  0.542212581341
0.407285433191  0.352883036267
0.498405443801  0.775313957193
0.593366227485  0.556364660169
0.414536722115  0.512418941439
0.451672682536  0.475841560898
0.543376958011  0.514311989991
0.56404212885  0.407318389072
0.660154322691  0.574394792975
0.417073314298  0.505481822288
0.500741788272  0.364870216973
0.559803911676  0.586467421417
0.402302277093  0.319231997753
0.512517712244  0.357028528333
0.511517967537  0.587442793495
0.540540725333  0.40899949136
0.451805363749  0.468155277449
0.387913035653  0.403385048557
0.591823410868  0.550689580304
0.590876897232  0.434158269167
0.531951884523  0.383483873695
0.476316185971  0.42927944716
0.617762728571  0.43085586778
0.344470270856  0.471407598354
0.53574399181  0.50000173335
0.490060227835  0.491033887424
0.476450729162  0.457467843109
0.522674947209  0.501089630415
0.502383281614  0.418595738751
0.490676046382  0.37337677359
0.462703348797  0.409989421752
0.486345768106  0.51818086655
0.594118604888  0.621447274841
0.546346418428  0.417548434284
0.575484454345  0.423270770061
0.472764045612  0.380484480405
0.668284600511  0.305686042444
0.52152079339  0.350818466713
0.468406171791  0.629712806165
0.660316628444  0.555516410778
0.451621488904  0.483978492589
0.433039051962  0.543463996277
0.626470099862  0.498836076713
0.508995210835  0.470970377421
0.58390428742  0.512314768169
0.606994717871  0.321953608837
0.489959253133  0.536745921954
0.286003986256  0.392645878383
0.589124201446  0.614224600478
0.635771103181  0.349394815113
0.644123622708  0.557510272038
0.447145710595  0.37001109162
0.712443820676  0.337180735339
0.503153249828  0.685465790955
0.462344349517  0.454859867834
0.590923679707  0.352092969851
0.371073061067  0.496152426988
0.497044873348  0.625161023591
0.505617628367  0.579918527978
0.546262641431  0.383495587592
0.415858184213  0.28381017491
0.389366304969  0.468311309626
0.614628091312  0.445342481821
0.382614514487  0.419322696157
0.582514126552  0.442603673082
0.462243881474  0.519307131962
0.626012668938  0.389667162575
0.557388216575  0.38570774622
0.377528291619  0.624662865438
0.406372966629  0.441927851672
0.555519235116  0.343983021102
0.253974178279  0.494917343988
0.580778026228  0.632654730925
0.622654364279  0.556655739307
0.444419958967  0.461681897963
0.417028891486  0.452708294446
0.292253458186  0.348370653725
0.439858945562  0.667380396401
0.160088609997  0.404401376986
0.337104208942  0.645216910025
0.38862405506  0.481443334738
0.6544683578  0.606097093058
0.512375430821  0.656550099035
0.613144505304  0.477496290919
0.552832875593  0.371135020394
0.535222728299  0.469340963489
0.419234438245  0.376205561862
0.470412955167  0.567372180204
0.546474631032  0.360390959436
0.317509592856  0.475965352279
0.693019839893  0.445805399725
0.44024664144  0.531152191016
0.463254130006  0.438758427469
0.677226697965  0.51139843233
0.493208444269  0.422053027987
0.615656439542  0.477236147883
0.61342783284  0.366232986236
0.490028779418  0.31973630326
0.570612820232  0.43796968482
0.432126755988  0.602009187957
0.503859145664  0.490580375151
0.491787920727  0.32120992748
0.459654694731  0.556522537909
0.509785225552  0.637780480271
0.436465496495  0.542812896
0.531011866371  0.359156732661
0.513695110762  0.452942837298
0.434398500132  0.41273129916
0.395774366628  0.395215364916
0.466859180987  0.514858462722
0.442821372564  0.487822541593
0.577586805453  0.526765150561
0.528492634796  0.525506398083
0.496190881906  0.386473297579
0.448391336835  0.442728534259
0.581092810358  0.568495124223
0.525686901534  0.358596244939
0.568823964187  0.436496676249
0.515307975224  0.583192331314
0.579156232122  0.38511111252
0.525205872544  0.235718095083
0.44680825444  0.565097729284
0.348634890249  0.543648385105
0.48412189127  0.448169185985
0.581431182749  0.611251096971
0.41040756006  0.540306033328
0.352368041999  0.482581909834
0.443143459747  0.446896366253
0.594904054584  0.517412257424
0.370651746245  0.406791425863
0.528246722308  0.406919324443
0.53895041504  0.567769875572
0.415857710854  0.590569143987
0.396905273199  0.630457273583
0.541566615483  0.349928133913
0.478133213604  0.755661193898
0.473264588735  0.422145927208
0.524418718  0.320967915546
0.588156276504  0.430400941755
0.258171707895  0.318925239765
0.521952620741  0.480351211819
0.47443675941  0.518103736553
0.665593728187  0.543867169251
0.58316171654  0.372094219127
0.650506103555  0.360422566957
0.64039625141  0.463044198207
0.529675551386  0.469355847575
0.430267511216  0.526119415497
0.324896864178  0.711206312941
0.532171174783  0.526433811726
0.3022901585  0.561199847559
0.57761755755  0.409104199768
0.411287141028  0.532893659751
0.664679390846  0.444458679183
0.597575133325  0.41657366302
0.567269623231  0.526636302732
0.494883216404  0.659829529215
0.535231981464  0.467449444855
0.611716042807  0.526418215665
0.481663608192  0.486882378191
0.582804706257  0.515684285382
0.512479159765  0.285285780274
0.465197941297  0.594938246895
0.384850717353  0.396559070412
0.410534269021  0.38825941786
0.514680368742  0.426366212381
0.300425763412  0.188592368617
0.372290798869  0.375697479493
0.508544144338  0.42265388708
0.529414069243  0.532439137665
0.507907285605  0.440942607789
0.732072836745  0.399198718421
0.278956149264  0.499022470492
0.385720961928  0.292412419637
0.391404652765  0.502099819064
0.409239358537  0.509484239149
0.498656267893  0.52102736204
0.526662548618  0.239108490911
0.447082908357  0.61028041047
0.549949979665  0.657212348987
0.312948635646  0.674581124045
0.483949635853  0.453862118639
0.535657454675  0.510797545537
0.414366458843  0.475283005226
0.527238548768  0.580444704405
0.378209835542  0.344796290612
0.562242350546  0.621047618263
0.48975395664  0.598327442874
0.310559653391  0.580886634819
0.525502630673  0.29861608444
0.484834354825  0.400366263856
0.584700737851  0.404552681432
0.672321169621  0.488534407036
0.413009038005  0.5732023285
0.589173544966  0.481606256384
0.40117909844  0.495886269039
0.612383237659  0.684579712906
0.450177041715  0.378420662411
0.55450774086  0.329920498869
0.431977956241  0.529083008921
0.564587752803  0.366841793746
0.702362993479  0.49257822592
0.461205608806  0.515732311629
0.576513004976  0.502203923286
0.579087486392  0.201641999495
0.471135397813  0.431207197204
0.436833794097  0.523103783228
0.454144229476  0.429767894585
0.448396365904  0.236720684519
0.386212630071  0.393908710726
