0.456950125576  0.561155385285
0.582999440562  0.562759918394
0.400306854272  0.43034984228
0.577925974224  0.463854899151
0.502077960933  0.354513570616
0.428443549174  0.423321842344
0.365622192427  0.420063892413
0.395135326071  0.412841788143
0.442617227123  0.370188174168
0.571912587444  0.459401499698
0.558939152245  0.592415954922
0.4444638061  0.392700071884
0.267765679701  0.647216454202
0.269057010125  0.573563450212
0.461054671053  0.487387216437
0.572305360969  0.464401220878
0.390805913631  0.537451187613
0.608879213665  0.419456469179
0.465326640441  0.615916788663
0.532761564287  0.643216742882
0.337457943646  0.438669756242
0.582587869984  0.476357940557
0.315484773636  0.505564067263
0.376774198961  0.391670482928
0.435281649721  0.589051764662
0.491396041078  0.505039339482
0.339115661667  0.521410772284
0.488736156394  0.323037771787
0.538965975073  0.487045351328
0.52928629303  0.433959440836
0.463815029262  0.779160184685
0.560706066873  0.37006381579
0.451948404606  0.637189984879
0.610389628373  0.603225170904
0.617640652845  0.424675253081
0.507629432096  0.435823759135
0.456243670791  0.51147198272
0.469621246332  0.348180400365
0.605455998323  0.435295607068
0.447267282625  0.465089650128
0.656742668454  0.530610068576
0.512068172213  0.586483275474
0.5068639588  0.577363116253
0.424036503189  0.752321923418
0.421200833336  0.46765645929
0.557946479096  0.443415762803
0.449976105038  0.588210212457
0.452932792068  0.435514866237
0.457523435429  0.526235069097
0.519127967811  0.439896901834
0.486754467009  0.591393100819
0.602318429921  0.385031947168
0.641251728964  0.418490636272
0.74105711301  0.407340614969
0.469799972795  0.366667315092
0.705194077658  0.572946630149
0.349092560303  0.531178455963
0.520268228565  0.311578508832
0.593507941055  0.526682583577
0.521761447301  0.52489377092
0.439935995014  0.372407820658
0.564628492249  0.536386931515
0.573459927521  0.369485921114
0.432907994981  0.452547057623
0.508304960368  0.438418370284
0.527377470541  0.658987634259
0.514532928019  0.544667821086
0.461593556466  0.559042401034
0.428056537253  0.53382640194
0.530602791539  0.496560556051
0.614490451315  0.520875014795
0.326483782954  0.396368840262
0.497342935952  0.643613352015
0.499135775841  0.475737680273
0.393081390119  0.399755381489
0.427336827733  0.530615073184
0.517174952087  0.483880849808
0.172075167555  0.584674262719
0.626920084408  0.56608956678
0.43501447911  0.382936134951
0.37493921308  0.499660942298
0.395275265495  0.535633911695
0.472062617847  0.63213508155
0.40940032394  0.423080099296
0.575401080371  0.332340237813
0.433695133489  0.583103844421
0.507597555657  0.401960233119
0.495248464461  0.45279448107
0.534419434643  0.415181412305
0.549738379463  0.552902452324
0.591278261771  0.529855317349
0.609922130583  0.389349265289
0.604824069056  0.467358775743
0.569531542325  0.526125180209
0.41598324145  0.338701198236
0.746880439938  0.313009431556
0.628686198456  0.47737895201
0.599164501458  0.598576083752
0.387945320111  0.5057755008
0.417392087452  0.640564849718
0.42152183964  0.542686976808
0.307844506126  0.590588537649
0.608781665623  0.425284862108
0.382799150582  0.559627931529
0.42851694975  0.545897048933
0.430868697252  0.458774144871
0.476923099608  0.553839219729
0.45905659542  0.536837308872
0.46207481162  0.462745203981
0.404596416882  0.571001398523
0.522935971627  0.625789161477
0.615539101904  0.536852628808
0.625076768053  0.498811263376
0.450941618082  0.467305927045
0.622989738037  0.587037921101
0.611758225944  0.681118790697
0.543212004789  0.47450893419
0.496014364126  0.395178685724
0.509917335702  0.332234207327
0.499466065271  0.242022549734
0.527935095859  0.476567623576
0.687955620458  0.661455077611
0.406656581525  0.34252838975
0.659742526515  0.359231833898
0.572340388124  0.419829098007
0.62719773237  0.460327686451
0.291684034419  0.488282433328
0.533812981595  0.568169445068
0.494677301998  0.401907274788
0.512479982172  0.613404088192
0.477117720383  0.471073731874
0.568571721715  0.452275248668
0.751542958898  0.402386885362
0.519169851566  0.368898663545
0.318974932896  0.463653230883
0.565890842345  0.458294858225
0.371119536079  0.561839847679
0.405845752309  0.601999659761
0.478653250468  0.366723483907
0.565054862449  0.391971506872
0.736945485067  0.461870108151
0.542529375317  0.509456844726
0.476270710498  0.494102532169
0.326266880995  0.448230844294
0.519945768518  0.489903805982
0.588268458837  0.467995936088
0.480075519899  0.44732095749
0.334432432389  0.453117620442
0.507151417902  0.494522382273
0.440939965524  0.462039358963
0.481864114761  0.506112949879
0.540471790063  0.539751089555
0.325740386263  0.518754092839
0.573630090357  0.477729326747
0.452505630645  0.516737577278
0.592173817476  0.717120467863
0.546220365956  0.6089696621
0.576988081406  0.598148988903
0.426890499882  0.546888525751
0.51433778186  0.541429930865
0.367740092408  0.485598615268
0.871754444497  0.383743734579
0.340721181539  0.754348776535
0.533386625735  0.553711757451
0.444322626484  0.648750104271
0.621154013565  0.519353755666
0.592856272701  0.511343629486
0.521256985163  0.47061565331
0.52848447296  0.488974428926
0.614763258437  0.458272733945
0.596981442954  0.585139227317
0.531484031674  0.395732034794
0.324465798492  0.338963485233
0.460077598959  0.325507461738
0.462852734957  0.493442056436
0.352551734721  0.490814535147
0.476606388786  0.524414492232
0.454033799868  0.296145495575
0.501260632859  0.405453478401
0.310254558461  0.397330692069
0.571997663559  0.577088984455
0.549058459482  0.475510113781
0.526542401151  0.50195567604
0.478809655379  0.42895892428
0.5747464483  0.599723433712
0.428324936825  0.563361884525
0.506238162567  0.552974764366
0.636737107433  0.467310527654
0.440629217294  0.576687228561
0.379886824221  0.399206304921
0.369775689375  0.543351615441
0.427962231175  0.551275177638
0.489336297518  0.54324729793
0.60849548678  0.581003158854
0.461696051207  0.709539508081
0.189251535049  0.505251769889
0.546032433437  0.536989105785
0.557037260561  0.557064279909
0.547665947453  0.367421419747
0.490480962821  0.402446518843
0.593856063863  0.508151422056
0.391732012375  0.484317640154
0.414603513967  0.465101762456
0.391319806515  0.508332685108
0.372333715596  0.678958019359
0.395927774019  0.538294592125
0.689530932014  0.346318580245
0.731583110609  0.567217857364
0.551680376289  0.517678069787
0.560504583378  0.597973027391
0.463393075426  0.272445695109
0.563782588973  0.481760257951
0.714187794587  0.628626627179
0.47846003845  0.452751201943
0.576573790683  0.590844628421
0.431570705036  0.367367189937
0.351094711789  0.39431373978
0.471828851698  0.502015190398
0.584964236013  0.45471118872
0.678619617542  0.52747374301
0.513013110501  0.444142718987
0.639601245288  0.429102865822
0.605061546484  0.448734829399
0.477563489715  0.468619946933
0.511370732079  0.590472085512
0.571340162676  0.47718604981
0.357698172355  0.486653355806
0.452896395984  0.710452438173
0.444782612921  0.558233882338
0.437895120674  0.354726711897
0.425827654953  0.473211327654
0.399658478669  0.49258803053
0.303578128227  0.484913054566
0.453764683507  0.4045601116
0.591532750416  0.670526570919
0.520872206925  0.54899183357
0.48892951154  0.421114954883
0.33038704617  0.280225484379
0.72237656985  0.471669355248
0.706629752537  0.570371799486
0.549319734317  0.630184624113
0.757641806226  0.488683958715
0.536694520909  0.462690206343
0.493723308523  0.676954215959
0.348138636385  0.516616160841
0.603775897781  0.581891079163
0.715493052176  0.597893743375
0.389321156172  0.340541594192
0.663690344315  0.491997608145
0.370836004606  0.477520284243
0.458495982226  0.463373331101
0.619593619768  0.489798503374
0.507625371097  0.601608761773
0.585178608576  0.592691982597
0.435951982682  0.405670814223
0.496307737762  0.429798210166
0.652967711566  0.450193949672
0.387065306095  0.518931319596
0.487441269233  0.685364473543
0.557171029766  0.535828684217
0.416897249896  0.330024811924
0.465365021677  0.45878282551
0.396965504981  0.374232980826
0.46250686516  0.513659429023
0.525551704391  0.585435735598
0.416797660744  0.5699344311
0.495083558004  0.435034890051
0.603793810664  0.581041967122
0.641727236581  0.412575216975
0.571051714804  0.514427287747
0.685050689957  0.457486490612
0.595886264603  0.441484704461
0.596542835739  0.631930082016
0.566405333649  0.45016891551
0.473021798432  0.56303215111
0.561571823444  0.553074200207
0.481367605747  0.497450115224
0.45266390411  0.510172140933
0.606313587074  0.486541544154
0.514124431325  0.498741091625
0.615039340818  0.370315170783
0.415717712778  0.45590587106
0.532910448001  0.359238978893
0.529395073698  0.680047333853
0.635907488489  0.563791973955
0.31932739289  0.470350872508
0.555802534941  0.550852577779
0.458729515138  0.598430071698
0.513227434449  0.475100030888
0.445101597211  0.553534338052
0.335399383363  0.447173303004
0.455459893173  0.512535766887
0.461613704029  0.529659417995
0.576306831586  0.528183917228
0.543015472726  0.456662649908
0.596281214925  0.503245780212
0.574487912675  0.6345905291
0.489697747058  0.426333821928
0.572684439793  0.455291210561
0.594166296453  0.505416415007
0.565838839729  0.397506888933
0.483292460013  0.533153608483
0.637261255116  0.48118269251
0.508386113801  0.385195937445
0.435929027084  0.408981780855
0.448839858379  0.48546670638
0.554970671718  0.297427670681
0.64192025411  0.543278185189
0.616955784813  0.377740527923
0.55952640909  0.557088417081
0.522755959034  0.617560527902
0.376477107641  0.580983513764
0.64474331499  0.437967554544
0.465626041616  0.473124901902
0.69068981755  0.5560979542
0.545088665111  0.47184571056
0.430095893475  0.752613365699
0.498883913563  0.51037945046
0.372869757399  0.477768223489
0.364784853301  0.444153587837
0.453810832954  0.518595630117
0.36589950501  0.551509262228
0.585902664939  0.531121558773
0.703478809713  0.446453348318
0.459923510153  0.488786126509
0.346835233626  0.441346216394
0.297542252849  0.433194605605
0.618158725422  0.480812558312
0.702903917256  0.733364488341
0.428805793347  0.381328143564
0.434012675503  0.550680341506
0.455438750938  0.431233550617
0.457605350356  0.613917081511
0.313524527113  0.49048532945
0.317557908084  0.803206380193
0.253179711086  0.592193919421
0.450168053417  0.437372273663
0.519233232364  0.418213840224
0.425123893087  0.481443031566
0.64206753661  0.584669653613
0.50937865763  0.454289037474
0.537136363404  0.525007506104
0.25718256973  0.433788629192
0.513493316769  0.482379489624
0.438742552136  0.542949632645
0.643423470951  0.529982915024
0.573130654681  0.459369898837
0.508775543785  0.453341086182
0.576759087133  0.325470660147
0.606183675065  0.444183000723
0.417720731683  0.465742850059
0.334327839794  0.400811164199
0.463693565993  0.570986504561
0.607168902217  0.496797965004
0.533048820824  0.514737914238
0.400326477054  0.447964238818
0.620850961933  0.42822771849
0.507286879224  0.388867848604
0.43234678048  0.569639592275
0.527223577093  0.442526764934
0.43377138523  0.409554539412
0.443196477776  0.462959267545
0.551223561628  0.449650233774
0.6218254112  0.468526078915
0.530146744856  0.57020715953
0.606754974444  0.542960764673
0.466767123438  0.431725493364
0.675698654126  0.46906546664
0.573494166622  0.560334937779
0.611919355033  0.692796267651
0.538343736485  0.246082339156
0.423742562212  0.669733498722
0.678653562146  0.602731874945
0.505920763323  0.426855579358
0.583951171933  0.499810112011
0.647385954115  0.523813709007
0.592037525378  0.427315235449
0.578147757236  0.720748060804
0.528681151892  0.670222236203
0.419232418618  0.5708731126
0.441705278537  0.440050623529
0.311363487572  0.510138198514
0.51722381769  0.529127165904
0.569090074979  0.615223280802
0.468782846443  0.794531874004
0.587568152423  0.543927024172
0.337691214924  0.44902368474
0.807767955916  0.439957750958
0.508488576164  0.538747406879
0.428771547223  0.354689900629
0.521692993352  0.586769200773
0.58806419077  0.573739965446
0.651369552386  0.437441321586
0.516517271236  0.695756792038
0.406712763391  0.625031837058
0.603571898749  0.679063706905
0.499314564991  0.50735559073
0.54904598799  0.547991095658
0.508042320323  0.541183241327
0.488809027651  0.537098619856
0.524272765134  0.511234089864
0.405457391448  0.527822908454
0.579195758045  0.495558453965
0.463139412191  0.572069238248
0.585060061752  0.601675512377
0.39963500689  0.31935670123
0.625672729132  0.625330589562
0.527470164146  0.38526340103
0.427927199148  0.27652479805
0.389828558659  0.39614565339
0.496274733473  0.308782709328
0.53824116782  0.541395288965
0.538443475889  0.511190841346
0.50944864034  0.592792279385
0.425910940715  0.470035280542
0.531576253157  0.358079672885
0.604307276479  0.656343760532
0.368512351564  0.493801881939
0.423057481957  0.282119655517
0.569210215743  0.66083578126
0.40092606777  0.366962189754
0.626275794588  0.423226882747
0.534545138058  0.302841721153
0.506784956368  0.487989826765
0.395020007293  0.539661932142
0.322855084201  0.599425728867
0.626613521592  0.452725434171
0.536839883106  0.539351881538
0.402156932157  0.224760368963
0.58107984336  0.583256901708
0.268557898989  0.533808110099
0.537716307839  0.403069407365
0.542755917273  0.579392283001
0.632178038175  0.612107384239
0.50863730085  0.276718557629
0.664405717663  0.456388381989
0.44128248116  0.610050435612
0.524693301585  0.419651491798
0.49783514192  0.587544010431
0.519415976649  0.356566058113
0.585810545809  0.415203972755
0.520886862758  0.493126500821
0.561577815908  0.321929025111
0.557011870872  0.343797945995
0.475064775447  0.503142861635
0.550462998639  0.642713813881
0.492316676481  0.546604679104
0.447364799382  0.412459385376
0.458574287963  0.620814411888
0.673401907242  0.508915477099
0.498882785341  0.378380137947
0.436216438009  0.71442917787
0.440142641795  0.711197299415
0.564227195708  0.4755829889
0.279545327995  0.377358820634
0.632134814423  0.578054417717
0.602144129524  0.669134575689
0.446090541313  0.558961680299
0.522436844635  0.534842646875
0.366805900421  0.505203896344
0.569437276753  0.443247896423
0.539838068449  0.399829137261
0.50163486126  0.426471370735
0.55643405153  0.598009516124
0.383097546364  0.32269864979
0.445782428563  0.611805724689
0.407536089147  0.303689412615
0.425081070952  0.497298403659
0.445986272405  0.618817811219
0.242555042918  0.628385252868
0.682255797656  0.428188998909
0.457161343677  0.446222192866
0.54128413919  0.459000521754
0.437479816899  0.515547427017
0.617676621383  0.522007261946
0.386844371069  0.429056739815
0.780091178165  0.441545872821
0.563883229754  0.565703835715
0.71873919284  0.660878949671
0.341507433228  0.340235494856
0.509635423009  0.247721503518
0.512118520417  0.608419178488
0.647944860941  0.26184855561
0.495267380124  0.562753085491
0.422814765736  0.47701721148
0.481053492876  0.666459065606
0.521913857558  0.696488836859
0.584170568718  0.483921395283
0.585815195053  0.531297079291
0.554758749352  0.577274179857
0.444938383698  0.358874232007
0.5393599698  0.312670712993
0.419902972589  0.45891955404
0.608835870395  0.439561841184
0.448925879091  0.262376981692
0.480198138558  0.476334665371
0.37376208457  0.505928253667
0.644066550735  0.459432225718
0.707902541607  0.435752488246
0.703893073014  0.644251716645
0.599532602848  0.498354329332
0.416545365693  0.457226182298
0.422865381393  0.56154272129
0.308130121426  0.579311469331
0.667809435309  0.226392277695
0.481490414981  0.474794674951
0.514051056178  0.482811573803
0.490041672202  0.428893642893
0.557243042203  0.369341611083
0.436190768324  0.424385202827
0.486586987999  0.494358666662
0.488970057889  0.431017574981
0.373833683787  0.474378111372
0.331474111255  0.417310446164
0.555423878906  0.35371049214
0.526995512753  0.587657595878
0.727096373213  0.532436748416
0.434525642767  0.459244117983
0.467531173842  0.719962309069
0.594595945312  0.43455083245
0.503288806815  0.431679772727
0.59344659061  0.258548960035
0.509127857358  0.600512467522
0.416067116557  0.49404847403
0.379432269006  0.593945968399
0.216891935695  0.440389408229
0.252925797303  0.37349205237
0.57243618259  0.315841878207
0.436030584506  0.449690877112
0.598115024787  0.527626622435
0.528297178375  0.519014778617
0.513454489058  0.37400487538
0.388775702936  0.670978599549
0.548047355669  0.458880545756
0.50107201463  0.414131173658
0.661779593254  0.29055565454
0.458588579148  0.407901842196
0.512701625031  0.519156297535
0.471044790169  0.564296746458
0.519818278497  0.576485974477
0.455901527207  0.432147247376
0.592021437469  0.474169366386
0.436665938481  0.443980966968
0.502567402884  0.539588290656
0.423095243583  0.465347725611
0.601910574579  0.434732227592
0.495206700572  0.438718902433
0.551160534919  0.435000325161
0.484194395661  0.519864283461
0.476685017422  0.418763769823
0.421464740253  0.54246992863
0.608027777685  0.537987746884
0.453110121134  0.572911524919
0.383436069595  0.66197313694
0.343200740518  0.51911140209
0.475378959185  0.475792592802
0.341971694386  0.514624260239
0.519317776043  0.559430058249
0.412747752511  0.398189695264
0.382150821786  0.396013856697
0.637421344462  0.497588081942
0.506755279526  0.478481805017
0.609952884432  0.474172399375
0.511561657213  0.633653096101
0.530333382368  0.437285501125
0.504857144288  0.471998591411
0.443548082269  0.42590712966
0.504022025081  0.409735636691
0.535540581178  0.629294795102
0.493985698557  0.623842130974
0.508972545364  0.597223480697
0.652285344  0.528187478782
0.451969911065  0.505054383541
0.357914112079  0.46497977062
0.580733475146  0.506307731363
0.396339992082  0.446827811869
0.659884597483  0.587500988366
0.57784316048  0.41346609999
0.6997007965  0.5443828089
0.579508414892  0.538288195157
0.557090305005  0.332584049912
0.554607762556  0.566342231153
0.555493552738  0.41509248014
0.451382540139  0.48953471567
0.214859673205  0.537546919841
0.345805189959  0.332125076774
0.732446554099  0.528602080824
0.492552520236  0.419090688971
0.536168966841  0.674893164827
0.510037510306  0.350343233694
0.540639576411  0.455847138719
0.438437175871  0.494508492325
0.358245567716  0.544528758517
0.484913481145  0.442557504219
0.63593549753  0.512819686746
0.419412368526  0.442846827043
0.214085886228  0.571231732288
0.518679373449  0.70071300657
0.51633828734  0.422648948163
0.506583851127  0.545690828682
0.272004046703  0.290008876058
0.457577926354  0.378536013532
0.558006001434  0.519607501731
0.405125626876  0.546303944736
0.469396091261  0.69910272311
0.574590777004  0.644842754552
0.407876130727  0.596306782879
0.440515576894  0.256825526328
0.459853625724  0.484244915391
0.554691479822  0.364614441241
0.534462720093  0.53940226869
0.407249031428  0.752093123034
0.459536396101  0.557902809183
0.466349528777  0.67906120655
0.636085602422  0.470086005912
0.56748561586  0.370029795519
0.600676556453  0.464050136185
0.513176536706  0.446166266077
0.573233321614  0.628081091223
0.781764342215  0.611416298624
0.438641707694  0.440636016015
0.547845865995  0.537735001844
0.46946219453  0.732288236935
0.660322785378  0.559211373488
0.387864035776  0.453663124448
0.42101241838  0.736049065225
0.453066632914  0.407808130378
0.526831359483  0.387761465992
0.354605128227  0.463520624692
0.504282335419  0.433326566863
0.560699534976  0.471118626886
0.559401874545  0.745489104691
0.386589481991  0.606211234587
0.589447251474  0.368937010073
0.456768086938  0.518289705444
0.342403837024  0.462909265957
0.601930161595  0.5629917157
0.470287267279  0.620239657336
0.448167484014  0.475111957135
0.555044937208  0.545458031842
0.519319469529  0.715656450763
0.57205647887  0.447600318904
0.456972364965  0.60218802075
0.325437058507  0.343729892808
0.623193832225  0.307800732925
0.532687070812  0.513720704682
0.313250691478  0.532565597391
0.614322468563  0.624459693748
0.446747813424  0.550169746473
0.272437630737  0.409679866407
0.451437003548  0.525302899921
0.676386857013  0.491132503866
0.40231700174  0.335222144068
0.444624847437  0.504054646517
0.445978488508  0.593941353733
0.631379724579  0.509477018396
0.483765504369  0.216615941602
0.667963490101  0.472968162949
0.741385489456  0.571361554698
0.400219599743  0.654957330663
0.725074036544  0.305673412431
0.611418162279  0.447194918198
0.380022138765  0.511108271631
0.427080445835  0.66078419286
0.615528111399  0.645409885465
0.369751139513  0.515360626424
0.608219555955  0.49398776904
0.321367053972  0.552282148489
0.504758648757  0.388423378524
0.37637500996  0.583434982386
0.524527326591  0.252473781576
0.5254440165  0.427376683281
0.373203164113  0.54116738156
0.56591135394  0.510663261136
0.576414116427  0.479223695444
0.59285768992  0.570069638513
0.434894341797  0.581974108052
0.425251839663  0.608254572952
0.694483548676  0.596831674147
0.365004347682  0.385562973331
0.403528810987  0.613121207584
0.588505757885  0.508058938119
0.525253237378  0.441869460568
0.548353245467  0.471074167284
0.574539726648  0.569825573469
0.558067981579  0.642115660677
0.462855183469  0.525544073947
0.45195102801  0.452849291716
0.522752486832  0.529529237197
0.512899924067  0.410773885296
0.432347247121  0.594561786888
0.712543106906  0.564931503294
0.537318742632  0.359120373553
0.510046337243  0.384427833016
0.650562897656  0.477936662964
0.586828823315  0.462044609924
0.524175150134  0.368987272825
0.519965986676  0.435295879557
0.63523045934  0.513746874009
0.606808643922  0.528383696519
0.484534727854  0.600282939975
0.407927853783  0.338345251521
0.555523563295  0.402745120291
0.690941719942  0.511458310868
0.428215181516  0.51556971526
0.365690419646  0.585458644925
0.402124864016  0.537272716881
0.411868299281  0.532089948893
0.306132610267  0.635793226343
0.541722084377  0.541070422322
0.551106746803  0.601667438725
0.610075006556  0.658897535501
0.550019525809  0.491435953886
0.546146479609  0.569083726714
0.562274660945  0.535848084677
0.685305962174  0.436719161616
0.461213402032  0.466460905837
0.37706630351  0.354940693603
0.494133434886  0.568591933681
0.398441286411  0.496316820082
0.444905282522  0.594949606368
0.67053152096  0.418578980079
0.606012769708  0.369944136804
0.289427327111  0.500418985643
0.482637307448  0.34059481916
0.372891534593  0.516558150065
0.419519391863  0.573828820297
0.389321854587  0.354517028808
0.411260014743  0.53876722118
0.609436102093  0.558866826988
0.612919604316  0.380073001512
0.506551237051  0.699748142588
0.476805035703  0.521686063547
0.597938746377  0.408694293577
0.575865429735  0.516172980378
0.465502289773  0.474515050569
0.4616309208  0.655183266935
0.443297239379  0.420075675056
0.434870537057  0.336715293665
0.372066917928  0.417622918592
0.515103128681  0.492498809843
0.418644711915  0.590424706
0.412053949469  0.458054449902
0.416527945851  0.527913778288
0.52455724449  0.493421763195
0.480943678013  0.585431362732
0.568869738109  0.458020417079
0.606041041468  0.337379604403
0.466660114397  0.466719803671
0.649524654525  0.609827200851
0.502065757625  0.644827337109
0.426952188276  0.512776391134
0.468686690973  0.660736107066
0.317952896547  0.437758196779
0.300709913615  0.693629968343
0.384363231808  0.292324676305
0.540400797863  0.540594294512
0.339188045983  0.500575003701
0.493682225892  0.576674647925
0.676494386028  0.501165044338
0.458747424994  0.606915572945
0.657356129775  0.445687425336
0.50419362154  0.427322564869
0.49366588438  0.413622271182
0.363095053374  0.400534392874
0.475563149849  0.710603780966
0.530287351706  0.387682568749
0.464705668674  0.491241988722
0.612596999901  0.461628864275
0.47815496508  0.630491253438
0.726544996912  0.679506417303
0.385750271368  0.452002052579
0.381445005919  0.528833477867
0.675351527569  0.352122455209
0.47575160784  0.641297263571
0.504424012481  0.39622578488
0.645247850301  0.471159534357
0.418095071017  0.691057583337
0.396391025122  0.565589730453
0.433005936521  0.587993307173
0.452948273012  0.586142193656
0.520746964259  0.570974912763
0.601730979783  0.64819776506
0.576406968438  0.364216427097
0.608606214363  0.531215509499
0.599671939524  0.422835511042
0.666033504015  0.423307324718
0.545285595298  0.579141735668
0.571662618816  0.284718160597
0.506999040444  0.625370726181
0.558501339443  0.504856764802
0.389574614215  0.523149058998
0.718138851125  0.481114525059
0.813165666736  0.472814766049
0.427727651757  0.685830422197
0.502634919271  0.481847099231
0.207631976117  0.453623782601
0.535962377991  0.611192954797
0.314514476074  0.427535143382
0.396680224008  0.382502134945
0.798047635778  0.427476935617
0.615709407865  0.462571176324
0.454281855696  0.498088980269
0.445906299516  0.500719428694
0.48033207591  0.641756542481
0.709860593315  0.559549846613
0.39154178918  0.508613501429
0.483238263484  0.4072676182
0.388669072685  0.419809509244
0.6279217029  0.517577740347
0.517745439518  0.59450127326
0.400013370801  0.437714541893
0.515813358819  0.485993141608
0.623271823939  0.435044793099
0.41603221462  0.477477970941
0.421482051572  0.573120491923
0.548365361184  0.523706975445
0.45337357664  0.548003994305
0.822782646925  0.302024105677
0.640190538554  0.476695525212
0.488451992078  0.426637738165
0.550294804811  0.533412604316
0.495316277612  0.531105852231
0.53501711254  0.302326213616
0.519287337948  0.534856739124
0.522372337002  0.34751561945
0.572147163197  0.482110080742
0.486666821579  0.393281593332
0.468450527053  0.58515672124
0.457824686782  0.50741784206
0.564563801656  0.411128490035
0.596708279954  0.36054419122
0.646423812124  0.560076330023
0.479640487248  0.573496762335
0.474710216911  0.458577069306
0.51250082652  0.552579441794
0.326806652093  0.689039542289
0.524458431985  0.487505545968
0.476901438256  0.517887329233
0.534721046461  0.645143277171
0.299396678294  0.328419256871
0.529951973272  0.615557680325
0.346889413388  0.50543849478
0.427347597237  0.467279500135
0.675147095028  0.667706972202
0.559452015739  0.584490883851
0.532379288709  0.484817163591
0.420857600067  0.474581650722
0.656696846496  0.359432904075
0.503004722804  0.359145246031
0.336245773951  0.574588829105
0.66367797516  0.501551371987
0.642469430301  0.519273227318
0.378632430355  0.706499938374
0.687497468408  0.579226232525
0.375421492855  0.558078691373
0.493240488909  0.619104344535
0.54871244515  0.419684787515
0.637319279111  0.730027708053
0.269186092367  0.527706372596
0.41959354825  0.448843410693
0.380450553967  0.480720684809
0.359942356202  0.554033447129
0.574974615505  0.503932373141
0.385637373927  0.706801246585
0.463927993738  0.493484042454
0.541747144501  0.337794911273
0.65548945991  0.55238266165
0.439770047938  0.431811941148
0.50997594609  0.52097863314
0.382045636554  0.749596615089
0.369494443229  0.438205599067
0.472508646223  0.611714131007
0.393427888929  0.416571048842
0.467673616642  0.527619953386
0.490433003911  0.653757023423
0.320087639928  0.567890565643
0.362670071647  0.445962303465
0.443613540932  0.504917623461
0.404307794361  0.488633146867
0.580516330826  0.574336403207
0.378546944423  0.510004599102
0.577258690849  0.581889997604
0.455609152011  0.567059493248
0.449347421214  0.685086375468
0.640935921866  0.637534662226
0.379586103229  0.564830340146
0.609813575177  0.377892671142
0.438192428013  0.472823347388
0.394406551902  0.528920283345
0.596740559473  0.604649255009
0.565322766676  0.380068077176
0.470506370451  0.466361684253
0.550639741782  0.507640948553
0.46067597843  0.439117958415
0.528753537153  0.502098563042
0.541404322289  0.316611305824
0.32953143653  0.551844984542
0.580764118322  0.574576972084
0.565882498109  0.473331926864
0.593150973142  0.444281881777
0.554010307916  0.558637993568
0.517949509291  0.485561195473
0.401534960554  0.460414799718
0.426103231158  0.564986584866
0.530518132461  0.709312170514
0.38970218906  0.424410046938
0.580304930935  0.485637501
0.542062031202  0.577616846442
0.572502757558  0.434333150171
0.518535475751  0.568804458399
0.46580822537  0.47431057043
0.530330843821  0.47844531744
0.514623615813  0.507954256159
0.609709477802  0.639770628372
0.731178485528  0.656933257316
0.567240454629  0.49808229204
0.674478144447  0.466267782056
0.267077476819  0.414233652773
0.413080567126  0.331788739592
0.48404239558  0.458852154049
0.590467118062  0.399938979356
0.501498681228  0.528473854838
0.478645654469  0.573354175827
0.458596758798  0.341973493977
0.397355462329  0.513617959267
0.426824775495  0.638568900741
0.486366234895  0.62995069415
0.532576799475  0.44680456614
0.431079558251  0.624437716559
0.366414547243  0.534682272359
0.461307828499  0.447369038113
0.523524618214  0.577341048287
0.538175445229  0.38393076215
0.486399574258  0.476421423243
0.33487427743  0.4536478072
0.446458863249  0.586121591896
0.510353912033  0.425053785556
0.306900485819  0.615674133131
0.167084036408  0.472426553291
0.484924172238  0.459412271499
0.575560448107  0.468772656404
0.396911146986  0.637442894144
0.284496126059  0.236103854294
0.565685051723  0.398340914995
0.476274236776  0.628486050563
0.518404611574  0.583021061538
0.478294020952  0.346794669805
0.498407451276  0.552223380467
0.677228948233  0.416489683857
0.632152350847  0.498582156666
0.461406746599  0.483717711671
0.585036809863  0.428124121579
0.672008376849  0.416776424288
0.43775839881  0.449663223819
0.568181555137  0.347550589951
0.520685602379  0.421912583067
0.474045971924  0.60766004973
0.580488190442  0.565082185478
0.47850900066  0.393839563195
0.498983678121  0.720308882558
0.467473172544  0.472697382921
0.384225489611  0.514264873667
0.291980686784  0.398548674852
0.402196690862  0.497306008821
0.456297747149  0.574651710023
0.552430199407  0.552260791267
0.49571777757  0.418264548586
0.521209524233  0.183740987677
0.403361405692  0.428888235066
0.561287209141  0.672638191788
0.386722229239  0.428252051542
0.495925770203  0.422404945631
0.569022020293  0.4588833455
0.473718509921  0.560547220887
0.561970069322  0.371945316611
0.374520325398  0.512214309277
0.467010387223  0.370867813937
0.436687935986  0.383613651288
0.507000307085  0.536100184497
0.547525569617  0.573206035545
0.477980614661  0.587783806736
0.498371461279  0.576483463939
0.359214088242  0.538631910849
0.635284248469  0.568404398838
0.410028779881  0.627996806428
0.344142617348  0.47267024363
0.6521951451  0.567943666236
0.583157274521  0.439845712447
0.538263852384  0.429648186812
0.679898797976  0.498707944293
0.475620815899  0.430150111781
0.492997580607  0.535454078612
0.555898015947  0.46433106818
0.378451525483  0.602037207627
0.651175438877  0.618531883842
0.541294155012  0.513461690755
0.451590092432  0.401226253062
0.411090885782  0.628208063013
0.664999463507  0.538171539648
