0.519176674919  0.485356784598
0.497471368969  0.518958053969
0.481846872324  0.455384214623
0.367284330494  0.392549243424
0.322217020555  0.561046601488
0.552981585886  0.664326098568
0.468166625224  0.364724793634
0.409010980548  0.361241339116
0.520818245881  0.442761421492
0.431715170829  0.435211412314
0.401223597756  0.434768224437
0.466900855181  0.435611827108
0.579166229358  0.459289221638
0.498020867098  0.464310751714
0.347557524591  0.461429761228
0.480348744908  0.50380550977
0.554173085365  0.57152676906
0.535374418661  0.47254812751
0.488200838664  0.451517991354
0.647379927549  0.234031884685
0.498733561938  0.379091034828
0.476832980007  0.562058946638
0.454561425764  0.457205122368
0.544124011166  0.354811436103
0.557510254963  0.462865005142
0.288549910875  0.470981728874
0.567164350467  0.357102012829
0.531625801041  0.40718614935
0.522197620555  0.27505748022
0.394733655973  0.409725734583
0.438795168413  0.513542784293
0.70610376914  0.463347090642
0.265799057362  0.371994440742
0.32647999005  0.324470223148
0.576552502521  0.400732168562
0.52090792781  0.517040549271
0.458322827278  0.381669156333
0.410511515166  0.362185422935
0.677695657238  0.397941116585
0.49416095477  0.571150107215
0.347196864868  0.546991533614
0.330284605465  0.416191443112
0.535694259835  0.611959881784
0.405276552104  0.45171550591
0.410523626419  0.515373270051
0.577387171039  0.457068753764
0.413016570694  0.444653828585
0.463801896374  0.563723896207
0.561555607497  0.360297750374
0.597354579361  0.481366881937
0.540451310344  0.482785588474
0.322779688548  0.454441794229
0.583927733924  0.596348126769
0.404177094852  0.669204938688
0.464398864508  0.317831186894
0.56871216082  0.497652584847
0.597285277736  0.475604411454
0.322414638801  0.594512831217
0.418627549304  0.453354458046
0.513635489801  0.495814631462
0.522469588314  0.32060628272
0.560469898281  0.64614303268
0.61093745075  0.419924326991
0.472823834087  0.423459329534
0.464791438394  0.497275874537
0.590820364342  0.385538472315
0.497566880367  0.304224219276
0.534918741649  0.644846671307
0.558542804688  0.551996389037
0.515706497392  0.474851019709
0.579053314257  0.301577277628
0.560340053328  0.548161396274
0.304264053391  0.535059581593
0.550463936096  0.594132193604
0.42445373696  0.485327457752
0.423910281393  0.481027153244
0.511514650898  0.467199665793
0.658106793413  0.442117284063
0.460770060294  0.428963592643
0.599794418051  0.550234093386
0.35465750361  0.430853497152
0.582208674829  0.54871481986
0.337297214258  0.483543236519
0.441268572663  0.527355713357
0.5338022504  0.59718653105
0.608129403354  0.479400680141
0.382293119068  0.665328050813
0.495079538319  0.572372759849
0.468332195901  0.460614110839
0.575305518575  0.560448776057
0.592681197695  0.566001034709
0.437739944882  0.583221322783
0.427971504783  0.420423526301
0.430971295739  0.457889189301
0.481770535103  0.29404635438
0.435068038322  0.484768820611
0.425811725354  0.617784696498
0.441228909244  0.505932150365
0.517676933699  0.470654028448
0.340397608807  0.397280368783
0.468456407986  0.676378435501
0.718768322606  0.622075838857
0.387750504879  0.510149746899
0.298870482843  0.45970607536
0.447844856372  0.292850252495
0.428343129628  0.544574678267
0.354503118354  0.502464201197
0.524823741907  0.323758079457
0.514464480551  0.602960308182
0.480927892549  0.489033438106
0.413211213056  0.370400746592
0.487635099253  0.501568123389
0.554337293663  0.552847544608
0.5450895436  0.325947979684
0.495481704571  0.579660715682
0.425916859087  0.396656842535
0.344923527611  0.488314466692
0.538413486618  0.551777583726
0.603372310619  0.445325999251
0.380980934067  0.534011971483
0.39861635062  0.492846268902
0.444504068315  0.441977230749
0.524490700228  0.587455975739
0.413253706792  0.449797210467
0.406868721272  0.567973963681
0.475396112093  0.559332811698
0.56767022361  0.273635159362
0.569351632189  0.428405480701
0.498242950752  0.524466196639
0.4381076573  0.404508074056
0.502013441468  0.353101214312
0.492888693053  0.582444214819
0.479001108693  0.461446694411
0.350845028921  0.50043532981
0.297189141491  0.430440562324
0.569498420714  0.391550822953
0.457889875942  0.333836676173
0.485023281963  0.465542900556
0.428393317506  0.491306268467
0.310297167332  0.542275544794
0.467417378799  0.531939172254
0.451843093237  0.434697323258
0.50201317602  0.696285790675
0.476967483347  0.635577307238
0.552965996376  0.401323929358
0.548082036326  0.582740146864
0.528092116877  0.466495121622
0.567711499893  0.519311639306
0.650849681231  0.454029304689
0.400973918037  0.368930222434
0.420978284127  0.457926933741
0.0881589622037  0.558014011593
0.579105048498  0.492817423148
0.45094960488  0.534078739316
0.639595370912  0.488288630509
0.456565588835  0.410274311239
0.540195543962  0.442132235406
0.542005900908  0.384895951756
0.344856692465  0.47603237197
0.516833430513  0.388250303389
0.50913963463  0.500334031135
0.455137057857  0.396855274668
0.50734484634  0.300633856551
0.309810549282  0.460980607642
0.394292321447  0.454656212527
0.519445607204  0.712563643066
0.363191442739  0.387452700138
0.420412440814  0.668956208615
0.439462521308  0.438505285264
0.41042950387  0.484888707143
0.410855418346  0.535556540311
0.650872888276  0.470085102606
0.614113285803  0.442736612627
0.667278579611  0.346550306313
0.396917605375  0.504738223981
0.57527920706  0.631066633049
0.438626648474  0.699765597144
0.327857520297  0.541674693892
0.50351905589  0.550391479375
0.510152015037  0.631089281609
0.599240948771  0.383976913616
0.491936399313  0.611204278772
0.59366365958  0.543957370474
0.313698866398  0.663370851762
0.389552650192  0.461576136438
0.688184854839  0.391536403413
0.406615761958  0.630785048128
0.315435138204  0.354542029749
0.487657307791  0.563249436258
0.48260359422  0.359536366495
0.678246305164  0.398994857334
0.48250073538  0.497658047844
0.48887319284  0.509926941556
0.598205690994  0.238715743217
0.451776058599  0.659348866244
0.412530105586  0.542036037953
0.536375299251  0.446714291913
0.527710310192  0.63209411019
0.642751578939  0.538351012822
0.322262899153  0.540625771904
0.546406346425  0.489010589137
0.393154888515  0.436994543969
0.536981857464  0.5049345915
0.602195520635  0.434995329292
0.346256296955  0.678327702906
0.464714252263  0.574669028433
0.496800644979  0.509643023531
0.48898459339  0.537280842212
0.427058116577  0.514895128155
0.41346649947  0.514758826983
0.370285054646  0.55111636491
0.343211382529  0.460795587233
0.434150130053  0.53082279249
0.379904363076  0.325345375418
0.497236434641  0.513432806031
0.520327474315  0.520152612397
0.448315172288  0.584557107496
0.610433368405  0.536746907356
0.466770890611  0.496585520874
0.332894597907  0.49337179617
0.410993290857  0.599590951397
0.396165705845  0.395455672093
0.618659791788  0.337812513349
0.40450854413  0.477652315832
0.469460170648  0.498670289502
0.409932318215  0.64392314915
0.582270178371  0.36470113329
0.253937639566  0.474422490877
0.580363480263  0.630964412804
0.449840282853  0.508998878272
0.372648441471  0.388526311619
0.523449699209  0.511617152687
0.415135728215  0.375721300592
0.483339847683  0.44941874665
0.538205234967  0.598909383415
0.358052293662  0.495516827424
0.437610115223  0.541338589363
0.410922905515  0.490741726309
0.545062405632  0.677988967319
0.393777455883  0.532552541727
0.396431196686  0.42094075428
0.443353953027  0.520145814642
0.409779427279  0.306271778952
0.467605401813  0.549983330516
0.313619464344  0.504059495501
0.551366141154  0.420427839177
0.476560604478  0.384415175585
0.631828262379  0.39832566667
0.485370770087  0.614292004705
0.371415718563  0.453027846488
0.437067627219  0.510079055774
0.426207749355  0.347275978467
0.495035734928  0.529005393283
0.637613806152  0.548352231584
0.57203247053  0.34753521134
0.489204145914  0.595602253039
0.598640881151  0.503997374737
0.582087844948  0.530065401148
0.399241086058  0.448373505
0.718319191391  0.42389743859
0.424082704027  0.461082497682
0.446985245994  0.516200126372
0.505695031367  0.583833784145
0.400337388599  0.465805295339
0.650462960195  0.58463535613
0.488842375462  0.39472869165
0.459854397775  0.46166034181
0.601388870204  0.611270806898
0.585589154518  0.45020811551
0.472065542756  0.391133077858
0.39776980563  0.313712188624
0.551579975313  0.59129800351
0.337965594276  0.629977039865
0.35771032405  0.392588774057
0.619947900194  0.467899581502
0.39531409081  0.572361280547
0.359592055567  0.371096039431
0.548565005279  0.640356254439
0.590253726868  0.428853734779
0.556537677877  0.396394857661
0.353317662253  0.169496415285
0.422830331771  0.419074408221
0.557349575321  0.412154277165
0.569738057165  0.417469120002
0.472303626349  0.503030855724
0.463976179713  0.52395383259
0.504829378125  0.473001876624
0.447231252134  0.470952698829
0.664610382991  0.510157494959
0.57336773603  0.514374259344
0.519855242692  0.322641271029
0.432702872823  0.317327883223
0.674257177268  0.515233661817
0.475978894896  0.322182000517
0.552857737779  0.540869948996
0.637466390971  0.660013511489
0.58348590396  0.574816665908
0.421700287498  0.456427487233
0.398326397457  0.510396974898
0.326542408345  0.350278519722
0.449797130641  0.500234096294
0.401859183044  0.473229434123
0.304712362601  0.583910866184
0.450052256917  0.440065603426
0.505298248215  0.467377625721
0.362079170625  0.668789748288
0.506093937937  0.503807408542
0.629345105157  0.523433020202
0.54666509336  0.636505119199
0.449303629252  0.407335776141
0.417339550546  0.496761480615
0.492483836679  0.263049375849
0.567441752301  0.200763531806
0.47793227571  0.530160082047
0.350202020876  0.633506677739
0.590116562015  0.494740788653
0.507198233917  0.356252494497
0.267538483326  0.439183205397
0.556918277996  0.417162342563
0.513131177188  0.424903219821
0.45089137469  0.485694306657
0.395099962926  0.29966547366
0.434752844951  0.566298556402
0.538456293881  0.46559716621
0.435362866462  0.554530775488
0.499194159233  0.435025053294
0.426940872026  0.465363181221
0.416681030479  0.432325481288
0.460144504707  0.34603691494
0.475052730058  0.57910943624
0.387416932152  0.480001295351
0.520344337037  0.558168106481
0.600665795786  0.481911478352
0.459625373741  0.700282472592
0.50662306505  0.372079495149
0.495943545715  0.536948477404
0.600673845302  0.41085962972
0.457614456153  0.720297773921
0.442154785734  0.395371738567
0.233743240001  0.433554993864
0.476734526061  0.487944413878
0.590436320646  0.381097034765
0.372761848082  0.696887114735
0.549303526006  0.39013941682
0.533993352919  0.534017372105
0.626667491978  0.433121086867
0.388802465918  0.318563106667
0.548227719728  0.516022250411
0.664126945606  0.394869992549
0.408941080428  0.519021609399
0.498521322459  0.345944636273
0.467951171043  0.517586424054
0.468274136137  0.448416995723
0.525527676114  0.546452619203
0.507554899845  0.541084903937
0.496595116388  0.49811786073
0.452088036012  0.442172148591
0.572025625644  0.547664333703
0.54113293618  0.478862832725
0.484039803075  0.498191781859
0.566133462017  0.513746160022
0.429551370916  0.610352849896
0.587049165096  0.566717468374
0.537220088226  0.386805888242
0.483002416733  0.479455422953
0.417890006342  0.467499534121
0.494713405523  0.432168160984
0.379298826326  0.412595657354
0.555072612343  0.446459472681
0.509214202531  0.55737591467
0.457834504766  0.592301157122
0.527437005487  0.482498225909
0.606924868465  0.404006552348
0.326216285828  0.55331173041
0.552642844385  0.307087585728
0.459159974856  0.532447600838
0.435655407004  0.610522771802
0.565506267096  0.487791422864
0.41901514281  0.434486389453
0.572432379501  0.559913201418
0.496141052244  0.499628871706
0.343750318313  0.285976076079
0.603974344089  0.379551140978
0.4254825496  0.540374243872
0.577271786127  0.416673142253
0.328802580312  0.303660452563
0.503857704768  0.540821585392
0.468030869904  0.543719303146
0.47252023637  0.525243889873
0.52522267422  0.433316867848
0.434219981436  0.54359601075
0.591105346905  0.434804171512
0.54431546853  0.414902126821
0.38742957361  0.334243326186
0.512063400377  0.352346375435
0.57271538397  0.473224265928
0.356660727944  0.502636382892
0.442710894652  0.495843379329
0.436705736844  0.44693708673
0.725499856145  0.602088987303
0.435301441841  0.392106167146
0.375413361068  0.391190988459
0.568813940643  0.408568030652
0.31740978946  0.553198555543
0.380304251239  0.64020446019
0.551653458624  0.662365426816
0.337695731907  0.510380376769
0.452822189566  0.546196388543
0.46048448924  0.321494311758
0.60050304119  0.452987102828
0.582716471977  0.506045330701
0.492818459855  0.552280150027
0.531015184279  0.486520911381
0.469134935371  0.477238851374
0.492128830132  0.425112650562
0.487118819364  0.471083907956
0.354730249068  0.476505293563
0.484197369496  0.358432880019
0.431720939422  0.517269940855
0.271850039623  0.432670269396
0.524488109233  0.630372411374
0.528672258721  0.338773973359
0.381974148681  0.520408053369
0.471300818487  0.567135492391
0.393028199353  0.382362829851
0.774694017611  0.696362634446
0.55412937137  0.605264378204
0.488428031067  0.407785619957
0.44982798465  0.561355932109
0.491788201227  0.36175094388
0.437292169586  0.450662983349
0.439672181747  0.59544575773
0.64412232649  0.393185169788
0.55435226454  0.397796327591
0.550598428095  0.393769939914
0.380441140311  0.575964693255
0.550019193112  0.452373061556
0.4092960441  0.486275617357
0.397155415414  0.53171022116
0.414393056679  0.505165623123
0.544797175157  0.442475367822
0.441183445142  0.477889705792
0.756876594332  0.496577102285
0.505065524775  0.531899077453
0.501422605264  0.374622903558
0.356809383796  0.350225289046
0.454066761275  0.46878270113
0.416952180849  0.412601046168
0.552216167769  0.421769642936
0.573740910669  0.563177320043
0.415311398229  0.422887418797
0.604805723805  0.655774140654
0.45853676072  0.46229776628
0.47769238507  0.473251716789
0.605161319402  0.496336697143
0.37532380511  0.5458484529
0.432386315636  0.287707889899
0.44072924943  0.408324787177
0.439106231541  0.511215365479
0.310637056928  0.450576194723
0.371596881035  0.598933319465
0.454603959277  0.594946657903
0.184194559779  0.358705058283
0.455338351589  0.395793520921
0.617927871759  0.435588370457
0.501987669373  0.517705806445
0.437765034306  0.376849055527
0.421587893607  0.502053288435
0.559490800121  0.365844759665
0.214456736704  0.438901720865
0.513532501273  0.583999034041
0.588819451555  0.328005421101
0.40745012772  0.448458236568
0.501919444237  0.468907987563
0.438360554359  0.459871581172
0.550663045499  0.532305415811
0.514397204466  0.500319829303
0.260381304776  0.473860936531
0.543459228521  0.442436007525
0.351449565802  0.482492472381
0.530179133653  0.324755236586
0.474404777538  0.390616012478
0.609354952098  0.338905817829
0.671365176734  0.551913021624
0.281598904981  0.32016044867
0.486975967257  0.439619377966
0.434455891487  0.600250787165
0.330974637511  0.314000912036
0.47650057875  0.450303652739
0.500037263823  0.408126201107
0.467864431934  0.533695320604
0.405802843396  0.655035501054
0.493733108577  0.436691068175
0.520244894841  0.369151569862
0.57306321044  0.469511221435
0.486114573705  0.462077940231
0.408904725369  0.247986871773
0.549989080814  0.460461407598
0.398084270484  0.521167942545
0.452608212698  0.556445710273
0.354270168647  0.478882897382
0.494579084268  0.277630722405
0.637689783832  0.605862322639
0.421159100131  0.526133295016
0.537189485243  0.459013496052
0.306421206833  0.46254232825
0.633296551957  0.564602391427
0.541909336683  0.402827341121
0.463059801755  0.374535188916
0.54452016757  0.441377575729
0.448926470257  0.481584817201
0.425483796175  0.447865296869
0.493279848236  0.408513211276
0.373245098238  0.56025480002
0.417708953446  0.449673750225
0.53728789055  0.546135250917
0.405681630625  0.502476728803
0.515077280152  0.570846654341
0.482437409213  0.455701408946
0.62136784183  0.276006980969
0.578903473816  0.451478706643
0.247895390556  0.420734883712
0.438516888207  0.484812170596
0.427949626902  0.492184287391
0.259989916479  0.19558429809
0.503527148437  0.452841726626
0.497861089921  0.519153809426
0.495369255882  0.458501718065
0.620493205375  0.433268805598
0.390656455229  0.471777529646
0.326247060647  0.504889749014
0.607401233431  0.559689980245
0.442384651411  0.689505045211
0.437334137456  0.524582177001
0.463773580282  0.51268055319
0.52229524963  0.530641275658
0.500442597866  0.634825450126
0.635603976136  0.526913396249
0.556895275989  0.584698552269
0.441361302384  0.468232792001
0.366218406962  0.598914308734
0.407102270087  0.48186931332
0.390179946159  0.424379138766
0.509430034708  0.367900517701
0.348906122224  0.521764646244
0.72955135213  0.385699305194
0.503404551961  0.376054410479
0.292147628262  0.380469516064
0.544016214457  0.394194069303
0.689996941212  0.504394176926
0.259497983579  0.440286881135
0.429527619555  0.49275220637
0.479542917357  0.552283270578
0.508616802986  0.412551482274
0.524608498295  0.559928882572
0.464877699827  0.435086038255
0.445719472978  0.376404161246
0.519678061363  0.527439750104
0.530380450006  0.245657393441
0.778241700486  0.45871670844
0.545608868959  0.591982979571
0.587303489502  0.403497033737
0.659189966496  0.316888479069
0.58364446769  0.496391060846
0.55247435443  0.657988184572
0.400700966178  0.424398157958
0.381473324064  0.467928181791
0.565271761499  0.491691993936
0.609797441501  0.354228743597
0.482192188224  0.395122229744
0.538531190995  0.599197282176
0.573005150582  0.421272829053
0.589590533485  0.532545181638
0.549651121937  0.559180279734
0.657910356254  0.550617749606
0.366037067534  0.694419269036
0.471805443476  0.577560554182
0.486015725077  0.468889867371
0.532677659323  0.609034096799
0.417767436504  0.371349037922
0.414716450454  0.275097706886
0.55696843733  0.27684498801
0.550968086487  0.446306901284
0.552445686291  0.398297829206
0.501883513369  0.539166790579
0.585697916481  0.575787238587
0.444570992186  0.524140263993
0.438488685798  0.589540914407
0.280232843064  0.48872886928
0.466848058977  0.64575745596
0.614844745767  0.380139444065
0.624649793637  0.319693567588
0.470701220957  0.44516838047
0.400597056725  0.414687152176
0.5607379081  0.535484745336
0.364739306788  0.349483671211
0.295202086768  0.555606804103
0.55013221144  0.502922130107
0.45752342247  0.415287238019
0.386241436976  0.493466132987
0.47430899508  0.431428048099
0.37016801502  0.36711737479
0.568162283647  0.567210922529
0.648810950847  0.260817780403
0.203720256431  0.378204493974
0.479959134088  0.621463396421
0.53721404202  0.586587919227
0.500708260016  0.568303671526
0.615281355757  0.349756102025
0.550983690703  0.495276624809
0.457037533476  0.617223389651
0.378304720019  0.665155076989
0.501998859958  0.504935185956
0.479760849774  0.33498996662
0.524524592353  0.541412713657
0.360602671911  0.40885275946
0.399513939359  0.594313087365
0.575192603012  0.347373393486
0.443000187731  0.618127551087
0.570435854651  0.49972217366
0.516303954839  0.462291356197
0.621344620906  0.61451219024
0.452386972164  0.557446667314
0.498726529368  0.398524177289
0.459626270708  0.420253060357
0.537579209332  0.317269509775
0.468571075814  0.335185439398
0.498340244002  0.518923975163
0.472079065214  0.47064873104
0.342576788227  0.417378345386
0.266334922694  0.354690361123
0.594526895236  0.563221557197
0.685740496804  0.428676261797
0.415470627762  0.568360245822
0.50652101313  0.503961503172
0.536627607002  0.42191877206
0.520554238549  0.375617835126
0.396915505621  0.46177897504
0.513213706894  0.373591384738
0.455143584651  0.315863112213
0.505539564544  0.502389230993
0.51653920697  0.273355286459
0.714892315196  0.49126609943
0.420756000421  0.423628471432
0.444720079916  0.544962237739
0.444597409305  0.475763299392
0.434265460643  0.422964201589
0.403457169524  0.666779407621
0.504045218347  0.64493313935
0.521617057224  0.566258530869
0.423673946364  0.458786997925
0.4498964757  0.536494031677
0.474590908007  0.487809303488
0.447940826058  0.70951968791
0.526220324928  0.338123673772
0.569393622693  0.418321779666
0.405450290431  0.507644834128
0.398476905176  0.440751151361
0.606090429878  0.521255734891
0.46884977865  0.418762890846
0.55806537828  0.429240556951
0.441483387274  0.510731829554
0.394406994172  0.360892031347
0.454290162513  0.282574794146
0.358735669299  0.364275608682
0.573620700481  0.726536620958
0.454839755616  0.470131410328
0.571465804494  0.559623292948
0.307866983975  0.301832163983
0.587170153686  0.49635038165
0.458721868714  0.462043439342
0.479911304491  0.456227002473
0.527895229871  0.493541329247
0.330931425788  0.447511070906
0.524392758534  0.542544969399
0.355992851713  0.470440698338
0.575689743123  0.388588845986
0.377957797794  0.334064199069
0.456446086312  0.652446816846
0.465389686351  0.584807508568
0.618047232423  0.527524908711
0.541407465935  0.44673104809
0.515748001469  0.49346660036
0.505860900159  0.551058448486
0.47687772012  0.41323278845
0.548321741204  0.511084058211
0.453478416203  0.462603224318
0.425840771404  0.345999130165
0.43159663044  0.335846616683
0.463443579416  0.381642384518
0.463349329673  0.493372156056
0.70094060771  0.597591967429
0.389563999833  0.574131622156
0.312289539363  0.395449829465
0.537635840074  0.504931570071
0.519700042099  0.434394682555
0.507159053074  0.436838156882
0.409217666128  0.412597788766
0.466202711474  0.446005998039
0.56758645806  0.3760253389
0.462131614991  0.589262579957
0.307644390328  0.650769784598
0.520262721472  0.808810983205
0.41905095613  0.47745823791
0.505487877423  0.514630181315
0.492901913678  0.510080793769
0.454589164721  0.508046708704
0.337661326445  0.52398947109
0.458176714313  0.500369869115
0.494277935847  0.400514129003
0.622962195474  0.562447066482
0.51742766142  0.55052019763
0.561149753819  0.727917071131
0.436521496175  0.508516626141
0.570026462784  0.540559425635
0.483196891634  0.491705714568
0.540598841861  0.341493503211
0.633233829589  0.393747706484
0.549822767298  0.586763433835
0.446238407388  0.588499423936
0.656476883858  0.437837917841
0.472093274349  0.418232984438
0.538740436041  0.340822455563
0.466062657945  0.539066857966
0.430055804665  0.649307991978
0.487746609915  0.34503851752
0.503860059841  0.429926445375
0.50237475857  0.527638140963
0.514622101859  0.322210625316
0.362294890296  0.575277812396
0.547748335098  0.382680480997
0.513075638808  0.539008400221
0.442528830027  0.495797137431
0.58167274547  0.530442220609
0.343407755616  0.543347203449
0.421002292805  0.586045713896
0.493492776966  0.345004459057
0.385124545178  0.566676237177
0.572244260393  0.550747230787
0.34312980004  0.521448760659
0.65074573238  0.46913252865
0.479377796257  0.508469638823
0.457855195054  0.51060540179
0.694968941659  0.411535100902
0.453749488147  0.593546778627
0.534894334218  0.453997465959
0.505527204181  0.479561801532
0.638525703282  0.414500336402
0.42313396711  0.380829277918
0.516396090229  0.579852518981
0.4928173054  0.611553990979
0.493034456933  0.362913824203
0.422797018782  0.513596106763
0.563549512081  0.516747168072
0.277831380329  0.433809607761
0.484509494345  0.489473002235
0.698641018167  0.572321397214
0.414715200559  0.596075534188
0.461779243408  0.462138284716
0.517964566293  0.695546923989
0.539816626398  0.510685814178
0.553593034712  0.418556333878
0.573477788038  0.527475940862
0.415020529751  0.554903953464
0.534661972269  0.628316993839
0.497258070571  0.279139316036
0.417696810808  0.318448487983
0.585063869151  0.290208797301
0.347636457954  0.302641703292
0.360201406701  0.449039193519
0.637965008077  0.542392708256
0.382843086014  0.661506011873
0.352276442357  0.42525598987
0.272152050583  0.374323868475
0.311120589056  0.425340832591
0.628106872054  0.36410724819
0.252611634899  0.30654694563
0.459605075402  0.614727261456
0.456492650216  0.493096613443
0.264675143159  0.486449744621
0.32381400526  0.598820137474
0.383139586269  0.608268198344
0.516476697056  0.357823637746
0.400552021899  0.518399762863
0.459187168837  0.434407104722
0.441950772928  0.36877462457
0.417738253131  0.444738063933
0.510629868383  0.435400706733
0.556916270053  0.437969372836
0.548916909279  0.52055773022
0.316428532638  0.391638289038
0.550433145035  0.537838505937
0.475058122832  0.353868051254
0.351324062226  0.442349732654
0.627073949461  0.495464793294
0.487669357005  0.404106543415
0.541718517435  0.428663310823
0.411211461341  0.51431287877
0.401155648222  0.48256176538
0.580575851047  0.368645282906
0.472734892563  0.252760301121
0.409046858183  0.523359641286
0.493439619148  0.438828370062
0.497570773592  0.559912209914
0.438623508596  0.603183792081
0.441954207491  0.44985728509
0.542648781454  0.530412560078
0.383597020838  0.381414699181
0.509895750079  0.311591887954
0.585041395037  0.472336094234
0.469569406671  0.559254206904
0.576576755437  0.486835049258
0.48670160648  0.422013694572
0.451654429212  0.577258202832
0.532594371872  0.425794365932
0.274757043376  0.630546596972
0.516481131387  0.505498052672
0.603546203727  0.335395113181
0.442720032646  0.448949417625
0.566886345941  0.44724813861
0.483911064419  0.479684295157
0.461845973991  0.462333605874
0.346035762452  0.366367155827
0.450253773475  0.448539373804
0.441514629289  0.506105178827
0.44695533606  0.549173948684
0.332372543079  0.516917473957
0.58545810354  0.352971427345
0.596338179984  0.513885051747
0.34223539766  0.458828395801
0.436545646748  0.337993345426
0.49962694872  0.485484005009
0.438498432086  0.670208224513
0.40470617977  0.36371835419
0.539837702899  0.345714599851
0.481796045992  0.370601237031
0.38447514651  0.651831484896
0.454073132154  0.350514597258
0.475670037193  0.46766624444
0.31241788108  0.372411978585
0.309992455289  0.41518630951
0.598974611582  0.643388072444
0.457731641927  0.531462099
0.413587437718  0.364701234662
0.529008383171  0.388843458519
0.490330269835  0.419951220062
0.433276354589  0.617541628531
0.33859447526  0.482152405554
0.413956671324  0.440086242712
0.493253717009  0.427854479653
0.375150063051  0.39573519425
0.423258773293  0.437327868744
0.345300746547  0.589133679909
0.532832926909  0.373859191123
0.527780467877  0.604646666431
0.575847728375  0.515634494935
0.407919389958  0.522177239798
0.709745313175  0.448301512896
0.432167834962  0.664732769415
0.40009469439  0.356606704054
0.382454312063  0.603240003561
0.474029424502  0.368210853775
0.539750222708  0.564015922731
0.38357340154  0.344365028028
0.546363241194  0.713014706728
0.552205115809  0.479521224591
0.302229862478  0.469076526713
0.436252394145  0.314113661499
0.431334451876  0.375225258
0.399523304841  0.494292652948
0.564694396757  0.355247864164
0.226724614661  0.587124415203
0.400346295917  0.376738126427
0.411327256582  0.501182789089
0.531544070109  0.497531138186
0.432125100471  0.360474280831
0.288953098016  0.41973405273
0.402347122436  0.494406420371
0.429241058997  0.577788656512
0.597170521105  0.418794475019
0.490776511784  0.576777760711
0.499670497508  0.59219932373
0.356214320556  0.355704804941
0.559138155815  0.442971239255
0.307021560047  0.478096496694
0.471549781783  0.505429910259
0.501948452404  0.435197359443
0.346532318416  0.228908533011
0.478125490945  0.520868328427
0.390038893425  0.486093047573
0.447834863995  0.237537005672
0.507679381426  0.419968398797
0.440512580861  0.737832240213
0.406353608414  0.430190993507
0.605624327746  0.408466412478
0.377769132967  0.508411864035
0.575704569223  0.43777618065
0.653478897277  0.350636620355
0.481285099981  0.406709717555
0.520641250915  0.509192880751
0.566432462666  0.415433976402
0.568491515553  0.455707789378
0.573916146462  0.463751059712
0.488015908369  0.516077450582
0.511460387734  0.46446204033
0.330013951215  0.469597565349
0.459086004096  0.460728860139
0.407955705656  0.411880023214
0.545644637102  0.634098874462
0.473056516464  0.530277881973
0.434904216269  0.395897308532
0.4724777777  0.499457124365
0.413126117533  0.539845452239
0.555159436209  0.63327663006
0.352460698557  0.353676008216
0.415114905015  0.614691486092
0.662046757698  0.574795465701
0.630543511552  0.509591192768
0.448267765404  0.363256491769
0.455171132215  0.368226540962
0.434746401183  0.492514109948
0.464263172175  0.555948303901
0.444202944701  0.672310592296
0.648695495084  0.382801908391
0.358641450223  0.335912496293
0.550385162849  0.396983142396
0.418396705478  0.591103930458
0.388465232041  0.588479605277
0.296154496622  0.390419534317
0.795836617274  0.485837472406
0.607922030872  0.450129007576
0.526412066897  0.60641870258
0.442934320242  0.409826123005
0.326303761651  0.323527304469
0.447499397195  0.40160693915
0.586079015572  0.353984322906
0.571883659134  0.343846534369
0.566569539492  0.261100087214
0.344951738586  0.485402569557
0.43590557421  0.466280485817
0.424963996494  0.416064239042
0.424187984868  0.321251363268
0.460292819154  0.394407038175
0.298476048326  0.388188425228
0.407007820485  0.585732201813
0.384785335587  0.449783009281
0.503408407991  0.396327381156
0.679717446151  0.460629911402
0.346656316359  0.480327495796
0.489458132726  0.499477697444
0.503068552541  0.515844031835
0.52488007222  0.493650321077
0.621239231468  0.691264765738
0.598064419443  0.513102209936
0.423455844892  0.526988126385
0.353184734559  0.556523394245
0.384868099997  0.374097956893
0.383586580133  0.509337565069
0.60125290862  0.586497502884
0.473628092592  0.605564563542
0.512387164969  0.419726690993
0.275626007689  0.465409272449
0.640081352944  0.630886282168
0.472328756556  0.526843979673
0.461887741956  0.562915706582
0.475478093066  0.555911180385
0.463447812414  0.696257311318
0.310762905607  0.417676194685
0.508698542519  0.497613888763
0.510812974215  0.693525627211
0.424524734026  0.484490503482
0.285497454875  0.414375496442
0.429039301583  0.46992719331
0.403706163915  0.43289750591
0.521028029448  0.456540382355
0.497610812497  0.515481662167
0.494562138048  0.43166004496
0.243756014324  0.502842873053
0.666491013025  0.546041660336
0.358203908063  0.313515782059
0.524842381476  0.486296076835
0.359986754337  0.524160829406
0.669541970991  0.542777229969
0.289795769543  0.551306631725
0.483100020973  0.586122524228
0.408033470384  0.484846311641
0.477517068099  0.506240078995
0.549554625301  0.472729649875
0.552585582913  0.561842085111
0.532142310039  0.461382294334
0.440877928507  0.512766034994
0.560338303786  0.425664528853
0.58440258087  0.416941694725
0.420841465509  0.366595261648
0.455977241373  0.639682577291
0.399593538372  0.366044516023
0.517945809787  0.345779230022
0.362723114951  0.498475963678
0.387887148309  0.484020055688
0.351949902295  0.32297142558
