0.810638420662  0.522980549384
0.539633637093  0.543295226668
0.481580723442  0.526572039375
0.517580151559  0.498898450819
0.542375316632  0.525643822737
0.610940136682  0.601159979292
0.486696135935  0.448801109812
0.336781307603  0.514618065737
0.476442469143  0.479002242782
0.45209740854  0.400726205569
0.510773715554  0.419420317796
0.507781614642  0.336857459171
0.524816970063  0.37727041013
0.409096543151  0.564713298928
0.515859124037  0.445883176276
0.643356588772  0.495114271105
0.40473203401  0.539885590831
0.616032584639  0.406377681948
0.359148373975  0.530879850554
0.519708085114  0.492002366378
0.349483263101  0.635962634562
0.44115390783  0.449063949153
0.643263043675  0.501061019797
0.462956024587  0.546475975594
0.587852878322  0.688651062445
0.619192751594  0.543245834966
0.558936518402  0.57510373919
0.512117689212  0.488313128643
0.593643863195  0.593596615747
0.556109223098  0.608094936711
0.591826316791  0.648148686515
0.628774423132  0.469055897519
0.526607054777  0.485614650893
0.783935222781  0.377133104058
0.360141891205  0.325712107211
0.544069515297  0.30934687032
0.52535789745  0.408261948086
0.360476430962  0.412058293826
0.468082376751  0.549123902689
0.488427255893  0.456960627375
0.540824167045  0.529933104506
0.491002247933  0.376636603376
0.592968242708  0.436901864425
0.582225110987  0.368230182061
0.44449738302  0.44987640404
0.363841704497  0.525711968415
0.475517510202  0.451604639262
0.539510760413  0.487189312541
0.587756630837  0.559746050183
0.335946452258  0.469393117525
0.415640730933  0.459342125574
0.429852699444  0.479241741037
0.649503593083  0.556891127229
0.611874056129  0.661554327488
0.553943606088  0.446807583226
0.557198802508  0.496665578978
0.635132937936  0.504429905247
0.698348163931  0.5578674753
0.555411815577  0.585723668006
0.400593911693  0.511540070496
0.566404959983  0.418795872946
0.530599410228  0.401516393699
0.5906123865  0.330501456687
0.486309805023  0.67693738958
0.502516595863  0.271126300728
0.61642603026  0.596663109534
0.384906120984  0.57101346125
0.584816468613  0.426293420044
0.370167118145  0.298999759399
0.46555886901  0.507813520968
0.594467691164  0.437453995171
0.492566321798  0.488834982781
0.524704778544  0.575861729453
0.334587703419  0.462605284991
0.528513443613  0.680827609325
0.56184369785  0.556112620131
0.316752032409  0.276082421742
0.473011273402  0.594693399677
0.636313186814  0.655338034751
0.549456885474  0.426882272262
0.520540393473  0.5321715388
0.622461577395  0.516956201368
0.561951325487  0.357657142176
0.436112775968  0.590360147549
0.40288473349  0.219289441499
0.593957680214  0.66285107017
0.479742641511  0.577760090361
0.568676359496  0.346633073443
0.347755652764  0.563029557607
0.371465126359  0.539819002083
0.646767299258  0.346621998105
0.467060177497  0.470844958297
0.515865997117  0.467235121311
0.509160551574  0.508202166447
0.531093983934  0.601052930398
0.465859605111  0.561709614005
0.391786512269  0.447986460174
0.464770141091  0.462165595128
0.591370969457  0.546178228006
0.477364859031  0.401621160392
0.570291129937  0.531822425444
0.432915482299  0.575944252436
0.549485133811  0.373866379628
0.462601881683  0.476554449258
0.476379161487  0.473429129409
0.470943892686  0.458903404399
0.524643796065  0.596864186117
0.402651779932  0.532349656058
0.666429804156  0.463545006617
0.697518609533  0.659743595622
0.38111979455  0.249577084455
0.452465924518  0.584595341906
0.474096328587  0.406148991335
0.57508214205  0.518730377117
0.600107418746  0.424548565591
0.456163428411  0.398740060058
0.532082449067  0.624471805275
0.560182616866  0.463814144456
0.455217165066  0.520658732224
0.412927065947  0.553086666859
0.515053408398  0.550933948667
0.620241637238  0.507399709357
0.499200070461  0.626346562242
0.480648081817  0.493831536715
0.626842592454  0.395616848214
0.365132375191  0.485748782125
0.37751766178  0.473705562847
0.498091588052  0.396903634603
0.584427229395  0.622444652541
0.474678940817  0.655931634508
0.569208636832  0.337463399247
0.653214511146  0.434552635124
0.61791635233  0.518417257155
0.323245521017  0.604364016348
0.527346656532  0.466664919234
0.3265770964  0.373893887636
0.328568463307  0.515072062975
0.591243548456  0.402800273731
0.472381118861  0.589540772964
0.616092137258  0.406459638129
0.494246290817  0.256865844921
0.618561821843  0.604378477929
0.363015479991  0.247853190241
0.581141309236  0.646364914177
0.548767558544  0.368631909611
0.58461786277  0.410810249669
0.309231282742  0.545162065958
0.584062349294  0.484650403934
0.431752404555  0.347850616337
0.606942695148  0.470776564068
0.552057480101  0.375519070819
0.496504741047  0.681063702343
0.658994561476  0.398448109864
0.640157469088  0.382841308061
0.550524591419  0.48637930587
0.544043567884  0.414264852657
0.584092231383  0.468633335247
0.507061304173  0.577268809879
0.613871623198  0.454584741715
0.507366841607  0.548434986272
0.60768243061  0.520039212728
0.486512450144  0.490217267235
0.483026288643  0.495744614629
0.517044696573  0.620065582486
0.400811443133  0.658286405088
0.628468007225  0.620660046916
0.47006426134  0.480500651362
0.499796250835  0.60165629446
0.475226606451  0.413314358413
0.492979000729  0.429689534605
0.35144749243  0.376472170486
0.490248468857  0.378786828968
0.426207130697  0.291252392854
0.627539430728  0.419978545819
0.352175843847  0.642708704128
0.360130552239  0.597722952595
0.74136617945  0.556997902453
0.513205765459  0.534955706981
0.545269414034  0.468647523305
0.297648120021  0.493498882247
0.326510275481  0.549377545246
0.411569634348  0.501332916486
0.63497738558  0.419180136926
0.457093243262  0.477195248748
0.696831814656  0.341306304665
0.666921850448  0.616864142182
0.361957220522  0.481732477466
0.391420400864  0.455715068243
0.640702891945  0.51435586726
0.450208224101  0.676272415188
0.585838402592  0.495377707554
0.414555004656  0.615297507823
0.585226938353  0.564145516739
0.356347254862  0.172278771699
0.345072722483  0.549453673858
0.339982628933  0.545346265109
0.706095982963  0.541416654748
0.564565023102  0.574176694023
0.576104645451  0.40740727291
0.56209046512  0.600519884102
0.480754691099  0.508536604093
0.387066115265  0.642968648084
0.527520343013  0.498274219041
0.718666225119  0.52404702554
0.646046600214  0.576551194415
0.412733691321  0.523086085064
0.323717731278  0.546209300695
0.695849229819  0.454445010806
0.496812537387  0.532888166241
0.584814224975  0.498051075436
0.559264697033  0.524501582433
0.63456419535  0.397000738819
0.598072476718  0.440574885344
0.328693612715  0.55900149036
0.552461422185  0.485927604058
0.535078795736  0.506488485158
0.482930751257  0.461164387487
0.559142755232  0.572017329539
0.378177398066  0.433112484458
0.455243053235  0.45401468766
0.539414728109  0.600654124028
0.716836784272  0.399761874916
0.531228243433  0.608277018843
0.43658668376  0.471276898366
0.617677710385  0.546834887881
0.476291295072  0.394841259416
0.181457211769  0.528714311971
0.57552579054  0.389176341514
0.45474090053  0.489371988009
0.562013932218  0.38367099937
0.434741259686  0.423771364401
0.474435822648  0.514471298518
0.398390845765  0.576376703112
0.481534905848  0.489304854365
0.50639204881  0.39151829331
0.344465200604  0.585045960568
0.57291906643  0.604297025117
0.526172438694  0.570181257715
0.626381817363  0.507414649244
0.444634706235  0.651435124535
0.563791179493  0.362696636331
0.479686796761  0.410022386818
0.590352305582  0.447303473886
0.548121909984  0.561115997955
0.55529160788  0.485716451753
0.625405187469  0.335793681095
0.619595463733  0.36054620494
0.638185474351  0.411415807442
0.726334041872  0.361343421443
0.38980642155  0.373540786124
0.419609735596  0.385914922354
0.437610014941  0.436884038951
0.549634050134  0.60996756676
0.497759403332  0.410536608607
0.574674713132  0.625565901472
0.559180628866  0.535459170992
0.603736392578  0.476026269287
0.397696991722  0.563625133868
0.479107411782  0.440346641829
0.45116198273  0.446253859178
0.405185027685  0.527605651812
0.501091590883  0.507052112655
0.505576791682  0.469386077928
0.582971865479  0.712831066281
0.36347339659  0.754664760402
0.531580362376  0.488295476014
0.548970764054  0.440333169106
0.418973113524  0.451993458189
0.571952203363  0.436299395237
0.547023843007  0.539177581256
0.529003630348  0.513866750974
0.530906806123  0.598119685981
0.582939685265  0.712522288322
0.436055323521  0.430805938098
0.42900106396  0.464457802854
0.580910309411  0.564765722502
0.45853382135  0.474050462427
0.413349776631  0.379597981141
0.534828815634  0.328288715382
0.596112679058  0.460653672658
0.52793021628  0.493379613738
0.368946005892  0.694214688647
0.442204404715  0.409380276069
0.420019489073  0.467534922718
0.576119682712  0.450649981322
0.469398138299  0.423730078223
0.611345113245  0.337659675298
0.434352137159  0.550025211436
0.548735747685  0.415619817254
0.579496408412  0.583325245285
0.737950957276  0.465476323884
0.470547790261  0.397788113837
0.351805035472  0.547652373714
0.437567973308  0.309180778458
0.308856357139  0.52029098337
0.311667294544  0.361746215795
0.501431017779  0.549639972673
0.422234463269  0.428998049596
0.528605863218  0.543747661944
0.551924288562  0.485778867388
0.514010687328  0.593895191132
0.640982993485  0.584224740084
0.592722750526  0.520561817041
0.591902582404  0.6108185918
0.530063346574  0.554817961472
0.483173166317  0.57205803119
0.49525032301  0.484509521853
0.379574705044  0.421870608316
0.448999655321  0.677210439742
0.528969799092  0.418559621053
0.586337008575  0.394512561859
0.440246979389  0.362716760754
0.439141595884  0.535808665596
0.501830854894  0.496472428739
0.621987396027  0.421939141272
0.346362754863  0.322129631088
0.490492292865  0.45163905311
0.453859127243  0.413974091495
0.567355938673  0.590832362259
0.672015580343  0.383268780747
0.628004405803  0.570908567205
0.461941284573  0.596820605372
0.508004021823  0.665246951156
0.582264943177  0.58705597791
0.748044958785  0.499334566691
0.446111334387  0.525701719387
0.51026543002  0.430495017745
0.681351815343  0.355915164483
0.537556445059  0.371866338751
0.586042876093  0.407440243029
0.533575645893  0.453442842503
0.484293119594  0.579850273849
0.598548911282  0.53402125438
0.429209306313  0.548394566401
0.459836527569  0.457908947124
0.413712807626  0.347396047719
0.353377494086  0.496458234521
0.341146583536  0.516174517331
0.366610306662  0.710129787265
0.310461307255  0.489746771581
0.430623518781  0.322936563354
0.261744893665  0.57992947855
0.441711345214  0.482327306024
0.545503191311  0.547693981224
0.21120728345  0.514661782738
0.585197797038  0.705273563312
0.516717893165  0.339987204656
0.401622931299  0.470029335609
0.468724180234  0.634562011085
0.456024094  0.569772976005
0.588460217828  0.36933708762
0.328832561425  0.495615164201
0.374158238398  0.575743044169
0.491528422177  0.665209169651
0.583687654744  0.293712448981
0.448986139441  0.529502154122
0.526074061335  0.731150992993
0.431111753139  0.609955771105
0.427319206203  0.375884607456
0.575904148782  0.601583169606
0.554103416877  0.53209507627
0.496209805695  0.499223731211
0.418684975969  0.409006919163
0.43758717896  0.469325941939
0.505701131019  0.561413637686
0.472895718256  0.59314802581
0.417675251525  0.38136375671
0.485136869349  0.54863492897
0.522851477453  0.490586482594
0.61358852994  0.479448116651
0.388658481712  0.418917064345
0.538147945717  0.540844246033
0.473754585611  0.582399018852
0.606690646049  0.489411423123
0.464972088236  0.540203370054
0.429894320633  0.480152612541
0.342844084077  0.443994388169
0.583173615979  0.597428137025
0.48355893851  0.585834297847
0.437886541171  0.459119652455
0.430302608051  0.344677454796
0.3773072712  0.41668234019
0.414701700256  0.557052668094
0.58743366778  0.489735297827
0.452267074079  0.368606458365
0.494158092712  0.559064759691
0.775009477051  0.513440343211
0.473328986224  0.555688841842
0.522032758091  0.492178470997
0.356212875573  0.617233125438
0.537441919142  0.589460144412
0.555088298058  0.34435299511
0.532121190176  0.409128006976
0.264045249265  0.519785798006
0.426420764062  0.680186372527
0.411541877897  0.436443963242
0.568413481578  0.458382763367
0.411152871455  0.363205754761
0.563139742369  0.564274779388
0.388543390489  0.508399495013
0.424225237975  0.478598546589
0.641479812212  0.624066201302
0.334495107381  0.381197147111
0.497806309991  0.493745336546
0.532082517227  0.542180887797
0.494074876161  0.538975951339
0.218746090941  0.535080639632
0.43553541054  0.52918248685
0.562111884526  0.552758711973
0.501857336055  0.656508651573
0.447848685464  0.57897967532
0.387850638763  0.469669169474
0.523947899931  0.263132625961
0.420307765369  0.467932317866
0.571665202061  0.62092071753
0.537959501102  0.568888425808
0.407228082735  0.400340673474
0.616612821908  0.588702141172
0.332145594361  0.311748292387
0.587613532133  0.561787309609
0.660296713873  0.299318144913
0.464584972971  0.330577641272
0.459210785855  0.556299123537
0.66620079105  0.468366814857
0.558965242292  0.394607151111
0.4246009276  0.491408619015
0.532551816107  0.491785925567
0.549902424565  0.342558395005
0.611936273686  0.353580465735
0.315985772665  0.646888308652
0.516610475396  0.464514784647
0.350757520969  0.436981458265
0.406498980523  0.436646187765
0.603677871638  0.494128025782
0.378423852957  0.475026582779
0.598559114172  0.415106918304
0.568034667923  0.599886823891
0.346882478572  0.45199094052
0.477123212093  0.56402053694
0.531875560938  0.491999142125
0.470718739597  0.597177850848
0.637859992922  0.525321460957
0.297652298409  0.483458371575
0.505560812388  0.378619358214
0.343811191581  0.540582696929
0.414142910769  0.362053077075
0.393857758821  0.503797173922
0.481177524617  0.402910449394
0.426861721603  0.664587086776
0.724869245399  0.496818440591
0.53454840322  0.488666908106
0.622459410891  0.462648256825
0.52089577073  0.536750572499
0.400782672566  0.57591392325
0.382386966863  0.486498583201
0.538822308873  0.339656470901
0.485014173829  0.323052099801
0.612091458177  0.570064183901
0.596795542007  0.51383583243
0.540162311607  0.317464056992
0.515500442758  0.405049480819
0.652529264443  0.524756142812
0.544131809012  0.379466302627
0.439951202631  0.380154142145
0.522882370465  0.539915974149
0.554646884278  0.556418421878
0.451415085122  0.416326757396
0.366727579952  0.450652187665
0.446542650768  0.564103524288
0.581062086597  0.609598391833
0.573923126303  0.646240583479
0.557071101682  0.587777996394
0.509838395241  0.550516425088
0.748202255592  0.695774915579
0.525026167198  0.387238270761
0.649448540911  0.523135156035
0.442576062671  0.441616259178
0.385921462422  0.579963197404
0.546315763224  0.446163103884
0.401197291387  0.337525987065
0.399942249692  0.524015988551
0.552789244116  0.695949141575
0.735589042545  0.540605732904
0.588462407404  0.480665445995
0.462522158184  0.492780166985
0.530950684112  0.465176538391
0.661075543122  0.536170774654
0.570965739914  0.58477126806
0.593286283828  0.435627486527
0.439511619318  0.512106338458
0.570063791011  0.393832736428
0.502236836355  0.364859312526
0.550940329004  0.381605165492
0.467454576517  0.427364009495
0.396552739214  0.553176140254
0.482956202137  0.51732665622
0.536016355601  0.631968718617
0.588119907975  0.487861363706
0.567576765219  0.559525970882
0.575611777333  0.36989791304
0.576073539611  0.530739620163
0.417674930335  0.496655192168
0.509810779676  0.623614949542
0.5224231708  0.551697658949
0.51454803522  0.650281570978
0.732564926846  0.557712109479
0.545481983736  0.562242718343
0.703387462621  0.264722893332
0.652361208136  0.559871009958
0.684560256147  0.482283829896
0.386201421156  0.689894451678
0.682234581408  0.713120201823
0.581963035397  0.487248381612
0.410810057511  0.512845137579
0.593054995882  0.525298740627
0.327896053824  0.619545511809
0.570674078239  0.623813043391
0.620318096829  0.414681365359
0.380209195432  0.598941605169
0.560011044591  0.37377895392
0.408220149739  0.45731631023
0.641975831944  0.506094135592
0.428161337894  0.535492718747
0.537850720113  0.383395252312
0.470819577712  0.731626372363
0.476973175806  0.596710938952
0.335437376057  0.391432925548
0.32170655607  0.630984052248
0.641419052445  0.490481225248
0.816651847862  0.582356622297
0.442563028858  0.367599197382
0.358967313612  0.549037182073
0.523145719314  0.464339494747
0.641809345508  0.640399749144
0.353825866378  0.520795555107
0.495025962463  0.628390879589
0.627565284954  0.635614639778
0.526800623717  0.375022902313
0.562065662277  0.57195218501
0.502615126993  0.519079340509
0.395621414485  0.219307373072
0.377852542448  0.299750645392
0.589318969055  0.554695996928
0.569306404697  0.565639104522
0.481011598333  0.408787397211
0.561662509552  0.656884319287
0.627385570145  0.519512477382
0.434405321798  0.528245373917
0.469471153482  0.561295845773
0.303852816569  0.591907523976
0.485649573424  0.534364438991
0.51443330929  0.455345172701
0.660804038216  0.422950529955
0.519378710395  0.530505842801
0.516436917839  0.560980229179
0.402203971211  0.360692831431
0.399099251865  0.587332663133
0.488644147381  0.447089904421
0.548136254169  0.523683848012
0.714010771197  0.392850409094
0.461479068441  0.637301452999
0.616107673255  0.476151777843
0.469397835055  0.569245069019
0.744840621975  0.380592824988
0.425894964109  0.512487659923
0.476491403321  0.388378697985
0.748940428531  0.493756336126
0.533742360865  0.514173122111
0.516650147501  0.53628988252
0.684790525356  0.598072278032
0.652343622727  0.513199347738
0.636129757715  0.321537094958
0.642779710858  0.440718518481
0.62407647174  0.345032389542
0.353307505265  0.396634980917
0.599948211919  0.494784000157
0.394311933505  0.468469699378
0.572368572244  0.486553507042
0.540726415855  0.402960764607
0.613737079715  0.498068510815
0.475753365258  0.462918522754
0.302514052293  0.283668861109
0.592000513795  0.591769470469
0.371115886088  0.549608233883
0.566393313072  0.367620673048
0.453090091527  0.571218154868
0.587012842664  0.508636439922
0.448565182132  0.619169208727
0.476712890212  0.577028617246
0.53347385588  0.460446281765
0.418660905694  0.415298686888
0.399415330467  0.409959999467
0.73964480387  0.594046742033
0.505778139087  0.771801482176
0.551931977264  0.630511948721
0.572025602496  0.517772692866
0.572861526429  0.633631928635
0.384909191462  0.50263165704
0.540602985335  0.51738048108
0.606866517205  0.436277149349
0.569982119299  0.503966778343
0.446111085241  0.45762834224
0.590047660113  0.525732400818
0.525592289632  0.5316369971
0.556178902138  0.401659370684
0.512200444069  0.45395648753
0.307847023838  0.43919870204
0.611627819963  0.491168774818
0.337854680391  0.37464121681
0.397607369739  0.516711169421
0.443751567941  0.47116641044
0.367500606603  0.349354598095
0.33932409826  0.605487595835
0.671068186001  0.632015340063
0.584958622727  0.464147978214
0.687747529748  0.53925643647
0.479521552293  0.484559221837
0.324533542412  0.489440003596
0.478542534463  0.449211974905
0.574574146733  0.508531674522
0.412612995499  0.591017489141
0.725486870797  0.425849815552
0.515794340801  0.400389943066
0.462974743106  0.529095194707
0.620753727354  0.563018699642
0.57719247073  0.437870183811
0.427889834328  0.465978214951
0.506592310581  0.497153455188
0.719938001622  0.456063550447
0.575769738925  0.507139882218
0.320684690896  0.547027861352
0.752321734212  0.390609181238
0.659636895944  0.504849339928
0.346238878805  0.622527709289
0.429692002142  0.42960249714
0.467109181547  0.519127214934
0.411957173548  0.500799281726
0.300334224693  0.4881454397
0.39184616048  0.578474263875
0.399488534053  0.522696901539
0.371794135112  0.475556405773
0.245353342925  0.379684918065
0.481907539552  0.502573288503
0.472638095899  0.505712915191
0.594164938041  0.407833282286
0.489437768141  0.656887900068
0.528288025633  0.402506575167
0.586604198473  0.562405390898
0.50427561674  0.550448640376
0.594715823735  0.400917337671
0.469931232245  0.529865778796
0.587240302874  0.70376836354
0.636736951693  0.410015993057
0.662333802152  0.484087758589
0.473431698744  0.561364200672
0.386025896472  0.35199126164
0.224333076739  0.390137467055
0.451796761889  0.455183774468
0.398338767281  0.51497885218
0.393365453395  0.411223158715
0.49293696634  0.619675431853
0.575938112934  0.406437958279
0.500010918311  0.610210693399
0.550726047391  0.526450595771
0.656734650653  0.507339511235
0.500764299779  0.399915325778
0.566558417037  0.466122385339
0.596810919852  0.6516319226
0.639701499987  0.398846796779
0.408626955321  0.487967057089
0.395037852685  0.57544599238
0.455571104791  0.618717437011
0.489307356644  0.697877657592
0.384775816267  0.555121066926
0.411779242044  0.381226998251
0.496654832329  0.274317667977
0.752720455094  0.476673971292
0.519263199836  0.42365355279
0.688661147017  0.445578078749
0.476931100458  0.494693224157
0.454706991157  0.488597090188
0.496821730473  0.468179447281
0.447186489953  0.595144814562
0.380521674486  0.517547015548
0.4914094961  0.660060807346
0.503582122941  0.557198053113
0.432044924095  0.477793518309
0.530757779769  0.528676345598
0.519434164105  0.290017671178
0.38485238315  0.203422745507
0.464021330935  0.439149087621
0.455624385285  0.395075934509
0.552824314703  0.408806478056
0.491640956167  0.572786281571
0.574300381097  0.369643980735
0.431922629424  0.546388880658
0.499393140576  0.373124344843
0.395174210569  0.597331005501
0.636244528603  0.544573737196
0.422404493938  0.388586621535
0.496366010926  0.615012076738
0.505408354862  0.538811301162
0.534353710718  0.512589745939
0.451155806929  0.614136366628
0.478970677428  0.350063427763
0.464736653569  0.57180623375
0.609847694968  0.452001014747
0.545272880168  0.583088807036
0.513446546664  0.661789553011
0.433710012627  0.516436403163
0.305829725787  0.475689333181
0.66921429499  0.438024970164
0.627212041183  0.504161980377
0.59522077423  0.481293614804
0.456543532171  0.404511457492
0.558046132664  0.695957803177
0.461036905687  0.429062662926
0.459241993995  0.483461233049
0.349727308797  0.40467284039
0.465824864246  0.410053282737
0.523110507873  0.597943694084
0.352092426555  0.60704530198
0.278499606865  0.373905660048
0.543667657941  0.472936114966
0.390133421553  0.572815155213
0.433676430122  0.445896756293
0.540181950468  0.406109577929
0.461702746867  0.427775909773
0.377279209018  0.468620590306
0.578814236589  0.458944110824
0.563906739189  0.404659162295
0.522950197131  0.673518931888
0.535152114294  0.431050582746
0.318215185965  0.66838362246
0.457861731491  0.601737914827
0.528559442419  0.256471202816
0.402249702855  0.546967881212
0.622489481425  0.298682189481
0.626688480925  0.41364542544
0.469746649163  0.471157566824
0.527576667013  0.712605706519
0.558274846744  0.567890512024
0.475116782478  0.508290154637
0.419296045372  0.467090771
0.571419875129  0.5146578706
0.412433759959  0.392515895919
0.497595320501  0.292704596157
0.483846383834  0.518378775519
0.50731412639  0.521404661604
0.428360861044  0.379085472959
0.373490850754  0.76797216437
0.6777300058  0.440993284324
0.517630706006  0.377464538652
0.498667642071  0.434926456646
0.519439489033  0.45830041164
0.447076472867  0.426117999868
0.489495810329  0.478393563036
0.491533308683  0.444687157197
0.435223286801  0.39734943659
0.57289613029  0.438847070563
0.585774740422  0.498092591243
0.587358907478  0.475599694284
0.469465600186  0.625437021472
0.650782472939  0.572436682628
0.375195015393  0.548764854795
0.303498153953  0.660462227055
0.53841132714  0.557833596262
0.271936219277  0.450351733512
0.39453947697  0.385831314785
0.477322339631  0.436781681725
0.440464965649  0.415322107054
0.459235302642  0.413817646148
0.39375466876  0.662874775939
0.69205123744  0.541796705302
0.58756549108  0.514724666626
0.557195019073  0.571733619507
0.603111452455  0.530344500189
0.453418545521  0.511071939768
0.423533666737  0.429418911088
0.668132696339  0.519586568544
0.617855269493  0.595006389842
0.414060733006  0.431598537806
0.46362826151  0.292771756627
0.466350206241  0.59077420348
0.387379411837  0.621495088587
0.469757403887  0.546970533295
0.496172569576  0.557787175729
0.471591600377  0.436115963028
0.550271073968  0.734151244546
0.69123741064  0.502110970268
0.408906281302  0.48862987457
0.66297391583  0.518395987595
0.624507598716  0.486339538751
0.650137709007  0.685989794127
0.54504596021  0.629816030753
0.461497414001  0.248677940607
0.449184572265  0.562856344376
0.417231933853  0.495755018207
0.441849998833  0.573750996702
0.304872169783  0.410559560941
0.563374535469  0.441707738091
0.612317657845  0.370381299896
0.505842989883  0.613330402311
0.506255009986  0.430732186774
0.460545627527  0.452045818585
0.522005224729  0.500890405662
0.517418542812  0.509658019568
0.56012597002  0.316862902103
0.584321098143  0.531563531921
0.504724713664  0.425898557546
0.363146849264  0.286884761598
0.526964215195  0.479188214701
0.461201001162  0.626950507429
0.358043900647  0.595046804534
0.501481383487  0.514116916571
0.391306305389  0.50241910573
0.614969228993  0.502824256351
0.388159286313  0.558954209882
0.413882364633  0.24952811556
0.391385818914  0.518645236174
0.554134308013  0.601863107548
0.596287937238  0.408628862113
0.458925670701  0.809661871159
0.488986892187  0.585808237114
0.448877922116  0.476360033411
0.560170537458  0.420276490733
0.425755644019  0.546183106836
0.584945428162  0.590901414068
0.407837721504  0.244622765724
0.511394113124  0.644001230891
0.455564633416  0.570922542472
0.573871371548  0.468342957954
0.57074781616  0.511944097808
0.469257895249  0.338512383572
0.50978195873  0.587767701118
0.448927548956  0.511976175393
0.466614159114  0.532835033424
0.520317574122  0.473742895351
0.528871322411  0.359565793499
0.563127115334  0.529719256389
0.595968535352  0.450544259956
0.510804999115  0.270617116464
0.40474426237  0.53165967497
0.580212885955  0.656557533583
0.469687061576  0.518869786985
0.543767137444  0.496012014889
0.663261770883  0.635736360084
0.421747409609  0.399441424662
0.594391982219  0.586259749802
0.757564401214  0.317332266331
0.504935719219  0.681977162293
0.318525797354  0.427178797012
0.282146567073  0.574833301099
0.30681415108  0.318804751588
0.513178296876  0.419867320802
0.512149825666  0.449456052016
0.618276229369  0.489607169384
0.725812653475  0.495789615065
0.525896795579  0.466399145194
0.675511564352  0.459537033768
0.493580963181  0.633329160368
0.355932145106  0.373387655431
0.699464692109  0.59441337465
0.465539741859  0.442115147644
0.526805121835  0.466752555859
0.367894521204  0.530208327391
0.540520819136  0.492517968526
0.542107756126  0.502053705677
0.645523736216  0.451168717878
0.653938110887  0.593062735064
0.369780491392  0.639685657152
0.586774029607  0.604481371331
0.400284715399  0.388636013728
0.607714454345  0.349556365906
0.50871445758  0.424814549269
0.50722366547  0.583723733274
0.452673997576  0.637187415898
0.465053742482  0.476369252474
0.440007710988  0.472117781441
0.29832289441  0.515255040037
0.489609453406  0.657036683458
0.409321294613  0.389910352839
0.530578646204  0.439352255763
0.429486870785  0.433742786955
0.440295246265  0.423863587091
0.494502227678  0.455091749848
0.527996697498  0.440450249802
0.540436636129  0.476719459592
0.506899019379  0.247569613704
0.686233177864  0.458040757828
0.511230081534  0.601157940313
0.528014357636  0.578745990716
0.624250424161  0.468601444787
0.523643917416  0.369873256238
0.340484773667  0.420751439782
0.503985221026  0.568495411932
0.435974188888  0.452489159376
0.40113375069  0.4764509804
0.554925098495  0.320475461688
0.713923853946  0.376609969706
0.488711188389  0.555548604581
0.456530603752  0.416759293558
0.547286300558  0.368184835713
0.485723755333  0.519517968556
0.702925328968  0.570647913897
0.360343538955  0.648249769824
0.468325173204  0.595685192668
0.414529288613  0.56688201897
0.390423354664  0.484451482219
0.452919748543  0.601653863931
0.562606449482  0.591385609559
0.53994659662  0.548064719384
0.472706986255  0.330528110749
0.387339525498  0.540875349923
0.490259360751  0.548955566706
0.602042552898  0.388324725344
0.623556220497  0.458783892275
0.550727311618  0.470718935972
0.392509968968  0.499834916088
0.391438095714  0.441557176896
0.450988717672  0.510726368908
0.572226807171  0.608942108173
0.519107045203  0.781045914512
0.632055067686  0.45556896087
0.532270928499  0.61676470767
0.435377262686  0.380887508385
0.411433773635  0.50713442098
0.677424206435  0.459984331557
0.487385898979  0.384791601993
0.40990968287  0.647413996936
0.485536325818  0.25793208595
0.560811966011  0.511471561525
0.503410116879  0.627356428405
0.41524351764  0.535484872774
0.482979569796  0.463703486502
0.51436880946  0.527203003117
0.5516400389  0.573488130026
0.391098463836  0.526845761218
0.612858521114  0.416906651286
0.391596014495  0.2156269054
0.597205240654  0.395281240589
0.542945466153  0.505687648249
0.373685738663  0.429812287364
0.614643374127  0.38252129164
0.464118244825  0.501651664176
0.469467025141  0.520848013055
0.625642511784  0.307490119433
0.313166627183  0.389877199375
0.498904140109  0.667827304005
0.584345644485  0.436709818934
0.432886378381  0.46129628275
0.603091085742  0.434404927748
0.688212893751  0.531550274078
0.555215817718  0.626116816368
0.598241888929  0.679668400039
0.61627323298  0.585482317598
0.452829872113  0.576739831965
0.47152017465  0.509416566698
0.356140307726  0.482858178616
0.650003265074  0.540134166309
0.409613436863  0.60154530779
0.645740752427  0.561753024417
0.418588077335  0.709364558913
0.339227123876  0.445561548092
0.525134201944  0.545919254011
0.451826984208  0.496263108821
0.408617746712  0.263014205945
0.409061066574  0.494932908381
0.398858348147  0.601576135473
0.483202151623  0.443970768403
0.511024799398  0.35268254815
0.517139496004  0.486163064056
0.589286461459  0.49435655568
0.438939030112  0.437367796155
0.575403174598  0.396767999464
0.43186556  0.502354027084
0.525543776678  0.451882636708
0.616174087955  0.318994224814
0.510862471472  0.434126971158
0.304571410448  0.436027500342
0.506126133906  0.586880534827
0.325960466449  0.518512248748
0.494771502422  0.375263237434
0.475503850074  0.7618908687
0.576894385649  0.444984787806
0.454752876046  0.396858758758
0.32247355641  0.46462122044
0.45530859858  0.589180455422
0.519314762986  0.603711397136
0.53398465147  0.34247787382
0.486902525754  0.464137254556
0.69821427822  0.551834369027
0.475213359757  0.398042954852
0.550519495604  0.587844398755
0.691037568895  0.4830915141
0.409876884822  0.546482738417
0.642154153258  0.452055280397
0.417983285772  0.507604568262
0.412371854657  0.387163460004
0.621680995135  0.501955388326
