0.279349897317  0.363378760878
0.285204929182  0.433192539814
0.399200110497  0.585900129677
0.641518045773  0.457285298073
0.578298285959  0.508021584712
0.440230542373  0.347355364724
0.370668445011  0.485881120863
0.53547765608  0.458545633482
0.470278631819  0.375273135994
0.350424640703  0.224855600016
0.498145487005  0.47437433135
0.489895908478  0.445035502176
0.431348182935  0.352640809989
0.419475399747  0.435972392376
0.447376710518  0.463573520955
0.603559415027  0.533454086201
0.508038530324  0.3020323599
0.569066214693  0.241644316328
0.690597163525  0.610052603314
0.679160794937  0.675295836845
0.764434039023  0.489297431922
0.522803990276  0.532688422668
0.66983977558  0.499777417012
0.565260629502  0.379029779944
0.502317810583  0.395395170728
0.463850412911  0.389022045627
0.454727864507  0.451953385097
0.571495195411  0.612545550495
0.559883649023  0.509057083961
0.545765411622  0.779094935848
0.598376387107  0.535372740806
0.549390659482  0.370154685952
0.507711350134  0.502606954549
0.540864453001  0.562771574625
0.389675836376  0.49023356402
0.2581638363  0.505319612291
0.607059956452  0.624689406591
0.753697582853  0.468198423157
0.569792274394  0.370090483534
0.607929752386  0.46410127036
0.227381294495  0.401009667059
0.633178928485  0.57335612276
0.488873924696  0.489571649339
0.415474808949  0.448825936671
0.523941091602  0.426409706095
0.537370667711  0.277012610097
0.470447807427  0.330059001126
0.584358705612  0.538898071971
0.56646365806  0.522285273515
0.192437062607  0.446939489893
0.254882300054  0.601578520261
0.604875752432  0.531238366861
0.585151555034  0.402222374705
0.46581243419  0.503450213285
0.551698357095  0.714928833765
0.341243672725  0.388353368311
0.295085488754  0.380705038721
0.494616776487  0.607909902299
0.482690396948  0.313756570193
0.422621558758  0.392637302414
0.417423510089  0.338466765084
0.562288235007  0.424711338205
0.43458390363  0.536181849053
0.556545904796  0.454849727617
0.539985153855  0.399367189887
0.469083509766  0.446122443643
0.513364527733  0.456887931403
0.442998425896  0.369632636229
0.522750510103  0.594046241142
0.281652205499  0.397049083808
0.561370902594  0.394718783182
0.345064353708  0.516587122335
0.590235161852  0.507520022735
0.619236008039  0.750988174513
0.547512588723  0.448101159605
0.495469943327  0.575599923925
0.633791168254  0.591914851975
0.363964164105  0.671559371762
0.550752143317  0.62045779516
0.521430593798  0.331302796104
0.559049798795  0.425510327126
0.582455813418  0.450560294582
0.644778240294  0.426610539107
0.613499449842  0.501993499253
0.532870947711  0.261980668566
0.399599639946  0.567682017945
0.480969400855  0.392343847875
0.56132566026  0.515522544028
0.457226897067  0.408669588078
0.54173950757  0.490888177868
0.380019323455  0.468680987713
0.427907799238  0.625344123362
0.314544224348  0.518983780975
0.423863523941  0.535578263611
0.268464513104  0.4438451307
0.402024982429  0.499583143129
0.543070059871  0.368720561348
0.502412701894  0.602074038261
0.446902560427  0.418214921235
0.543305596169  0.59094666368
0.459503544108  0.50526271222
0.587275036564  0.559428551321
0.436626955676  0.481315592269
0.331922995395  0.256000433146
0.571223340718  0.452261587811
0.600832852207  0.553847626083
0.520863582428  0.430685503576
0.386084044194  0.601798250154
0.396395431898  0.378470312152
0.549821905689  0.595794806599
0.572828373182  0.609734673532
0.334019058061  0.41655714089
0.685564424402  0.462112710795
0.513205827345  0.56861524003
0.44456683976  0.415086926303
0.581244717313  0.40268664039
0.552741702215  0.409013821876
0.735904368913  0.494605822853
0.542158239229  0.499493681566
0.422498757256  0.496359281665
0.442516777071  0.35512652579
0.225794762711  0.463725183742
0.390201199371  0.369406034401
0.4773658961  0.491756325898
0.463550193043  0.31794850065
0.569635950099  0.42604161416
0.564171613365  0.470442288852
0.281440994692  0.591220030988
0.457848725772  0.53245777523
0.58541863914  0.468295651843
0.56773165183  0.61295259129
0.573037117688  0.412196771697
0.512470845149  0.534452128991
0.512805353399  0.397471084267
0.498967750031  0.42450532856
0.555981448166  0.527358011077
0.588194023451  0.607297504672
0.4289069404  0.343328199751
0.515355852674  0.373005896372
0.506355815092  0.435651342665
0.556229575955  0.539482641913
0.486549459556  0.488671317194
0.244089770032  0.544747303759
0.585379187596  0.467520713655
0.506823048949  0.433891626561
0.4416910629  0.391486323978
0.407596741392  0.426927256115
0.641159805729  0.404247362567
0.378225076455  0.392793151409
0.60865633258  0.62665162114
0.453182728473  0.376665538036
0.527901344892  0.447132279388
0.603268571351  0.695623168687
0.511523016276  0.345958289493
0.282897251442  0.545881180549
0.418313001982  0.354973427917
0.580747312203  0.35412992116
0.571606571934  0.389997812368
0.612124668428  0.565633141129
0.579512149042  0.464058684914
0.511213544069  0.417825524936
0.358381361847  0.528813957516
0.437240391652  0.564506940506
0.518961792499  0.5579673601
0.488670101888  0.652944587399
0.555894709529  0.302024252152
0.582896185074  0.589275377718
0.412761343596  0.416091609085
0.718870787404  0.559524079188
0.49211681051  0.331508835412
0.487229944711  0.54252518807
0.592479286291  0.429916361316
0.648154746507  0.561052248572
0.560004628125  0.227718883445
0.552396846574  0.50277102298
0.588581482677  0.398628312241
0.473278078062  0.558475382325
0.537445105963  0.607376154378
0.577237938591  0.502435770094
0.689014738006  0.386934396763
0.364702428223  0.531137822414
0.597531875477  0.627412243875
0.637048848235  0.589717260165
0.600278880757  0.525648833805
0.511535211975  0.387163540467
0.403493974378  0.513461281514
0.285465605922  0.468461307316
0.549909967026  0.471656424768
0.473096215766  0.443453809834
0.642201932639  0.425086620886
0.426333468559  0.433486622058
0.423020747077  0.403078839242
0.451225939687  0.479869363164
0.453913118263  0.471983127105
0.334943536749  0.457157731908
0.475749610439  0.282135475172
0.379897695535  0.559668061264
0.325051182201  0.611403583561
0.568942341105  0.446525697083
0.554530533248  0.597656369509
0.482590857795  0.526530200277
0.532027194897  0.474640005699
0.505640992469  0.477988416644
0.442485871674  0.47681466601
0.421943555858  0.578796115071
0.697604636017  0.33470402023
0.607769869956  0.340302870892
0.471590027618  0.57837179589
0.403065412423  0.436986094612
0.427375316099  0.549991648266
0.621414386097  0.515905282413
0.499305225151  0.529766350141
0.521537501318  0.288035838416
0.43630343217  0.479875926827
0.588563830165  0.502982683704
0.481831048464  0.672951816486
0.532418505786  0.560880595163
0.383918913457  0.573311739572
0.538415636139  0.485034534247
0.558914600079  0.40376520278
0.382741489769  0.499837489533
0.693686336525  0.321797629837
0.482023738029  0.636465100479
0.529074999745  0.514511522437
0.358034739875  0.413905138457
0.535788822506  0.657120369413
0.496451764022  0.44101887557
0.555453550643  0.628797601307
0.514309972989  0.546772986626
0.552424729351  0.537393413907
0.517598666769  0.449808828356
0.651846385883  0.529728178466
0.455257749957  0.4458181455
0.476178521356  0.616222427084
0.546010511597  0.446016017352
0.617388421286  0.36433172779
0.361522006819  0.589644040783
0.439369460373  0.509411758754
0.55280701944  0.314457827767
0.516173201436  0.462197212302
0.580100283653  0.366139032376
0.443358970561  0.564432200645
0.442471883195  0.629373884517
0.518920897441  0.486243247368
0.332998679248  0.369124386318
0.437734585389  0.680910719014
0.550449723611  0.713871755618
0.602285244613  0.643520012899
0.562489998438  0.574552480114
0.547005986722  0.350886439658
0.647811018536  0.579147684194
0.74879027991  0.303518473069
0.573730991072  0.432214967112
0.411800784576  0.428093574403
0.5208410976  0.65038111816
0.413485996786  0.563232259758
0.27774030434  0.531241403444
0.466341948095  0.285030318506
0.622299177812  0.505038095644
0.485103676861  0.55122060238
0.559579205545  0.533477437888
0.445501332821  0.435721602453
0.420579617405  0.394247173418
0.52497421412  0.550731298828
0.699172336089  0.413072587758
0.367299427837  0.666132853524
0.582243037714  0.524341751343
0.375902987636  0.571047734067
0.621965128568  0.44317746144
0.504600547697  0.431847372069
0.52354246748  0.45829995435
0.339905395568  0.468552560639
0.577964327776  0.575708900869
0.349293783482  0.268438282485
0.329312066363  0.304232544472
0.364796908575  0.269501088889
0.604134583885  0.382383979961
0.496840945532  0.351752094394
0.524124733423  0.436378160664
0.42237893898  0.56214659831
0.489250027121  0.577823100635
0.486048939257  0.284702426934
0.562684392951  0.303094477112
0.51657272278  0.683471427528
0.457415617905  0.504186084494
0.635498172044  0.385363096138
0.507599979502  0.567210242083
0.61859147641  0.681797263909
0.590999686109  0.531637111911
0.58329278019  0.533814067609
0.571234331933  0.42301942332
0.461667801043  0.493755460429
0.475582739003  0.418967659036
0.546285466738  0.470404106048
0.416242797096  0.645441097041
0.427784209657  0.621988893122
0.460217762899  0.408691706977
0.568750174442  0.390517688012
0.454781089147  0.569463903956
0.554333738402  0.500943457388
0.490024534673  0.434921496376
0.270989171062  0.550503775194
0.363935160486  0.662012449405
0.48106053165  0.557243005846
0.661880381091  0.650265040353
0.332060114006  0.682073305739
0.484085627692  0.529575800468
0.803079924151  0.428889243641
0.362339190877  0.353232789611
0.399870965122  0.34024842739
0.515861456945  0.505859695117
0.489286635392  0.667251420266
0.486460627149  0.394170507661
0.608746328356  0.622637352999
0.434814823261  0.488768985992
0.451006643269  0.560749164018
0.658496769268  0.625755427036
0.552250434578  0.427985739254
0.460822869842  0.410615660492
0.488748997168  0.230003307967
0.503338030721  0.439051691583
0.503895548019  0.461044494835
0.477528790962  0.327987621795
0.545120687832  0.590686018665
0.332722202742  0.438513360946
0.507819373683  0.414232966512
0.352567885491  0.44723422885
0.512949975613  0.568167385668
0.620619041535  0.351977883185
0.493750877954  0.477884500551
0.430090443722  0.362018232884
0.4974679314  0.474983351286
0.575747807531  0.419225754168
0.564732330509  0.637953627347
0.636062492872  0.387461057143
0.412770847476  0.449613853767
0.683797591549  0.386553879783
0.408738777554  0.507333333005
0.588104027248  0.624506990799
0.664128890991  0.351964264558
0.446114106568  0.41877311275
0.490842962332  0.530039776867
0.53677483142  0.382438145227
0.366232607991  0.242793561102
0.575842219766  0.523865814586
0.526397105383  0.384303814862
0.413070968776  0.443863375278
0.593039495041  0.55619779365
0.404514703198  0.392878523734
0.55066575943  0.487333036217
0.39442536156  0.514705182073
0.4676540143  0.461912987268
0.461445116542  0.446987780078
0.455849697377  0.619995164207
0.432392253676  0.412504426041
0.543262198014  0.478146026936
0.381045924991  0.393198294133
0.510928897278  0.333138836485
0.517750840644  0.485427950128
0.570798019487  0.683521453466
0.541263170562  0.67925404317
0.386438533675  0.696713111152
0.424280093421  0.477983465666
0.70302945447  0.458387563486
0.480920667833  0.617970437837
0.405101574505  0.48366838081
0.437319750301  0.416569652812
0.588659600206  0.463827616169
0.642164640824  0.734389038368
0.554206522941  0.672915188987
0.436968669601  0.369335466252
0.467037536692  0.576637817172
0.491599436149  0.545324480905
0.623133130032  0.561577804097
0.606691802407  0.418456107743
0.446619858935  0.283336759441
0.659867546991  0.49927745255
0.393167903649  0.486056963009
0.397101571786  0.580305531557
0.459853493794  0.57482290706
0.383559895273  0.485337689414
0.378529298706  0.391326603045
0.558285944692  0.374831767939
0.481113104532  0.456254300257
0.475785205204  0.53122680516
0.51003297948  0.409365977277
0.521583567401  0.510695842818
0.585253000614  0.178088298456
0.49890413787  0.425430712525
0.556476018978  0.704958081191
0.678995658691  0.462782401687
0.318256917507  0.60476316513
0.436869329888  0.457108588316
0.414166601122  0.423756078305
0.517326089746  0.377897503318
0.387283605655  0.424131117107
0.28231462717  0.353278259017
0.438582486876  0.563685631231
0.5895598952  0.673030537838
0.522572841354  0.418705200927
0.275290308326  0.562090474463
0.504123728972  0.438862200691
0.527241326481  0.639552433546
0.542436918311  0.650654053679
0.42163691285  0.431666960874
0.52499888771  0.536182407597
0.491023974318  0.575861037454
0.5521061475  0.660644807186
0.482631696525  0.420116470452
0.364287667583  0.512985064136
0.516501700175  0.566972523188
0.825406607498  0.515266018088
0.473939641489  0.479827077399
0.346906262798  0.436200393493
0.471581684945  0.431349174514
0.558793233057  0.529365029579
0.504544951817  0.598631743975
0.510751059648  0.247774682458
0.454110771624  0.438254223741
0.390244709443  0.348123929805
0.637750448428  0.490009930715
0.497629087766  0.397482305205
0.419741371402  0.456996584702
0.569158103346  0.550499801189
0.525629715931  0.345897701507
0.514316951879  0.43533244642
0.502927413209  0.385801215854
0.517127156694  0.513828518946
0.50967513761  0.508882003584
0.592383798578  0.558756353252
0.283877282618  0.525013208623
0.422259759975  0.303739577238
0.288309578002  0.731929287962
0.288755181221  0.320497438428
0.287206984978  0.666980385275
0.254707086073  0.587094255068
0.43302564064  0.318705807675
0.552682411878  0.479176016006
0.484001067431  0.333256203628
0.620991045846  0.461238011722
0.759112299879  0.419555629987
0.449230181765  0.451296900677
0.345266482549  0.615774458588
0.431983626502  0.510194303994
0.414034079419  0.496218488687
0.441519987264  0.546791174836
0.607796905613  0.591271643213
0.529408165391  0.539373977922
0.441066856344  0.595550586639
0.491193055241  0.573219153373
0.489227640639  0.457078362948
0.360937956753  0.408880834303
0.423749732623  0.572120944056
0.428264916735  0.277985025725
0.461308577239  0.442951355307
0.545058418704  0.532625298592
0.525685324738  0.496927902782
0.364775904131  0.499621378395
0.665808308774  0.444639975371
0.503589722484  0.471061656811
0.414437175509  0.62227390563
0.297828081553  0.395928542128
0.577888325709  0.46207328932
0.466091367007  0.475487843217
0.378668130867  0.506617564699
0.52252981625  0.508550938042
0.520349594907  0.475073215199
0.589042369785  0.518478131691
0.574225265935  0.381760484937
0.510000746323  0.514892093163
0.492955637431  0.645549596657
0.616170050579  0.553493864331
0.50793275815  0.597689510695
0.631650904168  0.389119880628
0.287718084731  0.582008270003
0.600259092072  0.543785139249
0.401588964497  0.537226932841
0.753977816472  0.542869759545
0.50707038227  0.434523539461
0.476230390669  0.442155667803
0.717075993304  0.335295672887
0.715625813979  0.389617002825
0.403469187135  0.423307935067
0.549781566443  0.260969408542
0.46393710362  0.550183404469
0.44772351395  0.427543514
0.514234760573  0.530025469922
0.602561483158  0.471972704772
0.455251610526  0.551942604006
0.514797770714  0.574914877712
0.638308761992  0.422528421107
0.593020122559  0.551171417618
0.496476648301  0.375262430033
0.463038667482  0.455811516791
0.773673231255  0.588216581496
0.649564023437  0.606370554561
0.456972480723  0.502021339127
0.334058240228  0.45015540309
0.524897020723  0.633961713475
0.674920319234  0.339914179757
0.690044548644  0.385262510922
0.572534893788  0.575802821045
0.428275434766  0.408400779135
0.650651909434  0.487064003013
0.504080803022  0.350319029253
0.596131424106  0.536346473178
0.513768212495  0.597814117033
0.64529830231  0.700582430669
0.662451672038  0.490025702394
0.563264323626  0.288453844424
0.390530370341  0.569615557727
0.512764837829  0.539172163915
0.626535803136  0.453166190715
0.717064756793  0.503879883606
0.516112127074  0.520464204125
0.660172696089  0.544229786993
0.564356786692  0.495031645246
0.440945612987  0.490993804468
0.343561084666  0.304908896992
0.536761131126  0.41825418343
0.635726244039  0.350199489931
0.284070712382  0.576514114189
0.314188481376  0.537743720004
0.418927149168  0.480110402744
0.475088527275  0.463062187887
0.4550044526  0.357068138921
0.63255012712  0.445144069673
0.668222244505  0.552847788331
0.418950273494  0.404010249965
0.516296629895  0.730725432248
0.472575729336  0.427452028345
0.347075053938  0.470051073241
0.499869929026  0.45760678058
0.467712534049  0.552235935168
0.6182678579  0.572056683966
0.482790648755  0.636017629993
0.614054212445  0.390247478307
0.518324329512  0.369655999917
0.683242238924  0.352796448669
0.462534872996  0.500389359727
0.483316712233  0.54814374532
0.399397183699  0.651462827343
0.575745094061  0.596772748176
0.52853730222  0.255321864774
0.532658319138  0.294109834092
0.587095752978  0.415810277286
0.280632118228  0.408737674188
0.596581152354  0.674390587294
0.460231921697  0.70014168026
0.475339521487  0.495157757642
0.471514598545  0.444053063859
0.393001807485  0.631737099318
0.462485335148  0.329228970645
0.50373539136  0.396286248407
0.529976308808  0.348384574927
0.432407583545  0.33675382951
0.358225262296  0.612236093463
0.508548401306  0.409154929575
0.503498803828  0.545884441711
0.530827928563  0.402314256906
0.622510190752  0.360530035392
0.328070123167  0.492986845396
0.391013281588  0.60240776362
0.526770931459  0.297239173381
0.588441928312  0.59252275755
0.453294736757  0.467179471235
0.443755259722  0.548838347807
0.509260598197  0.542782463926
0.388160160336  0.57743396449
0.308527719389  0.374653798095
0.556312111832  0.382181514072
0.333468136449  0.425248282262
0.485117262085  0.385949615183
0.49560569654  0.516183241015
0.431129585393  0.433314310511
0.588956245049  0.523539931938
0.459963026088  0.651060609603
0.4470293167  0.446775475248
0.39298874593  0.500118249529
0.711911351953  0.590592879509
0.588117195414  0.565624132218
0.653080129167  0.700659086996
0.446249727132  0.540066213964
0.283596320272  0.443804378889
0.43008728707  0.289436615259
0.42650739843  0.571060068043
0.457015483647  0.511756939913
0.564398729582  0.356265325183
0.512697258704  0.456885174652
0.438526867547  0.381993304932
0.488098711293  0.417658078757
0.460853067296  0.323785891593
0.552175839685  0.316395546723
0.440763860117  0.399374006829
0.655350550713  0.596576896647
0.424212797412  0.566414550164
0.537215636658  0.408595676298
0.455942005731  0.280951854042
0.447859360715  0.463503661677
0.543450946545  0.34446865633
0.535205930092  0.49946134909
0.627312108836  0.317242938133
0.560878336962  0.436879161983
0.482341761559  0.453542469128
0.482330992634  0.649723372538
0.525996808452  0.359276771989
0.604428911999  0.418213625037
0.564468446545  0.338310689822
0.665271100145  0.269008666374
0.458808968453  0.501364853473
0.469016885805  0.489031721113
0.449222940831  0.421357683912
0.635859077759  0.460608086268
0.484548564496  0.532851074456
0.678733305549  0.41348688235
0.475029497855  0.382813362651
0.496494139249  0.133779406835
0.48076642107  0.673825995982
0.640152367923  0.498206086504
0.487890100232  0.450093658727
0.606224419976  0.349200811059
0.549393487063  0.432333443476
0.626199191407  0.388817066489
0.323337261252  0.48919281843
0.571302355185  0.441464490817
0.568979343093  0.395384369391
0.462313795381  0.467767141753
0.541000294119  0.435490257931
0.362954520434  0.54028697773
0.776171922106  0.469237907173
0.435211389158  0.647595573101
0.334879649049  0.656781560178
0.371073066157  0.505761307027
0.494178605576  0.471811880645
0.573682075363  0.371509577836
0.329594002304  0.598672221577
0.588218998556  0.462213322493
0.546424493613  0.55663053294
0.482486537034  0.41982588309
0.575667273389  0.618416172379
0.427265617022  0.396224926242
0.490477242562  0.405727334536
0.41329797296  0.388873137533
0.668596305969  0.520697532563
0.61576372103  0.543581484377
0.470008615824  0.474270683969
0.387668210524  0.545853750878
0.523155425193  0.307513661551
0.558832905805  0.425190574426
0.506984494506  0.423871503846
0.42986089246  0.341303441093
0.518913644156  0.498224607756
0.473080540823  0.336391180151
0.533926466141  0.455801202835
0.518453475613  0.414527107516
0.541204693955  0.509224950373
0.627339905594  0.480335143565
0.251697739399  0.511097012954
0.451796723547  0.62683532398
0.384387498638  0.51044012924
0.323202168078  0.564896358838
0.581998181032  0.585864127859
0.50979573622  0.56612361855
0.507366077315  0.317117438832
0.375789725021  0.496632355032
0.487385025594  0.50513358455
0.523994893069  0.514579883485
0.486852658703  0.402347508478
0.484068202206  0.392616267822
0.546306077068  0.472969312866
0.526805502633  0.616099178721
0.551570591481  0.477635203544
0.437944179822  0.384263610589
0.469413315795  0.457668732223
0.422266446364  0.680318706309
0.4678782384  0.559415092663
0.490342484448  0.38552127946
0.621631537929  0.31802672334
0.541452396758  0.521052578634
0.567104729322  0.492215750359
0.376058496337  0.415215600087
0.517795469923  0.561808102477
0.302939676084  0.186540869796
0.402446141666  0.454075133977
0.5280682947  0.610721869229
0.416939211476  0.584205461074
0.336512454919  0.473370682771
0.696462392384  0.394413807977
0.745314498381  0.580516053075
0.370824738463  0.549166569334
0.627049148691  0.425631066179
0.374529471486  0.508849280637
0.344431622797  0.567090552933
0.496209210968  0.431151330082
0.472342738739  0.397444486031
0.396535693089  0.581987318797
0.570528710658  0.494824808187
0.712965554146  0.374579614984
0.643474831245  0.493794727987
0.511992273275  0.525367558555
0.372944235309  0.457829615714
0.445763038844  0.653794078503
0.532953536298  0.309754685171
0.493871960934  0.528100516983
0.450315145713  0.467012947492
0.557522624205  0.44928352621
0.558212790537  0.552351843895
0.659973134866  0.511178551541
0.384072038658  0.350571086458
0.293094625831  0.348525040618
0.575991035232  0.453424651075
0.361166231284  0.665342511527
0.502241222611  0.402179238202
0.531445813527  0.496629031468
0.392040774094  0.496392381708
0.398117199954  0.388551546156
0.684105391934  0.5004765898
0.454276839471  0.586792242235
0.540777607672  0.616514419192
0.485640860925  0.578033339478
0.586596341259  0.431989684931
0.264095873381  0.531738267684
0.366509312715  0.570194235874
0.310410990419  0.569513441406
0.643144074072  0.504884129618
0.32053696059  0.460235777611
0.558539191804  0.431879811926
0.554532054627  0.536422593023
0.61895822113  0.498306067087
0.49087644792  0.478524544208
0.419325449934  0.313150432446
0.325730193132  0.633103322088
0.546711658825  0.550927184236
0.53378111451  0.532991481548
0.440226634303  0.452858950159
0.509061052418  0.422107215309
0.542920944641  0.513156629057
0.612199124086  0.484048136118
0.487929562831  0.531964799612
0.489244418464  0.472973453535
0.472378817323  0.50726691043
0.564205843847  0.617474491358
0.52859576811  0.541782260657
0.279096240168  0.520169225076
0.447036765046  0.647598937421
0.535920077557  0.413028457873
0.535449795237  0.437947479258
0.487133006152  0.529146793921
0.352980263799  0.317602913574
0.473194946703  0.392040625095
0.469358787139  0.503952169535
0.506506645497  0.447993622369
0.455521503799  0.40792249572
0.590998357638  0.539186128304
0.425614798212  0.553945406592
0.561459708384  0.51562641996
0.725117572887  0.372171277904
0.428954159149  0.412422108319
0.635381929717  0.448718343604
0.468665220442  0.577122380507
0.580177793482  0.484443788493
0.403923614307  0.46233852033
0.546774791522  0.455161340526
0.588770274112  0.605955622101
0.68662468983  0.441784739383
0.611217333081  0.434961531332
0.41222938167  0.564080315227
0.552012433981  0.501293896999
0.750037390204  0.51947233793
0.603035446569  0.424181241439
0.426792385918  0.518263341485
0.656788702595  0.501426169693
0.537411834031  0.495814793549
0.376388598249  0.649417765605
0.425568611229  0.568483931695
0.562240898814  0.648967386089
0.422403184825  0.391044476898
0.549473866103  0.522681334973
0.561766604295  0.499639146154
0.587181855531  0.655054413792
0.637506718505  0.454678462611
0.303636256437  0.457174432124
0.557618302725  0.304150605803
0.445242732127  0.437666103155
0.277731015295  0.387484535557
0.503118854254  0.575119660733
0.512301527298  0.45040692833
0.466465158354  0.415614238836
0.507871769267  0.366262473332
0.470552933281  0.224811804613
0.630583024228  0.52630817668
0.656875870533  0.508995323538
0.288872809571  0.385864919505
0.443594735635  0.539048798306
0.360601499891  0.525308397676
0.520813670914  0.53723507801
0.354338211453  0.457411337959
0.534779483923  0.33473304728
0.645676166296  0.427286249458
0.444834967984  0.447710627254
0.485302955019  0.670668084112
0.63010070952  0.281399721044
0.589662220625  0.507143355786
0.589050976942  0.477725373585
0.511016877776  0.550191869448
0.54138249415  0.482061899828
0.461320654492  0.632149973095
0.601831336814  0.489391471523
0.578562684842  0.493205132163
0.365837684664  0.547245483438
0.444539209312  0.346966581803
0.47968764939  0.36811844305
0.47116902458  0.515119198729
0.453939267091  0.559642691267
0.396115979671  0.714849367778
0.504328150596  0.620422847351
0.451643081395  0.60197428197
0.433402656455  0.395967794553
0.452247099304  0.541112966062
0.594864915837  0.353882506465
0.588919858584  0.63459853698
0.410707271447  0.545671773025
0.390678946354  0.74872743952
0.605759380362  0.657531223564
0.323213083908  0.54477838587
0.455550811519  0.607451207435
0.500653283959  0.308062381118
0.472763961366  0.491272614958
0.612408594693  0.540838754948
0.423268522388  0.34285171697
0.611237172081  0.498981407741
0.607265692021  0.504405043819
0.524887967726  0.441202089963
0.351345769812  0.433130410223
0.484921512548  0.430500094682
0.444927619381  0.528840282937
0.445298407173  0.550987145764
0.485799662049  0.388699806
0.457051747996  0.362282836075
0.568364986289  0.63509514988
0.611666244297  0.538978062348
0.372714302189  0.399417503206
0.413434612336  0.609452533606
0.573121034802  0.336230031365
0.461694159484  0.483913863088
0.653207357695  0.309426520219
0.571044709445  0.475910528306
0.4338702223  0.483824072092
0.248756443232  0.387128551379
0.799678726702  0.439138980084
0.504100839879  0.582410958535
0.723461742123  0.550818258601
0.495318780257  0.341859239623
0.588831689423  0.402076658459
0.377809793303  0.523724478494
0.645931058961  0.712247657508
0.583595120737  0.33918576849
0.535206967825  0.581118631973
0.644012904318  0.639296663461
0.528806065648  0.498053052212
0.428901862217  0.650342527481
0.57406490419  0.573922334263
0.5936089068  0.641392790349
0.527122922502  0.54475285786
0.331102202411  0.610921141851
0.502731826134  0.502639966529
0.492668166636  0.414110252767
0.585331719184  0.559998897972
0.359992237723  0.44723891921
0.484670961266  0.483782880844
0.434572155439  0.418520887189
0.482674165283  0.479115466114
0.632386672839  0.461968379549
0.596670091929  0.470435063945
0.679271670903  0.402711606186
0.665505410839  0.45416631244
0.616574457266  0.217771460357
0.592261609819  0.467261989575
0.42866326013  0.436335087441
0.591442454509  0.482919746537
0.326351341016  0.429629443139
0.471152859254  0.519061902665
0.463478707762  0.467074009374
0.621135416138  0.482055823598
0.418956440881  0.539930936174
0.489768042175  0.519168504464
0.654963823374  0.407307592567
0.611333426387  0.422476255285
0.439824317028  0.410891542016
0.572105028332  0.321421151531
0.561635432689  0.45172727455
0.491651586274  0.544276934946
0.512428164763  0.55911427425
0.394946034258  0.583862852199
0.531523092752  0.556529964919
0.560543545603  0.421413490148
0.521868635782  0.573153775045
0.431961844107  0.502802061201
0.36895846963  0.539065052537
0.667600553747  0.4976339461
0.298277716564  0.424302376776
0.567255040765  0.490966436605
0.614242670073  0.394246194138
0.258180825581  0.404740475322
0.447649967125  0.566864675636
0.445624257182  0.472499893773
0.423707998195  0.346978719608
0.458846505504  0.450521819519
0.42118283178  0.570117551954
0.497193481536  0.382085177807
0.600045932478  0.396237668957
0.384969767145  0.455563526301
0.487776671329  0.423030863131
0.644182109131  0.370581582703
0.535445724948  0.668431271381
0.583486965773  0.498125124335
0.55534569299  0.494343136869
0.368770031925  0.501667945815
0.392914989537  0.413039062933
0.583505656664  0.492538732213
0.503223114732  0.355589217485
0.416607794824  0.645090024218
0.585848056705  0.567266921035
0.464970950013  0.458486792458
0.586949895245  0.534722008394
0.695174247796  0.461796660558
0.664295372217  0.701113053361
0.450134287915  0.259320042437
0.485076176129  0.489758609454
0.468780217012  0.535339682075
0.666884473603  0.465179873083
0.539748232052  0.51062872104
0.471911319225  0.460413298227
0.457622560188  0.429083187098
0.495520230961  0.416400302714
0.555113541685  0.645603608945
0.65863045819  0.515867769069
0.676909514109  0.428936035195
0.667273345357  0.58540920155
0.466912011821  0.406279883158
0.414246677907  0.448531017423
0.634553362966  0.607403617946
0.537880633535  0.442254628132
0.515329394047  0.562592481929
0.512108463217  0.36176097357
0.511591333466  0.636414941882
0.422453826237  0.414123789266
0.433831631738  0.487381980123
0.403589163939  0.462675939167
0.438274467579  0.39669995857
0.569758878494  0.479539039762
0.346001383904  0.474262303975
0.371789098705  0.573494300843
0.479395606306  0.34708202975
0.470944622752  0.501694233966
0.50596263588  0.459425578852
0.501956795956  0.605998335916
0.519669122382  0.535952424535
0.294420564343  0.459435159861
0.35677753071  0.509232732382
0.461102789297  0.425995027272
0.385346493929  0.391488006621
0.425153685633  0.503903051176
0.493833252981  0.689489617509
0.465436824169  0.535166518144
0.48633775755  0.412006950614
0.440675479924  0.473526107743
0.477938877093  0.592948613811
0.580485606911  0.377462166218
0.593275105157  0.431545849401
0.364946922001  0.411106083947
0.542124469051  0.321009305413
0.605462779203  0.517426115877
0.409216974186  0.532054338897
0.497039000965  0.326675823685
0.649456529934  0.345019891316
0.47813244551  0.464494118399
0.448416656952  0.476775394238
0.749719165947  0.382648669157
0.535352382976  0.250658265389
0.605339863229  0.467463807403
0.360156594544  0.757271010439
0.571627255236  0.65245230897
0.70505847778  0.58575853354
0.574820701728  0.465589819469
0.395258672187  0.425615521453
0.639841875762  0.375014098876
0.596373682854  0.482411162839
0.589523779174  0.477103222469
0.408092388895  0.476274691918
0.484819585351  0.441403569129
0.539914108968  0.468001221999
0.473147510217  0.538718891947
0.544170964767  0.384037753468
0.659298193937  0.481243291475
0.515711493752  0.53367471775
0.513830578556  0.607319443967
0.476229540909  0.620898473098
0.424415902592  0.532613406391
0.619646367979  0.528521552351
