0.482909455155  0.571667241455
0.525112986839  0.422178754454
0.452111930403  0.574276076283
0.398103029244  0.508607118119
0.526769278897  0.373364423732
0.317574039085  0.592269077834
0.438770387698  0.332624685705
0.531261898709  0.258373403429
0.478116806365  0.42920194514
0.448068462367  0.335160997048
0.338540456113  0.508758481145
0.52011801073  0.623555338566
0.50817473957  0.40692122125
0.346310244961  0.3735101156
0.534342844679  0.531799867228
0.461238402228  0.694265784227
0.537582074077  0.46451072643
0.363169597815  0.528806326856
0.537874583035  0.518785001431
0.641108168572  0.434982158269
0.504844561337  0.606514598119
0.588226966589  0.587610778912
0.635875573444  0.428223718894
0.514148030357  0.423136741711
0.394009143805  0.455390427921
0.62529981597  0.554639448922
0.434644888884  0.508084785061
0.37313180061  0.247577094386
0.306033688908  0.527126727404
0.52214496167  0.460784369291
0.540884283482  0.575172260016
0.502440433515  0.509517156323
0.467989479719  0.326618715433
0.390167721413  0.505483539199
0.345947801116  0.450208082541
0.479864470717  0.599931922296
0.54360127601  0.652812553376
0.509703997746  0.46385743316
0.41330849941  0.559869391614
0.616763610384  0.28024808477
0.438926191078  0.328945093126
0.394766851667  0.410360849337
0.486459933434  0.523439262647
0.52418852095  0.389017318497
0.384663686475  0.356254444339
0.484012102272  0.531429777848
0.490024754554  0.378252641515
0.491016596157  0.347276380602
0.43022599053  0.467168071308
0.56398651374  0.394352408966
0.521436346042  0.49710654658
0.634863210898  0.529063424967
0.496693180557  0.564658954475
0.345000601583  0.178212748892
0.544941087177  0.415581924134
0.616754450165  0.352947645062
0.454286243568  0.650717067626
0.263717901805  0.543177383753
0.440360194592  0.379923674739
0.424953706988  0.529518544392
0.552730906477  0.630864763874
0.406812535768  0.578740284124
0.386873110273  0.674556205058
0.384688300871  0.492524182227
0.577374044261  0.567839580799
0.740605749669  0.431863495085
0.519663516227  0.404504289541
0.55584182484  0.460383802858
0.363793227915  0.195384798777
0.395755437845  0.337024320084
0.474533026632  0.502925692516
0.474521110078  0.583974161718
0.387741575938  0.358338960143
0.440443816828  0.507151432816
0.495397402827  0.418742612413
0.412439137649  0.434842234454
0.486695702861  0.548653749085
0.443081110537  0.398123229452
0.500219448075  0.61485797744
0.706659939385  0.480869902898
0.360947780452  0.422313331548
0.515468682522  0.573140712197
0.473605015938  0.577081689517
0.365976790256  0.431435292282
0.287804730214  0.51874370017
0.652778478245  0.506936834068
0.499868692256  0.506299140775
0.489152046566  0.458638159124
0.294075228844  0.420418850346
0.438036107258  0.552002427731
0.679046612585  0.455606500115
0.322815858323  0.473704089854
0.614110265264  0.526883850062
0.457296140516  0.46638105813
0.634336605372  0.550505640711
0.497707597884  0.574701494522
0.527647482488  0.438573829179
0.551534891977  0.55335433004
0.381997680094  0.575166748058
0.304237617918  0.410022607502
0.522153208987  0.276834910421
0.547283521887  0.612958977346
0.441997131745  0.505522271543
0.565218621675  0.462942954193
0.458879527703  0.534573709455
0.363932178812  0.552826846621
0.548845412003  0.277160308467
0.419922979014  0.375873363678
0.286755472654  0.437270315214
0.469838153612  0.409058699435
0.288237949055  0.638939742248
0.643527348855  0.474453921355
0.506915408585  0.563410506243
0.520085099871  0.397678680323
0.619084330527  0.418425410179
0.567101840688  0.48555650855
0.398294183296  0.492531769548
0.489912384793  0.525142428922
0.454002512919  0.524091176623
0.36856511817  0.46617462738
0.438427036797  0.391078027121
0.35377134045  0.484811360439
0.394611055269  0.523017967856
0.46352184652  0.391035132253
0.398624525804  0.495490136923
0.585369597797  0.415382096626
0.478424172695  0.530673115306
0.449109450344  0.401577729812
0.400713108394  0.519949896358
0.438748964975  0.389464978479
0.491058747697  0.626666368405
0.585020789925  0.382111950108
0.624576651429  0.335180674286
0.572886603895  0.392539458687
0.285517532551  0.495870087842
0.438241754417  0.539137384651
0.47731792035  0.522580492449
0.485860643918  0.476796721147
0.452203441407  0.339732120516
0.376786723943  0.506202567389
0.434552371815  0.367196732254
0.440675319598  0.526220645758
0.322991039733  0.440713000435
0.423126287349  0.298119761006
0.442411893008  0.525841400542
0.551251482743  0.549408643263
0.577288512345  0.412705895175
0.378039906065  0.462416981701
0.456390498662  0.45404002931
0.472401786647  0.531340379617
0.504989035166  0.466110750513
0.641763566655  0.613092087473
0.582921533979  0.351353331531
0.758019493664  0.526006421243
0.331667916669  0.304780150541
0.31546165007  0.523299075059
0.318003529741  0.452344306957
0.478555155876  0.323492958758
0.552591975093  0.535789183505
0.471528138518  0.51322091819
0.542396162854  0.285765230257
0.495366885959  0.655403976764
0.599826377382  0.659010321013
0.512746394519  0.502162752581
0.570715571906  0.6471326675
0.483541063881  0.395685465537
0.363239530661  0.441589568698
0.623350864349  0.684226294479
0.51184660519  0.386465621015
0.506343367003  0.377731784617
0.387247211537  0.363635271495
0.552804181514  0.411670189979
0.247499187513  0.496740444124
0.398702483227  0.329917135296
0.458358064394  0.443716686514
0.301690947914  0.42283824184
0.490006777046  0.545530945465
0.546917622995  0.492792944645
0.482283696487  0.604736612698
0.529747817969  0.53262194972
0.613303333953  0.593417498642
0.303558369995  0.379171093804
0.761256812789  0.541418112933
0.506837619067  0.465448668669
0.337930562208  0.472986538313
0.545038782373  0.587992698968
0.520594371084  0.51188690395
0.582985848165  0.632695653529
0.460869566015  0.688788200236
0.59059073231  0.552926945064
0.382634503829  0.392541725597
0.249637020053  0.551747672098
0.530262011289  0.609348321669
0.424727987051  0.412919148853
0.452450425184  0.4885346389
0.553535046717  0.470361741464
0.521490766603  0.437473509506
0.532021900609  0.492955932917
0.454932837601  0.576874289646
0.374985462226  0.387093718572
0.479233425665  0.512086748573
0.31934660167  0.411491510919
0.387422901675  0.651425540433
0.609729759626  0.436118699629
0.40159863971  0.446160385817
0.579395154258  0.512169563011
0.455507397058  0.335304954598
0.386018424337  0.434702349784
0.483852746492  0.488618635909
0.530588711927  0.573557224028
0.485190669458  0.466603651406
0.413196781437  0.475963549961
0.469135561982  0.491344148893
0.386149335117  0.613125863149
0.577909156901  0.434335357773
0.286547600312  0.283889751365
0.35098564451  0.494535217131
0.600745386393  0.480220362827
0.318554036757  0.498169163804
0.482660298846  0.341898926515
0.522098610162  0.474112098477
0.49598287701  0.539121441812
0.514050165077  0.495383050333
0.451165401309  0.488562223786
0.499451993538  0.222591439246
0.515602377003  0.531708193137
0.531673058435  0.465162230908
0.482284493379  0.417146614293
0.407418720027  0.512580817323
0.379299197368  0.631720268207
0.678181914091  0.465141975919
0.514883132262  0.467844704191
0.410408143595  0.466569146301
0.58561383182  0.490011689825
0.529072582848  0.488614044573
0.365300042365  0.473125356264
0.512913579899  0.467101160841
0.554929011064  0.617378761988
0.386821598569  0.602774702311
0.476896119856  0.520281510156
0.403195945856  0.546250184011
0.407936544191  0.454121843591
0.506899196293  0.583621518122
0.421739399003  0.630747761445
0.330199900283  0.570313376
0.627359430374  0.486482784479
0.348268289269  0.329390285559
0.612300322376  0.463846776904
0.645762229965  0.592512860426
0.556749920665  0.428638731296
0.397530273536  0.391402268911
0.657921033914  0.539538545389
0.646668931447  0.72253232284
0.606175859807  0.484402920239
0.407662184618  0.423648254646
0.519975212326  0.430757388655
0.472223724481  0.378346298075
0.585381106317  0.599096948999
0.319428698774  0.580679071756
0.507124523128  0.503895038898
0.415925602484  0.519497713564
0.529551810352  0.589236012336
0.549820254738  0.474603840965
0.465760369338  0.384347265315
0.344648897612  0.509317134606
0.49430133829  0.300562233499
0.442543542961  0.506652301029
0.535723116388  0.355870433766
0.478321568372  0.581933602665
0.503293185616  0.370409044274
0.567031811273  0.330828133129
0.491622953212  0.425085628123
0.511459345301  0.361034731861
0.505847303793  0.495813888222
0.558615476004  0.493570727209
0.569657268698  0.532811858372
0.530545146145  0.428505297773
0.515093280081  0.374670188412
0.515069526334  0.523631562746
0.543630764447  0.335192066652
0.305450146779  0.417785313566
0.658260124295  0.43772086096
0.439450074374  0.595672077898
0.352308768167  0.740608130552
0.408886581461  0.471214111802
0.651720727386  0.434846629208
0.568777290517  0.495287812231
0.296085442859  0.447183001738
0.399760322266  0.633290973804
0.477972468665  0.49015602164
0.396106694225  0.422812733552
0.402515431419  0.613770605971
0.452200885179  0.540328779231
0.387595908543  0.476942440172
0.618884897153  0.490903859723
0.489845196803  0.643347379768
0.562366671947  0.445821429601
0.528213227197  0.449794466827
0.496169656048  0.396060807211
0.524216469299  0.470105021118
0.495019085111  0.390791986892
0.466743484413  0.550193374261
0.217957434027  0.493578167895
0.593064902683  0.493774175987
0.586934638796  0.428447789555
0.569684926514  0.434377359073
0.54060094974  0.535459074072
0.535178432725  0.542563369978
0.374234190463  0.602505112219
0.580738822884  0.378965894937
0.398360768508  0.700737935788
0.384023418866  0.565602366526
0.45732944286  0.455970338946
0.33261883186  0.562479300109
0.468154591873  0.389575253082
0.569083429767  0.434309833283
0.551377605671  0.702438218176
0.547319294797  0.462341008035
0.550817627307  0.734789069391
0.406285628935  0.50138615876
0.431506067466  0.50229967831
0.545258329667  0.489728027447
0.603438975651  0.665382231531
0.369502014769  0.402749083934
0.510580476389  0.474086781496
0.495824312596  0.668022984335
0.506510740784  0.636792008097
0.409475490072  0.534454252542
0.477333708715  0.481112559832
0.472030521948  0.420287784324
0.30107218981  0.410928994055
0.492553420534  0.478228671616
0.546309351544  0.410962306699
0.443167616018  0.508737739505
0.445527267292  0.615195254431
0.539850985768  0.428556117708
0.361470965408  0.507539597378
0.579072860335  0.461675933331
0.418079081549  0.382694986332
0.646257335812  0.561595794941
0.536923181385  0.586698220658
0.44790836101  0.482785188117
0.454034500264  0.418423350969
0.44039084409  0.389843622687
0.48092267236  0.434818956297
0.586450222844  0.373710866939
0.40228217105  0.56181975992
0.347615908651  0.682714559107
0.306016048844  0.491380308296
0.309505913356  0.431100890562
0.383574120696  0.397272729805
0.262651133772  0.490149656695
0.192699716714  0.581566453762
0.493276636419  0.600351637151
0.545814095038  0.630380726373
0.517011238029  0.514159567554
0.548743166652  0.458909798638
0.393811482194  0.233320688478
0.635090834706  0.435950795011
0.468864905811  0.258828941731
0.42787617569  0.398880042732
0.492849789532  0.500681440412
0.5044878853  0.36536290114
0.523305397914  0.294885069912
0.442918746442  0.499995271699
0.545226149894  0.496760566775
0.487639703878  0.516732121515
0.490807221521  0.404074184446
0.381749760478  0.530227049028
0.574527065766  0.487049674655
0.420087100355  0.482180370604
0.497163956374  0.662280585278
0.424429496676  0.387547474222
0.394550502449  0.314027045067
0.440183601648  0.599843188044
0.520750561683  0.527668926789
0.518139444572  0.455849756985
0.527247906835  0.542416931669
0.443895063916  0.403168813768
0.374446155687  0.573989981359
0.548642380937  0.547056006777
0.625316830609  0.486010061739
0.557143405618  0.477029860409
0.447508532655  0.406851216142
0.431237166872  0.549082208286
0.478338647754  0.539922760889
0.553119738053  0.516645851926
0.706407676422  0.417243481634
0.368308455596  0.502180061608
0.443373044559  0.253695888279
0.420382368203  0.669040350393
0.524130283082  0.45107641918
0.39396652815  0.3828064364
0.400624451044  0.48688671683
0.51713754108  0.416662049859
0.350146937896  0.33006908927
0.360775940634  0.409293287485
0.51448954093  0.484588882507
0.497908452901  0.594256577955
0.481186579069  0.560558503029
0.551387501724  0.349227405153
0.593795271952  0.527052232932
0.532440757602  0.548475665252
0.620839402074  0.558448304188
0.438904563648  0.522698137703
0.6082979882  0.42483794648
0.504979677874  0.481360503208
0.67765670481  0.454193144057
0.51021864177  0.460171416546
0.395561116449  0.444076297641
0.618593996649  0.446167659451
0.368939611234  0.431630707911
0.426967141114  0.569164468104
0.362087631915  0.364304550563
0.373001750616  0.516415959708
0.528601797514  0.433505272557
0.517426457635  0.38322904523
0.431163632408  0.538557884569
0.717091507969  0.371977369052
0.446005697684  0.397383011632
0.521492685653  0.38856664909
0.593780362416  0.524188252807
0.393709092849  0.499217791562
0.406715415079  0.396174334382
0.410926106139  0.536019176173
0.469844091702  0.651751937424
0.486128909544  0.546567113762
0.536173184616  0.543971025815
0.540688194425  0.406155342855
0.470318728147  0.544595110186
0.507438342458  0.557762815521
0.694305747768  0.426082166362
0.358356592485  0.392935216625
0.473110482651  0.470621264464
0.541927151465  0.516481937188
0.435422164871  0.515980670637
0.505106636052  0.567211408362
0.52183509661  0.440237607307
0.517575075235  0.352425037666
0.436285820532  0.494263343447
0.655462378428  0.565442686519
0.430749888272  0.606220042662
0.55627141638  0.402713357122
0.554314325571  0.344148374797
0.481409305783  0.527069777612
0.644229009215  0.55924119434
0.436129623508  0.579861507319
0.385195460821  0.460551694677
0.516149848186  0.714722016378
0.455764076539  0.29184078951
0.303603905777  0.333558287425
0.445923541634  0.47157637152
0.334527417914  0.522486528872
0.367843214169  0.412979173299
0.45907804427  0.595645041534
0.593534121769  0.657547680662
0.370760361907  0.414452155545
0.565183048468  0.584337121805
0.435364911915  0.458151666185
0.523872903246  0.286890343661
0.466807595831  0.458137501775
0.505380130312  0.612530919501
0.421508326028  0.418413313526
0.589207232995  0.631106397539
0.412045400361  0.417693955047
0.516323115306  0.500966692322
0.474670897486  0.397697856414
0.373117950454  0.490057962247
0.468302733919  0.500150176618
0.506318880361  0.510347696612
0.487730464492  0.458566184225
0.534231489489  0.615760544554
0.501103244694  0.519128325618
0.483184183555  0.39351496044
0.463465270463  0.580667503954
0.523197751204  0.434354705071
0.550122993673  0.540134453278
0.558002941558  0.442136619848
0.281424438973  0.671402339702
0.573963672904  0.467557122796
0.361368017671  0.378079921648
0.403223941355  0.552145196194
0.567359248743  0.427332152242
0.501233130948  0.65146739273
0.540887832615  0.432839711486
0.566218988678  0.733825396107
0.445361676728  0.520534858315
0.391848297909  0.625123518929
0.564316452297  0.481686527594
0.494367671181  0.505361817445
0.309338773948  0.505362079144
0.39772623393  0.430017484352
0.365620234645  0.646385158361
0.414082365783  0.49449788004
0.596053550613  0.534952444422
0.485434724985  0.444045885367
0.412372345861  0.365199408552
0.508043897566  0.467578902876
0.605747571158  0.396242365805
0.574922169371  0.4423443156
0.397257308341  0.649822009055
0.491316423664  0.453261299628
0.576666499055  0.570779284858
0.530868789621  0.395709031357
0.483458469528  0.449294038
0.256740662877  0.5991041967
0.585151086424  0.348077744698
0.577815634753  0.385092002806
0.275224698864  0.605636164663
0.572081533295  0.52654873832
0.646063206251  0.443328352236
0.484081863283  0.451647873138
0.514106877934  0.508709446539
0.402101159175  0.445930202966
0.554531748757  0.418520499614
0.448080792439  0.581245199929
0.433884252484  0.478360743995
0.577973482714  0.5002255597
0.563405343399  0.535643689334
0.467813947733  0.440844740223
0.425852308897  0.281789415566
0.232176029976  0.409368759294
0.598090193186  0.516836542252
0.496315463665  0.581726553939
0.580899352195  0.313428756089
0.630045881253  0.564808039115
0.288540072147  0.364449190567
0.474725551628  0.434940408379
0.661063595769  0.546966789432
0.497474520672  0.334929902598
0.482932398058  0.653816694746
0.441829104124  0.463838483866
0.588683182011  0.381813489165
0.463478512316  0.680089040007
0.476583396723  0.506803627833
0.768974075739  0.589838985671
0.610778157424  0.607906453712
0.20234399411  0.557319275179
0.421047747925  0.467003211987
0.534222294344  0.402856866032
0.518506205185  0.543811768304
0.431168329887  0.456757228428
0.268846947307  0.338789328364
0.47421942634  0.384713932754
0.418276832809  0.645442870459
0.559910903656  0.613908244851
0.424074765987  0.580781399785
0.481962825629  0.502472588535
0.687749056927  0.403392111185
0.377863661793  0.549616795142
0.58137375282  0.558122011605
0.627879639549  0.333423919052
0.66898285443  0.582320290405
0.43047322837  0.494822329486
0.352404984117  0.479414779993
0.447945179549  0.495956612241
0.439142202304  0.493137478968
0.585324295362  0.397898410821
0.481155920367  0.645117419512
0.316390490235  0.304279132301
0.464644353244  0.423879160904
0.489474643918  0.562323627322
0.391692689463  0.441568113292
0.469824566999  0.513700716652
0.475461484184  0.460115421481
0.399761198016  0.633935889885
0.449623317115  0.437994881175
0.447115233612  0.583073916532
0.429851806819  0.66759215349
0.515767565585  0.485266906934
0.531239857395  0.577269907388
0.570751403656  0.789452251195
0.366329982439  0.557801776245
0.43120208912  0.584629137855
0.620774322569  0.47136307795
0.283916374853  0.506710918873
0.365561490011  0.58013293322
0.456064219529  0.303793110582
0.476671999958  0.735204562762
0.486101670979  0.546315175364
0.578270975322  0.49020811015
0.523262455884  0.51209711556
0.547321016896  0.458679951417
0.297803654091  0.454070510889
0.411719722891  0.531096731951
0.421464719693  0.33307373173
0.544014806301  0.407428315343
0.567151820425  0.548223147184
0.604702486112  0.297735550935
0.415329684957  0.457186190577
0.25047565472  0.3942682878
0.476388920501  0.388190629621
0.506799954687  0.515889249421
0.420519701501  0.472840802691
0.26949859696  0.519463748155
0.63177522126  0.433393086226
0.455577548868  0.358641593163
0.387666996704  0.501000272226
0.471687610401  0.586004172825
0.716014456598  0.517225932988
0.572656806411  0.652346234986
0.563352752907  0.339652846066
0.295812227443  0.624379265763
0.527606274095  0.528770390181
0.537391095602  0.383588078656
0.381017266391  0.450537336863
0.489288423433  0.281500444655
0.363584242228  0.330896590112
0.455906262521  0.476957636068
0.47127356713  0.618987915224
0.384427520361  0.504020185874
0.486853118308  0.419444482116
0.543163538548  0.515380876718
0.499481265488  0.628385386711
0.430869442654  0.399579993779
0.49657292943  0.41431943215
0.403637722492  0.613432210643
0.377099899073  0.581241002498
0.604023283931  0.450947243566
0.391493939467  0.513851121032
0.432971474208  0.444974886128
0.407377058298  0.512870345517
0.353136585236  0.401829239236
0.481064583698  0.626768991808
0.476072368045  0.38390600746
0.60729283297  0.502600300783
0.612911953101  0.455836772007
0.504978751246  0.626709208887
0.384297578429  0.552563909078
0.541756460518  0.349523576538
0.669073847689  0.464767384171
0.352619245025  0.436906442315
0.522501685246  0.390532954191
0.327955501482  0.429426593439
0.602546598698  0.493995590973
0.499911983886  0.491767256071
0.500358400265  0.43254470221
0.506984096613  0.518444900897
0.300032348399  0.592954051165
0.503258496888  0.599551657734
0.440209694878  0.638668414022
0.549049030851  0.491786681952
0.444567350255  0.425994991524
0.5325856867  0.501489964449
0.307307303457  0.407325908362
0.444615127033  0.378404446157
0.599165656895  0.507829181223
0.343386504832  0.523056521875
0.586089495552  0.499356080848
0.495810494924  0.461160816735
0.400056892483  0.569142597967
0.490385301605  0.38445398446
0.661983489009  0.457591988803
0.410126287928  0.454856666697
0.38404794291  0.373434168086
0.488804213539  0.470280399237
0.408703282078  0.469097110879
0.593610807016  0.455191655691
0.216097415563  0.334637853624
0.56648858826  0.392560328047
0.298885488693  0.471675035752
0.419316093207  0.595507287044
0.641971682334  0.529352096457
0.653143014109  0.54010569035
0.621334724269  0.718287272828
0.533337627923  0.649715963012
0.571506742078  0.320691749025
0.277404077144  0.469456913987
0.564009545039  0.465765372718
0.394346389074  0.357417735661
0.55783259987  0.946069199236
0.361114553249  0.407891182522
0.380610106599  0.46566182992
0.359544947144  0.415168943558
0.531738421743  0.461862425383
0.683925799196  0.543916944242
0.459640792274  0.52876289093
0.453495968569  0.373140716724
0.673099958228  0.3840604457
0.354880130549  0.455621331746
0.535576248359  0.403846865439
0.52012223494  0.35736173471
0.313662843377  0.449136117208
0.463493002635  0.437403910492
0.502460962204  0.37317861621
0.481726315882  0.64809625023
0.252849687908  0.420279415146
0.566931983148  0.519962053756
0.576221971461  0.581941787637
0.502798355411  0.510214565315
0.402210597697  0.539412951931
0.482855767209  0.405367669265
0.495735828504  0.622710676978
0.531845303843  0.586343384535
0.543994441253  0.483800875392
0.333799419134  0.452537436687
0.74465030383  0.409706383114
0.316615972052  0.403739694012
0.486838231839  0.488533303242
0.520912356965  0.630209045685
0.605909452751  0.590704470606
0.605013863301  0.610419163543
0.532369216426  0.34285216313
0.477940370344  0.43297045316
0.699731532013  0.381471343409
0.517640946816  0.482366851635
0.364063270989  0.52757006362
0.580798054897  0.361691659934
0.439310996979  0.424623600119
0.381306296723  0.39270589083
0.601443326887  0.162600079304
0.424115202363  0.5828211936
0.47906543993  0.576665787312
0.521761955895  0.448566616675
0.55768129949  0.50319461043
0.464382440221  0.43914864042
0.379896117915  0.649787866703
0.624778763444  0.343127500568
0.331406503182  0.406722674907
0.564253408463  0.396689045481
0.508576306196  0.54689376961
0.443827699691  0.382496952552
0.545705920747  0.56787679065
0.639526885851  0.651699294583
0.580382587407  0.517358289271
0.564111661474  0.406636666417
0.714732143605  0.418605269108
0.363417095522  0.605427033083
0.492787442262  0.522677716135
0.397340644631  0.481389551408
0.561590742281  0.675867272686
0.476156003344  0.651014802252
0.478419257181  0.418916735326
0.48997506689  0.424558223533
0.483417624678  0.565464779944
0.487034468519  0.550403948965
0.525617480168  0.40403365154
0.52121162598  0.320423779456
0.483596671958  0.49515760712
0.467921602486  0.373137123225
0.329141166948  0.636028630957
0.426371660574  0.551117033945
0.487515736319  0.518408773412
0.414434800165  0.42521641202
0.52801878885  0.448403755043
0.436286951116  0.4746344533
0.574473341686  0.490108615733
0.504711828667  0.528431675857
0.387645570505  0.456315742614
0.512106290191  0.168914696551
0.620586597614  0.439637806656
0.644587489593  0.473244065785
0.51884747461  0.412406702813
0.424345409924  0.515252914405
0.40447135311  0.495730969765
0.562478263131  0.409768651646
0.492258331619  0.471289813011
0.568717145813  0.431807591057
0.383574283021  0.300376985486
0.428538612752  0.673035971564
0.377007633608  0.640574818239
0.500364301341  0.680470620952
0.507858292873  0.348941553554
0.610796165491  0.353933817873
0.367079790592  0.417100131555
0.391112429759  0.428539576119
0.375157383724  0.423443769924
0.459039798375  0.509334109225
0.639994103399  0.371569015684
0.616485630943  0.557871407797
0.412966815061  0.530033457609
0.619250922289  0.569260408337
0.393120133821  0.410539931611
0.614549943403  0.51381857929
0.529844022192  0.504522393618
0.397425905424  0.562465856267
0.454080057745  0.501036155176
0.424713022396  0.495827155505
0.451301523434  0.456370675963
0.496684368922  0.512861452165
0.414777225402  0.700434681952
0.587870298166  0.570890460728
0.581227123172  0.416125093126
0.546297695266  0.493468428425
0.501953251881  0.517387846824
0.694153829729  0.483298560903
0.520451450397  0.290547428729
0.413908727004  0.455840920208
0.479140668078  0.4912838999
0.352898685609  0.386244079438
0.49078861846  0.568532010275
0.506785835681  0.501101092983
0.443655089605  0.446513856843
0.516904935394  0.35495317739
0.355448377431  0.44263952844
0.46286080389  0.398992203546
0.530275271064  0.495843688786
0.553178646894  0.448118823852
0.443135210577  0.382862720554
0.498127653919  0.451549538505
0.419060154967  0.51897277235
0.429471818526  0.336629868655
0.391062795921  0.503071206582
0.417352380943  0.690345686806
0.500010295717  0.645450730797
0.619931610759  0.368780982774
0.439982984068  0.534741062309
0.522858043774  0.317958736517
0.48145788329  0.435050102581
0.495001145308  0.36147718445
0.532297768557  0.474025801834
0.526964760608  0.437332999966
0.613596177734  0.573221680393
0.447244027071  0.424256786471
0.3639862461  0.574023599393
0.367751282194  0.53641516136
0.406473081088  0.563772519663
0.323015828826  0.348949126292
0.38954465297  0.565201428131
0.315358988822  0.590764541162
0.475840022179  0.463769154729
0.298452758041  0.412975011701
0.465749001987  0.583277869317
0.324569623533  0.580921661223
0.415654792077  0.582304877395
0.425526192387  0.576914065895
0.583042131298  0.446306500384
0.590094607686  0.292953964666
0.575086963301  0.515727994052
0.499894420505  0.482686273843
0.539460862664  0.438090143493
0.415991289321  0.415566270287
0.432551543316  0.494993373636
0.460352076606  0.18529627402
0.521608766151  0.462915930307
0.435386734967  0.551082481249
0.283567442373  0.534296583752
0.630528354388  0.40862525621
0.545052926455  0.192430118666
0.469994627739  0.300401242255
0.43451193662  0.563133070313
0.665427829909  0.464186399033
0.583667168875  0.41294229329
0.50963449108  0.433950341852
0.585692360948  0.482073048199
0.413391619221  0.623706543099
0.306572165378  0.359024495806
0.53566990937  0.64996006232
0.751247647247  0.549249134934
0.61434347966  0.385729826694
0.3816235646  0.332655157019
0.374044606585  0.490098998268
0.501476738288  0.402531858972
0.479254879468  0.538756871508
0.426513170914  0.586324627797
0.562940525292  0.458554281943
0.630909642841  0.558530627301
0.493441251761  0.396031546461
0.401177793906  0.52923356549
0.499405059893  0.496011295666
0.505337949365  0.430094256343
0.453010048847  0.671252304767
0.565073689812  0.574048135816
0.570946573174  0.31014075089
0.633561153362  0.439586706751
0.747284831435  0.463255655117
0.674509112412  0.264440929295
0.421177842504  0.582603757622
0.672531912129  0.288388890728
0.491169989326  0.489580726716
0.442443281814  0.449383570183
0.649906020484  0.466695815624
0.309439028876  0.411354299303
0.529370180734  0.422478855723
0.435197282707  0.513146481474
0.435286137421  0.364223913254
0.525453519059  0.404227268578
0.342536957437  0.484287483419
0.383556308592  0.440782796141
0.544684104546  0.334049793939
0.446617773142  0.575978796508
0.387847652182  0.501682520647
0.453310366764  0.45793514401
0.509957206203  0.262590570954
0.442716107379  0.435472941457
0.361548274723  0.560326202994
0.46633215778  0.376371881721
0.567073411156  0.495194824326
0.332980719324  0.627932689227
0.298946310204  0.489247222035
0.36495443147  0.506247574579
0.62224772382  0.495346742456
0.472894128219  0.349953677101
0.642883356459  0.484201891481
0.664188149223  0.341275768599
0.481304768228  0.555425979696
0.434405560772  0.494570568212
0.491639778924  0.503786494019
0.267679843567  0.670619286768
0.481821243106  0.617187310081
0.346266003883  0.522801122578
0.451752529256  0.424268636906
0.506766911973  0.53841890481
0.501164471664  0.435351420377
0.517595300356  0.407811325
0.544911275806  0.458813876519
0.453339861546  0.453096296128
0.625177454642  0.335240066234
0.440994264098  0.478460745026
0.422494692583  0.530711687256
0.501104060833  0.412318178279
0.360488809104  0.472360718705
0.45974005946  0.575888588419
0.227210538832  0.639908563513
0.589702243404  0.630335995231
0.507107504381  0.561073580659
0.502596515572  0.430258271803
0.495067172561  0.439036600948
0.430173003358  0.423126394718
0.566025241014  0.353666807295
0.432221905044  0.472879481602
0.427391956323  0.427769317849
0.429080070006  0.57600487682
0.556502880273  0.384511070447
0.501630661188  0.547149894982
0.524971020881  0.428901766795
0.602517209322  0.431978877587
0.489201647589  0.446235939774
0.623601474954  0.634965716873
0.370206388633  0.555904813527
0.414934915975  0.399872045765
0.420495467799  0.610760460968
0.755064883432  0.559795362862
0.402287552357  0.348898596301
0.290279975019  0.632669587566
0.317106184386  0.542166689676
0.231726642753  0.640870058573
0.561566655592  0.530845210287
0.567020415421  0.442455481669
0.549727271475  0.395547257073
0.650958650229  0.29482628809
0.500981422234  0.460287998022
0.342175130419  0.461412249838
0.400131440782  0.362003163276
0.612575299044  0.414046719137
0.541384054709  0.585710444398
0.341215101856  0.518439963185
0.476818886927  0.538297381164
0.417700532203  0.57867236502
0.349237878726  0.449496539878
0.505467662183  0.578567996908
0.370603231017  0.514157693394
0.353510485618  0.612822020363
0.483149321598  0.680316950236
0.525821490742  0.433387370146
0.359498970113  0.520978569209
0.536013451855  0.44567321034
0.433364540333  0.609890225257
0.371226778146  0.47092915641
0.658308446386  0.488761127152
0.407832852933  0.585288862179
0.479426295958  0.343934069459
0.530762683374  0.35992310621
0.551273868827  0.485496164683
0.680956097069  0.545830003729
0.490876522376  0.418238663573
0.446377957531  0.489435607582
0.551044319683  0.447960848264
0.45514208677  0.399488234135
0.427653502465  0.294750461214
0.650767220558  0.561641124311
0.526634149495  0.616702652178
0.487586144441  0.221885632906
0.476130149296  0.4998362226
0.558807536848  0.471831909938
0.441097570436  0.24854902833
0.520350479418  0.435740589052
0.669995109087  0.530744402119
0.356009697301  0.505351506443
0.527088834442  0.461090785764
0.433845057445  0.577846292367
0.514101908105  0.433049167731
0.284149163472  0.575895286362
0.358628575082  0.376675659615
0.310950204236  0.338954335604
0.433416817005  0.535009771488
0.430579939521  0.609455954547
0.476763422377  0.534805376896
0.470662274812  0.623677753052
0.487810913702  0.421755171035
0.380293144875  0.528973669757
0.616476077374  0.301844920455
0.489618842372  0.305024822061
0.384181702656  0.31119955764
0.416951099172  0.468388746382
0.461270456513  0.456207791337
0.404581542295  0.56044013038
0.412069390241  0.524577687894
0.499148572823  0.336823071178
0.605369433282  0.576254738806
