0.484765950273  0.364942751407
0.441494136368  0.485183242605
0.461721753037  0.421342476741
0.520552948066  0.51018154443
0.452090081658  0.542371879706
0.38082809037  0.458345442345
0.348659333325  0.424436673121
0.471069753957  0.409149919034
0.556075596489  0.234293297509
0.59264352746  0.38864710278
0.438510740787  0.471572102252
0.452961237532  0.53280090686
0.311318713726  0.402702350587
0.583708540285  0.503434914113
0.570799698428  0.392275610188
0.391150795327  0.556302876089
0.480547217071  0.369001095898
0.405472270036  0.448280430932
0.506393302624  0.507051180925
0.46759929787  0.404773615458
0.43694108338  0.306340752466
0.507867765483  0.410160779445
0.566799834604  0.508936169352
0.526910218184  0.372193570421
0.447477876692  0.402861985562
0.42089194452  0.354710212405
0.421888094018  0.239515299629
0.436839027049  0.328894884303
0.435177918082  0.377329092414
0.60895619844  0.454859770512
0.344674600259  0.558580884868
0.536379851977  0.387025400323
0.416214687995  0.542902469074
0.388030149285  0.617120874669
0.495767968491  0.427914630509
0.552723403013  0.547729885647
0.452024546368  0.388130490661
0.386503773516  0.250631256598
0.454659644101  0.421751899945
0.630735720942  0.376191118395
0.45047785126  0.568635110312
0.45703425741  0.429980753825
0.400453652901  0.473985920193
0.502175080542  0.265013921957
0.432409347221  0.453555735066
0.299512313227  0.563778360081
0.469853308966  0.527191597869
0.37202030854  0.503715356159
0.491030849729  0.38442765511
0.596089292526  0.578466108775
0.587315035167  0.490118501746
0.475188024145  0.400169632292
0.456940878429  0.471568009632
0.407942412987  0.419888255842
0.492590211098  0.6353572591
0.448098173634  0.638430979971
0.457401626357  0.550263087216
0.464804841367  0.490819248849
0.545587450772  0.51076035257
0.464783421966  0.391804242912
0.431446579315  0.45433901075
0.331015855943  0.479453632963
0.669917317011  0.343830953049
0.46003771154  0.533244970862
0.613269027337  0.373518911979
0.372084367117  0.362834923653
0.48548771463  0.472139341369
0.500437596929  0.436401102259
0.422198660686  0.346189194018
0.509564891081  0.586962088347
0.414071966067  0.465978532582
0.416655010696  0.631423559122
0.343002935754  0.495636088577
0.559534518555  0.470281785447
0.601387716055  0.506306579959
0.362623206762  0.428815489401
0.480593789329  0.523850089253
0.326357020116  0.481511752122
0.606373989732  0.573628159095
0.389213620906  0.490661199599
0.413588467669  0.568379698651
0.448934769603  0.449929819294
0.613199963393  0.332243816453
0.423073226936  0.49247463737
0.402664498294  0.401955742899
0.494040944103  0.58825692823
0.593121608653  0.550559377658
0.643594471692  0.414965931363
0.569767484983  0.273117861646
0.428652711739  0.328000872833
0.51129775076  0.528655833409
0.569465313717  0.712581037744
0.533487388603  0.226557369758
0.582512444159  0.455859396068
0.569118256561  0.371255314852
0.487333323037  0.516189910769
0.319167804206  0.52291009621
0.467856429718  0.309968503656
0.466542317379  0.540218889294
0.562570305893  0.412934094568
0.282918333584  0.348743251094
0.513169657406  0.524238990901
0.542768349634  0.528144338001
0.506144041195  0.439901781666
0.327345952613  0.366291195677
0.456042609127  0.261839744766
0.502636516726  0.360193181568
0.456509912034  0.613631596278
0.514255740174  0.361567319567
0.501065683329  0.613003211963
0.469419563295  0.618755581498
0.426549790335  0.523454793643
0.285987352674  0.267259500034
0.522290970611  0.447746869792
0.572510377157  0.38971579468
0.520520537048  0.298686678415
0.574668869799  0.556531229523
0.633473159024  0.691155113572
0.534973374466  0.430923784774
0.337629302473  0.485023933198
0.477998455672  0.540412190585
0.515722119675  0.490241227923
0.455400546856  0.495712610973
0.368657301579  0.466625542889
0.420011099718  0.492481135262
0.519967648116  0.44624714346
0.537566411373  0.355182046384
0.574323552928  0.573232378023
0.359777999524  0.522751702822
0.50954000743  0.547895927624
0.539005840707  0.444302300277
0.462806962619  0.396823099571
0.515567491159  0.445386296301
0.414454095845  0.521784616047
0.431963848613  0.536317256302
0.683400554437  0.474734576788
0.510205904802  0.359062566559
0.372135774017  0.398360127675
0.645058159346  0.57595236449
0.531184934591  0.557117810806
0.46866992868  0.404018942752
0.524015068759  0.489745017049
0.461440063621  0.360994507234
0.511603079934  0.402907536993
0.588437788903  0.635292722935
0.568175802455  0.593190582965
0.511207440574  0.404196831626
0.572114181637  0.345036565001
0.488097510607  0.425625122312
0.474913799843  0.451121435463
0.428136256881  0.323921833029
0.54735849689  0.404485796216
0.377419817449  0.509733788276
0.52454107242  0.196563341149
0.401111973164  0.404485772388
0.305958743988  0.536053154778
0.423367397653  0.405338026435
0.48643494313  0.450225835552
0.392168507135  0.410325006126
0.595345394194  0.53031447317
0.552392362213  0.467642471996
0.584702557932  0.371092259597
0.401340296417  0.632638307713
0.420586564948  0.590757129154
0.516231190786  0.403763478574
0.344772720862  0.534116838281
0.409424453014  0.285430458683
0.606792484463  0.686995404717
0.610149579238  0.382503395051
0.379102778429  0.611154791086
0.311059368051  0.353152570116
0.619830313959  0.520926875464
0.289339446663  0.505982123443
0.573421761747  0.444562660745
0.420124793067  0.195960599331
0.640775699126  0.362173057304
0.373016888133  0.37111383101
0.639843624822  0.396781505827
0.459732898444  0.511548364445
0.472176516853  0.568571471836
0.4279311069  0.557933786945
0.465467165905  0.583174676087
0.499034905642  0.298907367139
0.462835822694  0.281895744185
0.550859443988  0.469627326877
0.413007252039  0.522740452956
0.724802621576  0.441709697306
0.498094127245  0.57451423679
0.359504843417  0.499786727334
0.461354579694  0.384375902929
0.398691521606  0.460328228932
0.44075145567  0.474623030781
0.324642684198  0.517809243734
0.544003996796  0.533333020984
0.52240786807  0.445927080484
0.564889920187  0.453284300029
0.397124346406  0.425587656884
0.271043486553  0.323815829258
0.530672045712  0.567251030789
0.352128931481  0.464103007062
0.444274283358  0.539821348398
0.545111587031  0.567718565253
0.449252945241  0.540085638637
0.454014377529  0.539860424366
0.444349188222  0.615420893866
0.543025199326  0.447858100453
0.378444297566  0.341995541647
0.621754270921  0.473241021759
0.577105061729  0.42732664674
0.540632483088  0.470673823424
0.485470825648  0.510441766284
0.526134365665  0.449740885738
0.491269008715  0.569154555512
0.693631381586  0.566191962387
0.512549031862  0.516730572505
0.352511363174  0.465481495318
0.190310126923  0.41784781898
0.449092720303  0.487795974698
0.538259275351  0.376612070355
0.439502106193  0.320552236509
0.454875927848  0.303700164298
0.545506598956  0.437957098714
0.529923556399  0.376858097866
0.515329284913  0.380066599842
0.605681375359  0.507722498283
0.577247863257  0.444079046521
0.254736983311  0.54679101639
0.515549819792  0.543277724642
0.498878290404  0.596323176085
0.176175309463  0.478779058671
0.344930374209  0.48057110211
0.571520460459  0.610788271241
0.628708333014  0.614616695758
0.672340040678  0.427487526665
0.432240005715  0.397725398898
0.421564578663  0.625433592862
0.489014192019  0.518003232684
0.356753856032  0.528454158036
0.211280310178  0.319109655049
0.368965174675  0.540573014467
0.415775979983  0.550418918437
0.567432085174  0.371835156572
0.532331564833  0.363858710776
0.465016905338  0.454920038382
0.597973365136  0.466271939209
0.492479460338  0.464415470793
0.532467475691  0.562150299425
0.557304953127  0.44556116963
0.45886969616  0.54167192936
0.379889401997  0.365381189951
0.517333912607  0.700629334625
0.508229270453  0.67279651709
0.388674201001  0.430930514204
0.323234758248  0.476912181985
0.452274813478  0.412403098471
0.559775012515  0.342640527155
0.509662513872  0.464822043069
0.457432119892  0.461998187344
0.393984424157  0.527436446392
0.551687763441  0.205606088312
0.528845345699  0.432317540101
0.581102817881  0.682950723476
0.5180190939  0.505737800672
0.489419403716  0.391560480046
0.444690325144  0.379892854705
0.540157612  0.447616869293
0.461811748511  0.604257283108
0.635030669538  0.541142899464
0.219150528763  0.546159145006
0.445170020558  0.400116857469
0.395858424334  0.529126102841
0.397375780145  0.507976645626
0.214348614835  0.423189619066
0.676125989625  0.415468508624
0.513481331083  0.481269123336
0.510821254213  0.584669556367
0.37682395473  0.461978749177
0.519965367484  0.277518520786
0.538141063099  0.415897254742
0.645252982443  0.707859591008
0.632201444693  0.632856913959
0.506302054545  0.446535893908
0.517808194983  0.664828920215
0.469990637716  0.423695680096
0.422195618021  0.429901307861
0.342926602264  0.364077568112
0.601661339528  0.552939921675
0.347318479944  0.340260160711
0.526568610028  0.4882474288
0.442641765143  0.49596857099
0.46709145186  0.385117057396
0.798207732428  0.526295638863
0.471834936078  0.626199331196
0.482903624458  0.516110537489
0.504044170188  0.310175334724
0.60309063076  0.492316467071
0.462990177078  0.623454625122
0.346526611407  0.615450246599
0.569001351355  0.491310861771
0.498252062758  0.459152471232
0.449794540138  0.417382254718
0.591800656873  0.508825700734
0.454234091215  0.56961676043
0.360342288098  0.519011388424
0.439858174012  0.488719081708
0.318084040391  0.488874398919
0.514994256116  0.389264960796
0.460875879512  0.539999816544
0.553853167557  0.420443008813
0.495850062587  0.515468641081
0.593485957672  0.402838484261
0.5552413957  0.620600661105
0.438475699208  0.498704769023
0.594625044246  0.433155377457
0.552999455619  0.473622500999
0.476173405762  0.39690237197
0.565465571453  0.508765281041
0.271973916694  0.442980442976
0.424146422856  0.465418262139
0.559920873501  0.395151197407
0.412454035407  0.490584397795
0.538017147543  0.428579951808
0.469128040237  0.191474537331
0.702176175427  0.482820268836
0.493400554319  0.607919907047
0.365000920414  0.484766630657
0.234814389013  0.425676436428
0.422904392375  0.62161714938
0.501109755874  0.512032996102
0.511634631829  0.591931292763
0.422238822703  0.432025407565
0.418104973541  0.287651299444
0.437358869294  0.317653317159
0.513055517928  0.435103744778
0.50234020835  0.4911583072
0.35822756667  0.692798465889
0.454641620702  0.576392769153
0.449639757224  0.667723610096
0.539061117478  0.484244138444
0.380574309114  0.551603703462
0.512458200366  0.294242684427
0.551313327558  0.555657361034
0.581875562282  0.428965640319
0.394178265659  0.427880505781
0.589898010285  0.35765100186
0.438158083383  0.458538911113
0.460810802448  0.376335465366
0.455737564717  0.37113958631
0.438622288841  0.450500039252
0.542581894674  0.47598733779
0.519100718398  0.264817780579
0.439944365959  0.601418404809
0.592779092715  0.409276825989
0.384016311227  0.42897175402
0.462329828251  0.392282569869
0.279876179013  0.519235176555
0.406383223697  0.594321394683
0.406512085875  0.428919615218
0.542538248581  0.53263266511
0.391173893  0.48713019761
0.520926588528  0.377490251562
0.637012344073  0.566590657814
0.504269972247  0.571281250144
0.715090778123  0.518437641065
0.419365094912  0.67908723557
0.568900779983  0.476973512559
0.388639756969  0.485200640481
0.527559796636  0.59710598202
0.449947052212  0.331629683105
0.4739519763  0.560374167486
0.531245773592  0.600445675814
0.484942197751  0.430506834903
0.551839886948  0.427914169698
0.422149007568  0.541973790213
0.362470609574  0.388961813281
0.506459874515  0.518832974041
0.369836033534  0.315231241827
0.56211293573  0.665885586299
0.331778139409  0.459468611909
0.477903857906  0.476774619986
0.502346139536  0.245587586694
0.458022059115  0.353007158152
0.511026635239  0.49364667338
0.358728502418  0.45344229487
0.436365200741  0.381182884551
0.443000669408  0.715064365845
0.509236858646  0.467951811554
0.463310045219  0.508634038851
0.388201862413  0.532669008688
0.59998795946  0.523463141971
0.565739400178  0.582624257311
0.573892278326  0.65602451503
0.436453410691  0.286789467505
0.421906248968  0.625694054504
0.411305456374  0.447652897297
0.527112208711  0.338888636286
0.332737142704  0.489272475386
0.520342337907  0.403761989143
0.592203468446  0.401819257944
0.166923281538  0.45129576581
0.539043243294  0.456228646745
0.486439373989  0.324326345185
0.546526349361  0.342571135542
0.394843612892  0.460448193469
0.402802036254  0.396768205556
0.531841800017  0.49499655935
0.506390022463  0.386545888607
0.611500712832  0.575630182244
0.395620955775  0.32537330376
0.518836293731  0.488268465932
0.541175995756  0.48284654641
0.572192251243  0.367508565457
0.343600096384  0.487940660334
0.594677126216  0.337341075957
0.642026952821  0.248809356296
0.507885905851  0.541685859914
0.236225069404  0.625488989454
0.519956562929  0.38608716371
0.463678747958  0.502236264798
0.334306040657  0.476427582785
0.517209416305  0.50061178634
0.507120574451  0.510211471369
0.304383127667  0.486671485511
0.423314115545  0.415189524101
0.291281527816  0.532545137197
0.406856503966  0.270954037546
0.406681769812  0.468493931992
0.404405065398  0.570012162491
0.483087806632  0.43671802463
0.522917726428  0.446265275413
0.512641522002  0.553706668562
0.466032584012  0.658411007452
0.451573062897  0.405728637776
0.4199903702  0.501481905608
0.492144844205  0.739718150123
0.338929402539  0.510484901883
0.474508355154  0.503706026314
0.454260935576  0.351691456068
0.551323497894  0.517771851553
0.402556006775  0.568117991847
0.327903808309  0.316049454545
0.387678668371  0.504856270688
0.509195370501  0.472985099011
0.448883967968  0.455363994569
0.431884972805  0.443809416456
0.383690679251  0.49854953653
0.333879335993  0.464211858721
0.432025013351  0.569518487316
0.322100072365  0.540987163708
0.398321553985  0.501503014585
0.612136318393  0.428281553647
0.529041259558  0.322551352636
0.422299934878  0.547687239662
0.464956539375  0.369185287149
0.486637249025  0.432464735494
0.57247734628  0.358307739335
0.348349931949  0.380326464701
0.574773073607  0.599097615958
0.411149091616  0.607460629887
0.402455192764  0.383777280161
0.498203310131  0.51173728387
0.400168670774  0.33836833119
0.431816279182  0.449818504578
0.47637620657  0.453673837861
0.53511758322  0.571288037658
0.39326792057  0.458729538817
0.466746669232  0.56143022551
0.364500747101  0.529278476501
0.333773657242  0.395181350378
0.311594736926  0.496245147744
0.318987885056  0.644140795411
0.373105371631  0.488985430024
0.702057392063  0.628692020129
0.471545765639  0.382368661612
0.50155170624  0.317875394192
0.492451665292  0.650138696327
0.579208029193  0.42697236192
0.355636253291  0.529008413446
0.369190996008  0.297997373057
0.304732840236  0.685009242249
0.482121947584  0.334758476809
0.590895780821  0.479130635102
0.457944499218  0.437392727547
0.28435351064  0.419175101112
0.725112331084  0.582127626865
0.493015680831  0.389725859072
0.398266010449  0.26737823427
0.449258294036  0.530448490614
0.555650141436  0.564545796137
0.454501772062  0.355879241666
0.487419298979  0.593181041141
0.462729179543  0.519488212572
0.496082874228  0.460134350054
0.488494301633  0.35248932609
0.40888225382  0.340351176138
0.308555285097  0.512389579275
0.561088357516  0.517908197025
0.486213054634  0.738944153832
0.488195049437  0.491820412825
0.392207842985  0.442431493654
0.547959809197  0.60853455284
0.518195947038  0.428154693302
0.473058263231  0.516158194931
0.430824159161  0.438382527684
0.358008963634  0.47119990478
0.514736254609  0.547863506698
0.451173500045  0.557231656386
0.408630266104  0.541425409972
0.403140473857  0.688005905259
0.517455388307  0.456246312095
0.421576388272  0.444696873031
0.518935976434  0.427379127685
0.385085646492  0.564400589658
0.496025605754  0.410314292658
0.52236298269  0.511534902707
0.567095810074  0.548281569185
0.418680793301  0.471424443115
0.38326468472  0.48598629994
0.29751378921  0.620808896811
0.475319249253  0.570825359361
0.387830740659  0.531668459368
0.467412736747  0.379396248629
0.657432289048  0.5916224034
0.391240470112  0.546834095603
0.581072743049  0.411051422373
0.609071974735  0.456123385428
0.437300728041  0.516299317402
0.470614261422  0.645077420515
0.680539238254  0.393578903586
0.609076548014  0.536811985554
0.400742043341  0.328705864074
0.599207242851  0.489971156564
0.509051411513  0.58610371569
0.484076367495  0.425146324274
0.505291134113  0.415960408895
0.537046025386  0.551580098254
0.560735466415  0.390583476813
0.379480197773  0.51548881486
0.541821820501  0.454580697535
0.345782244669  0.420830190735
0.542209140443  0.256270500027
0.512647450037  0.508772023838
0.550291820561  0.572800652645
0.45272212645  0.606293432347
0.428436023181  0.388754984118
0.509307193727  0.551625905418
0.452047740257  0.514806220995
0.417391411094  0.29993402883
0.594708340705  0.52364109568
0.448220885047  0.580386051631
0.417911850443  0.626297915306
0.531015231331  0.501128817091
0.391108758931  0.449982778919
0.518622778969  0.281656694581
0.534473376528  0.432358371763
0.52869699968  0.483976212876
0.643718183288  0.613089012958
0.506393192625  0.511410805315
0.572623247263  0.414897071686
0.468895352619  0.455788142182
0.369527366722  0.526737114934
0.564218086775  0.455207490334
0.511848349823  0.727712889977
0.344056539825  0.469913972277
0.533685585903  0.3403403725
0.18580078217  0.52286278859
0.54298050605  0.396537067019
0.298031354033  0.409663002703
0.528079091773  0.580929810336
0.570804914994  0.430972328583
0.451413602132  0.405210704777
0.469688757146  0.540990391929
0.694295595952  0.483383551299
0.587868608254  0.487294586483
0.504487145295  0.354787743719
0.471644520913  0.489162855958
0.483209667491  0.397075517156
0.511214710309  0.433798259755
0.364438370908  0.353143037783
0.512514069006  0.36909150209
0.438589463196  0.237338014942
0.468985816432  0.486828089514
0.436847087848  0.597851480477
0.344217256209  0.27447638862
0.499638875597  0.461831530969
0.356185830563  0.60486256938
0.364058698309  0.593476919359
0.500720748039  0.599095789536
0.460103690279  0.517130974807
0.432822734861  0.516221339123
0.383042754919  0.497979467661
0.569696392839  0.552451349906
0.615443711679  0.444772449493
0.55520499013  0.630859348096
0.62529942629  0.493457435156
0.376743749779  0.498327689398
0.404794111106  0.596297827148
0.547529260709  0.6468957819
0.296331569132  0.632821551213
0.531273566615  0.425303914177
0.398230991974  0.349516251777
0.398975575683  0.526501213031
0.436004117707  0.475107369095
0.531965367997  0.492617983449
0.512000741275  0.417113280102
0.599155164658  0.607348986655
0.681366421403  0.338167227487
0.45883816034  0.600237980286
0.52883103521  0.388832023215
0.323211377243  0.551108887954
0.500957665716  0.465907316451
0.469151727469  0.621915025076
0.442092598836  0.492881078165
0.566226300304  0.353716617344
0.386917521552  0.37848639025
0.30094236217  0.532374772765
0.57594366022  0.652490870229
0.392366669267  0.412493629714
0.457562340924  0.732005423101
0.615854008046  0.482348634671
0.421748699159  0.375095958289
0.404350206748  0.382265805574
0.568842978751  0.321495716782
0.395585531064  0.516957410202
0.363366067695  0.263421144995
0.539053840415  0.408271665457
0.484165101429  0.53026146715
0.667699248884  0.386874743422
0.245914520116  0.331456839924
0.530708744855  0.576976528574
0.373210593705  0.508195360097
0.41057510056  0.197434616996
0.592416576271  0.462617178103
0.493249692985  0.479416540348
0.466546654957  0.355867980292
0.401780507751  0.600543375794
0.332124258646  0.487799428141
0.740590435559  0.546526450867
0.282897182861  0.589293251688
0.485300508055  0.733674500838
0.681411533352  0.447112242633
0.494869706492  0.489034826961
0.541650526372  0.51794423314
0.62362118095  0.477629787086
0.629305035551  0.528212792082
0.566541595961  0.369121226224
0.522809287526  0.405835537208
0.583837948514  0.429448654336
0.652042069375  0.509897106773
0.501130471949  0.577467507832
0.406895671985  0.462363670834
0.524577903242  0.396555891055
0.513667290466  0.59982171742
0.653918023575  0.603526986923
0.587354249757  0.575946228998
0.367963308324  0.41912192715
0.398900504074  0.44088886549
0.36267107968  0.284054833205
0.40079819489  0.467757278914
0.371770012916  0.349649523561
0.556954979753  0.564483259394
0.530005931278  0.528806264284
0.461950429453  0.400459550433
0.659343142045  0.416186961592
0.690802010048  0.451450494689
0.530577866572  0.585872111386
0.532531835437  0.411382330812
0.48479961336  0.509540982576
0.359313292072  0.500345163712
0.626629133613  0.609682738794
0.346068118184  0.361518129517
0.318958383475  0.571095301209
0.486404914658  0.638163958311
0.382681290327  0.428213072496
0.477022159744  0.4441583187
0.485627324995  0.428037842561
0.275345416853  0.552476461653
0.641244180977  0.419984904127
0.461970402699  0.394414373413
0.292288058488  0.493903581099
0.407864625952  0.569213407756
0.525468876998  0.572795708457
0.310439910112  0.538747531449
0.350995384809  0.376284730395
0.468657932914  0.38561819759
0.335409672469  0.529621083297
0.461009787359  0.335482274822
0.595074776512  0.523898448604
0.542204173529  0.514640101861
0.600283124183  0.407438999321
0.520171244205  0.480302340916
0.264452749949  0.377051063766
0.522704873221  0.399676259055
0.323570547304  0.588970460506
0.523962928391  0.471955716818
0.506472414444  0.450121837527
0.545768665433  0.407081678177
0.302015705488  0.600884795911
0.289796045528  0.485661985568
0.275055747655  0.369605974545
0.464988505999  0.560617547612
0.492654848118  0.462666130762
0.509355295835  0.402388598433
0.389458509657  0.511502719238
0.439187643342  0.601235140846
0.613982947601  0.414009291268
0.489543857717  0.518283603388
0.364138656496  0.34100034517
0.523834297571  0.575962889469
0.536365621556  0.430391701438
0.448790061777  0.561024204326
0.361890434276  0.534436764738
0.236787537375  0.375460207809
0.502125725013  0.539701619471
0.544351944155  0.484964781257
0.363275858866  0.548474899756
0.438646153363  0.477514406957
0.667717935228  0.403671248294
0.369838860373  0.570014515268
0.545910910271  0.658421702577
0.572436313348  0.433075963634
0.534428423037  0.435064986665
0.584010200028  0.573665924544
0.600856834036  0.462159632004
0.572196030412  0.378709418632
0.485212489253  0.444143382981
0.520970165052  0.499474250725
0.501584858316  0.347194432948
0.617212494925  0.380213436895
0.370932704306  0.670440293795
0.3343549435  0.607459195756
0.345747845211  0.520454718745
0.370013496523  0.500302959085
0.541568007755  0.51748606503
0.462888853728  0.623069861615
0.5291520391  0.507464621559
0.382490843561  0.636264574369
0.553441222771  0.375356636371
0.34953033728  0.275767026351
0.348830612386  0.5932877609
0.354631912101  0.392441753799
0.591824779503  0.372540299429
0.50005803048  0.422600610844
0.413361777143  0.549139899409
0.665982474079  0.53795576809
0.408595658549  0.442837710765
0.463233457092  0.465951532729
0.29724069829  0.488125506878
0.32792262029  0.405598126034
0.419189133839  0.513255412714
0.733010825089  0.24675826036
0.474574806983  0.428935750939
0.699838370031  0.527138479497
0.490873988105  0.420675232426
0.389808914448  0.548953142163
0.262451179684  0.46070895756
0.394877040633  0.50092611272
0.231878386979  0.662188899701
0.602950001149  0.610527250522
0.570434521811  0.494931118504
0.51477841794  0.596796293238
0.528225924889  0.495095376585
0.317371181779  0.436616136538
0.526146660578  0.486068188065
0.47985632553  0.489270964181
0.544298855987  0.57349548788
0.461594318187  0.264736361235
0.493544357629  0.343065367144
0.58892181729  0.326630376859
0.575923880162  0.232732394136
0.407838778544  0.462244568762
0.467800125293  0.667027494908
0.542546796863  0.398729186678
0.486257333812  0.590883289044
0.335250240741  0.33252638891
0.472792312635  0.470046386214
0.558776344166  0.392841406011
0.372740424501  0.525060015102
0.417082382891  0.572622638176
0.551280101341  0.444771371415
0.334733704741  0.526126149263
0.465870985308  0.494683039273
0.384778769455  0.541530615801
0.444539302501  0.521231919014
0.485113159549  0.567272897682
0.458866123096  0.457802226582
0.584797169644  0.445807796566
0.58606264994  0.362764127806
0.441117980651  0.497592768694
0.538551211959  0.34746366948
0.63369456818  0.374124376595
0.35930853666  0.576068501231
0.611960487538  0.393258267609
0.50401954092  0.58496358789
0.520952696997  0.366617065968
0.725916238595  0.336376591615
0.428758632199  0.612645112811
0.393901844607  0.50655411076
0.597927944405  0.310872201727
0.480706900775  0.47457058629
0.434495062402  0.475797745973
0.590753254471  0.511123979483
0.482591149639  0.431361362863
0.692991907193  0.66984633683
0.411159530343  0.501437738802
0.335667481353  0.489458613024
0.563098678972  0.581922379449
0.473142084397  0.541619453792
0.449814736219  0.40010305459
0.390239648715  0.519013504396
0.463033241434  0.668133688576
0.398143598582  0.66361999959
0.469840194143  0.378797789375
0.414689987757  0.679235056923
0.487398867015  0.456580288546
0.424525498488  0.553307238559
0.487849891347  0.42510320611
0.561302239057  0.368450451683
0.526327248333  0.555158987133
0.462890166744  0.52093656688
0.639917688867  0.436835577848
0.556111729681  0.397284351045
0.453386887299  0.600102448251
0.585142328361  0.61264536591
0.535693867197  0.409564693379
0.442672533089  0.422706088208
0.35652358055  0.394753757178
0.477479880038  0.415000127936
0.451649202125  0.356850805696
0.601157852228  0.450306668842
0.442486491543  0.443482471696
0.700442744677  0.448457999439
0.512905754721  0.658158167839
0.587528545539  0.445760789433
0.470294329631  0.493541654899
0.468493233  0.577178540827
0.62457119104  0.559054584329
0.642693862232  0.479049159987
0.575518885297  0.361033990037
0.499816001309  0.582410767988
0.419246245874  0.468864188584
0.367165189142  0.491737515078
0.520018867969  0.43074894456
0.432269922021  0.355975546982
0.455484156041  0.465019085522
0.397258451234  0.422552834473
0.354459878841  0.428019629724
0.451004255691  0.440392334526
0.317588020614  0.226371614548
0.292988097166  0.36660341156
0.533895614192  0.569670848826
0.666037383032  0.434624489418
0.459705707515  0.580845927561
0.371881158116  0.186485227399
0.461799085861  0.588064057404
0.494183246032  0.453480646397
0.363814833865  0.510847322422
0.522684562434  0.62371253743
0.464823409363  0.480776077006
0.493331645096  0.594649175278
0.544289060757  0.58726922591
0.613665889693  0.603944878765
0.565400437502  0.563840335224
0.370864071081  0.449581014456
0.277725637947  0.324735485042
0.530927472582  0.58164681039
0.362132863948  0.483930372422
0.317087030676  0.564987062514
0.414108200807  0.400635296996
0.53566056662  0.517908560447
0.402613363979  0.407137183607
0.597946289884  0.459767993777
0.42122043934  0.428392168703
0.349079686497  0.404523041389
0.547472981074  0.589979050177
0.693942225937  0.496157172193
0.49110986465  0.447510244251
0.445649511757  0.351251672068
0.255039986398  0.532381965218
0.379179798267  0.605330788106
0.36709638564  0.48539019193
0.614468588894  0.337978286853
0.311991607857  0.449594647205
0.46483836915  0.687939462831
0.34815451578  0.512926643722
0.541767953839  0.490347800228
0.415339799187  0.513065928566
0.402767500333  0.631422944446
0.525328938771  0.575356372963
0.435623661787  0.446634031243
0.657788709407  0.498370200982
0.654584632845  0.608341333747
0.560045805363  0.388326478791
0.538153111868  0.486363013924
0.356600850978  0.241197274997
0.492988315033  0.560041772372
0.356641358279  0.629012191975
0.500035424267  0.373643936971
0.538302732262  0.437478587225
0.471005283425  0.50368414651
0.390882252517  0.471324077676
0.469108866912  0.520746559472
0.780333525876  0.619825135301
0.660539415388  0.332652345557
0.571839778311  0.351346949624
0.411381093885  0.350068135543
0.552299455402  0.544178013245
0.346365465172  0.505267756072
0.357705639669  0.629125992537
0.642188451027  0.198801083758
0.592260594238  0.527574786472
0.484268025787  0.344320978449
0.431729750436  0.514151025034
0.446485369493  0.468367950213
0.505738523396  0.701085776902
0.592930697745  0.696433392955
0.413335233626  0.509086955295
0.460619730214  0.511591725441
0.559019265871  0.39102555886
0.491820996935  0.401157024712
0.512344366201  0.527843974189
0.635275207152  0.435563231858
0.544756726918  0.48452938886
0.396987145094  0.613011674581
0.595072315589  0.419402620636
0.332398829649  0.373916806049
0.479088675768  0.477747500843
0.485645383274  0.411895602881
0.367204684895  0.439123313467
0.543560522545  0.46239315435
0.57635796524  0.496572069468
0.557314485197  0.483183717181
0.316233093189  0.388737856709
0.264825399702  0.362270034374
0.480874804267  0.383517353863
0.417986865869  0.409124295378
0.334915023828  0.419347862884
0.557771798139  0.452202149336
0.522439558343  0.324219574901
0.411312577409  0.559300069442
0.351666695568  0.393509386941
0.189966435206  0.665984700849
0.492803165413  0.543636617545
0.405465230385  0.532152023412
0.501193899547  0.560893257054
0.506042945268  0.474558595751
0.380285171174  0.486756302611
0.512639812452  0.391617689748
0.461477500258  0.44223567418
0.610712885109  0.399459596115
0.544227492592  0.473037905625
0.32135443073  0.612217940062
0.611042198377  0.493870264474
0.282860265547  0.305159687314
0.363392577294  0.462490617914
0.385925789856  0.41443685468
0.52289300182  0.49450792513
0.637270345762  0.661645283859
0.530905067594  0.491723897347
0.370371005625  0.682616514218
0.446327251885  0.567186468003
0.499106108653  0.447640801438
0.404142915362  0.58727583942
0.599298983514  0.43703536727
0.541393812273  0.451279236043
0.402048302929  0.621278710843
0.41605390469  0.45999710151
0.670472431425  0.524741543903
0.573371174635  0.62393173758
0.333004471988  0.466305051248
0.530481821966  0.607938591768
0.521084812046  0.365191953929
0.392991439443  0.547677091067
0.392386887464  0.576971275651
0.477044152769  0.398254500965
0.609041771476  0.544057030518
0.41870879044  0.415521339128
0.411474857529  0.41088920622
0.547684586907  0.588516162649
0.67230906372  0.496627362476
0.431115842716  0.488124933767
0.432954930418  0.286574054989
0.471934949753  0.618403015191
0.4297847901  0.643911143589
0.531346793275  0.634735479237
0.444025251401  0.565498902066
0.356396589783  0.328148494978
0.691093136291  0.673783462368
0.635464590067  0.462006977262
0.42684990324  0.730113778263
0.444805963009  0.568554779458
0.371328228068  0.568221077186
0.542905667804  0.49348234768
0.468962488771  0.509844908118
0.404270975165  0.494981694854
0.359392523137  0.419424496763
0.494290784734  0.30129712694
0.427351016487  0.515608866027
0.53896601524  0.584481310918
0.475549553081  0.414508512542
