0.516980477136  0.52602412464
0.530052064497  0.286605166452
0.572691891063  0.464810735835
0.491250832952  0.515500203357
0.513529743457  0.578270542186
0.55629433902  0.38934923144
0.508478895277  0.357433358665
0.556189354687  0.542587971825
0.305690673658  0.672196587131
0.45052277849  0.522102298485
0.462886415036  0.590605441093
0.445285049413  0.382431561907
0.41888676706  0.400131462352
0.353953746712  0.31095910178
0.632202854371  0.53393766945
0.450433379683  0.315826042606
0.65667040287  0.53617711928
0.503093730649  0.538648204739
0.563452455455  0.35880584687
0.452469774748  0.397898826845
0.365309494029  0.474072232703
0.538441417969  0.577030682963
0.330131879826  0.734741260364
0.437857832787  0.647427593996
0.391947673194  0.491199222899
0.57919533441  0.505898447187
0.510555766535  0.367344912005
0.404505446894  0.47965934655
0.404435988951  0.626012673385
0.414146194367  0.472675404515
0.626530291967  0.737670810195
0.369444382163  0.469948321491
0.500188016846  0.333407173379
0.685113109775  0.504237950992
0.37670260009  0.56981543837
0.627795112035  0.355505875698
0.64889233006  0.335697038712
0.659886356732  0.498833685556
0.409479851576  0.594727724675
0.615570634773  0.314081847345
0.584105156504  0.547411014675
0.459128805415  0.507583128551
0.38584177806  0.588702957263
0.460766714693  0.323710942224
0.596506875102  0.640685399665
0.561738461313  0.513591202184
0.333577784542  0.432594151154
0.30760957943  0.530530396026
0.540751598906  0.461897427922
0.518512451848  0.559601123583
0.466052475726  0.515125784912
0.598446089729  0.649361779972
0.347128430788  0.531682901579
0.699872767578  0.580791748028
0.607376320937  0.571097227431
0.711229002971  0.57603342353
0.49571265197  0.475625349675
0.460627202856  0.534041176306
0.638398691147  0.380789006771
0.607790483266  0.584129628369
0.33154354966  0.477908705131
0.570944906443  0.528162648545
0.439480014641  0.481287391308
0.571331968451  0.572519049602
0.439913389211  0.571928680255
0.509955706577  0.480669404303
0.415892643584  0.580715518292
0.500019855729  0.420408389756
0.359851779572  0.639029774249
0.528214539518  0.602554513207
0.335983093531  0.512368950583
0.49991631033  0.292114068605
0.470405031542  0.324008586743
0.412809030199  0.371656216058
0.453180482927  0.538688319892
0.358639734598  0.446185079737
0.495499198066  0.488862333858
0.33991499807  0.401078483971
0.319484721189  0.442504202406
0.490924195272  0.656329724766
0.486368345022  0.416587709553
0.497410702971  0.537078405322
0.41902089881  0.407084103486
0.339449224417  0.600088498656
0.515036625714  0.573268354498
0.35404888082  0.429844995044
0.408725250272  0.397415503423
0.552620241334  0.411336898939
0.569152951521  0.490680561129
0.589268804645  0.504926468108
0.651492925579  0.341633716069
0.438709092513  0.625417682109
0.400570426395  0.585935739915
0.6623068927  0.629123851388
0.571025596209  0.497871860215
0.371891904358  0.408853929299
0.526889639173  0.473680410939
0.503805780076  0.550366995368
0.354985290103  0.332229135974
0.464745809564  0.287044605296
0.696856118913  0.512093927021
0.6808357275  0.482009493251
0.500965719911  0.536012391739
0.575758997236  0.557749103022
0.347644937109  0.64798082863
0.505220720669  0.56765055966
0.593070313865  0.455475691607
0.607835050365  0.394256165451
0.666226431243  0.434894625455
0.493946795989  0.529665086937
0.412736887921  0.406173493955
0.553610958717  0.458723452833
0.502781454526  0.435285914888
0.464599902258  0.611188820988
0.515794057084  0.458949418912
0.259994495024  0.524053061357
0.468943848268  0.495874831018
0.570775087957  0.517544133789
0.545379401455  0.475036070836
0.576483432359  0.523109315577
0.628002080482  0.54516109478
0.428739299554  0.584220181205
0.512175793076  0.54030749241
0.566196279357  0.43270160708
0.561904543542  0.696773590829
0.556170157823  0.619900610857
0.551153461937  0.614821895105
0.293476499048  0.427933365548
0.470591454767  0.461309326661
0.457476591663  0.503358986316
0.397225731795  0.350300424108
0.423358320531  0.426736514229
0.390122022554  0.631083911052
0.55201330963  0.458657999973
0.315945238217  0.36391183946
0.397253758224  0.441258444015
0.445281626705  0.45120213194
0.444593428123  0.507570212259
0.563499405175  0.565586208775
0.435675848545  0.419492820488
0.501673589244  0.622671760725
0.544097413115  0.421581733864
0.646370388688  0.402620372577
0.435933492146  0.393646148312
0.316704354373  0.513460751389
0.536897330208  0.723172869536
0.39082847487  0.485460267831
0.446237628533  0.483467681269
0.65501061751  0.623718154978
0.591140235218  0.519296477721
0.529236509831  0.521018498003
0.401567845161  0.383913723308
0.580958254317  0.50660889282
0.596803858206  0.381139558679
0.489118589397  0.477600049677
0.622253478151  0.350972497023
0.555688527256  0.426783056293
0.553846758946  0.520464397546
0.533538910159  0.752218191478
0.434359745475  0.407410557961
0.543706109863  0.729082314128
0.509426017775  0.455446125289
0.458477545328  0.462814114989
0.411122775901  0.446651084847
0.541187993562  0.499841254474
0.542009893448  0.494616039026
0.481451749186  0.563134312739
0.524330889785  0.533482361902
0.437963523659  0.568130367207
0.505570739131  0.68475121388
0.350795573943  0.613145545083
0.487866061446  0.594686169338
0.430610783745  0.404488317141
0.469299844891  0.665321701142
0.307461247454  0.373835862257
0.491132053319  0.509088490424
0.451785541961  0.552765812836
0.429963284405  0.386228261661
0.641023934169  0.58413919773
0.466758491804  0.417438309287
0.672634974724  0.524465928038
0.667591658298  0.306253768251
0.484681408928  0.571917952922
0.497439007554  0.441426516972
0.454935114143  0.313209984747
0.324137503288  0.57734594657
0.466428817166  0.525607144918
0.421624914188  0.48385168849
0.377740088309  0.516582833899
0.601865598427  0.549138243379
0.53016728111  0.448325155015
0.497710816838  0.59485646443
0.505837715073  0.485199293716
0.479415456801  0.467286186716
0.550183868001  0.549836695852
0.394130142601  0.511604554134
0.467827441713  0.353524862489
0.504219120665  0.464015809297
0.578556932844  0.490701170422
0.540920332401  0.626365459344
0.774991097738  0.365518976677
0.378614842198  0.387578488705
0.652636696229  0.573905146444
0.573670266448  0.432186318533
0.673366302435  0.400732515328
0.590045076971  0.643433649458
0.416441150249  0.528828693382
0.546137391986  0.431737779322
0.637288626895  0.253522564883
0.529111639045  0.432356324899
0.594803255978  0.607504895923
0.55821342938  0.699773878598
0.653055953915  0.612957619361
0.42507256684  0.435511356803
0.581755151426  0.46961760406
0.634565361739  0.366772409297
0.667230271344  0.673003039992
0.709870135568  0.562213596318
0.533208620479  0.103653532108
0.354418045534  0.37190310321
0.379633319818  0.337418774033
0.593440197044  0.44756167936
0.628925783666  0.497365285483
0.45299140282  0.332774530299
0.578269061229  0.463398551106
0.454549525061  0.615343496784
0.495541608993  0.340694596983
0.529271950362  0.298327127227
0.499544462372  0.546016585485
0.698489656878  0.491718289413
0.449737451004  0.395718270111
0.452791852148  0.487439580163
0.569318612198  0.505610807306
0.496522556055  0.434860832783
0.568842752377  0.444673581386
0.448448040326  0.453917619833
0.431281862365  0.46905109291
0.523829830621  0.533605160157
0.421606960337  0.435576641049
0.499735844049  0.336300628104
0.46147465428  0.388476423703
0.534186073687  0.313050748892
0.580184984235  0.552879796931
0.425973259488  0.505086599061
0.439366876568  0.528749074237
0.605754453945  0.484117966571
0.375511745372  0.44336577388
0.646796184924  0.336937469141
0.509133091079  0.396823776624
0.484079003415  0.553014435764
0.445681719721  0.407907562123
0.487314741515  0.496627254467
0.447151146952  0.423774114232
0.664749084909  0.343823848491
0.586679455591  0.43622188198
0.523464840598  0.536954289734
0.434609175357  0.471910186187
0.448609250207  0.674054562968
0.592944330125  0.624322510616
0.396590636818  0.450946936916
0.462210371822  0.444258746736
0.540638744295  0.566173029639
0.524883693511  0.482494385169
0.473244508388  0.517720806296
0.453447065046  0.391077242357
0.434639125194  0.32001387879
0.418909307283  0.401493992939
0.56742185246  0.366253183533
0.644046956153  0.467714187774
0.470710842192  0.308436485703
0.535552818743  0.510381512225
0.535138643532  0.581041143605
0.512137274764  0.433307598299
0.423113854936  0.432698049552
0.475218369535  0.543294155819
0.588316012145  0.569897456522
0.552670561871  0.412871981962
0.651069001147  0.492448814836
0.492382656275  0.434458480624
0.465224482972  0.62613213392
0.407283582685  0.348679544154
0.42945965702  0.357389342596
0.468198866065  0.47104049864
0.35405084433  0.273537049946
0.398936660288  0.435987657705
0.400344849961  0.477809231071
0.618168124532  0.444011823021
0.536498382647  0.33309733094
0.520603140867  0.385133645552
0.352053335528  0.488886792252
0.363320497407  0.292484480266
0.554351889604  0.398094092732
0.391614903972  0.306011297147
0.551420813566  0.373165547046
0.385914503849  0.356426361822
0.484230772314  0.422390767738
0.460833186289  0.393328798
0.662235527901  0.401226413444
0.446945913393  0.582549340123
0.528813660975  0.533090966206
0.46158093981  0.438928573221
0.583076591265  0.426755403892
0.611611107139  0.500940379359
0.553271466201  0.424433735825
0.438196859194  0.341073675644
0.461497237265  0.574681027571
0.455541738295  0.552508111572
0.4018075423  0.212819090695
0.473891176811  0.424473927554
0.634787543579  0.464480644368
0.46191352484  0.684994912249
0.585029349236  0.430924437998
0.679086378527  0.407789410227
0.4192147258  0.704818384518
0.762569209094  0.521892693775
0.514359261162  0.304298704138
0.52996719857  0.409831544749
0.337353147074  0.683103618106
0.420272228483  0.393607128318
0.320098205762  0.451365707513
0.474140671091  0.464920122797
0.515311007641  0.637005698068
0.589968611033  0.493708067831
0.455242643089  0.333925122238
0.569559885232  0.46014639809
0.38402533094  0.537247827387
0.51168659788  0.393610642359
0.474528477753  0.487142526598
0.398658043487  0.385592595625
0.255947269572  0.487963160316
0.533158753825  0.599376275331
0.639051300593  0.31237099496
0.41959640224  0.385133130755
0.470647217058  0.637497312159
0.54739638174  0.398723435708
0.438830038963  0.476246761584
0.325682205519  0.460431690004
0.641698274299  0.401862196174
0.576494288584  0.435897168779
0.633763594265  0.487421177335
0.304298432488  0.473654073661
0.533797183026  0.476430258151
0.556986410836  0.554339355773
0.560583862008  0.333799847553
0.471114995275  0.461418346414
0.526925683831  0.425308646439
0.531962778494  0.650036243729
0.515915468824  0.537598229925
0.645839128426  0.388383504055
0.495015826112  0.523019613479
0.548538646249  0.258427647487
0.524905320137  0.456006314202
0.548480527823  0.592313576738
0.528749409147  0.484937686067
0.414580383613  0.372890338666
0.476322802907  0.384497810041
0.339125156533  0.574791277542
0.531471824076  0.531397779479
0.485764710493  0.582484244295
0.541567475665  0.431104054204
0.314464241716  0.51136845389
0.698565695518  0.365213379703
0.550547514501  0.578213018874
0.451994552614  0.500736546285
0.494510830202  0.664472571525
0.486708433431  0.403878948314
0.450543572227  0.449149148963
0.439056310857  0.420974740115
0.552977102855  0.302195865187
0.392422721344  0.415751097055
0.511001060033  0.44237215386
0.3328492492  0.181229968159
0.587171891488  0.629421827886
0.477947238924  0.496243966816
0.493291853417  0.403011234491
0.497973509343  0.478626021543
0.313502635308  0.554247344529
0.646154537196  0.246138421233
0.353687546097  0.387989364057
0.411154454797  0.0945837634512
0.599797922694  0.572668163928
0.496637196266  0.540775051032
0.372807271318  0.469368642991
0.52165697499  0.506598408004
0.502159677427  0.71321889704
0.552502567816  0.427422570404
0.525714964222  0.527730924592
0.529424249218  0.549493782235
0.476264561854  0.290024149431
0.521111431917  0.599201756231
0.543946977568  0.582211196076
0.515458766341  0.374600352792
0.312572672637  0.447282590631
0.586110608935  0.430514208667
0.47987269815  0.486969388611
0.496123786244  0.588766980667
0.53541007944  0.499245443828
0.443603790387  0.475000929117
0.498131481001  0.243376494349
0.573653038236  0.444916203625
0.625234220045  0.462463315736
0.572738654951  0.500979804207
0.57907528417  0.411100001677
0.416124690845  0.528578561118
0.50054414411  0.254520035784
0.615179924279  0.411414409986
0.415373043936  0.457887919985
0.561522451143  0.459132633759
0.511743855355  0.483806409559
0.520417746996  0.487911559048
0.429788365502  0.41542705324
0.376818740111  0.46951210228
0.540750347629  0.653202149264
0.388861064995  0.584228116406
0.335415919286  0.501368338612
0.544088886088  0.480228045396
0.473525069538  0.312079457956
0.638660909159  0.712522603694
0.389327687474  0.746248931598
0.639061164656  0.489037317125
0.458713166245  0.735239047487
0.472765414782  0.493241521907
0.452592350429  0.485878424197
0.389825945911  0.359596532172
0.458962941411  0.4437242897
0.486489680474  0.525372567517
0.576926135784  0.678623697768
0.592232359469  0.341698082095
0.509394380468  0.435120085845
0.741158628404  0.418935440416
0.546827792552  0.36092307275
0.460106009122  0.421936174479
0.432854277314  0.482390916197
0.271716534466  0.448870684808
0.643647615677  0.56122944381
0.422104110995  0.426279643247
0.48945457433  0.461382197808
0.349069676593  0.486928483384
0.552684007016  0.430166655266
0.588685033933  0.570888476375
0.485850004565  0.556547043557
0.30842154111  0.434062863028
0.557464679804  0.44749717184
0.597283206981  0.5804359738
0.455425886292  0.565799441718
0.708391158906  0.418491939464
0.522471367419  0.537740491659
0.552884050612  0.512113295472
0.387835082641  0.534296639398
0.447417610411  0.540952593451
0.616394356595  0.282247517452
0.51821449149  0.477751634417
0.490734771109  0.543429483763
0.507161044999  0.499749795799
0.388742432818  0.574864997803
0.511544679052  0.500679043791
0.445148226986  0.529152802308
0.55099931523  0.356865308378
0.488485713484  0.474796727861
0.43757196456  0.309121818024
0.4161841305  0.538509115234
0.495046969136  0.463966190183
0.443251554264  0.459304492315
0.585469707926  0.463225641029
0.325571706913  0.412326648415
0.609557427512  0.549818266057
0.495016511254  0.352867472972
0.437095833881  0.527835384222
0.470037173711  0.496243818971
0.550802100768  0.559757391113
0.370575496343  0.553632467316
0.554839344118  0.45110327775
0.384795199792  0.535232956856
0.574629647735  0.441447527221
0.588403354055  0.458250548327
0.38880094521  0.353431055528
0.515456828844  0.354323875391
0.545671458017  0.474043119587
0.410000494393  0.350351565466
0.553731908704  0.476732500886
0.367450635222  0.631859285465
0.682274933843  0.337777278956
0.391587266905  0.278988951013
0.568340768184  0.391168372402
0.505743200114  0.369618962547
0.616925649493  0.450488730157
0.531310919712  0.494682766048
0.572795187457  0.532869035511
0.472586426175  0.477805973197
0.457012859495  0.527113228956
0.48265662018  0.43403626589
0.511391376034  0.655538511642
0.483834487372  0.425552057144
0.705095942693  0.425972126619
0.60777820607  0.51285725748
0.472520719869  0.424633969614
0.478317767199  0.422355111828
0.489827772792  0.527049021187
0.645152504917  0.312625820624
0.471877242151  0.45889472295
0.409811161615  0.589723197073
0.636110405398  0.518976774626
0.501793157211  0.686751041003
0.641186169348  0.542476184262
0.443898904048  0.477940210782
0.705795250137  0.623836360335
0.517753261861  0.488400284646
0.595455489761  0.464675662224
0.458120151364  0.537254650796
0.497200263338  0.393452322281
0.500205831386  0.408729941508
0.356014047346  0.341135912826
0.473466098936  0.526172093562
0.624258599036  0.378132669627
0.55512786483  0.541179586129
0.428497918561  0.386640890526
0.48981222974  0.60753905436
0.435925203777  0.49242916667
0.555518350498  0.461398376886
0.613954568853  0.325721106095
0.540769436647  0.428773192144
0.420925531463  0.521826484584
0.508962478238  0.500055387833
0.527807445241  0.548764687712
0.66824682592  0.477509051149
0.499569068682  0.703958260887
0.657347689147  0.452130523752
0.54520750267  0.495208958749
0.494851190532  0.407746436687
0.287644988883  0.54572701556
0.371623880677  0.531000340011
0.442834576266  0.477689634076
0.533896433001  0.532409351286
0.541117850555  0.512932069047
0.507804652984  0.510458197887
0.315157575985  0.424612131633
0.66636448742  0.427082795361
0.57100868456  0.42717055931
0.443214478699  0.41044559719
0.509927149632  0.515968017963
0.515267163629  0.459351887087
0.622393975977  0.52325200899
0.347771548641  0.482054317633
0.5113528431  0.497954851867
0.600960593013  0.505718832296
0.611167736238  0.542958412348
0.607979335227  0.570259167975
0.458148111971  0.406179691171
0.594271769378  0.575707903655
0.357279677655  0.357366675586
0.560850970561  0.371178486301
0.489634313793  0.389709803025
0.373746581802  0.438474503726
0.425546890465  0.465687721767
0.198853274981  0.496436677796
0.596002399281  0.494025209398
0.447307263742  0.406584313545
0.540003824919  0.495158424516
0.493710633284  0.501774400725
0.505972162143  0.43244128741
0.241646784124  0.462776418054
0.417547797699  0.538125417753
0.367558445298  0.455920729566
0.513797327563  0.638168653235
0.483056123508  0.437608897008
0.466450355363  0.468353008909
0.426690990738  0.485397916237
0.340393953989  0.526079305148
0.618533252435  0.82187710544
0.413798146757  0.636068743453
0.516133621426  0.229787872817
0.403155587694  0.551925729536
0.369767987461  0.50117945923
0.492846692365  0.473632020731
0.629912194015  0.442820451696
0.518461402954  0.485441674408
0.416211039703  0.451404047608
0.489022034329  0.517078969494
0.511367287041  0.643457444513
0.437037343353  0.532654312479
0.529605493943  0.668318645155
0.564547300374  0.468374679257
0.474196743891  0.479481540918
0.48291901802  0.555925744845
0.534805343266  0.616516685049
0.502467025301  0.561951616626
0.503265752879  0.345258747867
0.668009859142  0.574479385849
0.554427827739  0.4004489244
0.458802310533  0.496955434149
0.42546681352  0.473666370514
0.529818880125  0.338594921616
0.669505442484  0.411744302247
0.287028397985  0.443302067219
0.436270789194  0.552896027307
0.435860111845  0.428569952907
0.552770234888  0.483196493105
0.445356596516  0.3810973104
0.474193532468  0.502213549658
0.338962915454  0.700754153473
0.555855506009  0.549037336611
0.472845075265  0.485169030474
0.482528502213  0.423927654997
0.460958003067  0.465940824082
0.653350080123  0.31889494736
0.715542402962  0.340135038421
0.517152452397  0.222106464287
0.743700851344  0.578679458785
0.449746204994  0.496198307006
0.424228540962  0.465542442672
0.525528337081  0.431090299089
0.638289236017  0.58833997853
0.721961588627  0.415836919332
0.469540244762  0.682954174429
0.54481000936  0.568074403013
0.562015508517  0.453896628676
0.450809542313  0.458775787273
0.489092192537  0.548394099437
0.51358146471  0.375055710956
0.460270736818  0.430093601515
0.371304434535  0.526124161485
0.499277482934  0.615008114931
0.313968857803  0.539878278687
0.522564739386  0.491277308177
0.679271891462  0.692468676766
0.47555462507  0.677083121812
0.280550171967  0.425705679971
0.456150957305  0.409196757507
0.581514903829  0.391796218505
0.491262262042  0.581961500065
0.592507426876  0.5565039705
0.393229279357  0.329194203023
0.533906879629  0.539674577703
0.438670355226  0.543368860683
0.467642423731  0.56279525675
0.579698529771  0.324756994139
0.495768837216  0.607371564977
0.463144501718  0.412962573175
0.552950090566  0.480233223097
0.421811571987  0.430981615907
0.608664802456  0.256296056883
0.387054682563  0.398759032894
0.395296137856  0.47277952067
0.504550947946  0.579465970503
0.515846245903  0.509404936175
0.428085700615  0.337097337447
0.531703900289  0.356254278229
0.588631872727  0.541475469319
0.517044772402  0.521251357423
0.303786805686  0.603498064358
0.568631615773  0.384145638819
0.680186514686  0.383299524746
0.470716042321  0.511558030818
0.427883921651  0.420210037422
0.660546836323  0.454964399414
0.346602427575  0.427922859452
0.478949832462  0.363675345346
0.535670648286  0.353053991443
0.514771304618  0.510918408806
0.48000079306  0.60800448561
0.435206348477  0.44109491761
0.36468906833  0.421566904813
0.627675340615  0.395465257805
0.503156066274  0.613053623645
0.426741851064  0.436481104673
0.538010563126  0.431819419541
0.497023522702  0.333411256339
0.661340066317  0.512074320035
0.537431051605  0.379763698132
0.678618703189  0.43611867574
0.340343901425  0.686732918017
0.484033164774  0.560838521448
0.582797014911  0.508443033852
0.489570726526  0.424903389036
0.568061232004  0.554377471356
0.580121574951  0.42178290485
0.536363058811  0.264028983426
0.32997960642  0.320861070964
0.481849007456  0.586653430059
0.535491970342  0.419777378341
0.594375527073  0.446431789041
0.455391482568  0.362258243025
0.59353773287  0.560636504603
0.548534811546  0.582055910257
0.479769235999  0.5280261733
0.698956961041  0.539957007423
0.388316546883  0.467621835272
0.494688672939  0.471066374312
0.594405778606  0.563970664881
0.512291286878  0.32849084953
0.548183702519  0.525095097645
0.425692636881  0.384018490853
0.371429847053  0.487085001543
0.433727793413  0.400981846534
0.29290265962  0.548984784564
0.369899758346  0.589534471608
0.473367758617  0.383416998897
0.571848689918  0.524801074521
0.639260474687  0.551537806858
0.557393452606  0.441589013697
0.552014016428  0.428886883934
0.551808984846  0.694655003375
0.549478460683  0.508680213676
0.547951035336  0.487111675497
0.554005575978  0.473191423178
0.358557351992  0.521109063574
0.484242138037  0.484193051366
0.313139269663  0.385583540563
0.500295966034  0.410042790991
0.417941859071  0.557389194001
0.569998157528  0.469162085629
0.413493248553  0.505991215603
0.482133866075  0.381887741377
0.554630571123  0.274941367857
0.457586670287  0.501115755725
0.500397279554  0.51538185083
0.606139920114  0.350253537921
0.472502969387  0.57614661458
0.540721941747  0.649985848917
0.297192910631  0.424543249494
0.369668993022  0.640997405951
0.523499405297  0.34480481201
0.352530189565  0.475048832119
0.549622294076  0.459386545361
0.445386632316  0.35169489367
0.51436785563  0.511771932277
0.556200987744  0.541532112353
0.577409427892  0.434195434335
0.430723092802  0.645302183036
0.474246434622  0.369815650199
0.33549130923  0.213462612672
0.317462342529  0.374449043626
0.378244306082  0.432783058046
0.596450703987  0.63201938673
0.401186543395  0.540011843941
0.480938964  0.330814120425
0.420762431451  0.541422000448
0.436862065444  0.593904551626
0.388979991883  0.51964676625
0.440486169268  0.561160404958
0.383225145244  0.462722723223
0.366588695101  0.229658142461
0.539282519254  0.350165120068
0.715796664092  0.721867540258
0.486203704741  0.474869698421
0.58721681686  0.459150649541
0.521590196359  0.382556282815
0.479062141788  0.391508894623
0.405244314247  0.491180314797
0.411121850983  0.62134578558
0.58917415886  0.353669904111
0.456254085024  0.631524140082
0.325760214951  0.523492825649
0.440708906128  0.419630707093
0.512513868589  0.616049563009
0.674908327118  0.478826774835
0.376145676232  0.476076080993
0.568907222502  0.391152931997
0.549773512738  0.428256159861
0.577134171475  0.688303410791
0.699392313967  0.657330310626
0.395746775534  0.529723770912
0.373470956536  0.487888688534
0.477927865597  0.491105439591
0.536838347336  0.503156081346
0.521427705623  0.635867353817
0.492443505762  0.424565364177
0.474677795764  0.471697672284
0.536689357098  0.415909252221
0.385124183763  0.410510351111
0.5382561906  0.56200698639
0.628168761722  0.44027152294
0.52373785037  0.465365317305
0.352611389682  0.438643156827
0.321823113372  0.469968127842
0.399398630887  0.684010806105
0.396397251787  0.514072364004
0.404266685464  0.382192140325
0.47925844648  0.352405486971
0.490911659836  0.35551698183
0.466233436065  0.527355635421
0.390348121942  0.498290714033
0.662597848349  0.600066182776
0.345332698593  0.286238393252
0.448006050053  0.437405968015
0.628697462361  0.316892915552
0.408933162495  0.487274701195
0.688901038928  0.592962691145
0.847819272778  0.514887390976
0.479286321409  0.460172487861
0.312951455224  0.432158916592
0.485484403648  0.531889917108
0.442089078252  0.482013356283
0.418726861722  0.39915672937
0.485584669087  0.443885847579
0.66004650464  0.438896521033
0.77150615156  0.418248556062
0.408382722731  0.350177151373
0.571936256542  0.387393937528
0.522023117602  0.439827767647
0.560516568932  0.379353396632
0.53764407044  0.440227730904
0.685158809567  0.548940304521
0.542851697929  0.588159075469
0.394303756569  0.563160041657
0.490407574671  0.353239310636
0.400599733583  0.417629569832
0.490861489181  0.595095905187
0.574819670563  0.418595013918
0.361895903283  0.366690213821
0.440860714673  0.419404436409
0.559685229987  0.421524359177
0.57194039936  0.525565744034
0.559096759777  0.444010458391
0.45686879336  0.526442983494
0.553509293386  0.565635267478
0.520522638323  0.485273459558
0.431770784296  0.430322504564
0.596981140282  0.543724841755
0.600508351577  0.42634216883
0.378478636651  0.378116872959
0.490882591645  0.304285830925
0.431394120382  0.560861318228
0.515532668515  0.503509402116
0.391653336259  0.471367363963
0.516678949781  0.528459988401
0.610681858631  0.459121459872
0.651801809186  0.445167989805
0.549089098148  0.326107267161
0.535124044868  0.493934997843
0.475029621871  0.552251629956
0.691219748805  0.299941980269
0.582750643468  0.445150270598
0.450048003404  0.50927359915
0.514223659118  0.53541948454
0.452737043302  0.654795329226
0.438013512883  0.400048184801
0.494083791926  0.454454068929
0.385076464843  0.337894679054
0.713892198563  0.474214496794
0.356785877346  0.582636616253
0.55595893173  0.394593281322
0.527917520295  0.43015116061
0.457456829761  0.612458136781
0.608632485276  0.379647742663
0.37374385836  0.498196447952
0.46584578584  0.482594949728
0.479981265865  0.436207295308
0.482247958623  0.347350773093
0.518877246602  0.421235395302
0.466680957378  0.383475583195
0.46389962649  0.53864620631
0.426356161697  0.436447119502
0.420372997812  0.432477283413
0.487394604104  0.329279238397
0.560169090099  0.427005415729
0.492405155292  0.513210040524
0.505147233195  0.438039890855
0.478558935408  0.461624807052
0.287428473531  0.528944588656
0.39563360389  0.627624163543
0.331961006703  0.30548453672
0.564597251769  0.381597669502
0.331768906943  0.491370320511
0.528608476898  0.500062314287
0.463338383598  0.552654744015
0.700187761867  0.466677710039
0.3843436242  0.349699156654
0.378486774364  0.455200033813
0.54927070494  0.502043026507
0.553442204644  0.645696380772
0.635708275301  0.475474286031
0.599766797329  0.472098800503
0.463554520774  0.316656933369
0.589380031201  0.456009641631
0.394242263471  0.535151755932
0.38594268192  0.443254367939
0.435640348751  0.510295136972
0.462075224167  0.531250413994
0.436352971152  0.445140092899
0.541811397057  0.493765672486
0.583589688718  0.453115693677
0.381214354166  0.666965959865
0.567436434108  0.490919746769
0.610797569992  0.569866294243
0.276404337755  0.345588730095
0.370726352681  0.432624668168
0.377824981619  0.464234058547
0.544747090325  0.447423589022
0.306598782927  0.492169019437
0.532761762708  0.403597399621
0.727902414849  0.545669852361
0.585498889403  0.52791704416
0.471899574533  0.530683390163
0.44390423697  0.41992435524
0.649662250465  0.534514128317
0.329651806196  0.368131470564
0.662027923801  0.490042144677
0.46109670451  0.384054439309
0.562272171382  0.627809168539
0.456448014641  0.558715431956
0.639350594851  0.629116377511
0.45356862803  0.394777160973
0.591114069917  0.524440877416
0.41246024437  0.583458122621
0.511870913449  0.564267723372
0.363981764955  0.402581270933
0.479863924233  0.708046985935
0.529260068418  0.573010852749
0.489464642775  0.449650939911
0.456381078879  0.509034557885
0.601651063889  0.406768432133
0.48804269423  0.443068234841
0.611851033159  0.603128819797
0.40329232067  0.755236763844
0.336505686269  0.55685284003
0.403568959164  0.453640482607
0.439864794005  0.608091711156
0.435528338893  0.515782152567
0.499305030614  0.609541365738
0.560569932749  0.441400186905
0.48011462088  0.500367477496
0.615282385236  0.324227092394
0.530564058047  0.485901005063
0.536375855872  0.464653268046
0.577321703036  0.49281566584
0.485046599138  0.424925619123
0.579020172786  0.487743138526
0.550382494739  0.340444902941
0.432617691855  0.374803704256
0.566282574036  0.304180995137
0.494620919069  0.66036763603
0.589329331491  0.349184199654
0.296175909213  0.712762566593
0.443155535568  0.375557081712
0.559054780002  0.569631601653
0.614078375  0.384057740143
0.540591852474  0.417432716708
0.614711582244  0.501530435867
0.598380609126  0.387470178008
0.555576688647  0.556052411505
0.463757175298  0.512429723321
0.570585791041  0.550748936158
0.599046462007  0.481502220957
0.434401321439  0.662848197617
0.475639572161  0.532269848795
0.47610149623  0.533690130726
0.520485658332  0.539106880912
0.568309110605  0.410476478986
0.596326128574  0.488065559931
0.501465164279  0.452701391857
0.553535812778  0.364182971385
0.424607193432  0.281612378565
0.530030569185  0.441151297144
0.588665465697  0.587190290727
0.575212780855  0.553972691844
0.48343790544  0.432230817483
0.489543765425  0.518070446006
0.552909791501  0.22218017389
0.364246505346  0.585051061955
0.529014335906  0.564856726389
0.446073026942  0.641998169421
0.48358622662  0.532299970278
0.520033533785  0.645152141923
0.364816602814  0.615910837196
0.308760261359  0.613473241485
0.565164441125  0.635637779414
0.554452799115  0.297465075521
0.576284859333  0.591096403683
0.487663493514  0.494041426947
0.644142786847  0.618051620644
0.490280097621  0.579075189529
0.353183750038  0.519210874423
0.538773067741  0.364389967861
0.471755219773  0.583974998212
0.472887278997  0.526477408377
0.68026391591  0.564418780002
0.361036331726  0.40979604617
0.435000031024  0.503374623123
0.349919591878  0.448441056992
0.406838559666  0.440870369879
0.568646932302  0.450824949318
0.568174867775  0.618704298806
0.557912926258  0.503802810812
0.45013327601  0.429459024148
0.452880048354  0.571961863974
0.349270743385  0.563151309189
0.568064541034  0.619159012587
0.464498326669  0.491861601637
0.479362506602  0.334068585324
0.40986471733  0.485119126122
0.329720004046  0.6035774428
0.505505162845  0.413726670788
0.538090738861  0.541080339347
0.517882315297  0.510650764763
0.572049149553  0.584869910042
0.38043347762  0.337225987161
0.56170414788  0.493166940842
0.39613748152  0.657587596067
0.445019856156  0.519496208891
