0.604450402743  0.346647550308
0.51539042466  0.620758313347
0.317403118193  0.52006892534
0.626728053141  0.562442940976
0.467692583718  0.507821891079
0.670181028285  0.573280174614
0.483698795813  0.441242320292
0.449059623745  0.444428789644
0.452157127577  0.38570939656
0.603020426993  0.599868629649
0.525198981326  0.445196533155
0.585412106837  0.534203083559
0.517095388516  0.659613141893
0.415495430404  0.424297416071
0.371560378936  0.463972501936
0.607908109607  0.370241418248
0.466805474262  0.542934853958
0.540294055538  0.435165377316
0.306387451837  0.516104050383
0.583525939039  0.511248749857
0.500604045419  0.616240797138
0.333434154966  0.573922513374
0.515806174121  0.647672268198
0.450143386664  0.606566364803
0.47055327716  0.487302520767
0.375732473006  0.435099189269
0.324059066906  0.385600376966
0.494193885779  0.517237963203
0.58210734277  0.734124141739
0.351178453123  0.508823979799
0.567201678925  0.481480270793
0.603473899167  0.380983977795
0.565927542172  0.516762841795
0.439146436685  0.43430644648
0.408911987858  0.446922487499
0.418666978558  0.582592220858
0.518661146204  0.556307462772
0.528056120993  0.426986464494
0.533967212289  0.439105537851
0.543654425994  0.428887150559
0.714225451345  0.560332061213
0.436327744971  0.55942631762
0.724532365269  0.587108765443
0.449041455015  0.506616579408
0.330937339277  0.423805510577
0.41871213586  0.416193423851
0.567895541686  0.49702808483
0.632327440539  0.498573240226
0.264421085221  0.517806216274
0.442667597698  0.437855415595
0.458840586949  0.423690143
0.472791100313  0.566109205863
0.530924077236  0.613651986609
0.485514427206  0.429285071075
0.569218808968  0.439300757454
0.644934400235  0.712860972026
0.512153657633  0.583819693772
0.474670217327  0.581878601402
0.41019931997  0.444792801995
0.624247705914  0.458367807967
0.663056379154  0.540564139771
0.310663057269  0.576688321844
0.401237339394  0.47783729107
0.446517079961  0.536485999839
0.354563595755  0.583229768784
0.399969298641  0.440922255588
0.403868871043  0.322662796866
0.487045386572  0.511251888246
0.423271383693  0.576985646119
0.708033174909  0.561309145578
0.434760318588  0.329712260234
0.618082481693  0.369229123798
0.466500221732  0.637275979704
0.635146631616  0.44325155969
0.368368949596  0.428166335672
0.361981948855  0.429743360954
0.522868796184  0.537634082134
0.410007274239  0.460262980481
0.375897273354  0.632401046734
0.400493940117  0.488246256371
0.611234454646  0.45775256071
0.558324692151  0.671147649837
0.549853822159  0.415155940402
0.305025314763  0.196183484166
0.393845999518  0.717790640634
0.388173481766  0.363085767756
0.432375087684  0.379799836434
0.524986011768  0.349934572491
0.555606905383  0.404460625815
0.481919327848  0.43653748301
0.334458767567  0.581478469828
0.643369658829  0.521000137928
0.487335383864  0.359874524913
0.374103109371  0.594745091744
0.737323290299  0.430054051323
0.671655767396  0.59772104821
0.497266150545  0.456555430877
0.466315236413  0.447785824715
0.636054609804  0.482754937391
0.452206757708  0.60964751368
0.549555748843  0.52800757764
0.434979586939  0.436797925715
0.495237977701  0.409622160597
0.622778719153  0.632092240482
0.426671830849  0.573505564305
0.756461026523  0.497442647237
0.571999125476  0.546047579618
0.505318707858  0.660628147437
0.33457271148  0.604681842895
0.504214228455  0.438381814396
0.359300294908  0.552875428988
0.568897261228  0.470347013285
0.57303725432  0.521514201477
0.466676478052  0.465073683636
0.569687447568  0.4014142945
0.528182149436  0.378172703995
0.500236730438  0.523721385705
0.58428362757  0.383431241792
0.537919140472  0.575558434705
0.510913385075  0.508076414723
0.463462858011  0.538563921178
0.492241377197  0.591075009524
0.583861791937  0.461299473616
0.551968068847  0.548242080572
0.577499056061  0.479516325471
0.462596009409  0.438534763274
0.473191130455  0.451561307283
0.472132193533  0.550440885099
0.591624012069  0.498425873444
0.55028209501  0.591191950542
0.531678091196  0.527186726729
0.353068677988  0.338200322471
0.600370726568  0.494452514664
0.369538006117  0.522831796917
0.398493958075  0.566996013477
0.641954212557  0.45158207713
0.523342629071  0.446784756977
0.497902059512  0.487585881023
0.478103191832  0.55033291812
0.650825206296  0.463084686148
0.302772868938  0.542421671649
0.622919133076  0.639804514207
0.353516405491  0.535533225861
0.333685497957  0.394192132924
0.598859852509  0.413640794807
0.627258293224  0.576499397076
0.487139592408  0.464825157633
0.43860667851  0.34075776999
0.506530216184  0.34726377082
0.35028110075  0.420864030199
0.381461952511  0.434156091852
0.322450178775  0.618031876005
0.713588654937  0.39073183411
0.540749573264  0.608624808148
0.31236434369  0.375549698491
0.611844845075  0.708443710325
0.559509514887  0.584606503981
0.618515940585  0.48969112656
0.419909097086  0.370325007877
0.480006990542  0.347577483109
0.471126799777  0.519660849956
0.477136277271  0.474258672768
0.370031900074  0.385324981382
0.487197769307  0.451434902423
0.585869459969  0.652358744007
0.494161018905  0.316292685075
0.378885845551  0.585665480521
0.315320327149  0.694738908934
0.362960832292  0.358725401653
0.380887772722  0.572582793104
0.633067178042  0.517293755065
0.632144230828  0.533219890371
0.42980583353  0.407759965605
0.523651904715  0.526664117611
0.580641630554  0.441342282718
0.456383278524  0.450831704664
0.433068485363  0.666308124822
0.495590294188  0.470941173262
0.444454541304  0.484541618987
0.479871935856  0.433381846974
0.562532537851  0.528480899475
0.522253040671  0.49979690123
0.394762412995  0.544591311632
0.506163021962  0.525580306436
0.596592305385  0.330823972164
0.672801058393  0.455757254199
0.543294895943  0.507890823911
0.444579378675  0.314419836579
0.514011506688  0.716635820399
0.599736903887  0.535342838048
0.646710565291  0.410873138988
0.489230349376  0.470232610439
0.483168445572  0.3901826804
0.431784045429  0.578374822606
0.50761359714  0.533785025975
0.475184648346  0.61482688199
0.589167475363  0.441090697553
0.564849069473  0.580398583811
0.719354566345  0.554517726921
0.434095110736  0.459385627587
0.644962676661  0.320676036096
0.479590687121  0.420749198062
0.612543002194  0.594787401542
0.468012626388  0.464236003837
0.560232971779  0.467633762392
0.552497783465  0.490244401272
0.593818728662  0.797850322878
0.415931370255  0.542269327229
0.564593464826  0.545136604823
0.383934276075  0.327894765016
0.366350888323  0.499764803373
0.468418743993  0.653431118137
0.360135961598  0.384235561444
0.449355077354  0.214836605068
0.583722716797  0.537518742708
0.595820261659  0.480648971253
0.505637385717  0.569676747371
0.487106750079  0.379704745469
0.451326401557  0.436171652187
0.516915971268  0.398401505139
0.316577127665  0.667084005817
0.371367220492  0.344955035682
0.641331619758  0.594042723491
0.422038061171  0.62332904049
0.513682287745  0.44743223801
0.577633379215  0.459206153039
0.492675857572  0.596603222507
0.55349636011  0.505489457851
0.484252233794  0.530456836709
0.492143367508  0.5278075548
0.410363215184  0.499225159259
0.550610455689  0.390394554081
0.46897128883  0.584121249349
0.514894545685  0.353092245914
0.447946626238  0.368585660058
0.415722714702  0.398788517057
0.657396925769  0.64910372255
0.408342785382  0.523822620722
0.531746498796  0.477006103105
0.589002635131  0.542911724673
0.625208981662  0.508486507331
0.698073185514  0.468123994212
0.350555970836  0.602922145356
0.497152171463  0.463943844315
0.474787583424  0.672610591315
0.468455379968  0.476070914686
0.484423649887  0.429907526313
0.511713903221  0.383643975854
0.405720291514  0.530019839339
0.559984794715  0.671265303077
0.372247561318  0.492569304927
0.379082671872  0.557566526531
0.416201008  0.583085319623
0.628727525099  0.388218383172
0.437744117597  0.521940249034
0.311292515744  0.560600548616
0.475184371401  0.546833967091
0.646607776521  0.490353179995
0.555783972547  0.581182182877
0.557749242495  0.675853679875
0.393992713224  0.366925345235
0.513829993074  0.522956119864
0.609320843658  0.598455642247
0.570647829051  0.405825788775
0.617770240683  0.482067674061
0.547170319433  0.360335935743
0.478491185185  0.430464260297
0.50700032534  0.498540954173
0.490981622426  0.492712925725
0.412324053865  0.44157156108
0.637960702516  0.404017198492
0.654117616992  0.40400065799
0.457410501023  0.543906919941
0.363351324168  0.567979460977
0.334264611622  0.622088509648
0.53491864566  0.440958404977
0.307920265315  0.476896438042
0.47645416952  0.376315044004
0.553191457337  0.543564740397
0.375625915621  0.702043665106
0.407746195314  0.432777518596
0.51700821269  0.563714387274
0.587851111439  0.468314045679
0.530055033081  0.570147278068
0.499073893215  0.575290814347
0.437723954763  0.489935183687
0.43785011274  0.336056387053
0.523452241014  0.464595127904
0.626292987824  0.561255368121
0.362424289405  0.446012854129
0.540480830372  0.54110365223
0.455335890894  0.500623578018
0.671400561327  0.416320545116
0.490749337847  0.440307544931
0.560036592951  0.347750646709
0.432433048199  0.517684175719
0.412946558821  0.402667911887
0.46921866917  0.514042929366
0.578225456424  0.433010971275
0.598020471989  0.355403685571
0.468376532069  0.456098073396
0.460558439061  0.43685351681
0.414591807483  0.572113703803
0.411008189249  0.538171914384
0.544592225122  0.501508927317
0.575253239694  0.271223000158
0.474838742233  0.554316592536
0.513219524054  0.501967498224
0.614990657613  0.331087686029
0.522774677717  0.462515812651
0.645442192107  0.441747611521
0.423094337567  0.450026551929
0.669891191533  0.303568681122
0.67288724216  0.57407266179
0.497023965928  0.591630265885
0.467188469156  0.596630258816
0.4536233066  0.44231876633
0.54580780484  0.505602655029
0.369638596006  0.505868548729
0.732325867352  0.577343073049
0.474428724243  0.667895982885
0.47438551997  0.292004806607
0.671908765045  0.388225196295
0.395676553924  0.632522771939
0.412730039082  0.506985756318
0.441652011291  0.622859415376
0.386071894957  0.297884054118
0.412965175329  0.604308867159
0.50031024968  0.421384998892
0.450416411751  0.455703328907
0.536264644294  0.520114946862
0.501301638975  0.592940085802
0.739284094126  0.452794590628
0.501423995882  0.48924538702
0.293243433797  0.561688213309
0.595006864277  0.521484827237
0.616968536828  0.460464752242
0.394920068008  0.451755997516
0.664400611997  0.513439312405
0.525330031719  0.693852885221
0.402505091504  0.688168100902
0.519899877533  0.543002191634
0.588359513268  0.58592275548
0.414898672936  0.524774352783
0.545900174603  0.449920183404
0.766842344232  0.655747423626
0.380343137989  0.531948559708
0.399668880538  0.266392193799
0.412080182314  0.5157126879
0.559366385033  0.446732430537
0.650698130231  0.6392852378
0.587381335331  0.614030118143
0.451848670979  0.55084211136
0.575825974116  0.419696092938
0.63178507577  0.426710526459
0.496545279252  0.451377467656
0.461839618756  0.443964750825
0.571582063096  0.402515791548
0.573776173311  0.467336708874
0.513629024425  0.414558169055
0.608638387812  0.566948506407
0.296085222125  0.633257747085
0.722630631878  0.674207919317
0.489065561158  0.472142053287
0.550228454176  0.28892414768
0.444566840649  0.553579124959
0.427704115929  0.461662977838
0.518777181735  0.569181224963
0.468715402942  0.501027293148
0.549551525063  0.470649165956
0.33099083059  0.655899195237
0.366896369043  0.526248168616
0.470139693587  0.53266992817
0.616787107927  0.359035967074
0.521381304802  0.44381330217
0.358527741157  0.342913018151
0.54544528893  0.387972747877
0.436587604205  0.627254449373
0.33261989209  0.539814109784
0.578453818487  0.400413217878
0.422624891727  0.516505518176
0.476826488731  0.710829778131
0.28260290056  0.41808074838
0.54445447177  0.657798762204
0.544023436911  0.526621253223
0.541422813292  0.546467449264
0.46153572115  0.500074236844
0.510886180099  0.3211170328
0.7303185535  0.53683410269
0.563619701178  0.610292796694
0.708561401121  0.634770853421
0.631157189562  0.448046504277
0.663905204989  0.369662665366
0.37039752244  0.475458800132
0.508859628779  0.672790138547
0.434441766494  0.547486709158
0.688307635679  0.371536338634
0.513394212523  0.520339439594
0.592625483536  0.455194907244
0.498577497189  0.432170625127
0.551573562333  0.542294753347
0.389146621355  0.513111527344
0.379619684075  0.3105689011
0.467690350074  0.504922834749
0.56595777746  0.453205635486
0.430779503893  0.714847158612
0.487021641439  0.611635920514
0.502019568536  0.738004562927
0.646214743253  0.524035590154
0.54959562013  0.343376450006
0.583004199823  0.415700228062
0.546031203304  0.722308330502
0.419421669523  0.520463728407
0.593778058523  0.584791699741
0.467674092992  0.539579499416
0.470498991298  0.586045121744
0.410447597006  0.536433797714
0.301768803285  0.500983075132
0.513895499075  0.420237282635
0.463793787157  0.508053806521
0.574938696749  0.395808923725
0.475570403546  0.519265831209
0.38355007487  0.380071756086
0.261699667738  0.486208269523
0.603715488502  0.819136451042
0.628110269913  0.486786143199
0.394515871461  0.570238416526
0.417119873631  0.704541999568
0.412881577363  0.548443713971
0.620111674767  0.51781904399
0.43436695836  0.59625855745
0.254946720092  0.563283317292
0.478612160342  0.53254438995
0.481840304255  0.415378153365
0.47360091481  0.400178111144
0.582571231091  0.519025618491
0.607240356741  0.546219988809
0.427534564187  0.465504075161
0.472270805567  0.488500601616
0.53406462261  0.640483146285
0.401470361621  0.408528931581
0.426089563772  0.293075806136
0.627738256353  0.324099046896
0.497600840929  0.56008574533
0.611489572054  0.525825912549
0.518739255214  0.51148466205
0.569865752499  0.472155604117
0.523890879437  0.396339251904
0.639958682078  0.466082787551
0.439208205323  0.447195167564
0.504859342329  0.596639822966
0.50726063591  0.375542509968
0.416364383408  0.488692740167
0.471640565141  0.465768525564
0.626430099888  0.398520318517
0.506769472686  0.622743091522
0.554276034808  0.545127632915
0.693937461447  0.628314475422
0.607742101  0.488126417025
0.530879155135  0.685660704691
0.546199282552  0.419817479925
0.374743396834  0.685419502728
0.550633073157  0.494130201302
0.425736123492  0.653743055571
0.477943792531  0.330251474188
0.424221309225  0.47919992346
0.682868575211  0.43638265493
0.471249434312  0.584742400184
0.52861042896  0.449638933298
0.509571368419  0.380836837904
0.588989658855  0.583911697186
0.579122296313  0.291589218557
0.5563800739  0.322732330117
0.542235543804  0.44098124398
0.59656089378  0.365454997497
0.722234208358  0.57790111948
0.536441163025  0.299194922051
0.574730322876  0.447693108135
0.381111843002  0.472005420368
0.616103990735  0.542165155604
0.529819958451  0.397260342555
0.465295906345  0.480839685453
0.634722935941  0.646487400876
0.409898481458  0.513175952536
0.692238378846  0.480890214854
0.665296864859  0.63522535819
0.592074231855  0.458980779757
0.574186242075  0.449947069342
0.468083622029  0.526587716032
0.702926556723  0.430202498971
0.551914851011  0.379566145167
0.34980437038  0.519303891661
0.597994967403  0.635922929419
0.450980762789  0.608421714725
0.38992486958  0.63108485422
0.428265849105  0.527150196278
0.48319912203  0.62406725665
0.554642828533  0.626630354811
0.375052503921  0.574373024377
0.512373145038  0.419610560199
0.380488307623  0.558622884001
0.427476623169  0.490242942187
0.38239488599  0.483803381327
0.603074088426  0.617537524256
0.647664964744  0.556702660009
0.434399144001  0.350271092496
0.503770667643  0.586216824427
0.674624955083  0.569016057703
0.514386994702  0.486279120955
0.452633163929  0.576358398728
0.364036698257  0.490773572622
0.543763095141  0.384482898756
0.46791393688  0.628500204253
0.25217590041  0.579196948373
0.492398485519  0.443122838137
0.44881072076  0.317748218448
0.505263665873  0.505245147342
0.488663314843  0.58387650262
0.673516270414  0.521160550639
0.432667109107  0.492687440662
0.486365148756  0.561101827894
0.441057364923  0.614579935694
0.405173215054  0.417438331873
0.458031621582  0.693629220501
0.541743456337  0.341358982301
0.40364558618  0.614163389754
0.559941598969  0.39246286951
0.404518212741  0.50137686634
0.425433634205  0.457676764944
0.480170138701  0.512290981833
0.547572580759  0.33314927105
0.510462411918  0.60368053561
0.710599068172  0.314745115388
0.474239434849  0.395163919428
0.407033621479  0.442805410766
0.386912790319  0.706992240928
0.637318494875  0.436670258029
0.503733319159  0.334613975082
0.599377813849  0.575543894038
0.466984843099  0.639257393697
0.629533104649  0.335692884114
0.425687520522  0.643199166839
0.44670529702  0.542455301607
0.492409343455  0.503300220191
0.589615077092  0.452999284526
0.327784002438  0.533865503572
0.460004810511  0.560419990236
0.577654175537  0.50781844442
0.384201501912  0.414540010541
0.403490257296  0.528818207894
0.5352423933  0.508922948846
0.441321598411  0.461173408543
0.16045969327  0.43886285611
0.429637611182  0.47319408314
0.645454399909  0.613187235099
0.362635371098  0.460024612572
0.368585933544  0.291757601978
0.637980910816  0.478438219834
0.293408298188  0.556594575682
0.442058012891  0.54737149893
0.525525296436  0.356033186028
0.360319607236  0.528210960764
0.570702195341  0.756791638998
0.48709189615  0.579925361795
0.533193412967  0.371908102378
0.455288153165  0.535822915359
0.549183134987  0.375105700887
0.465542619962  0.512268736357
0.540536261289  0.563259141856
0.68028500923  0.392176816789
0.634887909896  0.697520210018
0.540715866506  0.779869720834
0.676014669813  0.386301043571
0.448893787128  0.468031818867
0.486511286357  0.297417690475
0.50486925793  0.439067186254
0.530048605601  0.505963605931
0.397508449818  0.549043996676
0.330400112926  0.529920188328
0.586001489434  0.450970616263
0.610344258778  0.556709328646
0.370807661787  0.518207694719
0.46706121  0.608191492675
0.585800671998  0.460809083802
0.471068041935  0.572089671714
0.521212888309  0.587174388825
0.529093614157  0.558709520373
0.189887583623  0.629228856803
0.438575476094  0.606926358047
0.441670696765  0.551884150211
0.527024750023  0.605985655944
0.418003636505  0.362347162758
0.55616606116  0.635334531518
0.614777437994  0.449987124546
0.452758649978  0.4380049434
0.435766518122  0.404585897655
0.351296050178  0.545161848825
0.590091754178  0.319195852367
0.56582306593  0.513594321726
0.597350164116  0.52637807156
0.525009117798  0.607893974177
0.516240144308  0.438940296699
0.481654593831  0.650398558108
0.630771355547  0.36237139203
0.345621337043  0.506582357611
0.582711537826  0.5692525141
0.58861470167  0.575856300263
0.515260157757  0.38590299464
0.412237986516  0.674141342977
0.596814245389  0.556348106005
0.411688687183  0.444018343806
0.490964596535  0.593776545627
0.516342968115  0.368061460489
0.571742927199  0.549047393973
0.48258526876  0.619079380756
0.286352559272  0.59178870904
0.582058298006  0.352225200527
0.39799275936  0.505208826688
0.305384774311  0.429927601738
0.444880248583  0.548195078897
0.436942719865  0.629478410712
0.520091714742  0.61173865464
0.561118901578  0.658016036052
0.274375446864  0.533938745637
0.505804582161  0.225462737067
0.535589511617  0.514887191459
0.519803862236  0.420464949337
0.444229212434  0.332375334573
0.577825438757  0.741882473311
0.357899458602  0.584371331951
0.47164674797  0.452571183675
0.459695969181  0.4917826184
0.371025321003  0.476366116324
0.49166170954  0.561546016271
0.297957781434  0.602883748821
0.694062596114  0.752136874619
0.363586223092  0.489390900018
0.377244876738  0.476091551606
0.673811756073  0.661011419123
0.406316300885  0.401040263986
0.365880993628  0.539210768079
0.465185646585  0.437700943929
0.77338315744  0.530033738503
0.574009134925  0.534173495327
0.442138357291  0.452058138476
0.41628888795  0.435529632455
0.722049748637  0.540554312262
0.496213232286  0.406134594798
0.681823480491  0.458582890123
0.631501509824  0.423518916283
0.603699273766  0.527700061447
0.528483445611  0.449111370458
0.459629452205  0.49771564155
0.373364459796  0.607098292234
0.545271902553  0.552649661522
0.428149249945  0.49786813088
0.506099001516  0.42761261207
0.466841041716  0.58717658548
0.45804679397  0.400465291065
0.342229785946  0.375437426994
0.476601812826  0.479887911108
0.388531404745  0.491676815825
0.659465234397  0.558547916087
0.514090017676  0.474703045502
0.552729131763  0.668078815264
0.469417437493  0.463293651075
0.653861966705  0.544420195949
0.478625747511  0.469226691988
0.569790173253  0.491987943759
0.534362342747  0.437627663054
0.578180899017  0.398400171236
0.281673604178  0.425370415221
0.494272625257  0.541550873982
0.398170340867  0.391849733257
0.526661669023  0.539848620141
0.550830648859  0.473544378767
0.412925015235  0.452249058714
0.488726137896  0.552649659726
0.523955371771  0.503068197994
0.621859022772  0.299495600414
0.616508511563  0.467677392127
0.418593992179  0.768021174133
0.473783498102  0.696330588334
0.606635629882  0.664037010614
0.368292384483  0.45172525545
0.42085490314  0.42849382031
0.554319166164  0.686870471454
0.486921473592  0.470451004697
0.41097887745  0.364694280703
0.39376605277  0.528797628432
0.465625800093  0.528871113888
0.654063288512  0.407282967297
0.491011783247  0.518609620552
0.629734094572  0.465243483491
0.470879310859  0.397405686163
0.601246148771  0.435549367404
0.540997472646  0.45801015995
0.295449983549  0.589086661497
0.562906628615  0.473990789117
0.528213657303  0.458837695942
0.501296744012  0.564075897908
0.5866956726  0.471199485924
0.497053933334  0.413402960798
0.399726180851  0.507028539248
0.543272712123  0.390632194563
0.56749915636  0.437933395508
0.446142161219  0.309728937596
0.432759877344  0.364334503695
0.446378032373  0.491248928439
0.563258991475  0.252481382576
0.48329426024  0.390621077247
0.617057871916  0.51633953447
0.530010854472  0.536314325802
0.393514250972  0.454907012887
0.445235542414  0.453099484237
0.485742064061  0.428696878105
0.326701626578  0.380258093415
0.649658956501  0.476647487778
0.40404091828  0.574453798369
0.348620553296  0.709899587183
0.49259035622  0.521771416944
0.535256875916  0.586422482628
0.392542338225  0.546050008242
0.528398682209  0.521362098145
0.39906545625  0.458386433149
0.48541518054  0.493362455926
0.361047253075  0.570446243124
0.397661460002  0.621507765161
0.350438169251  0.466756541813
0.37043839567  0.490107777668
0.56859158229  0.391855443986
0.510769131484  0.519711975732
0.433202150432  0.513066255185
0.485989743068  0.524798306509
0.636925718449  0.656710568578
0.436143238125  0.457408877071
0.586363857424  0.562352158532
0.396218435299  0.570617881274
0.480023669686  0.422932635061
0.448016377754  0.47931722969
0.513240939515  0.334100129064
0.566478804376  0.563364311491
0.377616638504  0.587178725014
0.571643096785  0.451658247014
0.351427130115  0.573193649421
0.50040792969  0.580819379764
0.487241573815  0.504763719855
0.412682297158  0.520141221561
0.467911120139  0.584051432903
0.414151212185  0.427102095736
0.529400764745  0.596915244235
0.357995723607  0.416125455262
0.463763990635  0.440993758443
0.588192076617  0.415514341447
0.511629055246  0.543810649002
0.596278204432  0.561336069437
0.513292532605  0.595773272967
0.617912327882  0.507942673364
0.587891625171  0.524492448845
0.539902595655  0.429208714595
0.607160782971  0.542898988422
0.547182759529  0.448200179581
0.618235341687  0.402297754632
0.487278389363  0.626332596087
0.549875531041  0.590447924395
0.455017010591  0.309299585241
0.480585659611  0.546310684521
0.525745503224  0.393722621107
0.394728417836  0.681773629587
0.460910962716  0.599075450452
0.457494223424  0.509967754227
0.579648822462  0.557998670933
0.541434144216  0.68221920842
0.601743827982  0.574680701426
0.40568582732  0.616555680317
0.526901444302  0.573005880252
0.496413695121  0.711885221501
0.436031655344  0.532598565325
0.510467973652  0.433938132958
0.495971506894  0.565455951942
0.472906283473  0.48597690181
0.39664067704  0.613012454638
0.443685661634  0.438341907334
0.603241571138  0.503009793878
0.526212296695  0.698816047288
0.456834247752  0.365648349369
0.523566988158  0.492693583268
0.48385470014  0.46394452202
0.405794882806  0.605767290262
0.597075795495  0.565859141383
0.604195353481  0.648245720213
0.706559588459  0.643068966341
0.47975259303  0.617585861866
0.56480904709  0.699180359974
0.479373763762  0.453607928026
0.61389601377  0.420717313674
0.398960640857  0.511659297176
0.44297690521  0.51285431706
0.521876753499  0.455868765308
0.681914043407  0.408723205764
0.257245516714  0.413958230943
0.342452956391  0.472518792161
0.399395272564  0.616244057145
0.465515139547  0.299967924239
0.395655651311  0.604335543664
0.52913501409  0.457524006992
0.634143125682  0.536989214211
0.446251185506  0.498523635062
0.525976055733  0.351262900951
0.371334843455  0.628772148786
0.534357056372  0.48290732155
0.476219881831  0.354523669343
0.503824159084  0.548691747278
0.557331648882  0.50398834245
0.425100836331  0.577156544464
0.527092481649  0.497327546931
0.631566305691  0.517841041862
0.499146411592  0.377150098678
0.516620872688  0.396978049751
0.501975398577  0.341871233178
0.565822026647  0.496758802131
0.556596038998  0.483958571097
0.643733945009  0.575145725202
0.334183176052  0.468897252939
0.581100815497  0.48306684842
0.60165793413  0.406150829081
0.357821151388  0.653840212916
0.38499171867  0.448233570484
0.437616683743  0.522967162425
0.538099979014  0.703061836482
0.505326055893  0.608805028358
0.350913912652  0.442852265729
0.419384165305  0.512363728142
0.607876973648  0.507323370779
0.450984744151  0.392041297616
0.566283632053  0.588876781855
0.36193769017  0.394652796236
0.511131502615  0.574716101353
0.616991324887  0.540678970739
0.53799100871  0.500574573363
0.638716568287  0.452427936261
0.575935931988  0.686834905885
0.428613939493  0.475271691686
0.383627107004  0.442801257347
0.310403220821  0.436409507276
0.373735842174  0.476769405957
0.503236339805  0.692270330849
0.368312268595  0.484138843568
0.512419201767  0.619920619576
0.622817239376  0.515718982368
0.43329038469  0.287899369868
0.3160218671  0.434216466132
0.489729081068  0.544294081909
0.445548929958  0.377924039906
0.236417352056  0.48324046795
0.514124635743  0.588467394543
0.522538054648  0.477038807804
0.317444371615  0.560773694727
0.540819943986  0.435377728185
0.497084047403  0.449397058995
0.498389348624  0.575426724452
0.480960167268  0.523971151928
0.532990118438  0.485130914982
0.405778301165  0.568248770585
0.585930293159  0.539177799621
0.555676004328  0.437005507798
0.537365321011  0.551040777186
0.620636842645  0.305413507297
0.53364938334  0.426039801303
0.441460902171  0.476035836211
0.449112422809  0.675080730033
0.532064917613  0.595588447551
0.583879128779  0.43866673269
0.41431960194  0.615666162623
0.374011491926  0.481731669685
0.410454946834  0.562660126629
0.47467912702  0.376887312427
0.622424426432  0.407254059599
0.603125795963  0.38020089873
0.413865808971  0.577749724579
0.577628314339  0.502583301076
0.496483716171  0.388400224522
0.726941009367  0.533465889675
0.498690456687  0.492934328722
0.490551121441  0.379402540802
0.472165303671  0.412596692975
0.572467443735  0.371005247481
0.51644923616  0.402611042348
0.659634235223  0.578139815344
0.568942270305  0.528405897035
0.454593180229  0.544792807682
0.42028137838  0.580346918099
0.4881762723  0.406824850367
0.414272420711  0.571798882692
0.668978285306  0.524497566557
0.549823698664  0.512842472375
0.364909055178  0.457189072741
0.604013480804  0.599917051125
0.672265244501  0.541736208932
0.600481318699  0.406782376168
0.598768253823  0.351460198946
0.53950682851  0.46758295917
0.420236848155  0.551930687906
0.669900810255  0.592083779114
0.511470011417  0.529535408279
0.563552950468  0.585518246278
0.63724285459  0.461712284204
0.596563082195  0.640592028718
0.386760428947  0.588484343726
0.441289698513  0.457498462396
0.458293423908  0.505688529725
0.508353772459  0.680792780521
0.516963616518  0.610498874816
0.364028111336  0.731884398773
0.612832489234  0.619646701731
0.342700514633  0.399174373094
0.390667554999  0.62975716906
0.496470078833  0.590546559432
0.366356346857  0.356204714379
0.348354686991  0.467340413484
0.3880305493  0.547903724086
0.478528382878  0.569219344642
0.432778652059  0.465399713489
0.505952353837  0.338201675432
0.637767886928  0.604218552711
0.481026922105  0.608308619187
0.519689942669  0.508837594356
0.530426934979  0.418029941832
0.445065622157  0.583281514108
0.358196823719  0.400985086353
0.445728291284  0.435273417224
0.572691571622  0.522672376813
0.427869852933  0.407009514525
0.555837604097  0.554146943668
0.546694555827  0.465228348993
0.469274896357  0.678990282131
0.358182821815  0.40787770046
0.469022664862  0.512836572952
0.506117226413  0.514434037635
0.570208917662  0.548510916182
0.29057993184  0.540316775955
0.399384542285  0.527897754635
0.445487655989  0.341835379233
0.345058905259  0.394560289955
0.324796067585  0.513539768579
0.490969637155  0.739478673083
0.486613140533  0.380913640654
0.477788670944  0.440809731404
0.433548920149  0.65260807418
0.642225050437  0.54711914586
0.620550647807  0.606646794113
0.549432549492  0.65215022896
0.594128705933  0.488026073453
0.6906755009  0.326842136626
0.40400158138  0.420213017804
0.515948146241  0.542768054437
0.34015000604  0.422701379492
0.574253720881  0.527261252477
0.358019454933  0.50492948505
0.602450821197  0.498474470949
0.433714428827  0.551697013815
0.457945869323  0.50311678922
0.468620259953  0.502908777699
0.402165545622  0.563203577783
0.295456172397  0.580838227538
0.58990974232  0.646361512024
0.335531739983  0.517365664461
0.519810410376  0.378050395877
0.473248595712  0.394489673169
0.444988566797  0.434212608835
0.438442071271  0.566042737706
0.462459453373  0.423383798748
0.252791406619  0.47513151124
0.617752389716  0.383942498017
0.553037177504  0.463069498844
0.389178858157  0.444388216122
0.421348323327  0.727794957716
0.762475959041  0.3438355556
0.372076006244  0.407257532413
0.586530159104  0.37031861844
0.482402384547  0.52640357108
0.236394244523  0.382686527198
0.341797214655  0.581070069406
0.414845954097  0.475899028619
0.524446404974  0.489704725052
0.347751590175  0.441115780787
0.480537656565  0.47623095103
0.568498366047  0.353968519971
0.540928200849  0.472973773958
0.381859372109  0.472410271279
0.539903082353  0.541302356994
0.697317029897  0.728234795908
0.558595897628  0.532556710453
0.485194398188  0.581689643251
0.547470266205  0.508022703878
0.40637044343  0.564944473751
0.515779967055  0.51958811139
0.564279454125  0.450041861133
0.425358080688  0.638627613793
0.47371585571  0.474149894199
