0.578338542418  0.426905521686
0.47384617332  0.350747933068
0.739696522336  0.389105527156
0.64493698882  0.646747522472
0.401862836939  0.660421637993
0.493889093253  0.418403175911
0.57365932274  0.538332203399
0.282553625459  0.589945917609
0.388701068307  0.490595331945
0.620774508675  0.610303816529
0.483703153627  0.594269994707
0.515439626613  0.473511702127
0.399078056866  0.436959332413
0.618962897868  0.458020105769
0.395861002227  0.469875403793
0.566597140518  0.487069770702
0.479384603116  0.510578266478
0.587685812726  0.328557633221
0.392557461068  0.490700002682
0.561926136095  0.557084360943
0.394461547128  0.492988735815
0.442447371851  0.449645675895
0.50356525532  0.46770336739
0.503385092243  0.414461129615
0.497719569641  0.68800187969
0.533712728186  0.51825908271
0.506785987909  0.494297752466
0.323487577436  0.5733277402
0.437247879907  0.39021754446
0.475597669423  0.565037897953
0.477839579188  0.424653900166
0.549815896325  0.415519930983
0.428520266581  0.373315289734
0.538949578649  0.490219817534
0.511871944576  0.473977836768
0.560072416708  0.33245930876
0.432087534768  0.50489333112
0.6179048299  0.478074665407
0.468819981628  0.555287069845
0.46359925233  0.493132047433
0.475779073335  0.247798376632
0.613673817955  0.51329011028
0.402210557984  0.517452155797
0.66476614052  0.573819916974
0.636276060059  0.43345382145
0.556231799709  0.484447475913
0.368258457358  0.46335702885
0.657317016325  0.631856144121
0.321194245212  0.351839254172
0.369009759571  0.58105693749
0.44251374185  0.451505239692
0.45198857953  0.613766818956
0.49068531031  0.513589236404
0.530615958558  0.652957267826
0.546497014355  0.440903570461
0.602913102891  0.436245051454
0.62990220419  0.556840028142
0.540609887278  0.577056065843
0.504433744607  0.537216368967
0.633286753386  0.34778349359
0.531618170509  0.473886411421
0.601097422467  0.661579361845
0.364436615236  0.640547647224
0.528457490635  0.502022116177
0.409608913042  0.365682896913
0.421762020676  0.46081740823
0.481517143161  0.414262813527
0.337796518129  0.392611339566
0.544463765406  0.59488136712
0.45184433569  0.482339296288
0.548810717785  0.459795162576
0.50743784904  0.545216503407
0.457400193045  0.371424168894
0.520411190014  0.749826600264
0.640503607918  0.558766133653
0.4895267741  0.630153983192
0.444927172249  0.453350139488
0.562986573639  0.60180018753
0.629440611347  0.558421497053
0.508162383647  0.446998362757
0.356048521762  0.479694516812
0.355412202621  0.589439185407
0.413535516081  0.585499189487
0.497182839725  0.50607012434
0.539392293574  0.608452765973
0.516981012752  0.432679795968
0.538974725393  0.472293310396
0.57575202613  0.643191030945
0.517583838859  0.566318527776
0.419844648924  0.565720964781
0.534592110494  0.406924720164
0.514633807674  0.610888198964
0.525077840872  0.524363026567
0.549003781646  0.416558128831
0.601547645954  0.549851389502
0.495567279192  0.387350150823
0.275911961223  0.559669399652
0.510072297513  0.403847357695
0.583703113203  0.64649695503
0.489786981577  0.378756303688
0.667518226332  0.577139615986
0.388962563159  0.623111077734
0.575213406086  0.607790641384
0.442867467916  0.468637580605
0.47340631254  0.435127420627
0.518663585647  0.363647966679
0.508007115028  0.424415786895
0.624154606804  0.496955840884
0.55950537803  0.417027752809
0.45742547147  0.466816173306
0.535525917461  0.572452946059
0.400292350688  0.435607006629
0.5810669076  0.406058112922
0.725478483688  0.588416680469
0.485882186898  0.597410727831
0.466320273624  0.110358017817
0.639097425787  0.669810038857
0.527481840724  0.290793415364
0.475543350834  0.461055054004
0.494102106282  0.687730763139
0.471095336085  0.546170283554
0.207036795026  0.724586320136
0.459647963379  0.522034595058
0.465392192649  0.444049239496
0.628145114523  0.385407356391
0.567122387372  0.535570046995
0.429812195525  0.574779311185
0.481531254506  0.456871009978
0.476454390244  0.465440392817
0.441445252921  0.575307517059
0.563091969528  0.444162659325
0.506140862981  0.467352592854
0.493628485058  0.737064352564
0.393769858229  0.516340644129
0.553962356084  0.64399092578
0.349037042013  0.352154291402
0.613220534443  0.526738205624
0.407951607416  0.599120422576
0.379960305165  0.532251283276
0.543532613165  0.540462564643
0.57506115173  0.624406298295
0.650762165976  0.483657867978
0.548399896367  0.578262699721
0.56145033204  0.418317270706
0.463323647124  0.478153161981
0.508631899918  0.435078748054
0.381965575365  0.663635706832
0.412387388714  0.699195778813
0.423024568877  0.437849381679
0.648633040883  0.720261215364
0.716308948207  0.545316836586
0.370659259731  0.407221522544
0.519612242016  0.339467440593
0.37819172661  0.484966052894
0.582182748072  0.30895454392
0.444686093263  0.577732071629
0.553485278394  0.564333226371
0.337664099162  0.341233026722
0.445400091071  0.490589551183
0.467749853075  0.422512709369
0.385881423911  0.588851166034
0.502417901832  0.437798379734
0.630574310223  0.609851449846
0.4532960872  0.522953770177
0.465806939189  0.633501243815
0.516735393377  0.758931326307
0.43816542118  0.469093087474
0.568632242124  0.469031407025
0.401361476854  0.482391753676
0.411605015035  0.535668914567
0.43365713304  0.354571527089
0.324341284817  0.514660784666
0.39312274788  0.489666327238
0.582846302186  0.509254367155
0.683568341209  0.628492417932
0.605038765188  0.472379919734
0.453505282462  0.479780851435
0.586193098953  0.426698723676
0.648326828534  0.185534643069
0.550842100435  0.428939808696
0.421350876447  0.685705262439
0.344569909354  0.296607636812
0.527053481766  0.378127069021
0.367869703493  0.482789949705
0.42609993071  0.396092814568
0.802977575012  0.645194934023
0.46262805287  0.557277858264
0.531535664325  0.460723149678
0.496170071695  0.411402505757
0.644398139525  0.584329944562
0.479060390608  0.336756015844
0.405886655699  0.570249515386
0.458007374107  0.410800666224
0.394024375468  0.511959504091
0.60305663681  0.482152443903
0.541825849241  0.417123797547
0.570510338054  0.412181972209
0.307475232642  0.427756287805
0.670278533828  0.455860001662
0.527080643918  0.604347449588
0.515364041324  0.538136612454
0.466995937126  0.513776907166
0.438215412738  0.429866565093
0.464945233474  0.653474822021
0.537972580611  0.486009430255
0.384044469756  0.463791180252
0.479196561233  0.361150560222
0.645968933549  0.58729518836
0.639543376678  0.673195252576
0.467652924322  0.480126124753
0.493663050478  0.570775896183
0.467877416778  0.383952773161
0.460885701443  0.471884626224
0.564111205789  0.517760240728
0.592498469869  0.663224014388
0.341781821146  0.604608479919
0.587698625524  0.395536105892
0.488590087105  0.590379477914
0.499892316444  0.531101015792
0.549293737291  0.443420962506
0.4894907879  0.447662247247
0.426820346367  0.490636154773
0.51545182323  0.451017187112
0.402938329483  0.477652693816
0.639602882925  0.40668121674
0.525689222536  0.755920826577
0.591540842463  0.476032880716
0.358228074859  0.621855230587
0.505772080948  0.573312287363
0.439764713493  0.498691555307
0.67317450158  0.427257496408
0.396634566704  0.521221836937
0.468838735222  0.4657714957
0.279029080533  0.436036591503
0.355155723212  0.488077270648
0.410473664947  0.659276200426
0.46480626329  0.665130390473
0.470273777402  0.62162773162
0.52971861566  0.508809828522
0.418909058522  0.478765908421
0.586259136196  0.534983451435
0.50165421872  0.651258225537
0.4567188251  0.468613176101
0.50240718185  0.564885544751
0.65572397023  0.471317848744
0.39642793112  0.566114475578
0.47053362052  0.593698093014
0.629850966374  0.485325736725
0.43091549201  0.567737450336
0.482962541154  0.446534593196
0.608261008691  0.602620074818
0.667525597047  0.380943495513
0.673231169275  0.566548926309
0.622726114985  0.443441477936
0.477306412704  0.575683393369
0.412724606271  0.355327799366
0.618842988146  0.621856754381
0.208036818267  0.738821957967
0.388357585075  0.293002665069
0.534581953107  0.428437429266
0.674278663516  0.563660900518
0.5959854591  0.484327657273
0.510722618424  0.564478027272
0.462097183382  0.511114160328
0.51951193388  0.422239323685
0.454760184538  0.307688210215
0.688015876383  0.469737443625
0.491885752405  0.596693472553
0.642645824506  0.380911633509
0.395255717656  0.431421848773
0.688927106158  0.635231013028
0.650669506248  0.688613360048
0.393681001818  0.301696000708
0.743600515814  0.459997279688
0.339315665064  0.468295181198
0.435363198919  0.392636235655
0.492727990261  0.441594044441
0.526215439554  0.469524877342
0.624889695413  0.599812337444
0.594995831809  0.531141121437
0.407744962474  0.495875158549
0.695308442029  0.571449406061
0.321823344723  0.434957954073
0.436357285525  0.355404438906
0.549228234975  0.451418998692
0.566858861741  0.501121774658
0.463171742099  0.383037534105
0.631605680755  0.438443487005
0.435133334627  0.382471449757
0.501394783877  0.542829771874
0.412997642687  0.599595210221
0.318765945582  0.463792394516
0.496996138293  0.414597973695
0.500649546855  0.37427054485
0.454523941297  0.509411640536
0.647489180901  0.451183233126
0.537355463988  0.2561335242
0.509470346397  0.523096036159
0.393234677495  0.418074859238
0.380723926771  0.4303901693
0.621565984122  0.448772438078
0.524323452616  0.631922625535
0.546405969579  0.416936621328
0.427665001207  0.541351950708
0.504023086529  0.594469674286
0.435632487806  0.552577098479
0.528209019728  0.505615949998
0.447349111237  0.420740307298
0.311178527793  0.617824456356
0.599338067613  0.441981174009
0.535114647247  0.502051873484
0.359212243035  0.517852682745
0.32568375351  0.36073258246
0.459122160404  0.695155810557
0.534210072757  0.319140092477
0.712217704195  0.392628241561
0.422088938194  0.528172146202
0.507430263212  0.526010570168
0.493451082564  0.65904008779
0.288319479195  0.618831600313
0.378920318705  0.48351963676
0.716700324007  0.474397838534
0.591750444252  0.3737767159
0.381263608053  0.539391965352
0.369688660616  0.620368480378
0.525521932231  0.544160279165
0.35099370753  0.74767609003
0.487537039808  0.67141012463
0.527209671863  0.5559772288
0.366569895949  0.501629448359
0.650926138954  0.286902274047
0.615353539981  0.545566973576
0.602180341269  0.515990450114
0.388528137292  0.512614226212
0.472699606964  0.570880068148
0.395383385493  0.582302119537
0.450821317183  0.46695539076
0.596045287525  0.380265839779
0.498007161593  0.227663883044
0.36836593355  0.52560376639
0.42015483418  0.762009527208
0.489042742827  0.587724089185
0.261637794042  0.522623457579
0.520267266731  0.405817320071
0.548988797891  0.53601028416
0.612630912255  0.582185697571
0.430332111614  0.510423779569
0.479984205889  0.453521000652
0.375311204352  0.445509501838
0.451061327684  0.396160188076
0.552598769734  0.607000210032
0.642420407557  0.533726576751
0.458033708945  0.525594274004
0.518362441813  0.388641992975
0.645241843101  0.448597351799
0.53188610038  0.593242523859
0.214504189325  0.304482335206
0.347456815668  0.78579356738
0.543603555372  0.553234100925
0.635921038192  0.459911480486
0.488425046969  0.490865256158
0.538095848738  0.461174239832
0.235639073115  0.481991407057
0.377771692589  0.458024354176
0.626092383635  0.525299244768
0.48066908503  0.312197742202
0.489748944636  0.571177900038
0.377593610841  0.544150786506
0.445129284903  0.644097663465
0.385739311562  0.707990250969
0.537857210122  0.531295819903
0.477033805875  0.426100634584
0.543252644743  0.451123170404
0.526494938963  0.440919236838
0.489680381265  0.720215709598
0.595958731369  0.417845605522
0.366928103172  0.488214084456
0.552313957477  0.334128289712
0.653536067812  0.62737269132
0.559775716878  0.448102947008
0.399785333961  0.608921218857
0.65596624203  0.55515913633
0.407995430699  0.625086429267
0.591162326803  0.446570233653
0.470227862965  0.208281911479
0.522259931642  0.719224648532
0.566556739347  0.506715220851
0.413282120607  0.657659649233
0.518287389025  0.568169080799
0.557694126924  0.560176784307
0.519993822846  0.478031730634
0.43720606868  0.523020612016
0.394441593488  0.478361674847
0.602638898134  0.534062479243
0.487645413773  0.431767680219
0.716277564209  0.425300688567
0.65894501232  0.572342418371
0.697650347652  0.525803821858
0.610265576365  0.529658530015
0.495267285833  0.443145570789
0.603012037855  0.443430359303
0.498335766928  0.630180187927
0.442970127586  0.510662018491
0.440996006361  0.482470801416
0.404897676921  0.380058527047
0.338919363913  0.431872547916
0.432473460283  0.593663395993
0.428104267964  0.411712526434
0.538802843115  0.49958641686
0.571846205004  0.469887185546
0.454344506943  0.804614828587
0.672035932429  0.507803156649
0.617615206397  0.444312226693
0.592543900462  0.444437574807
0.634555903266  0.460050078111
0.596616165289  0.553527657118
0.61526634572  0.564013716084
0.658470905781  0.313380763526
0.523328737815  0.616584125996
0.466988527865  0.507264851341
0.587949162126  0.421055625441
0.335876416923  0.52431711387
0.709724201404  0.457278483952
0.52541007614  0.561345661229
0.559222520934  0.648816621038
0.457667503062  0.499661802528
0.373811808827  0.603637094601
0.453436411746  0.554563382035
0.592576979731  0.327361060388
0.34791344009  0.393172419711
0.485119168819  0.523607879968
0.624598264616  0.493469737005
0.380464698549  0.433033984261
0.446224874029  0.355305915994
0.517449298008  0.576262704813
0.374325425278  0.500533057381
0.479520431997  0.412952542247
0.552045515173  0.546750348601
0.458272189481  0.373206648855
0.66608630872  0.389697747508
0.467617939748  0.47891358259
0.239081022744  0.446504056063
0.488041028204  0.577653764545
0.443132344456  0.43176170911
0.511504750493  0.307786178182
0.532341381003  0.499722425132
0.482581428344  0.450104416522
0.318041753374  0.560979918285
0.37251172359  0.518545980026
0.627404186518  0.476696465942
0.582208189116  0.478675214994
0.441449767338  0.681290451974
0.417347161008  0.50340656991
0.611515816088  0.528980957177
0.506388160153  0.434325705956
0.404945402825  0.549024121947
0.495747812637  0.545734109424
0.495302974666  0.606824217768
0.480846748991  0.404254114985
0.606239253165  0.415873156049
0.440754396192  0.549667849193
0.565940370389  0.573108276523
0.481301703274  0.541180995204
0.53865113005  0.582635550392
0.2849399432  0.381765404795
0.459970494035  0.520337593377
0.607791376838  0.582083892552
0.511017655486  0.430509530914
0.755541155825  0.380954570566
0.669340401912  0.440209744232
0.677097638561  0.431085960448
0.499648839131  0.393486891732
0.473051179986  0.433426653331
0.498668763335  0.397800317332
0.433499379508  0.381780035441
0.421967024882  0.522492639406
0.431533375844  0.389684089434
0.32853979419  0.422541235453
0.80059275501  0.670818751243
0.530188496287  0.503262145924
0.520970238717  0.437720363893
0.682871263442  0.700522130921
0.60546097211  0.463710021811
0.601160703844  0.463149366988
0.485696421708  0.489594262769
0.583976759121  0.485806661055
0.376588893  0.433098582034
0.40314343392  0.573480254951
0.750225404806  0.495789561248
0.581742696632  0.726248392113
0.468309361825  0.429950950079
0.600219349758  0.392861648946
0.517413589216  0.371147891311
0.611609256159  0.567462381076
0.625682538125  0.601421504626
0.664332278939  0.723685839697
0.303219377771  0.548068205806
0.553742536241  0.615883051841
0.547522013383  0.426166913033
0.511290321603  0.558544198755
0.644358030476  0.394476650728
0.407220630733  0.561018058758
0.461061747423  0.432660511542
0.552497141977  0.386577771796
0.449383935141  0.622851906618
0.414337380781  0.322096553852
0.546805777136  0.418999438958
0.530569442298  0.520747384753
0.468806342231  0.526234769956
0.390430205587  0.521865570676
0.42842748562  0.569424997212
0.452089870251  0.479504138231
0.469301314473  0.457279510826
0.43938653623  0.637521053838
0.43321383967  0.755747094665
0.356575609733  0.540502790184
0.644926349687  0.574739332438
0.412933491394  0.488750395914
0.583719667517  0.584058163445
0.321883999672  0.474411224729
0.320766192952  0.367468079693
0.350932927861  0.495948259145
0.481305327988  0.584278966458
0.579161945452  0.46871063542
0.649236630264  0.671256517577
0.523528253017  0.486462246706
0.565097685413  0.466576925511
0.466103834529  0.453574240621
0.519120974459  0.519781613096
0.581846437762  0.326050436149
0.516068223973  0.541596973776
0.431197132146  0.447226004392
0.335860906498  0.364296548803
0.549481726529  0.347169395214
0.5065573735  0.380416118069
0.515997401607  0.35957043049
0.416345613815  0.564962107627
0.557162813272  0.470150838058
0.503162592623  0.614294399507
0.483478688845  0.575781238556
0.586943372603  0.614985006751
0.488265307408  0.653701322126
0.524091833669  0.538415331752
0.507897437471  0.40181644663
0.53924741128  0.565004257773
0.682456813716  0.362175202696
0.534626397138  0.417324307293
0.766615644396  0.490665132537
0.768256038365  0.517569898588
0.43693106179  0.320336766137
0.610544391408  0.480497241189
0.468969300401  0.337011287897
0.530018755014  0.415250544446
0.505499226829  0.49513252699
0.439176935666  0.426286701787
0.470806058229  0.478295939819
0.375454748868  0.444645307888
0.447615112497  0.42872891538
0.457664373842  0.440960090889
0.394942833021  0.395800791956
0.359716196204  0.517728569378
0.414557768874  0.515245638928
0.415145483649  0.520771833345
0.54389003049  0.367206204263
0.652004881185  0.570826580296
0.425706479647  0.552799611623
0.502001931415  0.486130467855
0.603266946035  0.387576678526
0.466207024797  0.494038301255
0.549948878892  0.577737654889
0.522634514807  0.583356028644
0.271809848544  0.313749425026
0.456005254946  0.441438376554
0.342723668682  0.605627238865
0.302686643406  0.576797115499
0.541524881939  0.474614882357
0.372253980735  0.599800366018
0.550320209703  0.483931359778
0.518375881689  0.602264890183
0.643668089856  0.51824131397
0.499039996739  0.805082133529
0.47809722086  0.57174045987
0.487462506978  0.564025144582
0.530568939037  0.62276032953
0.50433036116  0.57044296814
0.457140253931  0.501870583661
0.534013864361  0.605537882559
0.644987558427  0.598262381614
0.57228565008  0.506979493409
0.417844006118  0.576930070508
0.547667985645  0.763229011651
0.438491239089  0.456795037175
0.45470893417  0.600550562653
0.483026770163  0.386444320594
0.549272158536  0.524688145491
0.677481318017  0.450445279772
0.668053390553  0.468250760133
0.64553989666  0.651219680093
0.481463950471  0.437359072797
0.344022083016  0.431871877805
0.522150201427  0.520606567902
0.775429665477  0.391930526699
0.393770845919  0.614976661096
0.275020984615  0.445811172817
0.490315196132  0.385161075624
0.592355231581  0.573211292548
0.355729969146  0.44678500173
0.688999837037  0.300606135657
0.567820180317  0.605061057375
0.607254925521  0.470685823595
0.492047631308  0.323301293943
0.532881991293  0.375389636127
0.481124889827  0.362150920711
0.584195596113  0.367344065631
0.373392450903  0.31209592288
0.456378490655  0.510225714144
0.600845707791  0.306883600916
0.373507826833  0.355473742812
0.520763417319  0.480698099942
0.501056888161  0.490797083155
0.772723144064  0.580711146027
0.546251811857  0.528764479151
0.35740935114  0.442205576636
0.443118328162  0.543347485811
0.460473147012  0.471635154972
0.463193339063  0.67006254833
0.451661337632  0.415295229016
0.698125782106  0.298073702413
0.518025966315  0.703375810057
0.430676607617  0.587257786648
0.372748621208  0.428082752734
0.396368542261  0.492147818225
0.66232727928  0.391588126854
0.530985614693  0.592255953297
0.439087507071  0.625688792892
0.50673470782  0.490277219607
0.483154045817  0.453600418377
0.612312494791  0.541072568508
0.485212802902  0.491780022181
0.60323474275  0.497740648766
0.597816985914  0.498506194358
0.482262503729  0.44261537371
0.549781596536  0.408489418214
0.574104505794  0.499530367174
0.609694298863  0.347490095744
0.324981450157  0.530813454455
0.539290971263  0.368522689753
0.488328313247  0.368483533959
0.51618980818  0.60862154465
0.725192339362  0.453523124089
0.573814819238  0.500192274791
0.517271905919  0.519186654643
0.448752732549  0.568097261144
0.375266502661  0.334270466082
0.565060140607  0.457805992134
0.450855017391  0.427914472557
0.358132251083  0.447842422184
0.498714857677  0.446705905992
0.48087831152  0.607186935737
0.614352297092  0.388826255832
0.512922207787  0.348701886917
0.675549924951  0.572568509131
0.572394272982  0.318884171407
0.512027768219  0.425286245047
0.544535294763  0.47588264059
0.608488188867  0.539198701626
0.441094141886  0.611699490157
0.66642208814  0.69701432905
0.359566964617  0.300932453342
0.38756056252  0.552569162781
0.525374166818  0.433379607071
0.405444085577  0.401334139926
0.427329445711  0.438992545267
0.49025487029  0.418035492898
0.49506112765  0.432895199422
0.618159591755  0.467599369568
0.594747449042  0.526006983166
0.374024235436  0.511994005408
0.280005140952  0.47573453774
0.621601454907  0.55155981687
0.492942846212  0.372439719286
0.332213026037  0.439785574712
0.684189537112  0.477288614991
0.713148593001  0.67795968211
0.550359745101  0.452685696694
0.506788736274  0.64360253105
0.435503390165  0.676133663805
0.617793017687  0.488163004644
0.462662581136  0.46253936892
0.515745057735  0.598346214253
0.575893033853  0.471311275384
0.325238900059  0.284160579821
0.549337421212  0.552231154455
0.466346003285  0.607136941179
0.623616786164  0.51353034071
0.528804125923  0.541695453889
0.580483351785  0.305794582099
0.343611087999  0.244109653196
0.402449026647  0.456735833075
0.528546361917  0.535405167253
0.463291405718  0.517234533473
0.279607335248  0.513591556586
0.443241042179  0.623925462835
0.406983275568  0.486840587467
0.593145379473  0.626397654362
0.42615991082  0.656911504014
0.374112851717  0.579349245049
0.504275524413  0.520366719171
0.241530604398  0.548317612912
0.323326680704  0.582248772272
0.477221672008  0.467179704581
0.622559774617  0.446275329015
0.327668964034  0.534718057381
0.477689825201  0.529310188773
0.476301631193  0.544317405182
0.354477610244  0.743411343836
0.332203524756  0.418708781368
0.474533731058  0.499637957949
0.756683142357  0.4913577736
0.644505754845  0.489820828422
0.470233951903  0.5718949074
0.436973420488  0.447496102258
0.330222751979  0.4354377691
0.551853097943  0.428505822377
0.434398820714  0.577220283319
0.390158794357  0.388221387874
0.481933969199  0.498593814302
0.673690847197  0.388980946103
0.44785373645  0.691260505996
0.47103214083  0.420871844282
0.345448066269  0.466480552455
0.333090734968  0.568464228422
0.393638935336  0.392553086422
0.504918767969  0.601536030759
0.539039106887  0.533862792347
0.432950003299  0.376678580327
0.50197813981  0.363186767463
0.66474480743  0.527683437679
0.574144307732  0.544834123792
0.499518721701  0.508993359836
0.52051653789  0.422437237948
0.393138899793  0.579659799835
0.344603520281  0.570086093032
0.387005363014  0.696637438588
0.663046906829  0.550236883424
0.686871028477  0.466156395928
0.135814143021  0.529664654002
0.358019704789  0.458649102585
0.366580390379  0.538289871316
0.340824868943  0.464984823709
0.563315885216  0.440980643308
0.523361534942  0.505986027743
0.577299534989  0.497658472649
0.392658827481  0.599581450601
0.370843625796  0.419406485214
0.513469361211  0.315926041831
0.506810331012  0.632698595342
0.4451524852  0.451995770069
0.433364327993  0.508210228139
0.615812273245  0.584778440048
0.507021660882  0.423131766788
0.543260374305  0.509401273008
0.626823260397  0.587167163164
0.486559563436  0.426599107633
0.439370053427  0.436607294879
0.353721102728  0.62843619869
0.593282315843  0.384402741407
0.597714495736  0.367318051646
0.505845003414  0.604114197178
0.582007359114  0.510203279923
0.53119200043  0.430151640151
0.523774162651  0.626693224655
0.432043441999  0.604294290639
0.62704695919  0.694079090212
0.522286688541  0.494511241897
0.479672170792  0.698431658685
0.553988896473  0.34654671932
0.559101181543  0.561847113591
0.667070404275  0.453283978274
0.743146040375  0.571903611547
0.301494946848  0.594431469555
0.544600155064  0.359532067641
0.710112977771  0.472745856517
0.616809206574  0.513480791398
0.460898751273  0.510239602072
0.567721959382  0.454510177789
0.422425028501  0.498980790678
0.565998484283  0.408121274116
0.384641987886  0.468072744092
0.433517652664  0.67199566768
0.662131678836  0.491580681629
0.52177830107  0.60296859057
0.490043584915  0.459642093963
0.609701040072  0.390582743976
0.360837860683  0.341216985807
0.48661159756  0.381373831884
0.399888084506  0.555481866722
0.622772638578  0.375391983818
0.570083128972  0.397896891566
0.530861158666  0.506121167126
0.432979148535  0.390107049722
0.437381481414  0.55160838778
0.414827074277  0.6289387075
0.392458857385  0.57779714423
0.632703690115  0.598008835772
0.62102008698  0.544109106238
0.546436773167  0.618461631856
0.444146364806  0.534184675402
0.543339701296  0.400345471655
0.402457819785  0.406502082634
0.502791102195  0.46301542302
0.358570145765  0.297658540848
0.508473272772  0.618794461839
0.521560863941  0.572014415315
0.451244170103  0.439489001449
0.411356729096  0.595586999077
0.620102838315  0.731211283243
0.479361583836  0.543248632048
0.478023830268  0.38834805536
0.403994626408  0.391733176518
0.319929393843  0.499908454533
0.664762052367  0.547031842567
0.677700313468  0.434944006681
0.430520447095  0.381629089022
0.599931687712  0.571843013624
0.326503045661  0.578385908611
0.673270582045  0.49172664547
0.397296586707  0.482849634056
0.419642194703  0.433761597172
0.456915476137  0.604953054844
0.414858044541  0.565844452414
0.291336322592  0.440155597137
0.474894425688  0.48222950743
0.602978391332  0.440499844168
0.413865854683  0.512721948393
0.37633959451  0.432853288295
0.59328005632  0.380865758738
0.514871211159  0.415001836899
0.61149415351  0.560450045786
0.362175577699  0.353576787396
0.572898917344  0.513587566377
0.558973497331  0.318361699175
0.426001039265  0.5653257077
0.404670982764  0.687187817028
0.621118643328  0.370501241035
0.408968188161  0.683572138986
0.45652953512  0.51860064515
0.576715035017  0.559214200428
0.507109516666  0.545535529258
0.553370505327  0.6694698821
0.592470173132  0.574015182688
0.319924411071  0.667347172391
0.424898656223  0.453142414426
0.456437746297  0.345446720427
0.542675105844  0.607455828111
0.587916579682  0.681057018891
0.347257249481  0.431669663347
0.438609688368  0.300507321971
0.342818475569  0.761966951398
0.370803465285  0.486550733855
0.621733294756  0.386741423546
0.424164381388  0.498611199335
0.526752656304  0.417524796008
0.483266302374  0.521442122604
0.486580408867  0.498212890401
0.683032191154  0.478333036686
0.363213466436  0.543817867254
0.627113815633  0.493521076892
0.55381854375  0.482743074408
0.404661787342  0.605362556962
0.484303834516  0.573084234512
0.438759412911  0.442951130411
0.42954043592  0.506752377856
0.356462254737  0.249121935591
0.557113413243  0.507361209208
0.506699110354  0.553746236462
0.47165251583  0.482652489904
0.407936734183  0.272099534902
0.467926452726  0.372239481414
0.50182498393  0.455049409208
0.441317157255  0.492138169686
0.490720481663  0.419811552607
0.440608299666  0.303200410794
0.578726142041  0.440617541094
0.640747533988  0.322224318561
0.344635615177  0.361609081331
0.437441695242  0.428807682073
0.453777460707  0.44749411417
0.319128430226  0.337354205937
0.424962472678  0.560768315273
0.455728558986  0.509343450742
0.636325728078  0.545235477957
0.505018376124  0.42503957468
0.41234168676  0.459531879469
0.550148191025  0.37180640492
0.524580625281  0.494058560066
0.653986657819  0.28180213813
0.652546399537  0.479813660336
0.544004789729  0.452276380578
0.549364522443  0.440693228381
0.492918240508  0.565790957584
0.72417651408  0.4905011466
0.470068166076  0.378794171618
0.382437106028  0.355381984068
0.34928377419  0.415428765202
0.420401845546  0.463424205016
0.672578902578  0.45632966752
0.376221773759  0.619078299667
0.414247692194  0.340616430245
0.457358362058  0.534287104058
0.460450389887  0.618064541612
0.480412069763  0.485918386345
0.562709855187  0.473081868475
0.383081492537  0.563172531914
0.520469688596  0.569730693315
0.405535605446  0.658661067087
0.529599119495  0.426322753123
0.453598839279  0.510662777756
0.50950429244  0.321932108705
0.661914113335  0.273257127616
0.662093701631  0.653918111037
0.329608817939  0.527474875924
0.599003801961  0.474346193714
0.490938823051  0.257456959454
0.590422941409  0.555650609032
0.637007375991  0.508962750421
0.461348945589  0.351486217683
0.423978959356  0.503272116685
0.366908127615  0.60492561782
0.449651562061  0.4679369683
0.362349107962  0.434548564398
0.627667348221  0.358414146871
0.452863550504  0.512293802261
0.443939102566  0.386112921107
0.592395534867  0.615870354888
0.551793267326  0.395730197249
0.484442444136  0.457204156101
0.530855277921  0.476484054648
0.450724951536  0.426538343512
0.562519233779  0.323068418654
0.635927606295  0.445280325514
0.424399972996  0.648862696109
0.746019864097  0.518838334485
0.651873413105  0.443977876138
0.402731064902  0.654478108479
0.517537168835  0.659062944536
0.490080760911  0.329437227558
0.376654517591  0.496247551407
0.589340829848  0.472418967842
0.568095987713  0.403307161422
0.360048269006  0.480203114946
0.459557851873  0.593698693203
0.55297583174  0.621226099928
0.471658978254  0.432088074202
0.539146774505  0.726310516148
0.419104642362  0.364711664884
0.431146132827  0.589142437078
0.475825737152  0.552263863499
0.502999949767  0.478715219657
0.472870570818  0.586677259639
0.439774401522  0.596312819207
0.595623101721  0.399103815535
0.54820354894  0.370816486513
0.432670475034  0.361862842505
0.686110054859  0.52788424662
0.641196268638  0.44540315895
0.363649443877  0.488706367275
0.375745176376  0.553948927445
0.537888334844  0.625704519471
0.58382141879  0.42712999042
0.549869786499  0.477051626611
0.471111460166  0.427245100622
0.462436236294  0.439113579864
0.504559503115  0.472533078738
0.400253504119  0.435842852417
0.588521757979  0.341018922851
0.621416345162  0.404724203685
0.26125502521  0.492083565939
0.385409098189  0.536716384866
0.39156705485  0.550233018769
0.676567470876  0.322757785817
0.559097790353  0.491758582695
0.499101165052  0.666687360909
0.430810659708  0.429535237568
0.594008193293  0.616178322409
0.486918922679  0.587662168037
0.388717792353  0.46157937476
0.152589417943  0.57577465726
0.6049384343  0.542054816086
0.447628361648  0.665274125862
0.494347257316  0.553481914898
0.427471320922  0.483196315401
0.452247068118  0.742360694401
0.652834509372  0.663826158452
0.353316039849  0.610872945541
0.500063867529  0.508523177483
0.463244422955  0.639909951736
0.46617235976  0.441244042285
0.593698031525  0.553005654124
0.355728577135  0.577290079128
