0.451197049813  0.749661620028
0.266975741127  0.488999776115
0.542650485892  0.508188156683
0.446968124501  0.508746302304
0.502563769559  0.462798656355
0.548599581614  0.647628142982
0.333415474208  0.478980970958
0.354991201204  0.582300613822
0.599665317155  0.320516084552
0.525698778979  0.563124374385
0.592071490284  0.478738712423
0.550831289697  0.457027604889
0.434180478394  0.557354963589
0.513177354511  0.541979492468
0.509341616407  0.519932533874
0.411795621275  0.590062606706
0.500973981886  0.522822535412
0.521553182576  0.455994937645
0.4826782394  0.591389859513
0.600037479904  0.443457588475
0.484301328997  0.521934635644
0.366069074544  0.484160453757
0.514104597983  0.22993318815
0.463556123246  0.475534953931
0.431508364756  0.643970315176
0.486790620041  0.544340011907
0.447610826095  0.605244271737
0.464648162656  0.581151856337
0.390852968679  0.425150198649
0.466311477205  0.533412298341
0.292243562191  0.644261556208
0.46183437908  0.441508217934
0.632151415953  0.466653593402
0.768432998145  0.42340411806
0.516843547873  0.578766156677
0.48210931583  0.405481797985
0.32939778693  0.388818320956
0.376741263883  0.453335515891
0.478788681704  0.600194127071
0.41891753721  0.45307213301
0.397939546143  0.428283113322
0.4799448693  0.371774983948
0.552099192075  0.444682021413
0.67015905625  0.505872385515
0.389972083389  0.508538050888
0.533205255842  0.539626964824
0.556373540089  0.594770323916
0.482339564484  0.648293925313
0.369199611456  0.645345649347
0.355743814327  0.415035284221
0.56329315519  0.545569297859
0.429281910301  0.451149687372
0.395538352174  0.49330093379
0.596674366914  0.439252672874
0.527157146478  0.665381787245
0.289695957658  0.540656894528
0.334308784812  0.621636518653
0.567430829422  0.465512214285
0.709302252254  0.498416241629
0.499376202488  0.608273535995
0.644099301515  0.476813170454
0.448919480398  0.298059967398
0.392421827844  0.518539206681
0.301296140694  0.252599810268
0.491184051471  0.38308869826
0.4187350313  0.620086997923
0.566122477365  0.462959105365
0.441690744206  0.433838230537
0.727576720139  0.477622903053
0.551664608196  0.562181306459
0.596612851598  0.528294491213
0.561735922734  0.424724930179
0.612263706955  0.602392897946
0.405616030994  0.542148201415
0.293567976829  0.64972503971
0.512392072425  0.517394784606
0.359682011072  0.544646183465
0.420507335363  0.382300082337
0.472142130361  0.388768169796
0.596611675899  0.648358260147
0.53980650892  0.462093116837
0.435110413585  0.568463930699
0.68400834785  0.626779602892
0.321030356624  0.565925684132
0.461788925968  0.540269512415
0.294955510602  0.607244778029
0.457288523744  0.538912359852
0.530247543821  0.646729748287
0.483575544725  0.414055191386
0.509025245971  0.716293816495
0.49309610911  0.378914464263
0.438157958977  0.475623178199
0.562928061316  0.616989230533
0.531154314348  0.556524332198
0.513124767963  0.333274714097
0.335009195293  0.524285661765
0.355413245951  0.595699782212
0.711463675804  0.327890260958
0.565116378479  0.524385118591
0.570458689698  0.501612714183
0.548374683989  0.55855208043
0.393713494218  0.495308224829
0.420875641235  0.405489590376
0.460454948701  0.430179016254
0.419535167795  0.586921337858
0.44788248365  0.500339112592
0.550216277444  0.497863315125
0.560127054364  0.595476119128
0.4230162924  0.504205880373
0.537282435378  0.667308837553
0.411301017274  0.505146427227
0.399809142603  0.481622779639
0.551424063573  0.52750463728
0.269778056452  0.565851789229
0.60101822558  0.302336702173
0.63686690753  0.460012756712
0.573448249382  0.374978421931
0.425546204271  0.399051432383
0.50136415807  0.474003483013
0.452819960789  0.698122884599
0.536977895893  0.322277322117
0.535131504318  0.490013157662
0.543205433063  0.678531519604
0.534970782752  0.648604261049
0.545239864588  0.42614544288
0.510598658819  0.627691146559
0.585494719355  0.696824224779
0.660817154051  0.589212326987
0.313991511152  0.591689196911
0.350457626282  0.553296072958
0.542140690312  0.625059405196
0.507603051576  0.426330575756
0.532649719886  0.557945956814
0.494974533789  0.460289449366
0.599446242893  0.495090339221
0.523205571851  0.444878456298
0.293184633561  0.46753675932
0.432072123746  0.555076700342
0.483845022493  0.473202169782
0.549400089113  0.444635318537
0.579339229178  0.554156110117
0.584933100048  0.558527483436
0.405617243001  0.609913357223
0.465962884557  0.30050218361
0.283775155541  0.471569455033
0.649854924595  0.573683958333
0.301930922445  0.433021372777
0.670654699802  0.640084515305
0.654398674032  0.550434737151
0.505272048377  0.626256838885
0.43853710271  0.48049605777
0.376796129554  0.35658392042
0.531394358759  0.511685393484
0.431987693072  0.485743145319
0.463103173981  0.603687526355
0.612072860205  0.443378709566
0.591794475081  0.604211198893
0.418659610628  0.43625092269
0.430367450455  0.428642213273
0.542916952177  0.51463014904
0.458170547307  0.508801829293
0.488711613999  0.469225600741
0.551076150544  0.359671337579
0.598147500412  0.529792407675
0.552282932754  0.635954317245
0.566616938875  0.612659724697
0.598303345357  0.585354599743
0.543176391311  0.433612872846
0.528140770917  0.396675646365
0.524599626838  0.528681319736
0.289436372085  0.668545011266
0.549649704346  0.516657679242
0.679126019892  0.299483855004
0.509050473735  0.608673352255
0.439053187484  0.478295671984
0.390448654097  0.452279541571
0.524664680799  0.43825246803
0.323601238017  0.651168800983
0.452788306179  0.359720576173
0.591167179109  0.445216606798
0.47426612114  0.394559155051
0.720521659869  0.516372988802
0.411813122487  0.422782659519
0.562141892772  0.49863269149
0.528021935706  0.594157550921
0.416695313574  0.413028386088
0.456068174333  0.546275543856
0.475377466398  0.583414456057
0.782712571689  0.265315775748
0.627991297421  0.389666423123
0.406895451634  0.515011970368
0.594901756746  0.49303838605
0.471910827086  0.713797936112
0.593987053493  0.338446968989
0.267567984642  0.254461611514
0.516922603724  0.464492606879
0.505227518605  0.403122614588
0.456143248416  0.430363246455
0.619296257316  0.428940333514
0.56361387843  0.591372412121
0.279969233722  0.491582112738
0.471447219489  0.59542345238
0.561501447859  0.413457757661
0.453559789194  0.342328319866
0.574563502183  0.758356455513
0.400877355073  0.547746494309
0.527693373322  0.533450152059
0.537420550702  0.453639517171
0.368339480735  0.418908774639
0.635438477201  0.485957306721
0.431058690338  0.517403083443
0.496726256351  0.594344615905
0.443972970635  0.471414495668
0.399281067989  0.4701566467
0.533458131252  0.532789817874
0.462773796497  0.421471846278
0.601030947809  0.456852493127
0.560409534465  0.522156911939
0.673218375086  0.445424311007
0.697291238363  0.453196656329
0.664728953767  0.556051727736
0.441565781429  0.538681927174
0.428566021184  0.530833004934
0.519829828824  0.564076755689
0.387179674502  0.67739281241
0.574967919994  0.633578676724
0.59907091958  0.569007268176
0.598361733589  0.542725760887
0.381087603531  0.461750475227
0.43267502697  0.442647256753
0.526702561067  0.586095232731
0.378217608333  0.513189981489
0.321366135772  0.498709318181
0.662946173453  0.590638553596
0.446276673753  0.538738020725
0.507501582822  0.33150913647
0.353298614157  0.551008208121
0.347442117178  0.603748417022
0.440178854462  0.569176678213
0.508324752022  0.39639139326
0.559049606885  0.399719003506
0.363346259789  0.343647514834
0.5761536852  0.596253600158
0.552394874238  0.496902397264
0.373648832349  0.564856248452
0.411217302207  0.550933092142
0.560820574227  0.566991652579
0.309156469602  0.369876660039
0.572209837334  0.597747368963
0.203261985416  0.509693641577
0.275082160223  0.587360842694
0.616041924214  0.598257084262
0.533372561284  0.538437164992
0.340330195482  0.678565760664
0.362507522828  0.457774436557
0.426233544426  0.414427242647
0.475558073442  0.515627625698
0.541195638359  0.386648863338
0.502607340838  0.546415082332
0.392886264689  0.415382395851
0.399867793446  0.527721444907
0.467628085059  0.550310453208
0.513693271286  0.636756269077
0.648093615715  0.529341197422
0.581191554318  0.509849840893
0.456366723073  0.350963480973
0.453224788456  0.558452533044
0.586393785022  0.217683526422
0.497806271261  0.417754284245
0.500530919671  0.469161037524
0.530891200862  0.523582880321
0.431101417505  0.390626798904
0.409845139512  0.444061995647
0.467605783842  0.548820959227
0.493529215453  0.567213001756
0.322903486381  0.429340518147
0.462085457391  0.633683545185
0.47528814059  0.441006419219
0.48986276587  0.466914273388
0.488169738019  0.505205232434
0.64637309737  0.53412183
0.595375880871  0.528622766295
0.660971050746  0.601905094753
0.545908211307  0.416823844871
0.588603608676  0.538927983605
0.392461779725  0.454760184937
0.775027483851  0.354561656897
0.544251052228  0.492333866376
0.490307878032  0.53218678994
0.388207603941  0.345813700728
0.473158050477  0.271924314706
0.33898655462  0.370706245149
0.750426024881  0.38066882579
0.612175148884  0.491430646572
0.43751120384  0.371210598134
0.610127388633  0.462523845215
0.571223256946  0.422971065249
0.569018428206  0.45837896683
0.652402349693  0.507905766813
0.547540227404  0.384816658856
0.53427645166  0.513749391617
0.443509523775  0.286421134468
0.761149387771  0.405372426018
0.334112148693  0.565645698754
0.322420371495  0.51680268449
0.331337424139  0.669476102186
0.545105423626  0.623970839933
0.440908673807  0.572864000307
0.500666441126  0.688671127848
0.593494348272  0.566988656491
0.551689576576  0.508843468872
0.560067449154  0.325091911639
0.420999113004  0.719074389825
0.459060906219  0.491678050611
0.507011750267  0.43875817479
0.45198600861  0.534442425714
0.567577670186  0.575285611632
0.383045085637  0.448260204099
0.477099839603  0.513596163275
0.456964210796  0.454358132987
0.386604637891  0.279872947262
0.391018424158  0.461071452036
0.603698165175  0.436367961635
0.42418277425  0.572582253102
0.585764145627  0.636591656187
0.299167518421  0.449066654705
0.527244525351  0.451687633846
0.542404498069  0.498290043809
0.483217979633  0.473200155813
0.476155875323  0.364866630965
0.587298418008  0.501737271815
0.599201256702  0.50114493955
0.715947374845  0.424008087943
0.510030462275  0.606675696397
0.481198722923  0.573966956761
0.557241606358  0.548515055193
0.494705750406  0.587004862674
0.411833147701  0.414492015634
0.458032505277  0.47515478501
0.528968285696  0.486642027301
0.538570092651  0.597730779961
0.459894348738  0.391879861435
0.336798763923  0.387404149378
0.467821434711  0.64883268289
0.403715621646  0.371509130559
0.40862345112  0.532162638186
0.511306846072  0.596327984063
0.577175260462  0.48527176986
0.65853533757  0.42618731338
0.548109519301  0.484113366376
0.553944293553  0.425551138769
0.398046501062  0.508006863376
0.428053585521  0.567707659663
0.403332533973  0.466871205739
0.553116714444  0.534991436569
0.644644742621  0.568993339253
0.546397714709  0.411700393777
0.497561470508  0.673047059056
0.578999989961  0.43215301648
0.559383903511  0.437401977137
0.418982103529  0.566044553265
0.343652729554  0.561396884883
0.393518383519  0.516783377648
0.524864050175  0.417021701668
0.484159360178  0.710462576325
0.636392441933  0.538931594635
0.708760240905  0.256531303721
0.799277414704  0.562623930093
0.600203637445  0.590838982336
0.503658414657  0.556615549304
0.514871568739  0.425144761249
0.133274641368  0.594598020229
0.551410986643  0.291015699434
0.497736099768  0.38907076952
0.472645389177  0.522898183789
0.415816151976  0.545708063496
0.465274143866  0.477744694466
0.451641910859  0.433918286535
0.662532308807  0.50429196894
0.571791756419  0.508436255945
0.37960442368  0.522610374509
0.622553197327  0.359488246698
0.440267456326  0.457401741715
0.530534062723  0.71722803428
0.31318306698  0.57099878849
0.517460704967  0.452853292292
0.401745316566  0.485328325176
0.553920945908  0.519166759553
0.471539969425  0.436956172336
0.433075375813  0.53728611605
0.684772080056  0.435315347853
0.272863693164  0.547642230163
0.576906742205  0.450238458923
0.570045862439  0.512094317816
0.485810626576  0.459865252747
0.469103340796  0.554728927511
0.58872320453  0.474868703978
0.444357585224  0.566263875059
0.518370768805  0.553438564693
0.653586094603  0.448715986823
0.54108735482  0.381981627929
0.535829880481  0.343891721313
0.462073535936  0.348538456012
0.573081231792  0.661398909335
0.436801940541  0.528954733523
0.387907178468  0.461789357787
0.55796665129  0.350301132984
0.513233622443  0.37517345183
0.506201812275  0.453072216008
0.258485338381  0.395851372329
0.532746604733  0.596567136713
0.634766180057  0.609706487797
0.470448990793  0.395006228319
0.465648014439  0.386269323382
0.325789220168  0.411296648209
0.549975863913  0.624552270764
0.526574533224  0.349860734236
0.419650463562  0.562909094973
0.391992717362  0.46260853031
0.458164764693  0.461171447709
0.443237768112  0.576255396247
0.532212311386  0.540402458483
0.477472885703  0.468803366714
0.699021098614  0.244013276838
0.478807309937  0.590499240726
0.447855015734  0.722418044741
0.319915507659  0.629282023611
0.724808900286  0.654632015537
0.628146417836  0.428153987433
0.484049115871  0.442823783091
0.475316159216  0.406627851952
0.498063911175  0.482873634781
0.552160654819  0.530020975074
0.484322804389  0.432837379906
0.430419750908  0.442846815071
0.529679595355  0.563871368211
0.61957134099  0.404611864054
0.438423367873  0.505233059978
0.477350036189  0.328146302614
0.573097351331  0.603130346243
0.499144035072  0.441096605013
0.446192676786  0.612058379997
0.534626459792  0.543242827483
0.561720353193  0.614828722683
0.476321796596  0.532962067559
0.309545141797  0.50014656674
0.462933270281  0.538993460448
0.456916553263  0.517683112472
0.521112369499  0.548959776447
0.53892107999  0.556028941519
0.576048342435  0.555130826207
0.665274104673  0.634429435069
0.373580508596  0.518185953637
0.634885305324  0.497689548336
0.404270124922  0.559995258849
0.476953471387  0.754452396051
0.760971563508  0.512476622202
0.517350327715  0.49049333115
0.464734600381  0.597386249062
0.336901794442  0.524637498666
0.61357540287  0.539135438467
0.490332464719  0.55006914418
0.336154891948  0.277743582804
0.475635920406  0.564853987407
0.547505247458  0.559920372829
0.301160977898  0.575275594952
0.400367770838  0.458358094097
0.450722011135  0.504404140532
0.562478446633  0.394760123136
0.57233679105  0.497633209875
0.626071062376  0.594938656454
0.490424240608  0.425900328241
0.545582706163  0.581600360402
0.464704735313  0.602429186563
0.450414850016  0.357849981365
0.332621782948  0.738893531185
0.519938163836  0.503131954398
0.39331599657  0.457450927861
0.42094380909  0.559419262626
0.566581520832  0.415007878639
0.447806686152  0.406587499669
0.312740147737  0.47821933647
0.44683421445  0.475982300886
0.527367130462  0.475709734643
0.58891200028  0.406448469506
0.431187807822  0.493236973931
0.670530770185  0.476100110113
0.527672307389  0.632688140664
0.658315406944  0.591173830851
0.489558511348  0.286070335359
0.355583513501  0.483903117843
0.561141826292  0.351106685365
0.317970710887  0.476298983259
0.313781357055  0.529578937725
0.39365456556  0.477405448205
0.557404597394  0.577784291578
0.461233111231  0.435307911302
0.450282028235  0.566266439417
0.608915451846  0.60641052461
0.346372839553  0.498247498762
0.307371642342  0.319307403507
0.655789923225  0.381474618753
0.599072386015  0.545520013965
0.284161451772  0.500399053647
0.478200352901  0.450388497009
0.377270442434  0.533314532298
0.568697643117  0.664058429038
0.596963898225  0.528770531518
0.603800902288  0.459961395463
0.599598003225  0.505418233242
0.547831858777  0.475622823512
0.478131846676  0.455955476392
0.638107685166  0.437067741043
0.475089552391  0.549057842254
0.258827102324  0.55383152136
0.621699784062  0.460904257604
0.590670022081  0.659877196882
0.434878762351  0.441225605474
0.492030816212  0.376192702168
0.561861275999  0.566287515784
0.482551622391  0.412294110108
0.737383974648  0.318809687392
0.647345938785  0.401037193018
0.620933056887  0.616976293152
0.407379609207  0.533270543846
0.526961810476  0.550046564679
0.261582362283  0.297889873373
0.433410956129  0.580293442236
0.445030609685  0.70874053113
0.272326897922  0.444380223897
0.451249209246  0.638632032386
0.556342154385  0.319043645897
0.449606712555  0.378572369621
0.490644420522  0.511333891185
0.451730743507  0.473187882375
0.495163617921  0.433381822617
0.417963468737  0.645136229955
0.551269581334  0.589109501655
0.347122447066  0.542764163888
0.483534494205  0.467131724486
0.370919416905  0.453001236511
0.453505852308  0.551809588081
0.598980509284  0.444071089123
0.558288973857  0.584210596449
0.511802904653  0.44175416743
0.455049391046  0.523979116064
0.34750334238  0.486563432553
0.5461033491  0.369515656934
0.444168048954  0.575192322249
0.50250545614  0.628601231204
0.422090561252  0.419151613265
0.432270701106  0.329874529991
0.470258820082  0.405678575316
0.379160015016  0.523876690766
0.35246687685  0.441574595472
0.627667679841  0.584435094848
0.524411415912  0.656681640183
0.209228352751  0.688296437176
0.322130858597  0.33718535699
0.432290555206  0.511076204306
0.375860673807  0.622396916717
0.376676077908  0.567633924402
0.48599232852  0.578846682314
0.510567657414  0.395893606447
0.571721017358  0.564565664128
0.591731552084  0.416074019955
0.433745061458  0.502220053111
0.554005536476  0.342097724749
0.524379000849  0.566774921418
0.358645139083  0.377434155169
0.485292619416  0.599712754179
0.247567932302  0.442882506352
0.335572400436  0.573579686886
0.550136174594  0.634876246092
0.429898320517  0.451355284299
0.449643715674  0.564885109033
0.398740141561  0.608781869268
0.715889961969  0.37769492579
0.409164111955  0.410751606982
0.485231448965  0.267012341514
0.510997359647  0.53887025459
0.317266236082  0.551989202186
0.519897628257  0.492604063649
0.478184637644  0.526928527059
0.607449373912  0.602867754051
0.488172424242  0.364597986588
0.489166687065  0.584303049987
0.577767418702  0.311695978857
0.551524504594  0.402028273657
0.51498739803  0.446914631892
0.474160620049  0.526855332837
0.448076423022  0.459141013011
0.473369089662  0.428972524905
0.478555572477  0.458475506039
0.458436982605  0.464377437464
0.439432402882  0.408744339336
0.443777601559  0.729749660588
0.523841249258  0.303252755641
0.423023341011  0.422466678143
0.541268194118  0.512523930179
0.494538736339  0.391360728108
0.474408868374  0.380280397967
0.548480508255  0.64668333628
0.601053339671  0.441394015313
0.446409843339  0.648828383087
0.385142658928  0.477124935165
0.397540550737  0.447612507584
0.581763992131  0.428933194764
0.460542416414  0.366408142993
0.377390513769  0.496974310002
0.582702070036  0.421495087187
0.613470185654  0.442839093775
0.637835933335  0.549079301495
0.509652134464  0.438886222805
0.37418169684  0.592470647982
0.630967104027  0.496783489028
0.427107346009  0.521826715893
0.531985769782  0.500342570094
0.486003258628  0.581289146348
0.626030986179  0.418922233088
0.579084864705  0.579263706049
0.45708676291  0.378886014956
0.581318266411  0.381947711745
0.577050052894  0.455767440377
0.472364163843  0.500422826115
0.313024265816  0.333656368627
0.539332877159  0.477352971902
0.730656009192  0.465168946246
0.628856304887  0.47228757645
0.404391480764  0.624012905599
0.553501411182  0.48410741081
0.555686324074  0.409450537363
0.471368135424  0.23357031961
0.481268110021  0.431409674865
0.496517463595  0.653398503188
0.664637337973  0.664256102544
0.45533937462  0.332117960688
0.296062106155  0.614304219872
0.494623638579  0.466209928773
0.301915605976  0.569936724948
0.715712172325  0.761597429074
0.450477307102  0.532021446882
0.667347022244  0.550264794549
0.728187539539  0.586710643117
0.476345934661  0.595771485619
0.486543293092  0.530003720484
0.516451692319  0.580174687186
0.638771722797  0.375345608136
0.555916364538  0.503338254279
0.525865489894  0.532949421244
0.51043124422  0.527791081486
0.548697432163  0.354188770663
0.389823620491  0.547860115903
0.482009654287  0.466344839919
0.494417657366  0.430078268148
0.419598464926  0.536123693564
0.49750549257  0.481545916356
0.489527313404  0.456042800972
0.497815958596  0.353704749385
0.407754022937  0.662553830121
0.756226054317  0.418009771226
0.595267245522  0.52340118773
0.570927846023  0.657711184342
0.413009751976  0.531268099146
0.46927504276  0.470015077834
0.349770403928  0.45767774586
0.428280209245  0.48211936675
0.506815319195  0.64696569481
0.402837937729  0.646550489487
0.417573494571  0.495678470311
0.657394687497  0.456003512042
0.347990353823  0.456591919493
0.654421297552  0.444976484494
0.491790097743  0.330359954464
0.450487984415  0.461530475241
0.403416682466  0.395931261272
0.507733719875  0.484985918008
0.45978217616  0.569969094708
0.560310639938  0.542742181974
0.516507734271  0.528661180762
0.568120774398  0.433967232149
0.458818129936  0.355902380034
0.411946132931  0.467619263069
0.285181402647  0.542635226616
0.574621275293  0.410844106132
0.303681755181  0.465324824896
0.437829767102  0.559904263057
0.564859587007  0.518068030553
0.517534822933  0.463590131399
0.426341472785  0.659694560102
0.603909991714  0.578179271688
0.473983390797  0.626166583591
0.743497437176  0.547166951468
0.672389834101  0.43842371936
0.48662889465  0.542475119454
0.350515809346  0.442414001131
0.536694772457  0.526893750328
0.490406397422  0.641854521433
0.44747796011  0.454111013277
0.477061645799  0.729794137689
0.451348092953  0.533373443459
0.566232005524  0.633695646159
0.535213216245  0.655622117361
0.561416287159  0.580681324109
0.535818982958  0.647958654802
0.361067503094  0.698470412318
0.515278103678  0.664627061642
0.371545109755  0.417906730182
0.336556858742  0.45161065155
0.415790889173  0.589120578279
0.479373672026  0.524897289564
0.616299762883  0.595772711429
0.57439400692  0.560186804439
0.236156403392  0.432504800524
0.457228223199  0.415027606242
0.629684881326  0.47631484653
0.78144520174  0.600355719525
0.333030154499  0.626258177745
0.748198266082  0.495575116942
0.514152237628  0.562440994828
0.480075991112  0.530170868706
0.479390720798  0.60879891429
0.43571446424  0.448225173399
0.341986957817  0.587175685236
0.434915883469  0.387787686824
0.46253425358  0.292207090842
0.475545573329  0.532751941615
0.428104488115  0.5028763954
0.551560432484  0.630212426673
0.716114419556  0.449606609968
0.626508543294  0.635510974758
0.536894721748  0.395641846767
0.594604243772  0.498036351856
0.550880648673  0.377172911894
0.445376761954  0.506010492068
0.411044074887  0.544896652056
0.559707617525  0.500190290364
0.395238045911  0.746382909069
0.452729485238  0.460204515872
0.439134033419  0.630411045038
0.56918005343  0.581380436686
0.478183732715  0.429345247175
0.65667796841  0.609632647242
0.516507248043  0.562393994538
0.606291448175  0.574907275266
0.447727902773  0.443325468528
0.593602819102  0.517460495281
0.4351195054  0.443963334231
0.452486249822  0.547395896522
0.45536641576  0.510109323668
0.440459977701  0.541992117183
0.45953883077  0.682460577801
0.641034602537  0.396732371491
0.539571316258  0.401247331258
0.452718620856  0.525639131849
0.512107067769  0.488119657197
0.554209050079  0.548129977604
0.550726356726  0.540529968739
0.560787283605  0.623310035437
0.455785302034  0.454859974815
0.521574991184  0.570866454631
0.395826167106  0.559640789697
0.621887014222  0.532502854514
0.613133092282  0.463416548783
0.563393769524  0.417957925861
0.625620014934  0.580672869307
0.490372969237  0.36806774373
0.332721232194  0.477532563408
0.395934351914  0.458115948158
0.291636189154  0.429789391906
0.493294834712  0.474218504516
0.49201160379  0.455353234827
0.514277037525  0.477111183514
0.495556348306  0.554093941777
0.518789965009  0.278869380773
0.508168834569  0.27197281495
0.571170874192  0.544898759051
0.205635096959  0.397312735326
0.450502673  0.514852798607
0.346609919397  0.567945562572
0.421311437058  0.617728323338
0.590204455599  0.66304893578
0.124378519596  0.253902187582
0.420989364531  0.444964672947
0.60921196211  0.592334739656
0.37854665754  0.385842721266
0.367456669773  0.569011733996
0.405396316043  0.597609648932
0.336969855357  0.518003282654
0.667445378172  0.535693458467
0.474769173937  0.442325504594
0.459219505811  0.669044902114
0.477225686108  0.648597233093
0.330570905486  0.686453763871
0.663685593428  0.53565189478
0.474900070267  0.390761930759
0.630713489221  0.394347658225
0.671310887501  0.504152110476
0.354024964031  0.444422749818
0.584626579401  0.70025216393
0.54965642251  0.628991453945
0.586430157879  0.429474728638
0.368737393688  0.62806341495
0.611445066208  0.540882928775
0.684854334531  0.582494225099
0.608535509127  0.45566728488
0.585959485849  0.330916754993
0.392465393917  0.601324648436
0.469655861053  0.314343006934
0.500456245314  0.588557000085
0.488089805227  0.571765919206
0.597432768063  0.427433875436
0.49767188153  0.710965045222
0.420320113569  0.635418573722
0.659357354449  0.580706526042
0.466336143759  0.444380423721
0.331797175757  0.51905895109
0.554795376164  0.451618464365
0.475165628926  0.619365753619
0.498479801497  0.590435085566
0.628768185482  0.521740361182
0.427786388055  0.405137098238
0.610717384162  0.603970075293
0.580131124934  0.246762024715
0.614940008086  0.546659551692
0.542131171482  0.460315839104
0.488106497956  0.436646467726
0.504239691351  0.512685451599
0.354617127603  0.317195588006
0.533400241327  0.366677194152
0.609000354495  0.494449020346
0.428485157173  0.469303477307
0.34773692592  0.52891907551
0.446684696687  0.563082285024
0.405130914433  0.596566389045
0.505329115404  0.676474922568
0.637184900184  0.528197390584
0.494421348691  0.544159409225
0.504592951079  0.561759899853
0.61665850595  0.58819306468
0.422842458179  0.570140792002
0.383443916334  0.675228000891
0.484513458665  0.468886832863
0.352428812475  0.52441826952
0.474951812873  0.487851369192
0.528945105859  0.523473634067
0.7088674307  0.503836523555
0.456613472188  0.61761710967
0.497430320673  0.549716409434
0.544332226021  0.441221528472
0.482308584033  0.469964350097
0.513370768918  0.48016722036
0.5136178979  0.41784165512
0.5215767472  0.33493124163
0.423489934899  0.519424756319
0.442102898966  0.502719589932
0.413415759158  0.569853369384
0.541186445158  0.683331572553
0.617400889184  0.500357962456
0.447538548611  0.502050538831
0.600561323715  0.391755113798
0.547293598327  0.536831264655
0.423641449501  0.515023332918
0.54914384151  0.478712048288
0.478015041669  0.344700445785
0.532170478381  0.514424828086
0.588312473159  0.604611949848
0.538800737098  0.485020936598
0.387959566168  0.370380406238
0.53570111901  0.658530398101
0.4971993626  0.496578657022
0.387651570975  0.321220801085
0.359271613289  0.507209692688
0.597705329706  0.527914233251
0.541001676208  0.271479641999
0.437750171328  0.511783497088
0.561259165609  0.369283560749
0.514731048658  0.496902633216
0.457921408008  0.457929607355
0.404847124568  0.4748083155
0.377000072405  0.499935819919
0.74438908964  0.547408879938
0.385197561263  0.440386781535
0.382853000698  0.381988148529
0.51773723627  0.58153952584
0.505612943413  0.365429164369
0.406891340771  0.776518727519
0.42024281592  0.555730738983
0.646019396292  0.565274317124
0.578956577785  0.410244972649
0.498349702705  0.586005307796
0.569676588884  0.330004294576
0.608462857653  0.515232358996
0.530080101562  0.365749517383
0.489718541757  0.524507210771
0.507089009016  0.610598082368
0.339562926681  0.323895258724
0.376593352011  0.557775347988
0.702516595136  0.457274916312
0.462496805562  0.527830995357
0.468188590138  0.55157651156
0.379049143544  0.486577018374
0.558385305465  0.721022899628
0.56544770964  0.351709075239
0.440739512783  0.459212819812
0.459481853793  0.49893679729
0.704875302949  0.473694784603
0.61624049401  0.593917464498
0.418477982355  0.27207352943
0.432317080189  0.408129086811
0.6520556866  0.503851532762
0.532314454427  0.373654733944
0.554497923892  0.714250012351
0.331581444243  0.462154090459
0.747003672602  0.45196327047
0.446780604046  0.396031104222
0.597687795875  0.60479626256
0.504503816635  0.401355286654
0.695872031092  0.451091244145
0.362509796414  0.583533784623
0.39076809226  0.287443692745
0.552898566365  0.581095959782
0.586594239571  0.500831902698
0.590343230337  0.459271792543
0.500954031352  0.586343282519
0.695714027567  0.364746041132
0.372114335827  0.395204014629
0.400156971734  0.432544485589
0.312459177707  0.710919755628
0.477500442069  0.520104696992
0.434302996971  0.518571364887
0.522890582891  0.2766909726
0.349945400609  0.587629193553
0.364268941271  0.667432450415
0.45252023909  0.403938064098
0.427923369802  0.692580103701
0.40628795204  0.669100777464
0.276463495386  0.619134456994
0.524882056012  0.474890390098
0.198772839671  0.580431273274
0.596697150268  0.342289085981
0.492365837113  0.522971843031
0.406365882851  0.565739144746
0.528611346065  0.567820875136
0.566812857265  0.314571042049
0.554368556135  0.513366660565
0.643936144412  0.537415353037
0.490324738795  0.318054863841
0.624940123437  0.363706708906
0.600391591699  0.404908810702
0.608316093823  0.485689987322
0.659102893275  0.609973557313
0.533925490612  0.546448991042
0.506076564001  0.452071619126
0.528342954612  0.388691341321
0.852378367422  0.509710611944
0.374280332932  0.470861591835
0.537167222164  0.66203149927
0.345110541129  0.659407074618
0.607665036918  0.442160761717
0.678200990042  0.427590524665
0.523953977122  0.584246419585
0.421998957862  0.552056441637
0.533038648991  0.549750420244
0.735799672494  0.455441221528
0.399270365948  0.511575631703
0.328989256497  0.549702450987
0.322754927819  0.48965692654
0.551590472564  0.627836712693
0.489093275896  0.494726518909
0.559757905703  0.608239451471
0.521232234237  0.598770334702
0.488846079514  0.516678506634
0.562573352829  0.364038234029
0.670212823071  0.555791253933
0.38253919372  0.260518779521
0.464611933439  0.609282817212
0.404400587255  0.604990201842
0.496346283747  0.537462680149
0.507021707238  0.50607602176
0.382640301655  0.416841908768
0.556154577038  0.616576439241
0.474684433463  0.679800648693
0.556671177887  0.411868897793
0.658313384351  0.519761578015
0.582697723185  0.408783622758
0.411680883883  0.539147473544
0.493705234787  0.423484336513
0.465700463123  0.706106962611
0.323359085561  0.571433654467
0.424505371895  0.365678410169
0.421151254849  0.464329898393
0.494738364395  0.608164213151
0.452945775641  0.409325752781
0.639961808054  0.408657446706
0.532718719541  0.656998951313
0.29239246634  0.592442889633
0.424729232123  0.521147150938
0.458312263094  0.481224803097
0.49366162706  0.423005553618
