0.417676218712  0.476113693868
0.659824089959  0.504772817798
0.473242189026  0.523554157461
0.346001859861  0.595490729371
0.341900809943  0.404610463364
0.571042015862  0.582385058811
0.681757133134  0.492484479299
0.35778987613  0.473669068971
0.373222807181  0.511924161093
0.416160345154  0.49821278672
0.691561575672  0.439592136405
0.617757138815  0.379008972121
0.519808508021  0.553906674137
0.565398741967  0.4031825741
0.345071688287  0.408625760388
0.540015681829  0.545009180904
0.593138103067  0.543602957968
0.460431695857  0.576921634305
0.420017292369  0.639978386453
0.454601431566  0.498419661578
0.373480611035  0.528884187862
0.56997771616  0.365947118049
0.457365930405  0.322621458324
0.461566192326  0.631548449709
0.506384283794  0.452596551016
0.63533067637  0.478739225498
0.504059793044  0.514570926726
0.45740529756  0.399342666667
0.363528958798  0.545317270133
0.42781190703  0.537698060068
0.527535118118  0.479454569844
0.470995610724  0.565738627861
0.404067738113  0.468494306511
0.320505598709  0.543355384934
0.441186039817  0.391788002188
0.388765006219  0.26764560309
0.556326022948  0.444020524992
0.577063692721  0.301588709615
0.230422401354  0.543683306475
0.525299583079  0.538555952577
0.505845479445  0.456813224943
0.661633475299  0.309751479432
0.418944862547  0.311685300511
0.601154122202  0.657971921351
0.435256823232  0.595819257715
0.388142389852  0.42250536783
0.611058024286  0.374189649331
0.61617266673  0.320920249241
0.366245837958  0.615684122257
0.358331731925  0.37716758444
0.392586118854  0.655027209692
0.539773780648  0.351764944681
0.531491404149  0.438072078564
0.428305252918  0.353270609104
0.620430362114  0.574113207692
0.538041245971  0.486144082072
0.403041995062  0.461647397785
0.317271926146  0.579618597421
0.321890152532  0.431373753266
0.45310698884  0.482162406433
0.487709880949  0.388188444684
0.435162555714  0.368637309099
0.649936260266  0.582970765686
0.736850445487  0.556328281026
0.395803783928  0.517635702371
0.473764781047  0.515314067923
0.442420953801  0.461639749791
0.544117878893  0.325017304462
0.75072565289  0.200346984961
0.50372349779  0.528884923879
0.411971447957  0.50211564477
0.43250401225  0.660507633087
0.542266099271  0.552340046078
0.529761344896  0.43204082723
0.531367487349  0.475535521724
0.610756975011  0.54827820112
0.357752391536  0.385748073818
0.486198802044  0.712911041057
0.581886210292  0.31207475084
0.528176373181  0.47766929663
0.452184140959  0.497594935528
0.569727201561  0.4935890434
0.521542655333  0.545466630813
0.417216759326  0.296030508501
0.443831266702  0.580785793696
0.481193479732  0.446101327861
0.527880801942  0.716639258111
0.424589428581  0.535141040524
0.477097760117  0.409199516011
0.498793083942  0.534329851939
0.339995327411  0.496728445466
0.631282949411  0.409173141521
0.408748877679  0.562139263246
0.398541282637  0.394136553508
0.459792925476  0.615895840055
0.57829388808  0.321812801575
0.513751745348  0.438801213334
0.470552409517  0.388405404522
0.558205188748  0.312994583509
0.557518844104  0.336145071229
0.433316587504  0.489639258155
0.640235409917  0.580207840568
0.513308767167  0.519504070041
0.533241467517  0.298791570208
0.411733706418  0.462054312009
0.526965477065  0.5029037658
0.411887951173  0.446941662492
0.454684946754  0.35853022207
0.398787170946  0.511584890587
0.399084237552  0.400352996122
0.511598714994  0.50241541252
0.497446449255  0.518111463084
0.6998202467  0.434456195928
0.410470801172  0.418700661924
0.579176149494  0.345385811718
0.491900271436  0.536314031177
0.351794315389  0.472630379551
0.423963285755  0.50152108337
0.477010336316  0.667727419954
0.567465481836  0.350062703691
0.403038441887  0.433776259036
0.592836616281  0.345576443409
0.583686299657  0.602761903797
0.493031302136  0.553992583594
0.738800564573  0.411948066884
0.395825489411  0.536151072969
0.60901219077  0.40277581262
0.406253111493  0.353082168621
0.727535979211  0.336150846891
0.592905077143  0.515385585435
0.498821800379  0.605639143198
0.425083434899  0.51104146253
0.505146687305  0.457399241931
0.367532036908  0.574362340281
0.420314452311  0.31935775281
0.473138078455  0.491803274335
0.478325264929  0.624695162609
0.245669789514  0.360558145284
0.502809526129  0.255740925183
0.520592358826  0.419977602373
0.555610155167  0.530956996873
0.423516948651  0.475551664266
0.401054625453  0.320923529005
0.425498230717  0.4405769061
0.555740815675  0.427361212053
0.301285602998  0.534475614112
0.385922925494  0.404937502162
0.536189963909  0.329913031525
0.643049898541  0.616444764949
0.560903458626  0.330446202741
0.386337367888  0.503979235902
0.579270633525  0.519629590848
0.466985998775  0.584496550877
0.327903894308  0.487549869
0.428816189999  0.439420677284
0.297070112638  0.271903066097
0.492791997926  0.462250821193
0.554162084227  0.578252686968
0.335036443475  0.539925637975
0.437974124216  0.560946452252
0.472521530667  0.415856725135
0.544319109102  0.506845770001
0.404774093313  0.485581343146
0.604484478786  0.446433178241
0.370076008812  0.499791201083
0.332464587902  0.351118404306
0.497285163406  0.524057459569
0.564894785747  0.478074304217
0.566004377333  0.375680487291
0.382049539873  0.57730936041
0.425820740373  0.584163022735
0.374613989233  0.632143717376
0.443401573685  0.434426576433
0.533297729486  0.495747207963
0.369975565313  0.333855371523
0.438399970085  0.479539260423
0.456244466867  0.267241539183
0.370291799467  0.466061965019
0.369148066268  0.561228656711
0.589253268877  0.64502707832
0.406447516092  0.308358682825
0.526506854526  0.347426302328
0.400988542342  0.278308970138
0.405610508099  0.408721021692
0.479595897243  0.460580378371
0.362828101729  0.633746155061
0.494795971308  0.580861349126
0.585616726412  0.494896340595
0.605829899961  0.623560433523
0.557659636753  0.344090727069
0.464678012858  0.527921559735
0.371351992316  0.651978797879
0.439043084845  0.582926881825
0.600856727916  0.523662473305
0.532070559247  0.535507215242
0.410252391699  0.418682059022
0.516539324976  0.389538128141
0.503522775142  0.483242437521
0.37574908164  0.551225976543
0.471383695602  0.159443324273
0.442661929805  0.529276885912
0.424211880985  0.602279079696
0.383389382284  0.431350366913
0.355296582337  0.473928242313
0.564216149815  0.567811257831
0.484743502785  0.307238669693
0.520782193762  0.461272971811
0.55306030383  0.499449733964
0.473002324391  0.463923451884
0.779507080094  0.47650970386
0.503710477548  0.362985360915
0.540999738861  0.572526623423
0.619718082423  0.318675086084
0.624677780142  0.534238260234
0.509941199972  0.580423328386
0.378170124018  0.408038519573
0.4856474506  0.643856312247
0.419100952971  0.550653894293
0.585627719349  0.361277586627
0.428257035256  0.493237775575
0.340872615017  0.519391764963
0.534747914882  0.56669730892
0.55689952555  0.455159479977
0.529252221134  0.49018209764
0.584070480773  0.500394229663
0.519324885692  0.577967411041
0.392704038683  0.543098291882
0.371152801046  0.413512462355
0.430767797358  0.503034485153
0.479551190729  0.467960837288
0.410643420792  0.350263186772
0.428752897036  0.615008212975
0.474987659502  0.53068426953
0.335798350994  0.616271294451
0.58588525208  0.54755440745
0.525410267511  0.739667330716
0.716021092822  0.555689394276
0.526189606406  0.436529424873
0.480107565971  0.534126362905
0.487233791459  0.362940320679
0.462148403085  0.444897068057
0.364078504114  0.522485154632
0.504503214662  0.496999796015
0.596436499819  0.47626042134
0.415531550136  0.511844189635
0.248435518769  0.351425758193
0.59737427383  0.2423434318
0.563417406018  0.441176636829
0.571256014465  0.394284315393
0.463628481008  0.352369924997
0.590139781166  0.437275162182
0.335116672719  0.458989675707
0.438633319879  0.361303961719
0.399663349979  0.484106460342
0.619917622951  0.441229643581
0.518711697538  0.451339249565
0.458304306031  0.501063129339
0.463979470004  0.356647625505
0.323663690978  0.419990486915
0.631446783998  0.379451192426
0.514796534675  0.357324221163
0.529980529872  0.579659841467
0.351783727521  0.465848427424
0.548508968808  0.478686611963
0.505041467052  0.786910060578
0.436281435227  0.340243665647
0.517139561194  0.467592638384
0.612786717856  0.424817021958
0.520675752974  0.521163326339
0.477760862478  0.385496064598
0.413803543273  0.461842219792
0.575375501661  0.508660598916
0.589512519811  0.633722153477
0.565254786727  0.605602849572
0.485839431179  0.694446180198
0.421386541741  0.53762067775
0.553000417299  0.565492250139
0.423108181044  0.555190845114
0.600976297118  0.353567743129
0.444478223584  0.481913207832
0.63054395395  0.311860876486
0.59806914553  0.608659587367
0.4650543597  0.383049006467
0.42924752963  0.487570762626
0.420865625859  0.495817074798
0.449721243654  0.46936382318
0.503928046474  0.380102152407
0.459806801103  0.388629434329
0.490980249491  0.483943941578
0.321242612519  0.212200204064
0.562228991521  0.56881726144
0.587344622695  0.330182173484
0.557104779468  0.44990076975
0.38711017508  0.374149399056
0.560985967615  0.47216148868
0.432014428456  0.481183798251
0.457391178405  0.594044720187
0.622039190105  0.509348586455
0.606043499889  0.393249780375
0.47910197421  0.492678883006
0.497172520614  0.442473225062
0.613258403901  0.616317095901
0.694713868486  0.465313111562
0.700791281006  0.406174336827
0.205617815718  0.465330535471
0.442644151805  0.474900745336
0.358923357659  0.496464073544
0.553564437957  0.745040566478
0.574409900469  0.513787583514
0.350842403126  0.27981587613
0.627523175752  0.559679487336
0.521699644872  0.463465310792
0.320513497585  0.537342982725
0.525867315678  0.384280843973
0.497912090624  0.509271024612
0.363030018514  0.36690200763
0.572650568024  0.25715271864
0.457457897613  0.403349192656
0.381686122487  0.575726756611
0.523127228999  0.338212192838
0.608061756195  0.277169571128
0.489334075233  0.447305565617
0.528500786438  0.414211247074
0.478405686285  0.492709681906
0.408458215711  0.363005875598
0.660766743591  0.451208265891
0.336147092692  0.604730177975
0.640114633117  0.235758878164
0.438465183525  0.377886550763
0.45682323803  0.54768112114
0.449245667144  0.417810298071
0.431044233357  0.454878032721
0.445550532002  0.433832179795
0.390582572815  0.396264660184
0.678599670109  0.582531666643
0.584118204626  0.531954073439
0.535359334073  0.37025261761
0.462097217812  0.533451975996
0.564491888789  0.352469324317
0.380389211117  0.559523867002
0.349086512988  0.403795495076
0.549105039956  0.40660637048
0.389508099349  0.440905346229
0.417477261596  0.479228430002
0.573584752334  0.355158228606
0.459259237045  0.451897438229
0.460759131217  0.3961473561
0.452827707539  0.542189228607
0.444934747228  0.468741465102
0.291730626403  0.476774330503
0.678215820803  0.39838809803
0.651395941685  0.269072517614
0.531182496184  0.576502627486
0.301690422988  0.525549742289
0.416366724204  0.645983550488
0.641349131226  0.397919058688
0.679677191362  0.562931083402
0.256685720916  0.394925557631
0.488639408234  0.404822423611
0.484167813485  0.561040479954
0.448338226075  0.574552448004
0.446622720234  0.64746556705
0.265267431256  0.431539214641
0.22198285485  0.419087609628
0.623526119889  0.552242850349
0.624320147535  0.513178741652
0.423385262729  0.452086028786
0.335322855025  0.461419414108
0.59164825552  0.55986622437
0.439880887797  0.546649339034
0.51392133776  0.568363224876
0.447202954723  0.485440329453
0.432306663089  0.60148918144
0.543043720123  0.408815377655
0.410741867729  0.419014199777
0.541163766823  0.552910093707
0.468919505706  0.540916973781
0.689243999136  0.356410472957
0.462972029732  0.465805558847
0.67189454054  0.589638185193
0.428716398581  0.564639513803
0.381246817651  0.415581438038
0.585757550833  0.707450402829
0.417954463297  0.485358087503
0.457108030111  0.544299244038
0.513269734619  0.436934377963
0.52584712829  0.713953496979
0.574177820503  0.644074883393
0.627106928171  0.32601680512
0.471538710073  0.340556559543
0.608492552675  0.344837183849
0.548474688198  0.709992175856
0.386113117068  0.368610688597
0.374128191501  0.466565579722
0.510598581482  0.557006787929
0.506540399465  0.578322340005
0.491895691709  0.625785677629
0.58995740857  0.476117874562
0.448449131983  0.495991642365
0.402098609615  0.468798047348
0.524562693778  0.365796616018
0.54678606256  0.515698649539
0.521798995545  0.560561681785
0.31167537302  0.576951253569
0.555110639778  0.329740133071
0.543026901668  0.53364441905
0.419334377212  0.404082933969
0.47331589825  0.491542077462
0.449108413425  0.510794317255
0.499596830977  0.387496599097
0.659149559459  0.469840928063
0.615715117379  0.493417248091
0.422511628391  0.600744704495
0.381821815626  0.603696218076
0.404697663223  0.490929319797
0.518082707655  0.513353559446
0.273323031199  0.442088838861
0.45153726869  0.373953727467
0.575992953387  0.558121971479
0.477156557743  0.408502275608
0.437951955919  0.705404199457
0.37220200127  0.416164304148
0.450889790751  0.48924696968
0.457492298971  0.385362118924
0.513553909984  0.54604773312
0.300044070133  0.584001406123
0.490727872191  0.449809970016
0.43141644271  0.391160158667
0.471981610434  0.4451231408
0.528324441192  0.485081871807
0.488939548479  0.482080820663
0.148970824203  0.593783496802
0.448325700639  0.562383434953
0.549443796531  0.518271176455
0.15777530868  0.426379484775
0.429735918369  0.619434202533
0.406325538125  0.44716453874
0.46640793341  0.420942921906
0.47956613523  0.30313666552
0.508984556522  0.645172095037
0.441749979181  0.421956585855
0.494045841222  0.448825454934
0.657388782635  0.453018300811
0.543248752808  0.743213601107
0.438413495175  0.317050984253
0.406894622732  0.540677211931
0.695782525359  0.464845524372
0.606644917423  0.581937926576
0.591445818054  0.567844466134
0.393154563201  0.376584770743
0.480951119477  0.440308710109
0.743400855569  0.308158677814
0.486919310831  0.46016404516
0.392616491405  0.484905432284
0.419020537683  0.413873026745
0.504940800249  0.59145775239
0.567318552266  0.445252891477
0.373422896649  0.592495161788
0.315158930603  0.385902717122
0.496007227334  0.480564304468
0.402327603068  0.478911059925
0.531362189209  0.375553999594
0.534866696742  0.248413395676
0.515260016359  0.508366505302
0.644669723464  0.484948783405
0.52106696724  0.548960218736
0.448225442284  0.468671923594
0.597230614364  0.607671727128
0.347674431432  0.460583080294
0.661735489419  0.547362068407
0.378670803135  0.551688639301
0.478538817203  0.490850527682
0.400144199353  0.522342636471
0.692824177483  0.598263307188
0.288556131652  0.548030787306
0.533687028503  0.555518147865
0.471629458313  0.547395844699
0.432979855444  0.721892475712
0.528889710888  0.623053655723
0.387522863121  0.690814962153
0.465513012223  0.329018155807
0.450219264786  0.505323472052
0.379122742822  0.530378303415
0.364181844435  0.35157773226
0.419670739684  0.416667474224
0.381063293133  0.353421969356
0.504095628091  0.401594395909
0.275573613113  0.484340383577
0.469719309718  0.525024374424
0.502328991574  0.411451481798
0.380628494478  0.613886292306
0.349699363081  0.423246791085
0.462929817452  0.52671717708
0.675295109013  0.380199722849
0.581588905089  0.499519884267
0.425564963974  0.434029861628
0.547262107443  0.370544773167
0.565291498522  0.448606683938
0.556126081738  0.545793867155
0.483267522987  0.394042828397
0.419606512699  0.487533055189
0.546688157327  0.505263361097
0.39444763809  0.47202985757
0.524272466564  0.584976167875
0.456280861955  0.592187507219
0.664069426702  0.582751736145
0.553602224174  0.613194385871
0.609187530669  0.420356467907
0.467237171035  0.435667037505
0.408900069794  0.590658004609
0.51278242081  0.524776779865
0.217702100891  0.49232973162
0.575327702576  0.557560025926
0.293508436332  0.519276492908
0.462057953491  0.552668809343
0.450672656523  0.599344188667
0.521300834181  0.460756276115
0.527294706159  0.283290553
0.482125998696  0.320483256524
0.52131844356  0.488980206714
0.371821598734  0.440936337341
0.505375050113  0.276958407403
0.582204541972  0.438068102557
0.330258266233  0.173132875249
0.740471169514  0.663191376207
0.518149392113  0.572139303716
0.380163678287  0.48510387058
0.415111384815  0.45698678582
0.413028809076  0.522463860473
0.495667397667  0.624726015623
0.559399577809  0.574255304174
0.52840189276  0.511052399324
0.377937429803  0.51542236316
0.487272771014  0.630177988077
0.391340971216  0.49494549057
0.470814707307  0.51865112455
0.524321807391  0.303509170839
0.575630099248  0.377149317684
0.288631953295  0.676457472481
0.408297505158  0.435216915639
0.365719305499  0.45106321081
0.445124336267  0.561365697392
0.528771041712  0.673104512907
0.666991177371  0.399068692447
0.439504680146  0.515571200066
0.51683524933  0.47795939593
0.399003148818  0.495945973269
0.465121503218  0.375049910939
0.502454817575  0.480044705495
0.296469865756  0.577165935632
0.360452977344  0.707919847046
0.142272856163  0.447571727907
0.439100424449  0.500073816362
0.369618087326  0.629995905286
0.387710213991  0.573758446467
0.36034839374  0.415698333772
0.504490367383  0.533606965088
0.637014746593  0.411131647152
0.483688043385  0.4420010556
0.467017986577  0.399203821741
0.426779621129  0.626150337197
0.505991922504  0.296779914437
0.681452640714  0.482021021452
0.373676212902  0.527619770159
0.556899002743  0.486871854704
0.253979195253  0.57409988956
0.379297928349  0.387225020015
0.672835528903  0.367425346394
0.519940515151  0.640531556432
0.495648191056  0.389314748787
0.481300448319  0.514659149093
0.46128133269  0.556740775404
0.397465675287  0.594513189203
0.461762355086  0.468569043556
0.452003279913  0.320562196882
0.544756414846  0.363670120716
0.528947724949  0.455320704934
0.653278377656  0.412360555017
0.365750406744  0.583968360746
0.582947387458  0.49142138178
0.426748862832  0.480369173923
0.556161567863  0.393718803506
0.517657755505  0.568644488195
0.506126857601  0.613244444916
0.51105972956  0.592887070696
0.604954749927  0.407287316315
0.53510631133  0.55406615748
0.609440997751  0.529499277884
0.598707199931  0.607397075798
0.486247496448  0.513676933911
0.5181083511  0.463914140402
0.659134796922  0.471016954318
0.49265958097  0.567352739654
0.50870686528  0.52655642922
0.505366659744  0.445032379952
0.636123619018  0.558101532053
0.576026018154  0.429017273647
0.427360495612  0.467311797947
0.490411727664  0.470276103772
0.372148240079  0.432804176253
0.407417770098  0.523513807663
0.496778838183  0.660804954724
0.517624044243  0.448745737734
0.568058497587  0.57997236152
0.470826473682  0.331304595624
0.591902198601  0.400318229275
0.412560209323  0.348015346989
0.528728375071  0.610860853846
0.393619305965  0.564075105379
0.445136427275  0.700179312035
0.285670444898  0.450641392301
0.574888011402  0.538571800814
0.519431244209  0.349928985416
0.367468333732  0.399657986057
0.600361323279  0.456432685698
0.561132199422  0.452802942783
0.460681596251  0.347233716644
0.533932526031  0.493168474978
0.559454054573  0.545476572069
0.478973676932  0.438577943435
0.32181175965  0.163534028779
0.59809919974  0.585618449789
0.526623271286  0.567823656213
0.390425705596  0.503947595169
0.511931205602  0.285409418372
0.519175784055  0.396596804706
0.609089638342  0.693536922291
0.643067830458  0.385526140604
0.451828343753  0.337583370577
0.555439821155  0.263481689302
0.405393271925  0.619897695655
0.553657814609  0.497836284447
0.43110801279  0.535428868223
0.644070755196  0.589604057798
0.476499171771  0.359154920552
0.618355926489  0.399699112109
0.586880847667  0.512554736917
0.549372188  0.372086741219
0.544252110586  0.358538322171
0.444814079252  0.397740940877
0.542412137421  0.644452717727
0.475639371745  0.584531578193
0.391885997304  0.523047702161
0.468522608377  0.434665854501
0.30504776801  0.424912236407
0.510899692637  0.442223401801
0.453098366225  0.372514478477
0.45223787358  0.623192649781
0.232512997497  0.389508814704
0.402652774184  0.585373251172
0.49259093664  0.290570213193
0.58931544433  0.403851541084
0.492527570985  0.40636281449
0.551029880437  0.436269136969
0.563790366574  0.529863073206
0.597059980329  0.323231690928
0.526935103865  0.408599468167
0.37590705619  0.356672634055
0.543312326658  0.606859435695
0.398863847522  0.472531045736
0.430787900983  0.472467043905
0.39609283248  0.395995754088
0.512567936472  0.527971842234
0.582435596317  0.361590320118
0.557700688095  0.531326623488
0.541505304056  0.569721064157
0.390643064623  0.610816845486
0.542197323839  0.608571914922
0.444898342307  0.572110412127
0.513923017128  0.43191495171
0.562447837039  0.618314144237
0.547036070716  0.426006786118
0.301294699004  0.600501806362
0.352240333385  0.668399261145
0.373405592891  0.567729405076
0.512758419802  0.698791822881
0.282491982471  0.597844704168
0.644276122614  0.392994557702
0.690504620428  0.553886452653
0.500972989223  0.520386249821
0.279643408801  0.540147887787
0.4488397522  0.514246086207
0.45323156368  0.531253721928
0.521036181005  0.346055860293
0.471976068507  0.394660584542
0.455288289522  0.59039768377
0.523035065049  0.378599712207
0.395313946331  0.462932825381
0.397339194697  0.506917830816
0.332723633289  0.376749950851
0.508654050844  0.414612111097
0.444876608812  0.545912777152
0.40904727697  0.470366953207
0.484199170936  0.354234825122
0.698693332872  0.464697420802
0.405396291536  0.454256347123
0.389067834333  0.457606821484
0.56569487427  0.376877084445
0.457722090267  0.637576497494
0.476430539348  0.437092325515
0.396211741081  0.458201341704
0.436680270383  0.437309064132
0.526275479523  0.466156106752
0.448257719488  0.387080711454
0.515657797751  0.431583322429
0.526367643337  0.383309604992
0.551551215487  0.331049867868
0.478737098359  0.442315500871
0.409827320172  0.601369305882
0.524955058092  0.405119803873
0.352351489361  0.495924426063
0.571095071347  0.601638003759
0.413320932024  0.548993575308
0.436926458797  0.417778304893
0.478859405714  0.488288418179
0.460816331308  0.3376441458
0.504020730019  0.596719481681
0.385191566172  0.449763561065
0.541122132826  0.395817998085
0.515383643198  0.542747667569
0.470463635307  0.344114156551
0.268908283684  0.406375446699
0.392432742482  0.517187125179
0.498665258734  0.675429630537
0.469340427645  0.618205991517
0.303020349852  0.214212497152
0.375124411733  0.36657871305
0.392624787431  0.586507158796
0.579751558303  0.306984013887
0.680301619339  0.353362360909
0.548951396512  0.397244369751
0.454962219522  0.4058885398
0.703506888032  0.393601114249
0.56190621966  0.486568969177
0.413649368037  0.417120635075
0.403399814609  0.650305063035
0.421991374677  0.337484006033
0.539195195669  0.45579757859
0.492853269722  0.42250988754
0.39450184726  0.4574787458
0.542556719155  0.618070758664
0.48537423703  0.550364726664
0.441069881168  0.356100068971
0.648806535191  0.357867406285
0.403041978458  0.456901486134
0.557703890514  0.49653057398
0.444774158312  0.486170948667
0.422537432634  0.346689502351
0.34287570109  0.512579128712
0.450371057359  0.399849711218
0.454677684832  0.47027146694
0.588171431617  0.635349844542
0.562510777372  0.511652631799
0.53607796207  0.474486216196
0.352464972629  0.432969703115
0.596712790742  0.510668371303
0.497462320096  0.533067217151
0.560980024614  0.492554769477
0.499235151576  0.456695642513
0.517760035814  0.519446213893
0.311291532129  0.482077776755
0.535882406722  0.446366669479
0.362189330953  0.439294859032
0.546969341647  0.462092232316
0.555633618208  0.299937530689
0.476005399822  0.482750993551
0.453283231751  0.3770954006
0.414172154647  0.399939763182
0.54623478331  0.533675422859
0.56322267659  0.42414770107
0.35404436941  0.57468421347
0.267007342683  0.542116153516
0.532855605469  0.438820647968
0.609673926093  0.317128917798
0.499302203303  0.654118678696
0.564122115832  0.691515780449
0.370819987101  0.414249809252
0.394745537883  0.511599684098
0.525141312861  0.38303174678
0.437599390668  0.505224263993
0.611569417207  0.616416730619
0.602520332631  0.31360894713
0.481500652632  0.734208715471
0.685886640797  0.322794532294
0.543226347322  0.395838095455
0.412230345623  0.527800290004
0.418938824922  0.571103812502
0.510543635429  0.511839684954
0.60847059686  0.459189014867
0.324775400869  0.436732375214
0.586093271652  0.535926820638
0.437117717591  0.438004608159
0.461547531795  0.413188514482
0.468401728631  0.465978439419
0.510445603258  0.496031070534
0.448054765822  0.515168534178
0.397562688435  0.569832952058
0.410020431149  0.505792361404
0.36568727907  0.555002401035
0.548242629467  0.692271627315
0.534396232276  0.476486202395
0.540501971602  0.453350281059
0.454770163383  0.392764244153
0.474350380168  0.384869988835
0.560179690687  0.494750717776
0.437581351427  0.690930213787
0.428219846013  0.338634253411
0.426304714784  0.43804398699
0.656745812704  0.466110598297
0.331608267793  0.412369458138
0.552494221269  0.582600119576
0.272976744986  0.565305869973
0.502242328815  0.643984588061
0.534462171974  0.681161389844
0.411510775156  0.367661032943
0.524636564506  0.517557097279
0.494915627959  0.50373743515
0.433615768729  0.432036517706
0.432044952906  0.367215927391
0.506467505251  0.376058948518
0.447652899614  0.349592143021
0.45881791727  0.330561394503
0.27618254961  0.446173538058
0.390247897986  0.491306585057
0.384598387274  0.525255724785
0.391402472605  0.381246798555
0.683572304761  0.3653049087
0.453873274951  0.699851007786
0.570512404139  0.350100568363
0.556268373435  0.561142562009
0.507742030646  0.404095805911
0.659452683837  0.568691190441
0.419690623633  0.434700362555
0.609068672649  0.598812299078
0.453666198624  0.339828379876
0.623578781048  0.445907680242
0.501471006146  0.529156456603
0.464114174605  0.432884590421
0.448122292974  0.37967357982
0.504777273378  0.573809344529
0.5803439625  0.61660792885
0.526945416395  0.396583949735
0.633847908181  0.628084663114
0.629913121021  0.444586430509
0.562551512347  0.405883188309
0.311429243533  0.46650860512
0.433642952979  0.478664175655
0.547696971037  0.427093530378
0.551167957007  0.464050708557
0.480470868739  0.509795031053
0.507291625348  0.632914049493
0.688606336577  0.532786098155
0.46417829972  0.45694527411
0.579862169685  0.375553895427
0.515386462558  0.523950639117
0.45005377907  0.449679244933
0.512027049844  0.579031709784
0.389107970889  0.718902323492
0.509207828286  0.5850849493
0.496630965701  0.431670273058
0.306830933177  0.524579047787
0.509511402737  0.644977760189
0.455651273011  0.393083377846
0.420953324317  0.423712544163
0.462943246367  0.457633185101
0.337382524182  0.577729061498
0.491550305206  0.486628020985
0.454674979874  0.469420060031
0.536499403609  0.47981152435
0.594591151652  0.542704726336
0.54641614205  0.505166485785
0.58430753138  0.54219724343
0.393431399774  0.494744907622
0.471541933102  0.543340396978
0.397637781229  0.421737118929
0.480014395555  0.538420909515
0.433705083574  0.449546985649
0.48411197943  0.334057319736
0.440287875161  0.387475153356
0.441182829309  0.572719989783
0.40528388355  0.528538418668
0.635860395517  0.664506353671
0.50829302677  0.473833122896
0.378009463141  0.592746335215
0.338906571823  0.590837068379
0.493269667828  0.478806700876
0.406303188615  0.494116416932
0.40244531107  0.570691235977
0.495185299723  0.560331643633
0.656558205759  0.647190497179
0.454715387574  0.480674290671
0.65178938656  0.504200235458
0.369298088679  0.459334551709
0.613632421386  0.394710090085
0.506485992422  0.451177396383
0.415428653633  0.435236439354
0.543988322228  0.303765060154
0.339926589805  0.312834553568
0.568096663615  0.339144104034
0.656562420926  0.484212692899
0.587981499161  0.479915894106
0.521160603485  0.58745214852
0.421321921075  0.537927957958
0.512883655253  0.587131959242
0.566459923633  0.516374515538
0.346268696229  0.386948449687
0.495949094064  0.456004372408
0.421312112739  0.489961307393
0.19934554669  0.545159326127
0.667900168012  0.384786094888
0.570893124408  0.456405702131
0.541363741141  0.430725769282
0.397293868586  0.464903421734
0.46367637945  0.444264982381
0.316925058367  0.419170155295
0.522908383273  0.533433251983
0.296633395024  0.50914756273
0.32290372122  0.356059436484
0.390783777695  0.521050344055
0.492472402945  0.334230489671
0.416037073001  0.708790186362
0.585937138549  0.565521521798
0.546822060986  0.431350950606
0.506571952952  0.458434801611
0.614293984511  0.583284633324
0.404878585279  0.525205005432
0.475284089642  0.462884821463
0.339021858029  0.455987362893
0.457197468374  0.4128413649
0.421915759113  0.410392766064
0.741819120562  0.564482603452
0.654864156309  0.60648917204
0.667606894016  0.629454851854
0.356802374369  0.391275914672
0.546201140361  0.557598076792
0.350975216032  0.454068184719
0.464075574982  0.366439218569
0.506982247626  0.411596581791
0.446385944532  0.66136070734
0.361248802331  0.61409819964
0.560887704093  0.366274579254
0.456893211552  0.56440133529
0.380479137571  0.249446458639
0.513673757686  0.45565032017
0.441695647804  0.409735940955
0.569660910264  0.442082839991
0.308248642228  0.614584720975
0.597402011076  0.700243757508
0.433533309565  0.56392946235
0.591146195609  0.4033516138
0.485803405562  0.470173805264
0.448199870567  0.46221324718
0.516557387197  0.477006515366
0.497723385966  0.459829064315
0.464934179271  0.316092993209
0.457732966974  0.513591466128
0.478837361683  0.480533532176
0.334140528745  0.321077977335
0.618878674856  0.481776030833
0.379020651301  0.576826264388
0.377731553781  0.483659629688
0.395789785959  0.4486035093
0.389882905377  0.491527122717
0.405586964518  0.521002467928
0.521616876887  0.281681958114
0.484626692821  0.533281306905
0.531469726054  0.603787783647
0.542266764067  0.594498440139
0.492077637703  0.523445255183
0.359987037046  0.440808434132
0.411852010678  0.513151927888
0.598439489215  0.414053432251
0.35193533559  0.404616662932
0.443108309959  0.440850918893
0.34894891228  0.559751505714
0.466786396358  0.547295197111
0.442381221674  0.522458773218
0.468229017119  0.463390479528
0.505568917138  0.527309728448
0.415988092449  0.61142463129
0.238151655802  0.38786265395
0.341947804889  0.425549474859
0.45760379894  0.4528498768
0.433434756722  0.479459893593
0.619038079468  0.582606934067
0.602094968326  0.496094895095
0.41931181503  0.562965523878
0.45955473111  0.440224503128
0.54330495514  0.527094388754
0.512701340543  0.593018847421
0.2800978952  0.451370714366
0.353194127154  0.36949985848
0.485925956308  0.49937811113
0.451059887418  0.47452430687
0.545166574549  0.426910199133
0.461556981694  0.418917678083
0.45361623168  0.468022897772
0.585549546014  0.483705114402
0.543751182534  0.494994305351
0.719822864772  0.353797406668
