0.490482828146  0.443808801703
0.572835054202  0.702359886195
0.675889988184  0.352846481769
0.627205783943  0.609684490671
0.571436079728  0.494486346056
0.463468385721  0.503690329241
0.585174655706  0.648645374839
0.696808509141  0.330398502428
0.546085680743  0.608069709212
0.533366586507  0.405030333144
0.480441207444  0.656191929564
0.667983035943  0.60554210787
0.44801039938  0.398088954133
0.664671068026  0.412637598916
0.708550345687  0.47392186543
0.634524668029  0.635146495442
0.419034246785  0.481501642304
0.663385683857  0.406869506592
0.512139967034  0.526072527008
0.540289046278  0.405339461905
0.470984611308  0.514375795408
0.557398512803  0.373970289966
0.61266076471  0.602491420967
0.44033024121  0.477866664268
0.305395244184  0.552703433291
0.414127671905  0.519794470243
0.58579839632  0.494253115651
0.540042066985  0.427088979833
0.416853685042  0.705935140027
0.442411147964  0.654609579472
0.542561560182  0.488446393389
0.558017982227  0.281003311672
0.591225861272  0.339286596172
0.473051293232  0.487800685277
0.403364552248  0.419916269749
0.581892164174  0.73261916645
0.34158554277  0.618956967518
0.456199120199  0.403828754194
0.553341828917  0.286078881809
0.336976233312  0.4912064877
0.538035513333  0.199796612051
0.508241272742  0.392637717991
0.355254420367  0.478430462094
0.678888825452  0.464711470594
0.469321667363  0.38963739462
0.458441005096  0.454723939246
0.437659247864  0.555830159809
0.622925469519  0.60780146635
0.231592131823  0.565987156762
0.461828038177  0.465282420413
0.30357018299  0.644025293336
0.453624561253  0.482705434658
0.567667917536  0.368632068857
0.600838477558  0.484525498218
0.458782840094  0.406048226101
0.629213304006  0.762089485054
0.549496541979  0.251408817391
0.468098961558  0.345370063883
0.42018384671  0.5612283922
0.463124183335  0.43674077699
0.725630044066  0.646128130627
0.487153490664  0.27999309512
0.612703870518  0.397787936992
0.345518241409  0.480178094891
0.476667342128  0.613079130637
0.553020582797  0.533649936391
0.617678472142  0.681100615292
0.67928261883  0.405703853015
0.55989120779  0.478913189562
0.616434054224  0.611832746078
0.45222399781  0.385406220204
0.534796382929  0.549718999957
0.478822973963  0.429965036029
0.496147408309  0.556104848594
0.319807914528  0.475504789316
0.463959740692  0.744070212948
0.656217951031  0.39174750179
0.519830776476  0.380578182063
0.507436140641  0.494888857283
0.55444066139  0.385337484593
0.728915369168  0.505988595073
0.379878678626  0.515794274805
0.43445478491  0.45565684044
0.423886183807  0.43682050369
0.423350616173  0.465076480947
0.711470945555  0.465894390561
0.445100973272  0.456879387175
0.530212632727  0.360303044905
0.62654330332  0.536208243012
0.431647562161  0.564637381117
0.601127653416  0.354452786029
0.441390537944  0.635643351963
0.542660064381  0.516204288781
0.496438646595  0.578813067869
0.597689186882  0.675428265366
0.526956831083  0.58839076684
0.480429761149  0.463668122107
0.431438877103  0.450084864835
0.580335761301  0.43659279407
0.52072280175  0.478232713979
0.598878429312  0.666600749714
0.568060406862  0.492387144527
0.606289923569  0.325487079566
0.680125589145  0.697213100277
0.451911356412  0.457650194355
0.289841900912  0.51298948637
0.37400236026  0.531964155249
0.351891928138  0.377911285957
0.573254591986  0.466929740858
0.391793825901  0.428920062523
0.536344098593  0.729994027213
0.538502591862  0.42227017646
0.452848453008  0.557778681286
0.441796414247  0.440041890181
0.431607498144  0.588324090249
0.439006205662  0.478534315645
0.472582636093  0.49897043317
0.650889160795  0.469069306887
0.380827383276  0.611501765507
0.552560280068  0.551847241582
0.577448330901  0.591319353617
0.498972249226  0.651835831365
0.527360911602  0.485499601194
0.311542142377  0.375593751349
0.450793575171  0.371584626625
0.458624385506  0.346573370995
0.494636378392  0.490528310614
0.401107336017  0.511663909777
0.527359249568  0.336117410617
0.560474185459  0.475535196526
0.635199012217  0.413966605247
0.394924048869  0.333537362749
0.594666300512  0.477210393599
0.515696438444  0.553078427195
0.567216744534  0.345629728505
0.470619416795  0.364281372998
0.482562857648  0.585315218123
0.562709257861  0.443572176081
0.603916310529  0.33815326405
0.577089865748  0.488091048659
0.485078791777  0.627179528057
0.502637867441  0.578667109808
0.482432466716  0.458557104856
0.43316440161  0.489906393794
0.496035648214  0.642435938057
0.595878394886  0.39740661332
0.551528038443  0.429554031713
0.457137540652  0.530884530319
0.464749894416  0.445860378311
0.534512769269  0.481087701019
0.199809891191  0.601322399818
0.556207227061  0.58987882156
0.392577705545  0.532934794467
0.395149736094  0.3569543789
0.515667289768  0.568579520635
0.579783089463  0.343648650133
0.582000434385  0.319146629588
0.446069407442  0.505299693623
0.343731077817  0.505218283569
0.517787850543  0.409278052412
0.524144387869  0.419676439583
0.511360819797  0.404761676637
0.512350892676  0.569467313412
0.371465857858  0.567287265121
0.474413438838  0.616778245763
0.546269114351  0.419377678986
0.434725052682  0.380058231627
0.482129154422  0.654565896437
0.419957588266  0.52783397659
0.491279477615  0.618233224983
0.283295091962  0.346486792209
0.535614563365  0.635664844799
0.612398812114  0.414975014713
0.602408255123  0.346754152867
0.59896335079  0.430576258214
0.355010132587  0.639331480406
0.307517090466  0.528244512785
0.606049021153  0.520185791035
0.681204607332  0.40047104141
0.67353021218  0.55736124184
0.554879541595  0.477920013477
0.681630647803  0.39925532919
0.29144702623  0.349830751425
0.479460390972  0.255685047757
0.540922550829  0.390758423393
0.357932019193  0.444184957541
0.502506669119  0.338516710056
0.51464338715  0.466291268162
0.502393379454  0.479339726732
0.520922767511  0.609754157432
0.460685947258  0.564320682347
0.37271819378  0.621193259927
0.693661888341  0.73289460036
0.336956479602  0.474530929374
0.492829438284  0.561901115909
0.601015242384  0.485287789908
0.589133164363  0.499312961349
0.515388577389  0.414022115521
0.642054758853  0.702031285625
0.836501985742  0.517986455438
0.540817325538  0.665342299342
0.454916954661  0.39017094776
0.534267344983  0.486522298002
0.391249844154  0.585144162339
0.527443862623  0.636312115344
0.726273326916  0.498245780472
0.461740592991  0.549000585135
0.571347054209  0.507176081871
0.503070826118  0.567128091743
0.626185993225  0.343240933872
0.440659805468  0.661502199669
0.52633132644  0.662028039932
0.329608127245  0.636023703041
0.43558476343  0.701953435543
0.752992478649  0.342406164986
0.292965754779  0.541149964975
0.352893799284  0.432997202194
0.408527554542  0.5770796801
0.364838324592  0.683429768461
0.609662480623  0.559826963127
0.665292680794  0.538119317351
0.593196707488  0.327201586303
0.552941386597  0.534906569413
0.83026336714  0.513414299463
0.563890247222  0.483280120844
0.499771883743  0.628997314399
0.426168964061  0.397988090652
0.618322358055  0.533756316084
0.473078077753  0.462248955347
0.495105422658  0.513032683318
0.471660766763  0.585360498955
0.543200934178  0.411528711502
0.576247168512  0.415599153356
0.313068908608  0.762453468228
0.360475093051  0.339802340403
0.491228855667  0.389619379677
0.522168290042  0.47517796594
0.508118958197  0.458536836468
0.301723444173  0.27965765126
0.556942367689  0.426471540818
0.734986181149  0.462274591026
0.38281912866  0.587936351721
0.494213852826  0.434850244509
0.712262951623  0.484223013258
0.594712827378  0.48000018644
0.364672642373  0.633497393056
0.40042146402  0.449961316709
0.519272299027  0.59453427088
0.520412344085  0.424584639496
0.452796933055  0.274629755756
0.550726504431  0.416168589823
0.691356814284  0.42319237056
0.361744999252  0.434632197489
0.423618019924  0.310633713876
0.528384888138  0.448381583023
0.350382542601  0.528395865224
0.631387770786  0.407697074534
0.445549575467  0.491328102558
0.679765728819  0.47208458039
0.36247414717  0.547587065275
0.527549142404  0.475328372787
0.475711482206  0.416334390743
0.565341407281  0.306964068039
0.359427086349  0.465088665037
0.433922047428  0.366076352228
0.403116156265  0.559960510039
0.597276666735  0.608919939014
0.539835259771  0.636911312318
0.511951535948  0.294944835499
0.408395839552  0.501964468105
0.570342065819  0.4655125311
0.558592028555  0.380883308632
0.691211260783  0.486102680483
0.615381585481  0.649698780342
0.473014988558  0.521759265381
0.671332849232  0.632175947181
0.718530708062  0.584007670039
0.473857637958  0.435951583859
0.438003752389  0.466657795104
0.395157918777  0.656981783905
0.386100071411  0.541796658739
0.583777120534  0.513442310106
0.487276928442  0.484326294853
0.542899927099  0.398012380857
0.663480631837  0.435576060461
0.626348477504  0.599571237483
0.585932951298  0.615428994623
0.558574192967  0.647130279002
0.413149953576  0.432656488874
0.619392472836  0.374054257944
0.59139942942  0.577797341559
0.307397548182  0.51640386909
0.387034295769  0.506061053831
0.395481127644  0.483718919588
0.441418987079  0.415539320912
0.568430957682  0.383363999914
0.502478856561  0.648176295624
0.445370271997  0.550011919942
0.511982343411  0.247253493874
0.445140703767  0.62932006677
0.401052601242  0.599959138463
0.498083549211  0.545893109918
0.596674246702  0.593077490685
0.235846099076  0.449902903174
0.531108495069  0.593595619442
0.50074792473  0.58862386734
0.602525392624  0.625432117233
0.539941100692  0.657093093458
0.490294711984  0.578312300389
0.608208070726  0.691247177934
0.648520725017  0.756216150448
0.40852455599  0.394041918274
0.583528677901  0.474376548814
0.494002070279  0.359715746385
0.384487807597  0.46046718775
0.482773934975  0.401643083065
0.436149840766  0.382456658821
0.565780329699  0.45851840905
0.559534766863  0.621664254481
0.564883015427  0.512513947606
0.486645951783  0.410212567086
0.653619333919  0.355050301449
0.332966186629  0.474396666328
0.473277041475  0.417345944271
0.528373478393  0.557470864608
0.460313803664  0.483393351125
0.400843885479  0.430121722092
0.436346749287  0.415993760586
0.599371252295  0.675635866447
0.488436154357  0.386588570299
0.627690801138  0.516433463864
0.4195970658  0.519378225757
0.515752452861  0.477707363057
0.634111553594  0.352396303992
0.548072042406  0.252347729109
0.457185568086  0.485473301982
0.464510722395  0.609102283197
0.300474624446  0.437616686738
0.528135574625  0.536067931926
0.592492395182  0.288922462943
0.395384009127  0.573496349581
0.510481855821  0.410878853576
0.43412846655  0.656213958073
0.514510699069  0.651510476788
0.609103025458  0.539543479656
0.593813808696  0.55405197285
0.545956276746  0.489322577532
0.735416426053  0.657154375231
0.463665845971  0.589005985169
0.470241228927  0.543834573513
0.381157514956  0.700472369985
0.603026800118  0.570810825611
0.490554807403  0.604743345614
0.35490145876  0.398118098285
0.639797823808  0.652228477032
0.627208944813  0.374484872834
0.507217623278  0.597554910476
0.551306361116  0.509084815476
0.510637438543  0.499416533051
0.469086121428  0.484548398418
0.600989896467  0.405741914522
0.576249865987  0.425052376762
0.547272254236  0.606714991032
0.501574707316  0.55693021509
0.415865012656  0.362875328087
0.509849629516  0.508066409387
0.462706748924  0.342508739227
0.465386440307  0.562182644268
0.367071431323  0.506452350855
0.445184660897  0.557319380338
0.602224301147  0.530707137698
0.483296037322  0.573210130756
0.511621803941  0.522271783128
0.325718649953  0.391691803107
0.456851265991  0.513934564575
0.328016628439  0.465476179424
0.500366047477  0.604683956238
0.419157463482  0.51300853246
0.419722786008  0.548304437681
0.469987725018  0.560529462596
0.465073046232  0.45860221712
0.381619480318  0.553780896316
0.620644205554  0.636634129165
0.612851419685  0.419583755812
0.360717725549  0.547347580149
0.521884303049  0.497428818169
0.404105546118  0.472960049914
0.390125671643  0.627685580023
0.399956081843  0.468549245863
0.363058660354  0.395505646433
0.337319511072  0.502440527067
0.23171315219  0.552026106419
0.537055597384  0.479787201377
0.548986897898  0.539139308598
0.431202839726  0.533776735118
0.50774694804  0.394823129424
0.583127743629  0.493910272276
0.550259857156  0.457542775312
0.416797690117  0.410453538457
0.300203295128  0.440072533641
0.285258885084  0.436167851191
0.49369031745  0.549990067962
0.398291327659  0.398073488447
0.428945412893  0.544002512351
0.594318741905  0.479112455301
0.673366572655  0.485153936286
0.546100930286  0.494860188699
0.486756302937  0.380776805364
0.560123998528  0.524852671425
0.629083293475  0.546257630625
0.471891147752  0.382906825055
0.549727590313  0.388527635668
0.623330152655  0.620347824934
0.491726354467  0.579187420236
0.57032864577  0.562050359539
0.417913803452  0.41812525831
0.520508580377  0.681523792157
0.449603864537  0.446366794264
0.42563073504  0.39529573999
0.740787243349  0.507363780102
0.458615963291  0.504741523075
0.460764046876  0.564746484559
0.514752899927  0.539713059859
0.361041722101  0.593867100173
0.444316175799  0.636290837834
0.579859290634  0.649535881957
0.525803354065  0.449958777191
0.50887103446  0.528818872808
0.43247204001  0.497919078435
0.483434316221  0.731054373722
0.553845512644  0.490433212754
0.60097057163  0.499564522634
0.477460278128  0.45860612519
0.347715880518  0.528749276836
0.655624736629  0.403138237233
0.447242813003  0.636455784404
0.51252228065  0.567117074415
0.525913027521  0.665956588336
0.264507462783  0.44113344367
0.555759472816  0.61088032367
0.594222619932  0.475130957418
0.532527609464  0.513126340118
0.42953259063  0.388582969562
0.583346767993  0.523350346857
0.414225895667  0.51406033899
0.468749168755  0.518728527181
0.460933778632  0.480524544558
0.632074303753  0.524160295905
0.55404989919  0.492397892193
0.427630488188  0.551207934374
0.431279346949  0.573291598201
0.38310255978  0.479363931825
0.528377431324  0.615741298633
0.466032195295  0.355144209096
0.479996556824  0.350760082605
0.51988600802  0.469136479012
0.608413611125  0.566422159414
0.34653762701  0.499118715438
0.474938234149  0.596976357309
0.565647262493  0.683862859882
0.608391724167  0.611667869065
0.27570072262  0.684072496397
0.678163298799  0.401894939959
0.679798477063  0.465199724449
0.691625039672  0.642580530353
0.418575178323  0.544202293957
0.694526926085  0.380854377261
0.469292679059  0.362445209704
0.572597143595  0.558425652143
0.328108864357  0.295798465141
0.459475327623  0.761715175847
0.476499934095  0.593567771601
0.612521291247  0.528838933499
0.358690365994  0.439298316365
0.579946942216  0.336464125704
0.399698119043  0.624739221551
0.596619320067  0.461447776521
0.418027850955  0.58252214735
0.539077523455  0.529045778673
0.487559777245  0.487737595864
0.559697190183  0.42890018182
0.511940808638  0.455810473713
0.424016896042  0.577362025106
0.480834747737  0.489697801998
0.694617107881  0.571176688062
0.412841197975  0.595600008153
0.572765949084  0.476044480914
0.359061384575  0.617378183099
0.486740260697  0.494346009681
0.543808207237  0.607141897526
0.618426438312  0.346021526261
0.575878003037  0.744549920597
0.602025509671  0.567406313605
0.434480623142  0.421092756219
0.361730272742  0.471346132764
0.380832494169  0.565160782859
0.460264165404  0.618860018465
0.548717946304  0.438123433435
0.581651688482  0.460125720248
0.413203065466  0.38621037413
0.645353561443  0.394409982433
0.51063784098  0.453826453469
0.615376957699  0.5561092307
0.447685289348  0.479744920024
0.366527969243  0.547030411879
0.451533297777  0.622557502198
0.359762161818  0.391190537321
0.339458333475  0.6258181451
0.56357837111  0.452301925412
0.742005157168  0.389236061155
0.613728659273  0.385208222534
0.532506248466  0.571524700811
0.487195436512  0.567220528742
0.489123142144  0.393994434198
0.515332570966  0.4153623733
0.479147524603  0.606472907379
0.377076214422  0.400199990817
0.440176399922  0.340931540623
0.449610640406  0.485791854181
0.47141730098  0.555648056488
0.699810502128  0.401630384393
0.60218875695  0.569430640158
0.47878049417  0.401655572056
0.417866159381  0.689272168536
0.534879527096  0.449470721126
0.424232440604  0.509354679212
0.338104291547  0.5815788988
0.499534104426  0.425953908108
0.427034998532  0.542866680053
0.525925549559  0.428965878394
0.50497488962  0.52019335426
0.268419054348  0.399277093942
0.625419892562  0.666046434886
0.329653865432  0.542154915549
0.347216386448  0.548120478402
0.491948265451  0.515007004629
0.493375196511  0.674883961324
0.573623143321  0.545788866907
0.430963006777  0.558132280199
0.418335567992  0.672267983963
0.388403620485  0.351494141701
0.482420648859  0.480517589345
0.488552077909  0.465459800024
0.405081958544  0.473492325143
0.488785254272  0.439634821117
0.480498904023  0.378402190466
0.373018358406  0.456250792021
0.636270723855  0.601326674745
0.376835254245  0.238607855636
0.300287293132  0.436320124641
0.486133280971  0.568872630524
0.53812615397  0.456414088182
0.320142873671  0.395927149878
0.7086458743  0.472977717233
0.61118038118  0.402875695116
0.461127553087  0.469979310781
0.345193556592  0.593332277205
0.499752467713  0.321050297602
0.486170857893  0.451439063552
0.314888129201  0.415779355993
0.691943144174  0.635814259269
0.42659434598  0.532360899043
0.555389776024  0.444597962638
0.520352566241  0.623724347599
0.416455530801  0.513925401713
0.608242390978  0.632242708458
0.414767025179  0.620946906449
0.54772796427  0.54753211794
0.526014300039  0.392915794128
0.557506425106  0.522436142819
0.36223732609  0.45119735036
0.417919349774  0.782900308907
0.395222431252  0.525316855646
0.550522820307  0.452640734124
0.599611319857  0.372734445953
0.447412584424  0.416320301084
0.434944474758  0.443374706143
0.521944653186  0.652986738831
0.635856694912  0.483754916019
0.526263597061  0.514598763678
0.434931216657  0.541645979135
0.261752233759  0.570735164672
0.658803101832  0.532361667914
0.393708071946  0.605541128417
0.445455716436  0.390802890602
0.598304770785  0.366608905957
0.420524320748  0.613044592913
0.448641044398  0.52495606636
0.496731003496  0.545837975937
0.522228196218  0.484295696915
0.404229336939  0.591350999237
0.478400406654  0.38588034968
0.671804821307  0.550003108055
0.4487948178  0.612647789407
0.459695973751  0.542159344097
0.57958748637  0.311196208886
0.462701566949  0.455972728391
0.467380231306  0.415390130724
0.608829916232  0.536035722993
0.712017990147  0.567854692897
0.383361874441  0.429073553198
0.504884816107  0.392916607628
0.545545256512  0.455581203644
0.593565297673  0.492724753208
0.458135076496  0.398693794984
0.447893291092  0.360256487221
0.465975499556  0.545434332041
0.415032829005  0.44661398767
0.3645604517  0.41174865382
0.51153881827  0.609264897338
0.427673743058  0.526390144026
0.321286209938  0.57452115454
0.286913115215  0.437375158773
0.612019901978  0.407375239891
0.452857812734  0.636924436814
0.547217724126  0.648281496338
0.489615097581  0.656168305955
0.359229801762  0.494962949035
0.445487112312  0.489151217754
0.501051063642  0.306230406217
0.488264695203  0.515489365745
0.432890968237  0.441448536772
0.635842130251  0.799876578314
0.550658770283  0.591480118246
0.468429673206  0.553932160469
0.392653966261  0.506830230556
0.367899313486  0.478436731314
0.555475023851  0.329298309681
0.545169307261  0.384846941595
0.46786036567  0.613056242691
0.343481074841  0.606894753288
0.552145204798  0.503260837463
0.537707230485  0.344134789352
0.613622833111  0.369756910347
0.394699182178  0.499206019812
0.5584725051  0.542119688478
0.493880614804  0.36331856786
0.484323723431  0.591591712285
0.597077361323  0.509163669213
0.478124384773  0.540351310705
0.667526726398  0.537926494111
0.547208180631  0.514462788967
0.131965503058  0.476786997226
0.608841504013  0.564836345549
0.50631365268  0.384885282536
0.447992114779  0.588772948557
0.317171397707  0.353422988282
0.34367067586  0.544236985579
0.55188020014  0.409223458864
0.395261857305  0.579323778067
0.498979893107  0.498092512087
0.391856308719  0.467806808711
0.511509583848  0.420761144634
0.633538755091  0.623621920823
0.379378056658  0.641540787392
0.370225353321  0.54754967378
0.511327352755  0.452201733382
0.355849848091  0.356109398877
0.786654268065  0.384995191214
0.496921920998  0.546474929523
0.460779939573  0.537305554663
0.370696660837  0.513828764138
0.462723997062  0.337729077532
0.558079150086  0.366592353197
0.359423071905  0.544997531031
0.291048213392  0.42596049884
0.471999517901  0.545194842936
0.477445735925  0.485296652611
0.409263600009  0.564181854845
0.649591663261  0.541698614853
0.399682870518  0.456884467368
0.543828469089  0.483714870097
0.47046427517  0.453619412679
0.540085211609  0.480183067985
0.27446283593  0.450566584831
0.388739224248  0.586964906523
0.519536956038  0.587950531106
0.664865880986  0.515132335007
0.681773832619  0.394153420076
0.510010904308  0.596718670857
0.473437637935  0.532127130733
0.505797902214  0.567800990087
0.524546334617  0.576928622731
0.400555617336  0.275970699546
0.51360315094  0.594201169191
0.452206927751  0.529883535358
0.602119971041  0.552004618771
0.502086295956  0.331542318212
0.333156204062  0.527726159319
0.497649940099  0.593703317973
0.577858550744  0.307157597612
0.549341129477  0.387900470125
0.505887574862  0.536410103829
0.499898666636  0.517205878836
0.338154533039  0.590096959696
0.552360807723  0.405869091947
0.464431041698  0.568084891707
0.76907341958  0.551969448011
0.314722436472  0.732514749788
0.422519068357  0.47645444518
0.469694437917  0.468962727333
0.293242223341  0.256188046125
0.498835959258  0.525197345651
0.571213743555  0.523339483651
0.647955727428  0.339526724763
0.518796754912  0.528480670858
0.493463138047  0.366376127761
0.495390301889  0.500762333938
0.394467668255  0.507311165461
0.499962323326  0.651258497145
0.355889668385  0.503436853598
0.540594501729  0.495834674237
0.426104980423  0.40230976348
0.49622999183  0.366134549164
0.523298200793  0.585930214753
0.51759413784  0.433654786011
0.452021036442  0.303776765622
0.494773630604  0.414356451737
0.270965373502  0.520757353781
0.545734815507  0.601604312496
0.438060694306  0.671037381639
0.572032228223  0.51516475867
0.583621172927  0.601807859445
0.488805456931  0.487346620394
0.530288583361  0.476593843539
0.626944721039  0.570119243442
0.437829874508  0.719575576003
0.50028724956  0.536788191212
0.61281990075  0.664404843437
0.435921953712  0.516211836212
0.34360210132  0.571890860993
0.484758812686  0.506283783252
0.705347155542  0.329721575257
0.530291063527  0.506197827288
0.428070444145  0.56825689569
0.533075333674  0.362008268035
0.368845587048  0.520561051335
0.443236100083  0.444530058349
0.427237281433  0.643146744033
0.409759825389  0.465859433859
0.434938988265  0.482345020003
0.57836443068  0.29895463014
0.514173915705  0.451833408818
0.559557146156  0.385796078921
0.457050726054  0.60655513388
0.651629620583  0.331387170268
0.549249139142  0.460264434618
0.563179390619  0.327757485809
0.468830112836  0.564091626315
0.667641308135  0.574722060952
0.423076203241  0.593129233372
0.44092276375  0.564289077301
0.625447995922  0.587577378823
0.571557646085  0.370304017654
0.588993418858  0.389433682567
0.534009730924  0.45679067641
0.539804566624  0.518287812588
0.47059566732  0.517278511939
0.536232012145  0.449824348064
0.579342057126  0.45031160408
0.500202190383  0.51881147284
0.624108933705  0.35482912385
0.466296576745  0.637218589301
0.520906102275  0.641911993303
0.546059016386  0.534311561595
0.652519000238  0.421584709345
0.541275198696  0.502419428037
0.545401723464  0.471917957144
0.519835064634  0.420514908048
0.559369816676  0.511915001724
0.470026980361  0.643895295441
0.448721006514  0.44399967526
0.586386791746  0.505503430116
0.43676043571  0.675733836571
0.573105635805  0.502088443101
0.462629485491  0.375086688073
0.719885419648  0.537666686608
0.342568617388  0.56454790857
0.569578729799  0.566120687007
0.413615280391  0.329470684119
0.457393178853  0.48951862208
0.29660788109  0.515078426093
0.423924210038  0.327298443475
0.570774076361  0.361314854129
0.353734664477  0.547595119218
0.539304954905  0.658813528902
0.562942610535  0.551241208798
0.352095584003  0.453331519242
0.506669617834  0.498448697219
0.683438749978  0.476017217597
0.349030478831  0.529744142983
0.508982601479  0.585955185208
0.511279593167  0.528712789374
0.617279396072  0.511438030768
0.542819879486  0.410036977765
0.707364541598  0.664565206176
0.509048064629  0.375115377089
0.404140544928  0.474870576789
0.648801130333  0.505898580541
0.480130335135  0.525845108877
0.68997368438  0.508249698046
0.531645868929  0.598805563756
0.468306862774  0.585740139327
0.458225594638  0.555765523598
0.382306341313  0.525947959458
0.50727069869  0.447114140963
0.537741691198  0.418185883138
0.589760313177  0.365068539068
0.585588258253  0.300318923753
0.305595608234  0.699336197127
0.381334787142  0.547763745928
0.543676693618  0.638787766969
0.502911040093  0.474466166145
0.505232657059  0.465109114377
0.502232570942  0.665917053665
0.446762457154  0.538889127648
0.505818672908  0.581280255255
0.578915148801  0.52395986657
0.498269895975  0.544189889919
0.527287466039  0.450486888715
0.697925715362  0.411538945662
0.442975431706  0.410772373233
0.560518002329  0.66359530876
0.516975515596  0.453869204753
0.536302898578  0.505173682622
0.546512534636  0.41452771713
0.657009828021  0.440498919649
0.365838660403  0.307552688502
0.534745999991  0.693755612893
0.32567111181  0.473952500932
0.514940072863  0.616649588966
0.431624896148  0.675021282177
0.473188333172  0.543485580669
0.444349119338  0.526518954646
0.677515904272  0.570312963251
0.480711151012  0.359009154457
0.671502016959  0.478526799213
0.56953846275  0.47054645841
0.582819892584  0.397826322566
0.400985048468  0.454918067678
0.626717172409  0.491958884283
0.480726411342  0.500553871408
0.532241323969  0.440729925314
0.350929895145  0.463111180323
0.476002580031  0.6546692728
0.638896822017  0.474864152454
0.555433766738  0.372444308968
0.568150625978  0.445484086228
0.34968260701  0.514416200557
0.443463474364  0.443964881188
0.403978907036  0.4040067045
0.412141400714  0.491250648019
0.517400586876  0.634500163633
0.45499154688  0.583601066163
0.487788008901  0.501725031004
0.491787938005  0.303488603123
0.50988995087  0.425036836816
0.421167103067  0.477037893533
0.365239777111  0.563343967047
0.423639193195  0.404649486722
0.527473034911  0.383736957062
0.450661148977  0.598169372197
0.331931709509  0.584458271591
0.593678646322  0.687302961332
0.681089543493  0.653326633433
0.508590938654  0.551696082507
0.496887716683  0.616599951485
0.521347618596  0.369047028286
0.62904278129  0.467421822954
0.507567446993  0.5023635162
0.50298208769  0.501660287975
0.49881350767  0.498922512338
0.648199006937  0.665794460448
0.742670968546  0.662997635005
0.48049602436  0.539043689284
0.505464045328  0.373690836931
0.407364487914  0.480641869804
0.399959036149  0.48834896245
0.37820145115  0.505823144447
0.462708088004  0.772775924269
0.34346802585  0.428473737313
0.511602843446  0.722604073188
0.497256172097  0.478559067206
0.725168869486  0.4568983367
0.416192826594  0.620680150811
0.572693543722  0.486245333808
0.311618184651  0.37393461414
0.502519988718  0.430203561894
0.53751817322  0.566560424323
0.488582169345  0.601549213798
0.317613424091  0.582114665657
0.202985986241  0.416615710727
0.556766778616  0.488264345026
0.253954768247  0.455821343343
0.407064328612  0.444030863229
0.51794016141  0.294616155955
0.576325663707  0.505824057835
0.465725222531  0.254383745182
0.590575521221  0.42384211092
0.537946025769  0.566197336658
0.442522741701  0.324451116052
0.501206485354  0.442479786693
0.609747705407  0.459970588019
0.616205231301  0.45478181902
0.503780800021  0.31111264298
0.638367243148  0.319837994277
0.496447952878  0.461065002421
0.552587964567  0.368005191276
0.488397660509  0.544825192633
0.462024693538  0.484045501189
0.389417218982  0.367981502711
0.506027282108  0.364590447647
0.50048973338  0.519996968211
0.676032628135  0.495800805341
0.348197840048  0.379891843502
0.610806457766  0.704925886602
0.534108385038  0.49646235944
0.769372295191  0.660849876523
0.523414580303  0.444368261142
0.50909457831  0.511806122316
0.39656367047  0.595310335715
0.452847135323  0.53076879294
0.49447631177  0.514850187114
0.452379738073  0.653926728448
0.491202039901  0.545509765723
0.373368684288  0.680833490611
0.295781674704  0.508267548573
0.562990607764  0.494173040318
0.509091471766  0.490039609396
0.483409862364  0.743885336003
0.441323397647  0.416675798295
0.360689849135  0.531695212328
0.372954652203  0.501941581806
0.367710212679  0.529834612342
0.593405071363  0.581183212248
0.712714192764  0.494886196638
0.526903003156  0.523991500675
0.655972540882  0.534121608211
0.6584098176  0.531073425764
0.471984243736  0.744812741366
0.557921663709  0.520912771594
0.537152075675  0.463303726253
0.617763851372  0.353950006465
0.614350855352  0.462740148303
0.540662363224  0.268964365994
0.474408534758  0.20125344998
0.367224897545  0.565358530593
0.543463572071  0.396333908694
0.527421188567  0.672590663164
0.525244749871  0.558349175464
0.493002270814  0.518147374263
0.533834611201  0.538033459741
0.312551463412  0.469062381025
0.426700811734  0.488252183917
0.501213927072  0.392534673375
0.479949477158  0.520657045372
0.405290374909  0.533273277898
0.56876615391  0.31753878384
0.317416790749  0.556317065493
0.475996265441  0.532518086205
0.317758006612  0.434827263997
0.767388903744  0.585785249836
0.533372976212  0.512924596934
0.627602111474  0.402733591282
0.500763966673  0.408434650342
0.627957358404  0.407878770413
0.462980012079  0.482658363562
0.404414085413  0.687075591782
0.537163747425  0.680415823952
0.575316806292  0.531646465304
0.620627495427  0.621761677723
0.602184588017  0.435962874997
0.356664368992  0.595962239215
0.513854715866  0.436028195322
0.404719638311  0.475628498524
0.562324327769  0.514486290877
0.492003536354  0.580644757994
0.451146771198  0.511594881004
0.24158269228  0.419202322623
0.477443974965  0.55927024453
0.43617019521  0.549321390177
0.427020589466  0.594404087431
0.41783951063  0.544642982165
0.689109590056  0.591059983352
0.592220874037  0.528054114764
0.37177875326  0.359427428289
0.522051170126  0.489943508144
0.418005311024  0.435502626529
0.57855598077  0.605024254183
0.394055500301  0.470380296283
0.475695243578  0.385617654939
0.548733717187  0.544283173242
0.424059788968  0.428081591166
0.557770277126  0.342045377196
0.444717367933  0.517927022628
0.549783294978  0.602635655554
0.508802986573  0.546749781181
0.563920328183  0.598900059347
0.426232219215  0.689461117259
0.451041209918  0.48354279033
