0.293634612136  0.372180081612
0.350021967151  0.535441437022
0.522221102212  0.414954059107
0.474685571148  0.439933826787
0.67188484201  0.607647053605
0.464126096316  0.489699698292
0.398544081095  0.478317046453
0.433230755223  0.408776191342
0.56215732651  0.584724755565
0.547687590921  0.484782395633
0.4581411037  0.340001391354
0.495401287105  0.615685214502
0.496524328956  0.563784573167
0.422708801554  0.519180300576
0.632905058453  0.552725987534
0.472656414171  0.641223700401
0.577525768488  0.577493042765
0.423340700452  0.384053237011
0.610362201751  0.532630433607
0.731360878924  0.64420174303
0.458254780798  0.296805217819
0.583557286102  0.398981852766
0.570043769384  0.633982351428
0.409217383781  0.521924289163
0.560139260335  0.667656515008
0.437018121592  0.58591319916
0.536105847846  0.403936903313
0.698919819304  0.482320362029
0.375841566678  0.524360693044
0.634319331629  0.555696392479
0.474929398644  0.419364395659
0.370251689997  0.67056301169
0.595251684185  0.543562244613
0.591634606538  0.452095971474
0.519779472418  0.551408271984
0.594910007681  0.523220059727
0.302595501912  0.562587879177
0.506268753852  0.37486483191
0.352580932828  0.452326266371
0.46065041906  0.527655832222
0.326372799737  0.473544846376
0.37427764115  0.415518537091
0.444737813417  0.52613481577
0.549530178175  0.405328253224
0.671429469377  0.483596262359
0.554828370924  0.595203373134
0.379723938561  0.653968349639
0.43060621012  0.538198121907
0.477964461127  0.385364769694
0.561135421485  0.615901209069
0.479484236703  0.563460156284
0.50257569902  0.493986141561
0.470405625514  0.451552459818
0.426245662255  0.717766365412
0.532315175296  0.515312937562
0.639774980342  0.643702273741
0.64772157031  0.560205777152
0.568307710385  0.696442639379
0.408765125712  0.396021583661
0.463691484327  0.424283235494
0.56832201004  0.554533908939
0.698148224664  0.457982295744
0.446143866809  0.517952068716
0.613542137063  0.606767591824
0.588759480404  0.534068145565
0.486227250145  0.60206439826
0.496678063157  0.373288188528
0.559932421095  0.396560363944
0.542936487478  0.503622021314
0.328892677173  0.558286735993
0.672533265268  0.448204040622
0.454202722767  0.55954813288
0.457749718852  0.443150513401
0.562323296935  0.673880507979
0.654891463911  0.527023898893
0.439732967602  0.683425537064
0.598376999354  0.466366503931
0.528028500425  0.395153066869
0.462847863368  0.448734840252
0.516190012797  0.34713779362
0.529620108045  0.543235500544
0.43111926678  0.513834823059
0.458467870948  0.549358026262
0.412125379176  0.455827423419
0.500673023244  0.442545339705
0.507802138996  0.20392240433
0.447774253851  0.522702933191
0.643114612923  0.48562757771
0.556456939128  0.335206300101
0.62569223004  0.45283811212
0.38760195437  0.327733585296
0.508522680343  0.532091098911
0.649274186363  0.433036404333
0.536832715016  0.612262738102
0.428083799454  0.534343543177
0.590427419324  0.547460551348
0.264002663451  0.302159028244
0.689537589222  0.613379112426
0.38945893813  0.538895836224
0.485431585165  0.529805545991
0.580677601286  0.526427551597
0.409227864252  0.31553564086
0.589537015432  0.54227438345
0.498468940236  0.454749726962
0.633734283417  0.432487537032
0.51113927776  0.359559792417
0.533830728952  0.342982420891
0.583073311836  0.642893751975
0.496751524104  0.601393891381
0.646950864971  0.349312008518
0.360094715376  0.538661323848
0.492059552901  0.40625883084
0.494257407125  0.509270746454
0.348697451086  0.543794591886
0.498434918154  0.536342180253
0.482713948148  0.660052653188
0.336119868468  0.659359263636
0.577869716937  0.534552546885
0.595272472598  0.443846158708
0.563252326857  0.580581052931
0.461996806067  0.543767558201
0.602575084971  0.464379557758
0.428541617421  0.650778639611
0.45504886153  0.666203800532
0.587272057893  0.347036277594
0.519971420392  0.416618739573
0.487393479718  0.604091430891
0.405274614589  0.510289886644
0.591249393356  0.68252880748
0.430564106144  0.629562328635
0.547439588053  0.375848705514
0.515518377477  0.363289630077
0.396414211757  0.357962792873
0.335227580164  0.532622407952
0.208496913221  0.326774509255
0.501894194263  0.365398560993
0.540391219478  0.486872896405
0.426297459848  0.614147397056
0.399528103144  0.67846604164
0.431120235884  0.54778445451
0.498947156053  0.443313172465
0.532998275201  0.442596018616
0.539187743399  0.613861004443
0.336092451625  0.420470193886
0.779077696535  0.514627372872
0.70251675778  0.511946022358
0.566674090226  0.540072997781
0.496579994752  0.501956347849
0.54404026251  0.688143176193
0.535493750586  0.695596136797
0.527313561768  0.548884461602
0.52080959034  0.54512795244
0.573498409694  0.448494968932
0.443613959382  0.474824631017
0.509823730585  0.540509267867
0.54622821079  0.668856202808
0.538689107381  0.57903916374
0.649341867478  0.467279381213
0.428737433439  0.370703324314
0.354328961361  0.435508807297
0.490280195762  0.484916207671
0.478726674648  0.330462063984
0.40675875921  0.531139782802
0.42399960988  0.573229203714
0.609671533861  0.56964317216
0.558317004141  0.575261251996
0.613444743097  0.636713736498
0.431195378754  0.543828777359
0.46347144131  0.68449779611
0.514661754116  0.469771005823
0.434989760658  0.403023971224
0.527388855748  0.547564534706
0.33289512971  0.487619209618
0.147591803599  0.657818538187
0.760576143085  0.646917943819
0.414115494731  0.473841975928
0.552799784194  0.384710749196
0.540267223887  0.495860582254
0.515705682415  0.429293818291
0.492897858048  0.511113690754
0.392003695082  0.379766647829
0.340580899218  0.636239509251
0.405329262835  0.418591104925
0.576858154257  0.525550084275
0.511841891507  0.615337818971
0.339151055933  0.673281269632
0.418130951384  0.615987424349
0.534370897158  0.542040736902
0.646838814465  0.38383743224
0.598275326692  0.579356528554
0.683202538846  0.492722826528
0.508974048516  0.63125994953
0.379931549806  0.657922699776
0.437822947306  0.548487643486
0.468360454414  0.457388390508
0.357121618852  0.412399713902
0.53957575486  0.580399415339
0.428513743332  0.349733458092
0.44355878809  0.43876219975
0.517990448015  0.570964230076
0.4821990693  0.564092584395
0.493572664335  0.534439464471
0.612165225431  0.444922233657
0.555860820156  0.368337884558
0.224739354147  0.638919810565
0.49712893808  0.380419072464
0.515995552859  0.638544877428
0.54856970749  0.287218586709
0.546848000018  0.454484389901
0.458986230349  0.51720437303
0.570512503521  0.478625365867
0.633423815844  0.470516251013
0.479986233142  0.620777050873
0.585980484406  0.468744213162
0.387924257542  0.763720913365
0.572070581239  0.473881360365
0.316814066999  0.551840653415
0.413433006402  0.563028560507
0.617506094527  0.49092098745
0.448663512729  0.629396853398
0.521734535749  0.576702362905
0.552524941945  0.357272811091
0.538248823028  0.345103525663
0.48972591034  0.568074822846
0.566065737321  0.562766907089
0.561707502396  0.525203983027
0.356572756579  0.585306587086
0.693216372332  0.735124170056
0.368641488745  0.582160159957
0.44819912132  0.480538198473
0.420411369251  0.58219777469
0.578209549661  0.64244516564
0.557320245109  0.553925057727
0.410295266797  0.524402000104
0.41259897643  0.612011939439
0.420473073336  0.442874238006
0.304911453537  0.46696498255
0.500205451941  0.485386046558
0.393194834283  0.443770679188
0.433771894672  0.581913356777
0.528331650817  0.553276514215
0.575592705165  0.502931193891
0.497843902943  0.443247619826
0.591873741269  0.568050433492
0.523117489476  0.626933673092
0.54817881628  0.650694380056
0.522952420918  0.463068073453
0.477674891406  0.519007644823
0.471974267814  0.507120843072
0.596382243331  0.722115505946
0.541925192587  0.515854513167
0.664220313806  0.519478876633
0.59471052195  0.515335830506
0.626431020986  0.404965250485
0.704280079237  0.424644773407
0.370773227554  0.568793049573
0.625685888553  0.548196643798
0.522961500377  0.616404843832
0.345750628021  0.556469503296
0.601272437426  0.548081983857
0.409418408211  0.602838690179
0.627968091255  0.379145190148
0.39202293983  0.538569985866
0.442074124747  0.498445793843
0.454675576459  0.478975433303
0.471714604242  0.399529692138
0.577448580536  0.412910941612
0.331889509653  0.446470401546
0.53694549531  0.494050959786
0.437791731251  0.453238636954
0.445514972569  0.575128792373
0.438556104364  0.502009196662
0.396174606153  0.508756701024
0.590444086698  0.520939617912
0.605003506709  0.362252977365
0.368063920546  0.597473824674
0.502640588268  0.50735692117
0.314013498398  0.413225921647
0.491258005482  0.427157700829
0.633825675804  0.468548284723
0.516264492578  0.298996284163
0.569354673956  0.584396202685
0.48256719525  0.384340295322
0.422719442361  0.343116870174
0.584470768332  0.422817939951
0.240956229654  0.474741313231
0.606564092193  0.382348626896
0.43835902205  0.406953795299
0.492172358738  0.4913659342
0.433579115647  0.439498722634
0.511808217666  0.475753890974
0.574191687131  0.673472914988
0.569945896193  0.433549632974
0.603307758357  0.486837518581
0.485405192323  0.433324794934
0.522439762695  0.52022715621
0.350204447623  0.548065222855
0.536657873368  0.483096447084
0.605235658676  0.370674230437
0.673624082029  0.47223513161
0.525965613784  0.454423620735
0.427317981751  0.453444501742
0.538995052001  0.45352783599
0.703338259086  0.423443391998
0.50253254076  0.684705381494
0.604534071868  0.426286972674
0.569612752512  0.3868143733
0.572179350765  0.325963630193
0.394569343659  0.168111861431
0.37342129953  0.406521646233
0.500958716057  0.375815542435
0.401047087515  0.672543508138
0.350574993162  0.38938865516
0.491327241314  0.406001722409
0.477128649826  0.523614219103
0.571179666385  0.437502421233
0.660927993718  0.463870500984
0.769226489313  0.548345614391
0.587192086453  0.477642872366
0.697363215233  0.457408062047
0.461057565775  0.449313928336
0.52140560355  0.452829820472
0.436592553492  0.548892505312
0.575013319311  0.480032904416
0.691697719975  0.350199680021
0.337764388055  0.586461716151
0.485899668469  0.553443082199
0.769347999252  0.575376587917
0.460245614219  0.655928092607
0.701318084587  0.465129007035
0.755260396501  0.614344736294
0.378463450297  0.430045836592
0.345119568603  0.529868321467
0.489553935395  0.584743883663
0.482997308731  0.44393755092
0.453968189861  0.343868259863
0.498506416594  0.41421619111
0.482688837458  0.59600865002
0.452614005775  0.48476268349
0.457206987307  0.568979051171
0.430963378822  0.413414161462
0.488131557678  0.42256424153
0.378387842166  0.494647801312
0.447352698943  0.432537768331
0.499964998439  0.41341692393
0.545793295851  0.42328940385
0.455406604918  0.556232660767
0.464927194354  0.425376869763
0.46983545696  0.57960736926
0.407088432651  0.475073230106
0.567930027554  0.65743038594
0.428897152123  0.591095075185
0.468997882028  0.492760103423
0.537131235894  0.600045662236
0.414107724042  0.440992282002
0.413631582466  0.437130907765
0.356820240538  0.489745499415
0.671344796129  0.589785143826
0.552198578767  0.485507452694
0.451583357265  0.635789608648
0.458185905359  0.422884006374
0.582815511928  0.470519064619
0.580251852577  0.371624158913
0.604487674891  0.504364682414
0.446746234624  0.474257906307
0.591016026145  0.474206680718
0.400647605872  0.584907112924
0.378843058069  0.539164767125
0.476044306506  0.618053209898
0.517056338573  0.507884452869
0.434722604272  0.4487575707
0.607337660623  0.607240039801
0.561629203339  0.448617166518
0.552511605676  0.326122952494
0.387814126027  0.547039009855
0.619698352988  0.492011002873
0.477622576518  0.619406672839
0.541988973235  0.460991884849
0.607903139198  0.500411470242
0.52856146939  0.500777781028
0.40994374756  0.545550981001
0.655890693154  0.537571782066
0.417183675767  0.403811372616
0.575907558729  0.408681863412
0.321595481547  0.601256235424
0.421764223281  0.449498579405
0.563610888901  0.507877772987
0.515141713761  0.455188932222
0.716477418912  0.545106776914
0.432632194631  0.500151682968
0.362521949844  0.279526632387
0.570637792195  0.488811407082
0.526371173095  0.508908562739
0.431143489425  0.509936134893
0.675515207621  0.634683576933
0.624038286515  0.656030881265
0.666581574902  0.346534619225
0.506575715391  0.539324069761
0.473219803674  0.483865406376
0.489464228917  0.626242718715
0.48677222961  0.64525457049
0.359029133389  0.483398692847
0.392434708563  0.73268225399
0.652151145243  0.525974369157
0.435686771204  0.583552605713
0.336695849151  0.548637293656
0.569586202214  0.454201459084
0.562970161075  0.543615855597
0.506299262077  0.59803419132
0.557375572743  0.543040729038
0.782385522409  0.54664658089
0.447190040212  0.581886274057
0.407407373195  0.516318166977
0.658564073913  0.59066787638
0.372971244601  0.632516191345
0.448963868722  0.479470327432
0.57059796206  0.607462323742
0.673737995091  0.382780210882
0.613458819613  0.442704420365
0.482483826693  0.610711749254
0.52578369442  0.516998952398
0.451019269288  0.434481999539
0.56219817381  0.428025281887
0.389122765551  0.548931705462
0.635132250641  0.417825642365
0.540853239328  0.528488062671
0.373737772846  0.273764255412
0.421463523203  0.573185802431
0.595441419066  0.442739248317
0.476103173043  0.488737243512
0.443913062681  0.353059108875
0.644569998152  0.450689662554
0.492698579437  0.350455548501
0.542156827607  0.507506273674
0.446783477889  0.333943230727
0.48609953726  0.462041722942
0.427986948131  0.543872784664
0.376262561226  0.698631118393
0.46215236991  0.366590973579
0.487363910028  0.360583022014
0.441492025496  0.428654346832
0.703822213013  0.600100357676
0.483489793908  0.565130477635
0.36981005007  0.581921869528
0.388603196255  0.555972899606
0.497000670622  0.52170721636
0.525232744796  0.44406435261
0.430272316984  0.424378902207
0.412978516734  0.405937315193
0.529381883021  0.346013331633
0.714308375254  0.523890692956
0.450894446528  0.435847616537
0.506680436401  0.521134984071
0.487787297001  0.461444311032
0.390574924303  0.483336568227
0.296133664359  0.468797368142
0.435939661628  0.531279997583
0.564323492083  0.591804510956
0.524771021841  0.584385233483
0.370524968282  0.561959783551
0.679311527107  0.506930709177
0.466297163405  0.351166363507
0.487117669715  0.364404904715
0.550498418499  0.42795805697
0.471549322219  0.621978985115
0.574327608769  0.358521762913
0.304938908637  0.337317127248
0.635690597197  0.458813346604
0.627270638208  0.512781885012
0.658421879648  0.609767945731
0.575847065043  0.443073213807
0.470101302658  0.668333559692
0.419955673267  0.487523518315
0.634344815173  0.394349487032
0.644823242782  0.408891847206
0.521183503937  0.579942073298
0.577085880157  0.657081100097
0.42165342767  0.502555510492
0.479208524769  0.485292779235
0.516901746717  0.544827429118
0.439548666331  0.50788937582
0.670715296579  0.528518716437
0.374189698393  0.524407108293
0.432264565083  0.725941319261
0.533458491975  0.30286302695
0.446042865892  0.698548532218
0.457089147809  0.556538726432
0.295277546106  0.681113680303
0.491142366589  0.573210840754
0.610847454973  0.555622775517
0.522823648383  0.329418195601
0.486739651667  0.49610373695
0.345048291325  0.376056256234
0.319904144473  0.524824787097
0.405718868595  0.488008823434
0.638454268954  0.521878365681
0.434662914919  0.2948097174
0.58010593349  0.427252471551
0.434626891143  0.585572696127
0.42435245337  0.692943638089
0.459343086999  0.485253867885
0.461620779979  0.464650058401
0.573876591466  0.49484267796
0.567002053012  0.589114327779
0.473049178202  0.488567361571
0.538823681519  0.570571565006
0.61489645272  0.531777592012
0.571780545571  0.554518765909
0.588822047251  0.462625930822
0.546004904811  0.577839879478
0.68270865297  0.491794405837
0.390820277334  0.558347774002
0.357243068175  0.503499539529
0.344552141971  0.622413281688
0.538155743734  0.685206317355
0.519517383264  0.704476423643
0.432839936528  0.679886768365
0.586954391524  0.522242230133
0.564428354742  0.302423896138
0.561771593923  0.661109686442
0.620686162495  0.509756252028
0.5043447227  0.525317124653
0.50580697752  0.663007649828
0.614897729996  0.50220294972
0.435310298888  0.363296272998
0.415614930353  0.596696987643
0.516147122307  0.436272213112
0.528588807966  0.562265649202
0.658558847116  0.62155380043
0.344696377632  0.539005971009
0.498721368194  0.487031082346
0.454416772644  0.299627975725
0.513199651622  0.689902393546
0.593872225769  0.333453048972
0.356111716233  0.57207542831
0.40673493744  0.373630622538
0.377847562615  0.621343025141
0.673091403795  0.549091684743
0.412498701203  0.295739481468
0.533333829929  0.353300732246
0.509238729567  0.513896123915
0.683023428186  0.514804714185
0.396387626982  0.552189877968
0.412150080552  0.377187376163
0.457705789841  0.453438595335
0.399791885996  0.414099492271
0.48589245107  0.509999465334
0.566551214367  0.531684345407
0.452491841469  0.585128769447
0.542804739013  0.712231297912
0.474449866475  0.530819438164
0.375876921496  0.515798761292
0.348536430683  0.335196388017
0.405542102125  0.448290927458
0.358114694103  0.56378122155
0.57544569056  0.596011038596
0.535720433574  0.379701322234
0.486062604822  0.490057290393
0.249032345851  0.36117749926
0.391203592549  0.412035342463
0.503110508403  0.436352428443
0.623887828971  0.441185783196
0.541016463369  0.395326290002
0.32747927231  0.401037915224
0.380561080369  0.558509621296
0.369446297974  0.725637527652
0.752992179996  0.261982301989
0.602088608247  0.586535353217
0.543815667362  0.72191343755
0.536845930253  0.454741247323
0.444187730008  0.511665965594
0.492409152193  0.412236112545
0.391914018335  0.518289338346
0.57738306841  0.518016985428
0.347155353015  0.417744913368
0.550689154736  0.413502788236
0.477285487517  0.421416432378
0.380434541749  0.553419038111
0.356926271247  0.485207814085
0.592112936752  0.562097444498
0.383958405009  0.537894905622
0.525067827772  0.481685792909
0.523821885462  0.456390582206
0.331465173035  0.457709133422
0.504196277374  0.429570739332
0.420839141817  0.420268452652
0.470502498382  0.479206664644
0.642279348251  0.369168626629
0.695026566787  0.382411312758
0.419660821299  0.474935238205
0.475000928511  0.564148101795
0.549042605724  0.49005664918
0.584191487556  0.27111720307
0.592226429559  0.605062612212
0.547976751994  0.453397536119
0.588574326828  0.529329986344
0.55837663699  0.5155047081
0.545997276051  0.433340861055
0.565389663959  0.52100895438
0.374941891532  0.543704673012
0.617993116516  0.431650311152
0.425167275343  0.538788799366
0.61899740183  0.409265610372
0.513105060046  0.495327272667
0.512268451715  0.52414177537
0.520910800557  0.556063749771
0.563259882788  0.344547343405
0.362283543172  0.418851721283
0.344901318956  0.532826514259
0.572913572193  0.473776703023
0.514237930155  0.429214150222
0.333416236653  0.296503629595
0.474704640021  0.347959541661
0.509076345999  0.362317644493
0.471227242309  0.396151620866
0.501250294798  0.606953911466
0.530592249172  0.418619242812
0.44271289827  0.580985085037
0.591294709059  0.557330931802
0.511225077458  0.642109851664
0.576417416959  0.702019504169
0.419084010088  0.493770292504
0.514507367176  0.560188814251
0.496439614753  0.30017261412
0.566955381327  0.578778791839
0.402954850822  0.429045383404
0.290988254003  0.486769505626
0.561621507642  0.523755888231
0.407460398312  0.423658324825
0.376500204888  0.434398175333
0.555302906855  0.59797722939
0.578073815536  0.392298737146
0.369995757159  0.378954183264
0.449747845344  0.44487562311
0.727096742579  0.638135273998
0.341497394235  0.441990021285
0.477282962352  0.303827554147
0.503735343764  0.801298156068
0.446112662883  0.361309523093
0.386482627362  0.66502067055
0.54378479062  0.439170526174
0.436092309513  0.554818480895
0.519580533163  0.244149699803
0.504807535669  0.415661812842
0.40121657482  0.468570693937
0.560522738535  0.396206983651
0.584787589361  0.563976799923
0.586539564424  0.623612943251
0.323458970758  0.543378849681
0.597021990869  0.356223221744
0.415725446112  0.45326349175
0.522886525457  0.50191210878
0.362823690452  0.640866615592
0.739107740172  0.485672133385
0.392388559341  0.495657743146
0.536430739174  0.661158476997
0.569794439263  0.622901786322
0.631881679447  0.427065050895
0.393034898844  0.571659555937
0.389833068848  0.649855914386
0.424928341282  0.571382931604
0.613808806971  0.41892386361
0.539715194377  0.311719693546
0.559912218339  0.541052280642
0.537373029679  0.479124031155
0.620489515567  0.58865789879
0.687357007009  0.484932434338
0.518503270687  0.525707765569
0.494440632828  0.504466184007
0.64023637688  0.517549201525
0.397532802981  0.493102000659
0.46349726692  0.452072433543
0.417086186196  0.541523571407
0.596662012884  0.749707646138
0.555273453681  0.588475317324
0.386333844447  0.426495178488
0.636195111011  0.669956960932
0.611449528537  0.494860994862
0.394789003911  0.449374723485
0.430545853404  0.561738545464
0.474533985693  0.42060567984
0.560298401985  0.563501998213
0.40794633349  0.609055211936
0.532537077462  0.501929187975
0.440893929474  0.491412460755
0.504940074618  0.377280444884
0.728051475023  0.506882966811
0.682040797992  0.647962475745
0.545623813156  0.556328817275
0.527647609573  0.390806868129
0.419307381177  0.641593896251
0.454707948  0.505406564913
0.614399253875  0.480555425822
0.439398657302  0.643381721319
0.472255057161  0.532445540373
0.397995224617  0.462306645748
0.422092246764  0.481662611308
0.793635473748  0.503666588672
0.561621181785  0.464119099535
0.541015835698  0.428885578457
0.415545656494  0.618247676947
0.432711169241  0.429500691494
0.484008719479  0.452165333651
0.429815834252  0.506948066426
0.66025807682  0.705507499429
0.550746625294  0.51815498401
0.495860322613  0.617520376489
0.54728991734  0.649221409725
0.445629161117  0.508702048716
0.663737928071  0.545499822115
0.333754462209  0.647155512665
0.389851849757  0.534158926472
0.413244771998  0.645003390325
0.368741997574  0.69617208884
0.58377693167  0.511389523887
0.604520270689  0.426948769052
0.483540464075  0.473607843696
0.355004370031  0.449261717174
0.434284769363  0.61756794454
0.610063124936  0.429171538779
0.478900759439  0.448678636017
0.490364609659  0.32586474862
0.492981167961  0.514866474431
0.513549813594  0.514793630422
0.501890673275  0.50228677225
0.58452992802  0.637899689593
0.433884384009  0.518316431878
0.507116699862  0.54770776887
0.625884169565  0.48392417204
0.540113563434  0.513268387008
0.506457801978  0.470750742855
0.539745826282  0.50903109126
0.687723411583  0.455163329431
0.475029858929  0.528805530169
0.486584243172  0.427441245716
0.625585359156  0.470195403822
0.528774247669  0.556006432841
0.518338171236  0.381517750691
0.700074971603  0.694116524573
0.60865776661  0.473427869456
0.581327183061  0.685427191907
0.478665715639  0.377971993147
0.472400407607  0.426887635961
0.569773924949  0.512933325172
0.538762090011  0.755844392829
0.492945540812  0.42313987896
0.463713555865  0.652091262891
0.359161037196  0.557371724768
0.580397708848  0.493589014746
0.614239776376  0.514757165878
0.527006770486  0.513357417941
0.295632705402  0.641908117541
0.470028680742  0.506411742006
0.393800278373  0.530951256811
0.567036170884  0.604792633928
0.343055878738  0.454703484068
0.522616985711  0.43328322774
0.454850469078  0.497240312878
0.40757884363  0.487891775403
0.60610040225  0.382266613444
0.407995192849  0.484774707613
0.456992838478  0.476340159796
0.615903901118  0.434261909493
0.542250830819  0.462898328019
0.606613847504  0.245852570343
0.511743247986  0.622674382538
0.529410999328  0.545933785452
0.53397862027  0.398217380075
0.502242724768  0.53069150716
0.544638826696  0.292377944432
0.503696465412  0.314262842773
0.65932196169  0.421508690294
0.47965057075  0.602344671828
0.509762806495  0.518628587289
0.482571729601  0.431306753127
0.476906714808  0.304275899807
0.456246542574  0.392704206079
0.398145971293  0.433225357604
0.603148810343  0.429199432795
0.264325212371  0.522973019963
0.471279703569  0.469974822464
0.309289400338  0.509981742598
0.379317400653  0.389497853579
0.299830744126  0.359840280637
0.604837729461  0.514746781055
0.659993747631  0.369296659831
0.612377589373  0.468857820442
0.59717089961  0.552708935841
0.536739769465  0.654442062205
0.624072550929  0.475230514064
0.478273994902  0.524471000074
0.732243817058  0.528901396839
0.470500485808  0.340433307966
0.651049627813  0.518224015578
0.566439618106  0.359544801585
0.609316879406  0.515466768224
0.562814545467  0.45415867185
0.434005199301  0.417573261705
0.472804129783  0.413929440837
0.437934249721  0.532999425837
0.330780966602  0.480865327704
0.281778791025  0.45733426512
0.5887526472  0.660567024079
0.571262494642  0.413873528672
0.416429456349  0.480244186367
0.707844895473  0.575891410475
0.524875874867  0.509496628811
0.502269398928  0.795131240673
0.481666943369  0.630920974276
0.512317935746  0.574411001515
0.271972660307  0.406757708117
0.574162554378  0.361398192079
0.362181783255  0.598398153815
0.505557315421  0.565015164751
0.397754777409  0.444102097624
0.662101050628  0.406741869753
0.478713715921  0.777596736875
0.559815792072  0.382683310221
0.31807304241  0.507672313227
0.527187268406  0.496632758365
0.566638599769  0.634454584667
0.586650799109  0.271012477691
0.458830144279  0.443691435015
0.507149960213  0.349478613368
0.581484698473  0.596121363496
0.562974702037  0.538633574979
0.579850967723  0.454903291415
0.473163933603  0.65552507772
0.451230732928  0.214524978049
0.588526488724  0.654263228261
0.790391306361  0.642620719225
0.501707711446  0.462886113868
0.418342187899  0.530970787472
0.541675037284  0.452705060251
0.4256095587  0.423298960912
0.326966918286  0.461282224487
0.42745602663  0.422841954251
0.487158768355  0.481504305372
0.51442768483  0.482588300663
0.454152721216  0.444788541222
0.382814880723  0.491958901239
0.465777659514  0.410707923619
0.423389032361  0.596022759483
0.56422110257  0.641985061205
0.526656268639  0.533498876635
0.631718429005  0.444432305562
0.487560364934  0.576540871901
0.47277245837  0.471986452738
0.529797736685  0.468381120654
0.710159786238  0.463293021979
0.513733537282  0.476669682437
0.512601585032  0.598651841747
0.478737324899  0.386369226831
0.420963208647  0.389245299904
0.444031205738  0.494979399178
0.380133050268  0.411614384749
0.478170649618  0.353342189598
0.732399011702  0.531458159032
0.57397357999  0.668874631379
0.674205106371  0.516133294251
0.581917947776  0.526169286243
0.4690100738  0.370365692437
0.462765339774  0.623821063163
0.453456146688  0.501530421574
0.565379115226  0.507023622516
0.514096998383  0.385141918695
0.517818452854  0.631294296279
0.468475979395  0.483747355226
0.402961691176  0.62157922348
0.550500264668  0.596291772214
0.35109911637  0.586708761245
0.542058716481  0.690256768687
0.42202146742  0.556107759049
0.346511302809  0.567990679143
0.471250181156  0.669780378912
0.525629127752  0.269601167785
0.491806586242  0.57984210758
0.732080529009  0.548190288662
0.528785999534  0.521855763796
0.542684346006  0.490773712467
0.45835802545  0.36316110791
0.478115541852  0.481812031601
0.39675196096  0.46979246144
0.356751190028  0.328435549278
0.645336656233  0.633619960067
0.497690075494  0.344536127301
0.621225831795  0.446700819025
0.589110445462  0.326019299694
0.635445530839  0.505225232183
0.523186136177  0.480034980699
0.529932559132  0.54173369636
0.553740810235  0.375690057526
0.483228104461  0.428989662035
0.501269663026  0.47805800572
0.639148614759  0.399551792752
0.5456051262  0.470070363557
0.571940943357  0.480031479991
0.56927777997  0.244579577076
0.609263863869  0.53096107032
0.55668193397  0.584129133423
0.335918254414  0.58300664944
0.622995149821  0.496760337534
0.522543417071  0.510481390485
0.602085825757  0.592968752519
0.550171341508  0.374578491167
0.56458882516  0.578637686223
0.344909877695  0.502668900445
0.479669209352  0.580480099579
0.642687054394  0.660789228202
0.401037548782  0.4797330772
0.621906122882  0.609082073313
0.543447970048  0.54179314839
0.471473003053  0.493956828054
0.347476781114  0.617236087697
0.510030126969  0.496100488358
0.425436058732  0.462652236476
0.447545789488  0.67236003455
0.45849643941  0.452718343476
0.422809848524  0.546034093734
0.52719388461  0.480196741756
0.453407358436  0.382758535651
0.420919960118  0.40033279307
0.47778489889  0.665332070989
0.462682596549  0.265253405106
0.412580638888  0.433773150699
0.522389872098  0.417330414688
0.555694317574  0.54370402316
0.528878237469  0.422669968078
0.467802559051  0.45975286773
0.702805928943  0.4437704836
0.518118549152  0.476108694965
0.490800331785  0.417804572548
0.716838857356  0.456809132398
0.44540969561  0.601959333707
0.481494709924  0.395618071948
0.578202640557  0.51160216076
0.537410556255  0.650509360665
0.39626946796  0.456507980657
0.590816002289  0.572446067478
0.479814008389  0.454242032802
0.343518431193  0.511456804074
0.479810752597  0.568389853059
0.375574228082  0.618596936489
0.406800408994  0.527666347496
0.3661454477  0.44531418464
0.387723795861  0.523070250458
0.392409990075  0.5801821723
0.435325307379  0.401311273657
0.452650829502  0.437110297423
0.413313937234  0.584958062449
0.763280495187  0.425503875409
0.690267778129  0.461677267418
0.484214152671  0.573079991849
0.424662133042  0.307464616826
0.624053099507  0.289424959455
0.548487742482  0.562200167202
0.665311972649  0.483894392393
0.433732944033  0.538800631848
0.615534355799  0.582771897908
0.45383660497  0.379670612582
0.601960327855  0.550349685201
0.478768683463  0.532757487572
0.503698859459  0.698800149176
0.407119643738  0.692058435851
0.333942345037  0.578933310225
0.6014379162  0.453163716148
0.446636002664  0.445892473001
0.506101816017  0.522026592432
0.550032841373  0.460077978183
0.34506413428  0.625647545325
0.618189293372  0.475496621235
0.407835623802  0.469266153857
0.633214854255  0.652135008467
0.483852140624  0.557312900682
0.48961451833  0.582439220493
0.418252543453  0.463368251986
0.504823854671  0.418750066941
0.56884661277  0.453028391171
0.569253692085  0.472153650275
0.660920897865  0.399035350787
0.475631086324  0.587972431671
0.39678613696  0.448965903635
0.703397913187  0.650705162477
0.543441177109  0.473158568911
0.478240281502  0.530942367918
0.626128574037  0.44127252191
0.2903458236  0.638964345783
0.494512767551  0.501727924843
0.215174230925  0.579928215417
0.367675746736  0.317647842696
0.698142789083  0.554625748108
0.479112220922  0.321742092076
0.520186493939  0.341696728265
0.453027834788  0.534361473561
0.496942502561  0.458535069399
0.482173290151  0.451184581424
0.416299821635  0.388900143429
0.499422137589  0.387079208491
0.452839760531  0.632492209706
0.716054547719  0.578511611376
