0.463141502932  0.360578751503
0.533624161529  0.516379128884
0.517415295048  0.408179098607
0.519920227542  0.362261705668
0.487261127101  0.484588699222
0.559026024464  0.474466836807
0.494815366996  0.546622378961
0.531990217229  0.594773028181
0.389693053061  0.37437801485
0.605101789547  0.513397750916
0.600363707257  0.560738672451
0.564008516075  0.592780514375
0.353598857303  0.483492679869
0.326944191644  0.546054155981
0.405578039741  0.761224577216
0.616703987215  0.51106015938
0.363655363189  0.576023928378
0.405159484002  0.67397434789
0.456787122069  0.539877578074
0.538235414376  0.441537808217
0.485584957936  0.457294768581
0.553336988612  0.425536716698
0.396388877962  0.520688102528
0.455651164963  0.49193994553
0.512756889916  0.504310164128
0.562462118049  0.567350540586
0.554762735724  0.503864143402
0.504586647133  0.582691805268
0.474027080335  0.671936468768
0.489195987365  0.625458331131
0.261634032693  0.574114532985
0.320631212738  0.425345308845
0.485236080604  0.38127211163
0.500579266484  0.438615414489
0.627393784039  0.441979969122
0.502453849274  0.512221538049
0.282084834115  0.474946969062
0.292200604894  0.641590298444
0.324228954179  0.514332089939
0.502931856532  0.52195716766
0.42945118483  0.206489421143
0.575752740806  0.3771371697
0.43675499763  0.441874141725
0.459821804812  0.473521663708
0.483343305193  0.535410350389
0.454179036293  0.476576270264
0.4789899162  0.631044279584
0.540090078313  0.482555872834
0.411966796582  0.450589735488
0.48124464169  0.516543746348
0.492646622478  0.527782941101
0.498925795534  0.607867819757
0.537597864182  0.508326106142
0.467948973395  0.310697522375
0.448708045893  0.523235124101
0.486065681278  0.517597728121
0.523598393319  0.344278383721
0.520883835225  0.604126001918
0.518339809485  0.410676688701
0.510433997659  0.7021068309
0.553246195919  0.524809253423
0.469164636784  0.727611513954
0.557418707159  0.597915826179
0.571964421169  0.499550836005
0.603425060072  0.546251082261
0.535456828266  0.482621399438
0.579376931942  0.631752186793
0.503754652797  0.381297613794
0.361161954309  0.408412388858
0.372862019409  0.525595919353
0.426700778228  0.399367137746
0.388389753287  0.433821446631
0.395785649334  0.600323694068
0.511801381596  0.619475857466
0.378052841384  0.659052835525
0.524189855352  0.426122350631
0.467420727216  0.540675577777
0.627518472344  0.567781711016
0.593565360968  0.554749562286
0.633668919096  0.637546737197
0.366575555232  0.448933652903
0.603291638176  0.469227439194
0.473897800511  0.264121982482
0.502509459625  0.51117221213
0.656965070746  0.38577428031
0.517756883418  0.584783174431
0.396573360872  0.693670862354
0.538836065096  0.555420320422
0.475256648545  0.483007588122
0.249513335971  0.442529062695
0.594903282676  0.725527612475
0.455640308587  0.507095980768
0.521616481091  0.46262617005
0.398494879765  0.485931077555
0.6617330517  0.586005185469
0.636144341545  0.462559203891
0.494204916801  0.595841821101
0.377587624944  0.609636738114
0.337852522676  0.276893436964
0.478670551094  0.426859993205
0.506178583376  0.498694773428
0.414923515828  0.551885516284
0.669878433138  0.549366112567
0.4993442761  0.475280134387
0.528082434449  0.628147777536
0.608471799867  0.710581026789
0.611293563808  0.690283870236
0.443356953343  0.478826174816
0.477008703205  0.52644642444
0.474383194162  0.345214817731
0.543905397253  0.545386285476
0.47864346905  0.467081927043
0.524920662592  0.463213450743
0.33834552158  0.495050708724
0.546970761166  0.387688666897
0.379604405949  0.588632515444
0.442404868667  0.540585702592
0.403635607265  0.612825199942
0.717443116325  0.329625992254
0.51053025118  0.586089292798
0.453561640851  0.597915369497
0.559136234542  0.43461634117
0.548394231278  0.436055775124
0.602043827068  0.478540202402
0.352734459538  0.473697653097
0.584056701135  0.572438447235
0.498232419389  0.510388380056
0.49214914377  0.540503775662
0.505708575522  0.439794007056
0.49237836929  0.483054621281
0.53862395205  0.494673241178
0.528756869001  0.652308586764
0.706066504256  0.496632470053
0.451143001983  0.545369326993
0.587843919705  0.516154195048
0.361680076773  0.524498843786
0.457678206622  0.473286939685
0.479117329032  0.553684261253
0.378271867905  0.713830491274
0.661171654479  0.485458596331
0.273681558527  0.405910109172
0.483680852584  0.839022029897
0.548615080085  0.401900769272
0.540332671337  0.553647921092
0.469725753257  0.447304701607
0.610667239993  0.475607851589
0.528917534907  0.468027446436
0.546624505256  0.663636449879
0.494279965333  0.424268066434
0.433555465833  0.368893650987
0.506304091136  0.548121758988
0.588069062143  0.530130351344
0.45220048321  0.713748707618
0.465693406962  0.510435058246
0.522958061714  0.516887264057
0.284636821474  0.531657803543
0.466364034166  0.615618630584
0.485878692547  0.566876054229
0.595005810967  0.656072397431
0.565255912881  0.316746746025
0.414610645847  0.52591232002
0.501883773015  0.441721389945
0.459339589719  0.567056192733
0.535418444601  0.634944630808
0.584651902293  0.557804965922
0.633153965148  0.574693667488
0.579238564098  0.618117104239
0.617982334455  0.499842356359
0.32330546486  0.674927864687
0.47294962544  0.32036317323
0.507045587148  0.479828517695
0.540139396219  0.511115248216
0.728992040849  0.656348141588
0.482993216829  0.509673774805
0.520182248216  0.463618295996
0.528873020135  0.406485574244
0.379591900373  0.56942230354
0.409745510904  0.772808576848
0.543656682182  0.587376351411
0.435393718932  0.203651852669
0.430627167808  0.55269131577
0.565076215992  0.654170224442
0.463577592997  0.5651904612
0.457002406814  0.484760154482
0.457322836923  0.470464307888
0.494468057658  0.548781086286
0.536892657012  0.526590718488
0.478512395087  0.429702602735
0.3477011501  0.465349241609
0.525338268882  0.378261153154
0.475308316304  0.410189740853
0.712397226025  0.550528650436
0.550047525917  0.726114333235
0.434009910831  0.41604162951
0.38697627051  0.370510788162
0.604895784835  0.570099658829
0.546699347746  0.249366614516
0.699485157499  0.483996141041
0.437399843038  0.492803795499
0.454229802238  0.542196415206
0.475872551989  0.56487829197
0.66628619779  0.598279520807
0.516831338598  0.555688700557
0.610666879642  0.624921178295
0.567089807159  0.572336136833
0.530897531706  0.446859042261
0.605461945156  0.467858103041
0.395424957584  0.454666579952
0.45190863253  0.540235886387
0.663700824264  0.449064726451
0.676474766606  0.662113151294
0.409509604835  0.533467540847
0.445801204293  0.368183457507
0.687101210457  0.563487653411
0.355552435418  0.417569630849
0.600198881576  0.47781085671
0.441184333067  0.58797880744
0.420321925048  0.43270321963
0.571487258443  0.704634461393
0.56075137229  0.429340324649
0.50635606833  0.573356342262
0.611066535511  0.5433928707
0.520403987505  0.37434147277
0.54419582235  0.470831581046
0.523370756722  0.531829086854
0.569440631179  0.572427541015
0.636584288415  0.655975500051
0.436313392281  0.347042387151
0.500472463792  0.49084223707
0.57090407768  0.501166523932
0.664994859637  0.585923274264
0.524493171911  0.490576600943
0.356799538797  0.486935659864
0.576665708211  0.482169218905
0.480091900636  0.415427956014
0.49671239836  0.535143711449
0.46027637507  0.490433902975
0.387266956599  0.50926021502
0.416942759803  0.521960091257
0.570476509627  0.616724557537
0.431156957702  0.560699692953
0.57322475095  0.553609963912
0.457861545186  0.507563640572
0.504521741311  0.48111486116
0.405690219136  0.458304835635
0.362726190346  0.45792333278
0.477156118233  0.604503486107
0.370398630718  0.503045100314
0.269847457604  0.652489223075
0.427134940125  0.640059763032
0.234636432076  0.258408420079
0.482696563229  0.289123578935
0.571863312716  0.360297725635
0.59408428976  0.539898107647
0.455073377482  0.506472798043
0.580159640365  0.57961959408
0.520899983586  0.441018062655
0.590228398267  0.694442334856
0.438689149347  0.470573249085
0.563953337406  0.416735776122
0.497667646887  0.323160199136
0.478917670225  0.523456993585
0.426732449744  0.602596242755
0.52797394563  0.453256647268
0.40343435393  0.432650717932
0.410743713012  0.469538835626
0.461103878742  0.617022965977
0.567891117939  0.553979571558
0.317967152254  0.627890321633
0.53873927655  0.500200099322
0.430633902606  0.44697044355
0.48840193944  0.666716957244
0.478345033  0.380651899797
0.464856474248  0.286575333328
0.442205369794  0.402109577884
0.491781354021  0.360983363569
0.558498661148  0.580402982001
0.401667203133  0.34257790268
0.442643880901  0.540535744362
0.510190528072  0.466818301477
0.422896983476  0.535436138304
0.539295527247  0.430331091918
0.588869543761  0.544714433811
0.372736750882  0.270086156385
0.431728270175  0.692940903792
0.487345396611  0.356222377438
0.538417280049  0.382343425763
0.519013474872  0.378988758689
0.577274992696  0.401725355055
0.615096543056  0.555816137443
0.576182899091  0.373990305635
0.75647734442  0.458689393657
0.448283363546  0.588027180749
0.473466118241  0.477406852333
0.378458229213  0.360658407207
0.691833876565  0.397102860716
0.305039662972  0.340991385156
0.361893335184  0.555552491703
0.606374597189  0.580410030336
0.416351053328  0.538950990166
0.486662327553  0.574272643562
0.503258210401  0.559426302122
0.473945315808  0.475368722195
0.437354234239  0.591147744255
0.625191865717  0.24432896961
0.502407915721  0.52496253718
0.388032555637  0.323165828749
0.357787743064  0.554490123738
0.526927088775  0.491565091722
0.544972072192  0.38011440713
0.399256854692  0.34284726994
0.281921073064  0.388012491545
0.559860762802  0.581883298722
0.588553823162  0.517834143262
0.350351315515  0.343458191959
0.457064912148  0.524599703532
0.695369409513  0.362331038515
0.34006835968  0.48128147476
0.546095086983  0.567631907408
0.348991942569  0.456474145921
0.562731944898  0.512576112858
0.403726389374  0.516691844677
0.585261487256  0.369579308265
0.446922881956  0.507438435483
0.477218718692  0.41584114064
0.604377844158  0.424023785284
0.304002982125  0.574241089184
0.474626887665  0.655473397421
0.623906579109  0.512011931068
0.635613848445  0.458214468239
0.618543438557  0.428270329037
0.546047173752  0.638099500936
0.583994990696  0.45827867978
0.467700588719  0.589652688774
0.39253954034  0.473690831757
0.335581798741  0.638147617775
0.64703859744  0.303341489498
0.541770480306  0.426557038464
0.425532817142  0.553906736669
0.554885984278  0.546146123781
0.421555490598  0.588684864004
0.593225573118  0.690076951039
0.677375644398  0.528913567834
0.530810320207  0.452361318359
0.566927638602  0.477951627427
0.639792040289  0.405583006826
0.488845309351  0.579629802112
0.39753307544  0.380657877701
0.475649118715  0.524757873363
0.601143502148  0.49017908445
0.401682500315  0.338992031416
0.379621948139  0.429028665438
0.586720364599  0.475964151649
0.634026453239  0.449594872963
0.293175873652  0.40666473385
0.336705106847  0.4246991419
0.478020779398  0.448393009358
0.617678153478  0.645318964448
0.50703173539  0.62127650915
0.479272088127  0.522592385987
0.376941608201  0.358348486386
0.766973445029  0.623180300314
0.422361353737  0.408462872737
0.4825649962  0.522303446527
0.579682361253  0.412468725351
0.539710243499  0.424202399481
0.560831865911  0.381336225339
0.434814393169  0.542606361368
0.408831538352  0.461817887643
0.609112969315  0.540468165916
0.34308074862  0.44029176714
0.431851750464  0.525821940347
0.618443984619  0.491679772908
0.510758296926  0.54332193515
0.412397797864  0.584389674589
0.649386225033  0.642560626199
0.502237051121  0.221550195611
0.507195691826  0.497852841289
0.580459224254  0.516066036059
0.751844924511  0.592939225917
0.5128483992  0.51540913725
0.440002903515  0.419793921644
0.509114697233  0.562028988125
0.46213445459  0.689955889669
0.426120960681  0.474210870068
0.722225021421  0.528050262104
0.550705628942  0.474992216583
0.606709662663  0.450260354527
0.570069707753  0.464818646548
0.44263604611  0.444995674215
0.443651356903  0.415785254571
0.486411752366  0.478226150259
0.474314010332  0.586373380181
0.469598678588  0.445768690669
0.48653067221  0.629088299856
0.568052052844  0.483967789166
0.364374289001  0.536923455798
0.347285069761  0.399617933301
0.622964422502  0.511449567654
0.64677593855  0.525342556256
0.424300256086  0.483989696583
0.556429657322  0.548270715793
0.629456024654  0.615691575353
0.406599501634  0.447746458103
0.624572657216  0.561952896229
0.477739921255  0.452657358505
0.378809043886  0.60171186112
0.46207183703  0.533514022612
0.535823200283  0.508443863872
0.51161519013  0.532217648728
0.638195995198  0.605018841201
0.673008164574  0.411707077569
0.518161511458  0.525580848597
0.457049073343  0.44666673443
0.479716023355  0.434103840493
0.625516364543  0.474853462533
0.419180991587  0.411208816083
0.629222177224  0.406287829123
0.562041105837  0.544344630824
0.556518706956  0.465343916099
0.437322893394  0.407246598972
0.583501804659  0.50628332717
0.565666384708  0.536127402097
0.537412474131  0.44022300498
0.600110752006  0.395902146502
0.598465684174  0.622135776935
0.353593238495  0.401899234186
0.436101429791  0.567762658087
0.369890344989  0.438306492464
0.63581449808  0.48458945711
0.372849788651  0.560621067337
0.347538059312  0.515251103667
0.660885693073  0.351117701471
0.299302066219  0.457282579093
0.718139990972  0.463488600476
0.447306653083  0.816792965654
0.327370543494  0.45395127182
0.537098333262  0.414737452055
0.449715877233  0.517267528793
0.571141271366  0.468516039429
0.564308248952  0.625121440475
0.632644916372  0.548898439035
0.553859594635  0.572375017444
0.50578287934  0.468764082977
0.521445903345  0.568384657749
0.519708362438  0.546981341019
0.470971758086  0.489797872379
0.414593291745  0.309387887816
0.160032442072  0.308840858965
0.653296036936  0.384892663959
0.558709443095  0.43671751084
0.392635321042  0.59738722045
0.616690824013  0.617417644411
0.513776966142  0.514162065185
0.506756995104  0.512565228475
0.732738994424  0.567526431033
0.53821918443  0.46770055618
0.310218774809  0.388314386481
0.511593003223  0.438361623886
0.5223094918  0.564397747556
0.414296531062  0.451538313366
0.457866880741  0.445008519342
0.288482370358  0.454392265353
0.449542248213  0.488189129659
0.525204458493  0.484485082447
0.44332004944  0.379485750206
0.487217163857  0.459503559956
0.291835729897  0.487672612398
0.543254247595  0.447183705306
0.410230795021  0.604433936252
0.565379256858  0.529119953156
0.442477992068  0.6747285203
0.337592036463  0.525894294604
0.540814192595  0.48524026446
0.402597224204  0.387136212358
0.329326062864  0.402723673917
0.404599282698  0.637028457631
0.246374356915  0.539681175144
0.556285032719  0.503928964348
0.333312114222  0.499380867094
0.446969119014  0.424419737901
0.476030863703  0.559991392431
0.449772376214  0.490622807491
0.57015274084  0.491726624832
0.481241158423  0.463939339305
0.582096219928  0.515857338976
0.374442469423  0.423705483966
0.444678384527  0.423761679945
0.530792364703  0.603242943393
0.475896280235  0.53480747241
0.40554862987  0.393461878071
0.535106089278  0.491307892848
0.496130235757  0.648756337431
0.549341254056  0.547261861558
0.500134450499  0.623499358379
0.542302506002  0.568807775934
0.506427588457  0.556033406497
0.70951231126  0.407602869677
0.39506111313  0.48727908398
0.421625962375  0.610852034998
0.585692033953  0.387775593288
0.584178175218  0.383908966744
0.554833598253  0.564573766739
0.342848462142  0.483968264766
0.453912791788  0.423967848638
0.299410383096  0.542738758431
0.420759914526  0.489713846868
0.612708654701  0.511251760242
0.522847733201  0.534041646148
0.452297192421  0.330389206849
0.534699408086  0.561791585838
0.433412346158  0.563960832754
0.458292352587  0.471863137072
0.565586585198  0.65459201795
0.412140592423  0.396311437536
0.524828046846  0.446002786436
0.628193172021  0.495664683006
0.442253278018  0.534051165542
0.443172607102  0.612523158711
0.454479611214  0.436026820973
0.467090041414  0.661589200449
0.383336656022  0.505679330722
0.511345309975  0.53579492773
0.410968339242  0.428027815341
0.479492551971  0.455124863018
0.624861350788  0.438961971993
0.501526835693  0.497139461619
0.456283261703  0.576268458719
0.49853574661  0.708581513852
0.491125832177  0.406787086876
0.581562481884  0.449989833274
0.421466526564  0.478199229906
0.538873254559  0.50124603226
0.554333936051  0.637978636236
0.504885360369  0.589696006715
0.574986968999  0.636610445379
0.487528919521  0.470086251115
0.52591904365  0.53334912992
0.634430581325  0.492631026426
0.400360055395  0.401883962463
0.501711214232  0.485041442236
0.345193091735  0.609759983793
0.576269462219  0.582274929953
0.721897261879  0.767951941523
0.4991985309  0.443204979637
0.480303312664  0.59005510756
0.508246209329  0.528496650904
0.530892202494  0.511245650344
0.42431137956  0.649900285886
0.492896995977  0.425864688883
0.432833013365  0.504798155982
0.589199226296  0.584527686007
0.64448280393  0.530371607171
0.409717277846  0.647724706889
0.578775156385  0.387060970752
0.512020384797  0.54736602873
0.451001687097  0.421660014563
0.455998414733  0.389886808307
0.365256580519  0.451253769111
0.413996694057  0.528274166225
0.471618674338  0.571398911738
0.687821059089  0.723634900336
0.57849194646  0.531344087814
0.422808390343  0.544657019469
0.692811616292  0.616151014304
0.581483531016  0.304239745052
0.553744050542  0.657858220338
0.632698485599  0.473890794316
0.441037322579  0.611015950592
0.257729659822  0.618083295084
0.379543917468  0.60459374339
0.497989267551  0.524808672089
0.509054509835  0.525381054101
0.435771351944  0.641054770027
0.498425805827  0.375390464616
0.491758838496  0.61141457
0.440780765635  0.498948785836
0.548720762161  0.468360859743
0.23622944516  0.48161185769
0.453254015626  0.407598811005
0.617448038473  0.410491530569
0.492432004455  0.495793563051
0.381330454334  0.625114083014
0.353688188383  0.70934831807
0.556078307312  0.612463566629
0.236341162983  0.467350125135
0.54420243327  0.4154027334
0.497431708569  0.392056650391
0.54423906333  0.53766044122
0.48966624217  0.620292852121
0.58643731214  0.610933905587
0.439980683634  0.737068320152
0.517203084007  0.620929450332
0.49396629096  0.559572159101
0.312899503694  0.513514554105
0.483874346651  0.497274920178
0.412151801268  0.382056715031
0.582079420429  0.525340227962
0.362992826373  0.369122825482
0.527815774037  0.396113219113
0.532065341759  0.463162286463
0.356168158015  0.530106174208
0.618233190283  0.535074202883
0.434587008823  0.396716323226
0.485045178596  0.345579212615
0.629524177696  0.595788569989
0.615594589576  0.521877754209
0.511640620816  0.664528504882
0.572366748109  0.390431715928
0.4493916904  0.606781320002
0.538396605072  0.509383894274
0.421142196473  0.485382876136
0.427105433994  0.470982882468
0.47458079029  0.634018171953
0.432174377402  0.529858627341
0.541587324912  0.613338359455
0.439765998814  0.612348846857
0.326249427852  0.422506911246
0.528621178737  0.459659616678
0.458764347249  0.416000189838
0.525846396632  0.58166363056
0.676147766707  0.582315907161
0.497828891192  0.547684105398
0.501619109297  0.496098824245
0.322969848339  0.441766284892
0.427098883458  0.516250739759
0.423745726871  0.672278931593
0.425481714557  0.480419895832
0.446609351329  0.521675788175
0.628157917644  0.512803679668
0.515174629859  0.518611742126
0.440313546259  0.504875200452
0.613089430792  0.417952836701
0.656713019597  0.264902015213
0.523444424439  0.604817037035
0.549383257607  0.391327901084
0.481853001351  0.551827858737
0.469867293304  0.388493561463
0.562873917482  0.57517112818
0.268635463029  0.50267313479
0.368793316158  0.403663201922
0.555976111344  0.526585385072
0.51679421306  0.434062926007
0.508160171709  0.478651965165
0.40550248654  0.490211386212
0.497770367217  0.590885489066
0.529913377817  0.547354571081
0.554001029031  0.427478635314
0.452420960062  0.308590627747
0.467928550705  0.576086714895
0.409424930139  0.502670649696
0.503054236568  0.592675144792
0.416438706326  0.527726148934
0.510533335674  0.358035543218
0.335382651916  0.729338497816
0.655325200492  0.463480387076
0.455397669928  0.417369109371
0.357991384764  0.692135947136
0.57090400017  0.473185111904
0.441587215188  0.35442511355
0.527925157967  0.601829699702
0.357297624937  0.391592867887
0.43938112399  0.694465629288
0.484254273211  0.537310867935
0.668218063923  0.482853445535
0.270110103648  0.467776700779
0.382314093455  0.527712024534
0.451867085644  0.369173852133
0.403938680153  0.270414844456
0.469752320761  0.605680503596
0.468323481344  0.535278774173
0.603753316112  0.476226374902
0.506117563393  0.518945343121
0.502235170999  0.561341150785
0.469489512594  0.538002321186
0.464887626783  0.495192472058
0.596882008815  0.497138354693
0.547960231317  0.688384410551
0.446280313  0.421567209899
0.496389261469  0.447323936321
0.47770215768  0.461449081097
0.543736755099  0.310978606882
0.6798627967  0.527923801686
0.462001752482  0.423666129398
0.667156469255  0.492731000712
0.434902992481  0.319785533551
0.740747903443  0.613166948465
0.516130119998  0.647536401014
0.421795277491  0.620576402255
0.510562317265  0.402090334428
0.507286250601  0.608884796334
0.664927734222  0.428324612793
0.435791397684  0.375261055757
0.444607151226  0.40764968563
0.407636927126  0.528664921472
0.693131356519  0.45805763265
0.424889080036  0.483663810768
0.467562141114  0.515429664164
0.519563163363  0.495104483259
0.55369294574  0.430059002098
0.664661544114  0.454845261337
0.460526601844  0.59686470555
0.468821282256  0.544352991174
0.491163460219  0.468572669125
0.567097899918  0.481348133727
0.627047064222  0.410350230225
0.639499387097  0.603040656757
0.438230293897  0.406063312369
0.473098405278  0.431987215795
0.408406788303  0.448066745631
0.6152893958  0.37238904983
0.456615889611  0.582833105053
0.761364916787  0.679957998856
0.713868501747  0.492072244425
0.398617940099  0.263985016694
0.385931045771  0.554639840015
0.625960749858  0.611241670248
0.455368332141  0.49228154148
0.498422677911  0.503302110486
0.557220025606  0.541651649652
0.447449997556  0.591009638901
0.406385861911  0.588506678046
0.564326370338  0.409388764042
0.670874394712  0.596707248157
0.580191521817  0.425628919863
0.642070827547  0.337905072037
0.52034619825  0.574696221816
0.607145433948  0.501267935947
0.491551718919  0.326543072412
0.331781831158  0.470155730385
0.393419498417  0.412873822144
0.548273037912  0.682998096847
0.555226597964  0.571246104806
0.460502552716  0.520076330667
0.504085402691  0.502661902569
0.308683887943  0.526921084879
0.476700708663  0.578047235984
0.455685232474  0.532338652089
0.549804671618  0.50695504231
0.529756491151  0.402308215636
0.550255221574  0.59553218902
0.570044110045  0.551237964957
0.341361962718  0.603108850631
0.527931289733  0.693811381093
0.545781303128  0.657943737009
0.628069904238  0.412871917252
0.427776561518  0.543578404128
0.418014015908  0.550242210412
0.623469467732  0.465706394904
0.437860107213  0.392589345872
0.53559991376  0.473994248427
0.409602716457  0.441866123259
0.620487533669  0.553524752549
0.479144718003  0.510078169174
0.49682895064  0.413680106639
0.536892288874  0.500491010575
0.394831802541  0.363946855276
0.4374180431  0.523089645816
0.415831503242  0.538490209891
0.408075968754  0.581154378872
0.429784395823  0.493162430295
0.539967813467  0.597681627923
0.524750724963  0.743505913035
0.377360400936  0.432694181578
0.30503998285  0.495294174581
0.455439615725  0.342543699147
0.426924610957  0.356798830938
0.643895282688  0.477223447186
0.53892956244  0.783941587647
0.350944788784  0.4481687395
0.710048855656  0.505539813777
0.449075160884  0.574021086579
0.481791840216  0.422274588095
0.737899958605  0.400889032052
0.710914810908  0.538320589466
0.766189944337  0.425378024625
0.528857157769  0.42240850185
0.382533702327  0.368270024262
0.472228422687  0.430020779136
0.464684030585  0.505848879508
0.519526261328  0.473030393434
0.44323065516  0.69111029382
0.690755023865  0.723720365889
0.571798717272  0.506961310318
0.584200705802  0.588099153963
0.490099085398  0.643609348251
0.417173221182  0.489839650809
0.395160183589  0.609039989376
0.454212642  0.469129452312
0.782282034001  0.614349223386
0.596419779087  0.44828612414
0.506341937077  0.380398873587
0.371018092987  0.460003928181
0.305089450016  0.587824701421
0.690415162922  0.343022316797
0.715442868956  0.600992191269
0.456938751824  0.378146185948
0.414552155516  0.519253451644
0.505447314491  0.430823223589
0.600793349691  0.521113851632
0.421093445511  0.301153657441
0.54832399393  0.569601236503
0.427521158344  0.464768947454
0.627862968641  0.483248278243
0.45262161747  0.398347281056
0.430071801992  0.536301459871
0.38912142951  0.400496476202
0.579956827743  0.50770701333
0.28424188974  0.392239412495
0.669604804627  0.610350015824
0.443423612251  0.381014096605
0.679635489202  0.46816350941
0.504457280423  0.343484339633
0.509217293101  0.506515725994
0.42955325574  0.423445473307
0.650294496815  0.490775469781
0.468694854129  0.565855182293
0.54769567963  0.241313348792
0.562077676088  0.543126316158
0.687788035687  0.387663914341
0.604572344532  0.50723824354
0.462959441512  0.434272788625
0.595866945701  0.42440057912
0.325472745876  0.47860642071
0.520056913018  0.209380803617
0.65863597682  0.491180692302
0.484151891432  0.60237245559
0.628465372287  0.494732011163
0.424952667709  0.562375918913
0.521332206001  0.433453451071
0.427184709895  0.419145972197
0.711980798599  0.40923570214
0.596175371529  0.566606490294
0.393507767755  0.466383276819
0.551153685495  0.331330141704
0.415146722331  0.678466836863
0.601363419186  0.665047205089
0.48875203546  0.454398837579
0.427820617645  0.170700579784
0.503657510577  0.441902151661
0.529691435781  0.38977674723
0.551154081056  0.362239336482
0.706679131363  0.509692032385
0.491853534088  0.382469686477
0.380613923173  0.557494213761
0.542443945008  0.627898255998
0.36376262491  0.474083302079
0.485785921166  0.426197696537
0.494386099599  0.380692018861
0.388910811125  0.629044313227
0.555851188943  0.432146645072
0.354567076133  0.68804234114
0.435017347056  0.563012898888
0.499808716241  0.454451272298
0.439560969714  0.536167165917
0.429766798798  0.408381740979
0.438063578738  0.591754308569
0.428243905945  0.392362831309
0.573214330916  0.612101578903
0.467169053656  0.522832260939
0.633908926385  0.470062122997
0.403392186598  0.464458097929
0.485357002518  0.151216041802
0.454349573545  0.557291790115
0.498982733821  0.445240085379
0.409088845109  0.274465370023
0.625128021098  0.44622071547
0.482478535069  0.573976270718
0.643236429339  0.454520308383
0.454130613021  0.484496819857
0.696603695732  0.431639944535
0.357950173922  0.46354752018
0.695274766621  0.454040532412
0.47474517477  0.482536541309
0.437514802976  0.461705135587
0.441403146619  0.595855292863
0.532047256247  0.568384791066
0.462675755638  0.463646658314
0.505462039387  0.511548773533
0.427564374409  0.520732877157
0.479556693475  0.42667565893
0.564729282733  0.574533342995
0.594966237126  0.545138877372
0.426108819001  0.582524843302
0.596063066566  0.280600038623
0.596859674587  0.262073692088
0.582468641965  0.575531073883
0.459127711331  0.516158084518
0.601994674662  0.563457203017
0.40719761037  0.461302832373
0.37393793003  0.65237998602
0.551118021542  0.472503054275
0.569156457105  0.486923179609
0.566644909293  0.489395061725
0.520911056053  0.431297364982
0.517568957121  0.388790925623
0.490926533605  0.34959355158
0.429189093992  0.610246141575
0.30049232525  0.545771546198
0.522353124365  0.4131396285
0.581837706639  0.486935881915
0.344079695253  0.314489256372
0.553124077524  0.737735184196
0.393763746622  0.474334171469
0.665028708793  0.855630782628
0.59377751433  0.601956468941
0.294663738146  0.523961164244
0.377263466453  0.446518234372
0.666767766238  0.632278997734
0.358464242847  0.321118850711
0.48995400666  0.628830483405
0.508949505736  0.447857347733
0.439483938589  0.648930085288
0.491481898967  0.542569207385
0.374171277673  0.532810981897
0.498433707783  0.648799404222
0.659834102053  0.395931708206
0.453862897663  0.654457094494
0.393642466367  0.512158142135
0.543813719239  0.433729936598
0.621044439886  0.446738982791
0.57030458917  0.450067081304
0.603148564503  0.618479214332
0.454378637165  0.566746252862
0.443716127647  0.521484188493
0.41833676164  0.406409721718
0.361165383237  0.393080001218
0.627855772656  0.355771335993
0.497342872112  0.492497962687
0.487726438287  0.578046420311
0.603793616108  0.478012129691
0.472730509147  0.452088549266
0.613326601608  0.67100179068
0.592134481808  0.543768966408
0.554935482906  0.710639464883
0.650071275547  0.373881741316
0.607251035409  0.57720328749
0.388558837846  0.484888207378
0.440318870186  0.372920632169
0.459190128089  0.545867252207
0.626275387497  0.47891661504
0.497528629868  0.55284217946
0.486705055364  0.33893994216
0.454509579424  0.543354778565
0.553178232913  0.582892266367
0.391025717026  0.222797901496
0.392645943379  0.305840678916
0.39891605896  0.549197467664
0.66692689385  0.228945581675
0.405457102327  0.609878907977
0.535424207675  0.630354270883
0.315753283698  0.632721859747
0.461167073976  0.583807872869
0.513313078467  0.444550583381
0.493848618674  0.556025271434
0.451548268864  0.483745334937
0.376075252742  0.537521837334
0.583879715836  0.593797823488
0.548376592188  0.495905549723
0.475303228557  0.455727987255
0.586187443745  0.583400975968
0.453176891106  0.561111335755
0.625130280583  0.522986299916
0.406599336656  0.508008028908
0.558817117033  0.432060243913
0.340974955158  0.487176622329
0.323706252944  0.406205858355
0.484087726131  0.583020544222
0.510366671057  0.499539290638
0.433763288547  0.425806028723
0.494845683364  0.561786047084
0.484791957182  0.32135409399
0.594779336995  0.357501332662
0.54302648242  0.35704684085
0.430195414277  0.367212360699
0.425673187121  0.555212264072
0.470285410655  0.4971152131
0.478108135234  0.625683913602
0.671308519109  0.533031923158
0.477358564972  0.509434989173
0.464315145048  0.570964873523
0.347464760555  0.798400549156
0.566547086492  0.460062125353
0.348510939378  0.599675555969
0.533324772812  0.40361578322
0.306564042784  0.372439826069
0.624082242306  0.418714628585
0.467266917969  0.464379293263
0.612251285722  0.462672261274
0.548290039432  0.469603066975
0.521257294121  0.550266298152
0.332103416131  0.498212568711
0.52483491285  0.364812541964
0.466538617346  0.345037346824
0.533549994816  0.607448951715
0.440622023793  0.670900256629
0.402363892504  0.575993876086
0.452088075882  0.459508805747
0.705487320726  0.359809534148
0.355843634866  0.447565684501
