0.540145594347  0.516262602085
0.626861516046  0.433578026825
0.414031956057  0.330126746438
0.402821965895  0.513463190567
0.679995101537  0.465232053956
0.412353608752  0.4309795843
0.571133623096  0.597248695444
0.662643500426  0.401005443212
0.530974428788  0.321036413708
0.403914541178  0.487621420832
0.510431825379  0.572645087876
0.408141435259  0.443121763104
0.525601784546  0.512467080836
0.29936304127  0.290499290934
0.395553497181  0.405685899153
0.358670526586  0.430456720234
0.658498057998  0.421909561716
0.429570564517  0.499982927238
0.478285920949  0.338182851673
0.417827580605  0.521012752055
0.389635086245  0.553979064595
0.660753576231  0.404542929474
0.557474403362  0.447601077802
0.653168116282  0.292376331091
0.520607809584  0.31465460552
0.427741451588  0.580482493469
0.526804015988  0.49832345701
0.373952740902  0.394186770826
0.549574330389  0.441027199844
0.587795540633  0.449647839218
0.488613616793  0.404286342194
0.584216240953  0.407685577975
0.538904820702  0.470653957501
0.672537776697  0.554479457913
0.559170421938  0.517637965888
0.509691550097  0.325511534146
0.403738825613  0.465902374288
0.402910678212  0.409917920691
0.613571004817  0.44475835731
0.452142300862  0.449418801413
0.416882701007  0.449625938523
0.422957996687  0.456126197608
0.620670894579  0.402795748956
0.445065753472  0.463228482566
0.379470646348  0.307345392088
0.410388489313  0.412823661299
0.477371226557  0.381691429534
0.398214145945  0.45457895783
0.553470373935  0.420143162167
0.44692805169  0.311411548133
0.531109964249  0.451552428092
0.373944891396  0.658364442203
0.622524621631  0.424763806134
0.495760865911  0.407056837258
0.517683115267  0.414056035542
0.411802230892  0.444725911913
0.660084232553  0.503125497585
0.640010587125  0.531721004607
0.423554353447  0.545340489766
0.699564452442  0.417767410159
0.568282370334  0.386936351101
0.35828116555  0.415572193615
0.479849837352  0.448967453627
0.601270400529  0.409919272647
0.525364556007  0.356482562441
0.371027203923  0.410113744661
0.492538164359  0.479350338213
0.621887527322  0.569103462546
0.266265458242  0.520948710113
0.456760245306  0.553718146212
0.388872248132  0.480042828096
0.515995470558  0.276783874868
0.401738755178  0.56374582004
0.586717969288  0.543814673154
0.483181889066  0.405526411179
0.477547955742  0.581749283554
0.370682496965  0.412078442104
0.576475616466  0.445802218904
0.621884341772  0.542219147852
0.628095859304  0.552638282422
0.396031948448  0.597983322635
0.618919121501  0.385042759531
0.511305541047  0.526463786035
0.39184843204  0.521514559157
0.677872983883  0.323553979674
0.524459849998  0.45365271411
0.456809377108  0.582075735202
0.536392358554  0.480314286391
0.36729155332  0.560709717455
0.629419374745  0.383784813362
0.468361842545  0.30568480062
0.487931128902  0.451999095324
0.550543671704  0.457862123
0.533520098067  0.412540634842
0.403042234025  0.643729209733
0.465222664861  0.464475766423
0.373571204517  0.647920064583
0.409389224246  0.622436590372
0.396368173976  0.434829981205
0.298779783101  0.490240145685
0.454699921008  0.458601473376
0.474226427353  0.522755230707
0.367743912107  0.44037049694
0.415781444023  0.522036637847
0.465445428376  0.454160592176
0.344504995332  0.465585276535
0.464674921544  0.599337974519
0.529551270842  0.359089570738
0.631663051907  0.30937760058
0.604742257695  0.465065920783
0.503264668424  0.447238334891
0.587966902607  0.40369630481
0.378929720197  0.527556130809
0.756748242396  0.560812192298
0.259759084567  0.529172022894
0.51711922202  0.588846743156
0.578291157841  0.407309685741
0.492077310398  0.385940178552
0.315001720038  0.26029329782
0.588689020935  0.400138473158
0.576909069673  0.448851245036
0.466640588336  0.477063954682
0.343101493616  0.634580851467
0.616695604915  0.424993061833
0.521942412698  0.603677729294
0.743756540588  0.447314326256
0.477444797387  0.262410208978
0.514150358159  0.50125780683
0.461364196828  0.445033158129
0.498452903816  0.565129661497
0.464395941095  0.449836975276
0.339256039628  0.513339759282
0.347231947696  0.533851623855
0.573748436626  0.496856275175
0.478126402203  0.567932812596
0.370941842901  0.53301713491
0.447744579369  0.445055742683
0.651601937851  0.488531402813
0.566010674724  0.496060851361
0.50594002628  0.538889613565
0.40307025646  0.40442776208
0.627963730245  0.578938863298
0.407941949357  0.422361798965
0.496157590793  0.451134035219
0.529480638283  0.305263359992
0.32681865615  0.474582577302
0.348414861691  0.242433461298
0.510247244663  0.436650958947
0.527231672161  0.49860158952
0.498206733822  0.515385138979
0.491171523948  0.487416244555
0.516794165758  0.492487836829
0.45038565862  0.477821846741
0.474722026028  0.371939246681
0.479437089815  0.507418397174
0.432933533478  0.344274205408
0.447891162432  0.581006366237
0.443790308436  0.426783320594
0.617561478404  0.579687094587
0.405480281377  0.378441915323
0.513806443827  0.568578176714
0.452881074459  0.536959982666
0.43127752003  0.528453210054
0.414736645662  0.628173173478
0.462179852205  0.712967935352
0.403575738054  0.202843301961
0.403127733721  0.540930247947
0.546597679537  0.376597132678
0.389239643735  0.562189910781
0.544539062861  0.478229301435
0.486768465363  0.485935093323
0.585451745918  0.672043951798
0.364392744144  0.448568967981
0.276483024208  0.558840544281
0.627658648209  0.484991615586
0.363429019209  0.439915716596
0.547090971716  0.598828842028
0.492386446224  0.61951299778
0.444627358241  0.468936663965
0.649250735917  0.449891429383
0.484472497115  0.445044313358
0.602300524245  0.428250576774
0.564736790975  0.610147499961
0.502726443472  0.450317205327
0.509623590685  0.355194037855
0.457015662634  0.47940439136
0.390829832878  0.52785441006
0.429306685021  0.58899895335
0.643244960438  0.39044939919
0.425486694877  0.590409396893
0.406330375993  0.628530362967
0.480617599884  0.381622632888
0.510145042436  0.558117624023
0.364828120616  0.443771184596
0.422961502141  0.505359802361
0.444513456871  0.544583144021
0.669063027191  0.556937799721
0.47126496281  0.306141517893
0.471181374419  0.446485054141
0.510275514758  0.474223128565
0.478698665774  0.482792355386
0.550420411849  0.494091263445
0.554983050954  0.431832576029
0.455051406973  0.53705167756
0.562699209361  0.379677302091
0.43127283472  0.531416977925
0.511788615336  0.622271795538
0.531384343842  0.501222751083
0.507685864444  0.505764093678
0.364706134281  0.508474098733
0.359081860941  0.362528999198
0.607405077339  0.371694660988
0.736210774105  0.277567958698
0.510032418301  0.454099957711
0.558091178902  0.495423233696
0.534670855766  0.378354210271
0.271030568486  0.491433022853
0.318091698959  0.497142374644
0.62567186209  0.38908078373
0.529665796343  0.511140535894
0.291199504293  0.41259162557
0.562020564642  0.583684769393
0.32768962796  0.527769159937
0.490893356476  0.452009020229
0.33508796938  0.624583691887
0.473544536996  0.465473349317
0.501674379345  0.476174938303
0.503896739315  0.548609825029
0.463885817438  0.49974019463
0.372780113558  0.561439182331
0.546894465681  0.50170870223
0.618464422217  0.61008916104
0.565499343062  0.585932925134
0.506807834155  0.585143607519
0.419795195648  0.456198914388
0.35394958132  0.367598367643
0.322121107397  0.387282549403
0.606985971514  0.770315518283
0.438775281592  0.503609272893
0.563145648296  0.603742055925
0.440015865577  0.574379639609
0.481570309128  0.449511730086
0.511492168112  0.47394387958
0.474479634112  0.627416455712
0.341988433488  0.515394252971
0.511227736029  0.386660902073
0.596817850053  0.650244819235
0.426429190409  0.514770424804
0.673022842311  0.512625149996
0.346959905268  0.490894963791
0.484548570642  0.410919256573
0.408357928905  0.317962330795
0.553654928347  0.611335857667
0.463515883781  0.430908947767
0.614788354686  0.483409098274
0.484105094076  0.475063356798
0.561933324297  0.504617713196
0.35902669269  0.46387640488
0.49969167375  0.398515617592
0.499128921403  0.403603486271
0.42747143091  0.496581990103
0.605798455187  0.538588832049
0.459820766252  0.51123417034
0.549574624311  0.292675775181
0.60614823038  0.504942210803
0.522174956945  0.352230208371
0.692452255342  0.482650394565
0.412668494831  0.463889274333
0.592594477527  0.57650959506
0.250500041606  0.555125945329
0.540544402566  0.437707900663
0.549728959685  0.471229851181
0.439048266073  0.611423256359
0.463253006098  0.779825490209
0.458411867364  0.660590327498
0.452782578692  0.463613302047
0.524364442651  0.473916048085
0.5876121805  0.402589788056
0.654305524659  0.429381823192
0.628400218353  0.51396995976
0.569637766384  0.27603751461
0.505834008251  0.50117507304
0.381485874758  0.594516522622
0.393603853458  0.692251193578
0.542427024432  0.432549736063
0.429292816547  0.371220980898
0.350136615538  0.525352905292
0.613408167518  0.484638534354
0.290590326963  0.530983407519
0.400988274443  0.452471954565
0.607510449101  0.393015992656
0.466230733218  0.360336126601
0.602039637227  0.42534758618
0.375746607649  0.609373176878
0.477299001473  0.428749506917
0.475907991901  0.572036701985
0.476290750667  0.467362313595
0.584387464081  0.390374198752
0.427215697437  0.484661325004
0.43117096329  0.303862636676
0.398411181087  0.42559057142
0.608564548478  0.48215875788
0.356636964563  0.46786828784
0.390200465204  0.457371868462
0.536835291477  0.569216406935
0.474539130882  0.534856164058
0.412485451445  0.521019052007
0.597202975743  0.456548967937
0.60890277412  0.686756595877
0.585106153047  0.573764099658
0.468724278732  0.523144250016
0.529838282776  0.508411216778
0.372356832034  0.331204766257
0.437857270381  0.525530105521
0.5084557661  0.570371920987
0.576157101664  0.624857309894
0.271272342991  0.481610897748
0.406320250224  0.605951317013
0.722665437303  0.233521706212
0.495528324331  0.413191583228
0.428937395958  0.46183471584
0.380782815318  0.64345256131
0.513579194681  0.330075120712
0.597824993706  0.375931785986
0.636852383369  0.701024157978
0.511593577598  0.40120021443
0.55583300443  0.595562594797
0.566789588956  0.4744502729
0.338143013727  0.382486579431
0.402134900464  0.489099589721
0.412915489854  0.497110881592
0.293633492047  0.494250394995
0.566779942614  0.314827278758
0.674079341659  0.53998065053
0.422127870467  0.459213826035
0.466466677188  0.454242891354
0.554471108334  0.470701316714
0.584470427712  0.689076287053
0.666239296355  0.36149272198
0.390140437632  0.47184297801
0.517289700728  0.277328164758
0.462834824018  0.315540716396
0.441236447323  0.38006457899
0.381631356288  0.555340498191
0.604430785071  0.65485525035
0.652594185062  0.64320913671
0.419077699727  0.583283945418
0.521792841588  0.587357367084
0.409481014586  0.187761333749
0.281621733363  0.350018736605
0.471896858745  0.589775067364
0.571291601086  0.469129116335
0.477928285544  0.549659943591
0.482071756124  0.470457705203
0.502874894579  0.67719544948
0.505183352453  0.547506604819
0.374906406607  0.431090000058
0.5297538797  0.509157836034
0.40723648797  0.545279205757
0.315757247619  0.599797303073
0.39003960316  0.444027629198
0.582042366317  0.498094272014
0.43424589116  0.564650860338
0.399468001274  0.627005549955
0.40827950873  0.533047110677
0.56510335309  0.420784459918
0.4173103326  0.52842239379
0.382214811543  0.485143299927
0.5288851791  0.461127942911
0.371445899576  0.602903492065
0.596256196468  0.397258188414
0.536963068159  0.414826171994
0.416092133569  0.527025511109
0.409106747684  0.407136405636
0.661910986528  0.545599195762
0.518634002268  0.431146468108
0.569382398464  0.489566110885
0.360785982369  0.685802908585
0.636927809277  0.534208119431
0.379665614756  0.576336412175
0.813662202033  0.449672277431
0.549367097661  0.459111602906
0.40407181845  0.367987005967
0.320170143309  0.441979221853
0.425408075521  0.47876297932
0.558331239087  0.457784528258
0.377050666827  0.687648802547
0.267044703171  0.625813477668
0.649238343101  0.574795049674
0.281148010735  0.54430091772
0.515881158547  0.514103234654
0.250386408206  0.573675438747
0.515886927162  0.749417817511
0.365898739101  0.566725774612
0.635294329718  0.686052415041
0.44329240069  0.42798801019
0.455540858181  0.368862158368
0.587247609049  0.430568985363
0.573858935379  0.261735303465
0.519814505269  0.431987192913
0.555679492626  0.6581497909
0.586999929149  0.553404986707
0.577761501073  0.589800092217
0.519801533902  0.210599956165
0.466854145855  0.327664313676
0.464868313  0.454362527316
0.523702628844  0.561815195989
0.40724237416  0.474572200979
0.585376423198  0.392094659847
0.381278373462  0.53486392896
0.48429322291  0.37290606767
0.560032472444  0.431419243803
0.346315103023  0.427947236514
0.391100006451  0.446164816439
0.396072978767  0.500344630518
0.386843540712  0.520970343864
0.692965126387  0.404116998303
0.443248982046  0.410115608202
0.500156555572  0.52402415062
0.751799351175  0.568291375369
0.502152205959  0.418465836465
0.522040006205  0.525770524182
0.573081238928  0.351632405955
0.395043138732  0.698584611257
0.264581400008  0.54509614805
0.512606428106  0.45464072364
0.549938204369  0.475713027821
0.473898152502  0.501842265202
0.490499381793  0.579663571891
0.398520779507  0.498677618005
0.479262151095  0.533433153333
0.407764281834  0.298921532123
0.58318576038  0.540995576772
0.37391654425  0.50221437811
0.547922398676  0.592526494872
0.326070133418  0.511474818295
0.358677082507  0.438946184192
0.462365080772  0.503304924624
0.529609836701  0.282390570532
0.647590000757  0.358915098708
0.391296932857  0.467186744264
0.493148421159  0.518616374239
0.320113648481  0.606903663071
0.526540334502  0.560404069756
0.499645084894  0.348132771569
0.537922602579  0.523184403336
0.450234636278  0.297756764128
0.620059734543  0.555205830155
0.468114046409  0.651939362175
0.555271602734  0.388377375998
0.509838362841  0.548904808758
0.401777317819  0.393896651144
0.487714190914  0.651905477492
0.40649715365  0.380289686158
0.600176179204  0.39424432744
0.581296886418  0.515931941129
0.406721948454  0.467592890458
0.50491524862  0.553204536526
0.618256204241  0.484029373019
0.643555694876  0.446498135959
0.566019548068  0.456287448767
0.444057404318  0.397739080562
0.36246870156  0.420921143641
0.339307871217  0.684873775517
0.501331726423  0.640850627661
0.536639409349  0.446584860718
0.342600778814  0.501746577359
0.425955027031  0.601088754588
0.466542929384  0.438116404911
0.487760942247  0.52231980136
0.481842503114  0.449218450681
0.442289631743  0.366847351403
0.442364412746  0.420674664945
0.580379278626  0.405434181679
0.359057999104  0.496484712737
0.549022351365  0.600681349281
0.35564828346  0.556480934228
0.575762282626  0.431078850206
0.534707104979  0.556765919981
0.486433713823  0.466483084613
0.709741228594  0.556911764102
0.37920439612  0.454647134629
0.246580846121  0.527562304848
0.408757446511  0.568060587951
0.297011304612  0.517425574235
0.336006485789  0.49239436389
0.471204217786  0.574579231471
0.396805006946  0.321993834667
0.490819213744  0.407219991436
0.580761515759  0.532719583339
0.545858718787  0.404125980901
0.485508062686  0.517062320218
0.441639045987  0.412309788815
0.437506484569  0.426942979373
0.368206916174  0.664970206432
0.402393876001  0.461306492664
0.386137972794  0.434801917717
0.581480422292  0.29926505904
0.454602818836  0.378318820015
0.414655038585  0.537301780031
0.415320507128  0.624873731653
0.426910104845  0.692978554061
0.449934888966  0.631436451369
0.592827251589  0.597289191067
0.574251324245  0.651949864674
0.477430474816  0.544903381235
0.562583027755  0.385617094336
0.546075547553  0.490605550813
0.631022772593  0.73856807038
0.489442123363  0.433172845306
0.57937747117  0.339278467372
0.57369391628  0.443373706904
0.438961635788  0.449854176551
0.470864162779  0.672803224844
0.635458864393  0.407112391964
0.513569938284  0.458285339275
0.627554241421  0.514784219004
0.530423505734  0.451892403394
0.409990243417  0.402379504147
0.274928663329  0.516233415413
0.484935143203  0.480300446719
0.390014808407  0.561499597949
0.505581880772  0.435862036687
0.68162535292  0.600486437075
0.263175768679  0.504869714737
0.527927383196  0.485809052597
0.445102171344  0.343730821959
0.45423714035  0.369787009708
0.650560826829  0.641904158632
0.46675117139  0.341932094167
0.495247246986  0.35435868668
0.236205016643  0.624665890903
0.567467055093  0.457671952313
0.492558781786  0.535741496805
0.277062901027  0.538139341372
0.398084109476  0.432737405168
0.461349103948  0.276733707851
0.439349337007  0.417143102694
0.472203371327  0.363814916305
0.464186192609  0.416888673746
0.540067151021  0.536761719261
0.564496829493  0.468842865657
0.556304584428  0.512570034472
0.407916432329  0.583290415475
0.404944956443  0.563861158148
0.451449846452  0.509912015075
0.496487591781  0.574095599613
0.62129597761  0.355336919554
0.360835561436  0.528048986734
0.434618872854  0.424198889219
0.439034697774  0.52520455151
0.746838752759  0.53626695225
0.553357942648  0.524457201897
0.266563861731  0.249763214318
0.38748431285  0.685569222634
0.595908074015  0.564408424268
0.411809848743  0.529599630803
0.493250724365  0.370671428538
0.51713432341  0.594931673863
0.349822344441  0.343529255575
0.546455272073  0.466920731543
0.331072299987  0.334834955994
0.569779895288  0.432230133163
0.447810373345  0.488055829582
0.277632610881  0.378390719878
0.477969715099  0.372652928742
0.478898288169  0.726134110066
0.472938908973  0.638587932537
0.396491826298  0.646263157495
0.508847657212  0.543425356044
0.502569306884  0.431591161718
0.516825184831  0.512105275328
0.561868459396  0.393374181278
0.617729049181  0.465695160686
0.50398072996  0.345872396659
0.455047762951  0.438563958497
0.572493215093  0.617002719484
0.351493805473  0.565096620793
0.534513723471  0.646677544445
0.318097998696  0.295962153177
0.474455110051  0.551020750435
0.393171459294  0.373677376785
0.53197731822  0.486361120122
0.426208476501  0.42217084302
0.579287222585  0.537675854886
0.477709730513  0.725001279581
0.490377884466  0.503272602732
0.279389885077  0.431285104233
0.561001380849  0.379629780486
0.467035967869  0.461104112794
0.489293653332  0.439832586954
0.532558431323  0.58496068476
0.426527680856  0.526967204866
0.683273974436  0.429265379614
0.486086026507  0.389456852834
0.491629279315  0.432829008679
0.570592215971  0.522012809779
0.348391538285  0.493185838974
0.436187002227  0.573826635358
0.497939259966  0.502133124575
0.488071040396  0.320228432552
0.493240240582  0.307435032226
0.388695188347  0.510704483051
0.305418461662  0.647957554489
0.328374456303  0.45164031823
0.449973511324  0.477088800714
0.261410696517  0.433542217639
0.526285985462  0.366177201473
0.647366162488  0.424716103187
0.536434596295  0.390401894643
0.340274897534  0.615346495061
0.241839580644  0.375084827288
0.571697017943  0.397076306907
0.764879719961  0.657365913493
0.371029384457  0.555891706002
0.645652893925  0.592155892386
0.491596919237  0.478095361126
0.291737529913  0.432547510726
0.361594761338  0.66027408461
0.381839167435  0.401759331211
0.581869249173  0.449374963585
0.395993309095  0.369634578322
0.433708138576  0.438978275092
0.333565552564  0.544734669008
0.439750665383  0.371802131562
0.464076547455  0.593766679943
0.42566685114  0.54323470435
0.395685250084  0.379556317639
0.349172069115  0.592364711627
0.32388253554  0.443150890705
0.500239326233  0.342772665481
0.658900308147  0.494047773586
0.437789448972  0.475720372634
0.517116939425  0.373323068789
0.396972060207  0.337246906407
0.657569366203  0.328359647326
0.501205158863  0.569072296749
0.519425090438  0.589382748567
0.495404742768  0.540540136096
0.374785603764  0.302360092024
0.316080282461  0.419150077207
0.487213842253  0.492948872044
0.428635405766  0.402070299956
0.570241002973  0.593032419734
0.525019803432  0.560789769693
0.457885250094  0.526474050737
0.483845748177  0.593921321108
0.493524628  0.381843021354
0.448845730527  0.603084863153
0.467863201508  0.466142273022
0.573861211059  0.628236459218
0.510973351253  0.450710860694
0.695901778626  0.453221124761
0.567397011535  0.511444527618
0.574689439539  0.317406147825
0.458412768686  0.530967119587
0.406490472386  0.660815069146
0.468813906708  0.502829917574
0.302681939679  0.526200616751
0.501751946566  0.607480327203
0.516695075889  0.407334706396
0.374826050855  0.451404671089
0.544485347509  0.596420195116
0.616484642367  0.607603784758
0.428157041952  0.407794521284
0.651061046289  0.436289924337
0.495896356948  0.455777415288
0.601895706488  0.548234202867
0.48378508297  0.416785333696
0.380342928748  0.383914614296
0.352552221855  0.466821968954
0.642318737466  0.481803587346
0.632943095342  0.575935921698
0.445092465301  0.332639375598
0.603146263788  0.387212829507
0.545277436733  0.366885491986
0.502435549328  0.465894061565
0.44399732981  0.543580641806
0.372580961157  0.29231337562
0.596019950951  0.595353128009
0.686843609481  0.573018010345
0.413271079516  0.560480823818
0.612736700533  0.318946366939
0.611407532614  0.515495346627
0.405673451902  0.42513791527
0.512309205773  0.349002209717
0.44061008897  0.447705669567
0.356841465623  0.470723335761
0.412912621644  0.546909793792
0.578431479966  0.500047219177
0.586758600992  0.403442259146
0.416962668197  0.357491319905
0.644549267879  0.347620221671
0.492008146705  0.524888284131
0.381945787878  0.580574469124
0.5242948252  0.593183434318
0.438431985379  0.39885428807
0.437477408097  0.363294144134
0.279534158614  0.426290305975
0.346137809344  0.602580178532
0.297056771583  0.429855847518
0.564097434166  0.368337313832
0.587819373364  0.540482325263
0.402771651378  0.592702576458
0.409251073487  0.470556343138
0.497575539366  0.335361116106
0.315230156616  0.557856812055
0.54635231296  0.578617066362
0.471415008894  0.598703091678
0.436935536073  0.403036700053
0.720302817542  0.449133089981
0.497850692474  0.528364586299
0.41587636213  0.538091986422
0.343499103582  0.618623046419
0.541400328676  0.246518579429
0.460225607236  0.559257907778
0.517526418961  0.600481472934
0.455037745391  0.433862494255
0.541047769043  0.811245734324
0.540690978928  0.559243657715
0.485288088251  0.385455033885
0.413118189567  0.40814553608
0.43734941652  0.571206310886
0.360333681021  0.389915610729
0.489031383668  0.46892089716
0.614161008395  0.50408234767
0.447637449551  0.407730978733
0.507199281209  0.270399957116
0.479657663047  0.414248815044
0.373391561462  0.422040149409
0.400414434767  0.436203836161
0.398421287256  0.574155242421
0.534002417084  0.50285241266
0.496518382851  0.37120579901
0.702187094631  0.600417476095
0.387984703183  0.457620536535
0.67181262509  0.306775675619
0.343328119383  0.435631668121
0.43006783095  0.688865992856
0.503879504167  0.505837785462
0.42966558523  0.479868773801
0.327986532807  0.601120594539
0.524956402034  0.408666076343
0.527731580705  0.519241682225
0.54963844367  0.650298382681
0.516771687649  0.358676939998
0.503124895051  0.388098154328
0.409207853207  0.337627817354
0.621701463455  0.438870316369
0.564950940024  0.540912245116
0.504086839576  0.420892807778
0.446897538695  0.441862574505
0.304997783358  0.430385145848
0.404055768279  0.457238360279
0.397784647528  0.464220055299
0.634541679397  0.545124981643
0.503726157789  0.474409270074
0.475491089323  0.520457017099
0.405989497376  0.511909325257
0.453222509172  0.44089580937
0.548833579596  0.486719286311
0.415174329345  0.392938505631
0.469884259196  0.659310870518
0.653983999659  0.469842600223
0.684184953171  0.484611851113
0.584505638895  0.365735869921
0.490630415516  0.3867935318
0.467724148254  0.384728841157
0.607522942724  0.570347420498
0.380156345871  0.68571552644
0.450718266544  0.578096578894
0.503755907379  0.503513744687
0.338619757412  0.496269862122
0.485245365314  0.435653379937
0.432317312396  0.536307177703
0.509586235198  0.652979881174
0.497675224589  0.492985579089
0.683161867084  0.51750379179
0.540347513658  0.3860373554
0.478379458886  0.577774429964
0.402079089029  0.500502618213
0.503099792717  0.349056006985
0.724239831325  0.254200650639
0.43017072429  0.443966197101
0.368044955434  0.507647805578
0.602999506675  0.701527676794
0.535874618906  0.500057302403
0.639539931513  0.520094540066
0.585852195547  0.337829071415
0.315716681769  0.594019491738
0.387406421282  0.450708747643
0.356525064704  0.400417084438
0.487271499463  0.625160071038
0.394884149195  0.446918338428
0.502681633299  0.525748359873
0.311121057081  0.517958347494
0.653547310655  0.385789241127
0.474066338237  0.61064798552
0.472667541234  0.591128656898
0.395276790875  0.461456770179
0.46031822464  0.509078472349
0.511974903576  0.492167505691
0.225826577343  0.357628826081
0.528574330205  0.394463033603
0.604738949255  0.42695031667
0.367170449863  0.304481779053
0.329002587511  0.3382025414
0.410455184574  0.279862694476
0.656915336525  0.363215729867
0.631615473268  0.315869242313
0.337591547229  0.510115582364
0.35767632793  0.494465102249
0.437929016305  0.584967583087
0.382126086403  0.262213690387
0.63309464406  0.605158389805
0.609642438395  0.521414396257
0.520382351012  0.415592895066
0.452817882949  0.405995885112
0.389804479817  0.444002319813
0.509650009106  0.289980804148
0.378146680469  0.540074510638
0.456617407589  0.446113450885
0.62015479877  0.601106772386
0.506788957308  0.463593579464
0.302046946172  0.48880248246
0.654725119312  0.541639809175
0.340239286039  0.506764022451
0.477566753254  0.424334449809
0.467871141515  0.480540264341
0.348956827835  0.332964224918
0.437173457939  0.280884179268
0.57520904097  0.381556278952
0.528999211837  0.249086151181
0.486494370855  0.51065727771
0.442840349544  0.363848764699
0.57449588775  0.636597517422
0.677627492076  0.613025488311
0.389635220955  0.528777116327
0.451971484439  0.405175927694
0.567888040725  0.516122967045
0.509210021493  0.442069312091
0.372432705934  0.465240935289
0.357455709531  0.666588763054
0.391605658506  0.519682319894
0.4718667708  0.367621823484
0.497206746893  0.569555029524
0.539154580294  0.552657118631
0.481074491216  0.488570451103
0.458364304793  0.346513915353
0.501986765738  0.42716796822
0.488233008644  0.508429269318
0.479867192407  0.46933251458
0.660852073709  0.699770903216
0.547294401861  0.303652619849
0.511316300919  0.658593778774
0.526598580648  0.514510486388
0.441447576009  0.528172181202
0.517840310646  0.588147099103
0.460399631337  0.271800599819
0.428947576208  0.392837173839
0.342760990048  0.404927439801
0.526988981672  0.26250215624
0.453375734884  0.57612137033
0.412885629058  0.297117633299
0.49174714405  0.557565638176
0.26650057852  0.549280090228
0.638361038896  0.42627510008
0.465400047788  0.656990608603
0.521466555542  0.585037268868
0.491103883288  0.465583739105
0.489764199769  0.564858249921
0.590592542679  0.371854845648
0.401354075939  0.526529062832
0.40377937441  0.48465097903
0.354145981635  0.518651593418
0.492773404845  0.576733598747
0.423208265064  0.407954811155
0.517014795663  0.652884107429
0.477627899849  0.506155870266
0.334673485554  0.256157443024
0.431884742777  0.582361863648
0.463323324157  0.385729902625
0.438512653063  0.4779715419
0.265791588376  0.369309067354
0.334908100811  0.411094775407
0.407343181038  0.506191782577
0.363941356103  0.611857399659
0.607819643736  0.454349167847
0.565939348927  0.513187511005
0.559571411752  0.430852265235
0.30535402982  0.417803979427
0.439968598024  0.495960891176
0.500896898888  0.32782787972
0.345770560043  0.485356229219
0.334513023717  0.55392842514
0.435343199773  0.457077078264
0.658838377934  0.607511456939
0.554327268432  0.702498383206
0.443570536769  0.519989918525
0.34724986262  0.595399083442
0.472127650815  0.413258684765
0.358090098129  0.634331747054
0.352696258261  0.444933271682
0.253090007282  0.491750754578
0.686039508793  0.383839961682
0.495264037006  0.525476786452
0.51478531462  0.407160461652
0.366325594445  0.661045823739
0.450359023019  0.527631790141
0.417583812061  0.419748218181
0.458739917012  0.444260345921
0.474556093536  0.446078469554
0.416589221742  0.601937441022
0.444909800311  0.452264165515
0.420216991284  0.387308131015
0.410198838931  0.491197416368
0.531560267411  0.486587387402
0.281468108082  0.489704106874
0.520551811066  0.413499289232
0.406852332285  0.492412112313
0.479478210144  0.296765860686
0.451128007641  0.62049934264
0.640017953131  0.568814978497
0.356017896493  0.549789783151
0.612322588528  0.546363954934
0.557464778552  0.443525029101
0.566156465833  0.319324959191
0.458734756896  0.534279697922
0.485050953031  0.448523863336
0.37358930703  0.502445027655
0.592282172935  0.48809722726
0.463661602925  0.523858641206
0.637178374159  0.519161967914
0.516534575446  0.321154503388
0.427482780862  0.47425376374
0.470636287258  0.576300759009
0.422822503675  0.562447086834
0.372229175215  0.627053393393
0.429261135747  0.651738211776
0.52886267837  0.636024380518
0.386973182242  0.617880779042
0.471883096913  0.470695953069
0.50085240764  0.64325182344
0.597111518556  0.548010969148
0.432712652305  0.344788005042
0.306001798108  0.538134048874
0.521995649977  0.380656446564
0.347643060726  0.474435117439
0.610075576074  0.486208765841
0.389252474179  0.545982360635
0.386695668734  0.364600039283
0.387943503401  0.338776916262
0.602077462498  0.384158249942
0.33709639516  0.514436675609
0.627428402595  0.448714240004
0.39453954195  0.410671886136
0.394128304332  0.45616447241
0.596234937758  0.607865327322
0.531162765376  0.496185491359
0.370096602401  0.541646146142
0.584013606348  0.407181134858
0.390658878198  0.346985659002
0.418880363079  0.525822996154
0.577930390469  0.566630478633
0.501674693771  0.400625466438
0.317417440386  0.332722712285
0.451489969368  0.356396034091
0.415694811106  0.595524322387
0.344950406236  0.54444193344
0.473850832453  0.504762102092
0.428666425693  0.40255249803
0.615361483693  0.459471448889
0.548061502155  0.346506584837
0.506846978489  0.602970430852
0.560504262651  0.662564925366
0.567740862131  0.337749959367
0.362116073498  0.270495691791
0.450574105476  0.536917856122
0.546093496917  0.558483182058
0.429309225721  0.56975239167
0.275312258311  0.372351963551
0.314103258146  0.64228348462
0.455827364469  0.596987575522
0.546069549935  0.368554992517
0.485414891745  0.559921468405
0.3601322712  0.627587749854
0.341448839065  0.565318836952
0.298760711212  0.494037850547
0.557624533322  0.417895064255
0.211608820701  0.315776074424
0.604329133213  0.430296815104
0.594374042366  0.417364345408
0.566834294401  0.390564791605
0.541722645086  0.60784665274
0.683717890702  0.461024810161
0.351284861788  0.601074883439
0.39704612813  0.358189300163
0.291142551586  0.516432681743
0.581165367662  0.51484738182
0.443719813205  0.502918288554
