0.528952620607  0.44705997804
0.575000458226  0.409312759807
0.428746320292  0.667144279258
0.394196423664  0.558465717718
0.583705301994  0.404845278009
0.406143493385  0.454587254206
0.558524678493  0.373642345944
0.380628607809  0.601292286808
0.451332711214  0.568590145625
0.518418352083  0.614113971217
0.673516499704  0.564680674347
0.425166808239  0.46511834278
0.470604150465  0.539914389718
0.307557240223  0.531571129771
0.426823635069  0.45725807783
0.449406711999  0.4602775281
0.57762199035  0.746079906439
0.701989722003  0.63716176583
0.476955239936  0.510096981059
0.532568059757  0.752114358082
0.43439603922  0.264591090381
0.543052879671  0.604742113725
0.438933909518  0.569005277453
0.394800092013  0.332816840526
0.43920219188  0.620953008023
0.50686812234  0.51394233193
0.623245013154  0.666413020111
0.695641084364  0.48470266193
0.447094685847  0.520393690359
0.544831176412  0.506230731198
0.661982283804  0.700619041586
0.598945257988  0.518526000528
0.320989014965  0.47757386974
0.478303990509  0.274496002458
0.496403140371  0.642806582548
0.461578747404  0.382354410172
0.430723517366  0.475188140245
0.436075168415  0.515052414451
0.390640430643  0.579777470808
0.634312943542  0.566987275684
0.528473057867  0.385096063505
0.463231277586  0.451174151713
0.562031343707  0.582322467014
0.482956831881  0.416590820187
0.47708861947  0.536588873893
0.487704067315  0.424603638705
0.581698009416  0.495842587537
0.390255645835  0.491883275994
0.628172938282  0.595975764624
0.522918884218  0.415458279071
0.608397532148  0.377415435819
0.496018299512  0.462216176255
0.607494054798  0.569725558263
0.63998072737  0.464665735227
0.487179447341  0.660543799441
0.484841981959  0.498690890165
0.625690005437  0.403506276702
0.648500469247  0.483465391901
0.545227778137  0.742277237819
0.514098758579  0.337980851226
0.561872842336  0.362330702861
0.633582731027  0.600277001782
0.589985410913  0.332069862603
0.363893947107  0.529444055827
0.594822021462  0.474981552424
0.381535203822  0.479708562316
0.599543771049  0.473663452524
0.475607335011  0.374407109252
0.440066108103  0.502928591856
0.42916152348  0.552140321821
0.403982339494  0.543786259402
0.47461163185  0.485349727936
0.456347020217  0.509928030254
0.525889277032  0.611626820961
0.344586190355  0.507382334263
0.527575920239  0.52822544916
0.543851619404  0.70805719446
0.429118660315  0.675889763265
0.463315181501  0.509749031032
0.58836390113  0.475944628581
0.501340661462  0.508229859828
0.414928877356  0.560418995549
0.497303032732  0.34331405295
0.60825252188  0.607292579699
0.438605714037  0.406191701863
0.462898561806  0.69062294726
0.373391021328  0.549899518296
0.586041324132  0.677669149532
0.465470145735  0.439237895076
0.595164712085  0.669201407994
0.432161652652  0.441239143841
0.548050650912  0.557953211516
0.450678627914  0.530541911629
0.446282221696  0.592964467302
0.53288828327  0.670059502928
0.495806075219  0.472696759246
0.620946423671  0.441593709178
0.388888519795  0.498149055632
0.52217830302  0.48241766943
0.449768739545  0.338475654574
0.398952173389  0.515119296452
0.586546056275  0.587483428276
0.516172189195  0.460701349852
0.704296950174  0.526287434119
0.366394493962  0.389928011184
0.64178861905  0.429722686033
0.499264054042  0.45395565638
0.405501561031  0.387131183213
0.37857306917  0.37997351966
0.52369005592  0.370301558436
0.468884844458  0.464358290564
0.460753747208  0.515775598935
0.729680563163  0.435967435689
0.65796767863  0.353376701902
0.391264306777  0.426255875433
0.520922527912  0.339641452999
0.567814682261  0.402091261804
0.516792258421  0.411601888557
0.336669414076  0.554110597213
0.52722485285  0.646086408512
0.608111038456  0.457809549991
0.556540788343  0.48486787887
0.430518672167  0.406934031441
0.671377876707  0.500495772947
0.419086705708  0.490544130152
0.463946428277  0.534475340539
0.396140713081  0.380206429613
0.516564479243  0.434583179432
0.628263579403  0.469424874136
0.471490166359  0.583656328159
0.592038808243  0.354983714595
0.545110719799  0.579515375306
0.525218881382  0.287354826898
0.446079386171  0.499641179517
0.583979939113  0.435336445798
0.455571882552  0.482074800669
0.528165696424  0.537482819602
0.513159931142  0.540213414273
0.370926095184  0.427660597612
0.425018230661  0.697925297652
0.553468809501  0.306728375156
0.561347859702  0.491529321468
0.319424542533  0.299033958285
0.302564503071  0.583473932073
0.673988978428  0.391011083706
0.556857078974  0.491013502793
0.436487479931  0.497100527246
0.34904063998  0.543146854357
0.535907000498  0.380946460203
0.448500353514  0.50652122548
0.430955116044  0.578212671285
0.53580158221  0.425949828009
0.296127813289  0.397637038986
0.504056448525  0.646533189928
0.497968920262  0.467855809937
0.671107301464  0.553933018491
0.552749588318  0.500748742843
0.522795893324  0.270738911042
0.424116000482  0.425289492402
0.595609303633  0.473080528975
0.514823867256  0.503169870221
0.464698917374  0.462418218932
0.508735578388  0.468304291037
0.395796357108  0.653976040311
0.453127193892  0.509754405841
0.493465625764  0.443083167132
0.548486262073  0.60458908727
0.594878593988  0.504524222096
0.356770883211  0.37959932512
0.60499098366  0.418429637447
0.543304763763  0.454181501351
0.579059917131  0.550955290874
0.496803960362  0.63875090719
0.717384406781  0.489582929436
0.650759435596  0.512735122051
0.566528203521  0.535952067545
0.546121807294  0.56058794195
0.423845169576  0.756508694217
0.531189468151  0.340753108082
0.806178774738  0.612123712928
0.518541312817  0.556529352299
0.443410225436  0.394725080106
0.660619369365  0.392062099869
0.43110012117  0.553013255835
0.512217132502  0.623083133155
0.446661956925  0.421002330621
0.568378756139  0.4205185687
0.491727720041  0.484611154584
0.352164699952  0.47240576058
0.72958123584  0.516172410557
0.592321721605  0.476206816978
0.396426757593  0.586261861993
0.514177633955  0.640019175098
0.507071164544  0.717083401798
0.627919423267  0.585624872479
0.455718051908  0.500077535462
0.439496680755  0.463672654922
0.550703695575  0.548698562178
0.605127704704  0.56168772538
0.41619360754  0.487838594907
0.48704617365  0.530459792087
0.67565080669  0.546678055246
0.542430772626  0.313548410916
0.592620755798  0.425238889833
0.482937702745  0.663895845156
0.603404057036  0.558932333987
0.333777328295  0.506779357027
0.569085185645  0.399911494647
0.491490206221  0.726091821595
0.669328307501  0.452948667766
0.481497303829  0.575803062935
0.435016796484  0.747274323457
0.416576539726  0.610810067883
0.540242713548  0.501113700063
0.366707873598  0.576141271303
0.65348473199  0.505731008754
0.316567764876  0.520445297729
0.683722535129  0.483237734393
0.35138838274  0.547165983361
0.584663595655  0.638942060359
0.588996873  0.369089698681
0.625404011341  0.541807686866
0.463392130323  0.503625842853
0.60007019129  0.470033754296
0.299632371409  0.554689128305
0.614025318281  0.490291675047
0.425262026078  0.553262740548
0.573394459861  0.409748840961
0.423513713839  0.392784706337
0.464330387463  0.371821584313
0.401134249935  0.619526844339
0.464979498417  0.551702641396
0.314124836051  0.43711153557
0.59423336567  0.756259909216
0.288596298788  0.519902829294
0.532672422062  0.45566836968
0.520700272171  0.421969172729
0.308542567389  0.612458362258
0.330448378575  0.362666765775
0.39721537206  0.467711852271
0.309892007495  0.428751853352
0.607668334402  0.524661664528
0.606266979299  0.464189779388
0.4480178947  0.656369399298
0.644242272098  0.537851097933
0.441454417264  0.471291096949
0.646204066644  0.620401145151
0.389563781835  0.312941924305
0.512382811465  0.407182219205
0.577328958765  0.425090344055
0.476802024409  0.484543385043
0.668253572833  0.435261211635
0.43302858546  0.341304454516
0.59217949006  0.419377824381
0.428856630021  0.529127498
0.555449156599  0.444366622278
0.638039522695  0.421963280899
0.645721013411  0.477723551793
0.547596335473  0.671119424919
0.502186400902  0.676864836049
0.700778591135  0.351744472637
0.256122908621  0.63394103411
0.32616437592  0.529918919797
0.46363641454  0.472081521544
0.366490125948  0.649958431448
0.55549485208  0.496243404935
0.416072255015  0.54889269065
0.363219405413  0.265827607096
0.453756966539  0.482949546085
0.647079977451  0.486599318081
0.445867803666  0.546029831633
0.780172837391  0.525971672018
0.43002262165  0.47423617092
0.487092562982  0.487407918322
0.419163801349  0.527044871318
0.488965166946  0.426937332346
0.607272357616  0.50118385836
0.523951246398  0.303216946996
0.470856366689  0.435546443775
0.466175994357  0.624107815068
0.439697247315  0.642285515481
0.589656805301  0.287468355793
0.462758402851  0.380224660413
0.50027022666  0.373990126231
0.486473723864  0.379386652289
0.379296977831  0.601797045258
0.393464362141  0.476332575545
0.641881453779  0.532020984779
0.508289461602  0.301654938327
0.419913829375  0.55159419734
0.490962713095  0.587433159417
0.435167252292  0.382288655915
0.390249440527  0.577956586808
0.457091333759  0.483477603149
0.376404102329  0.457736421658
0.50176015206  0.437656320494
0.444893631617  0.405115550421
0.543368834662  0.454994211612
0.44796709117  0.539336482091
0.518759387513  0.490502790015
0.674401242104  0.327925464969
0.475560306547  0.271997309546
0.535887585285  0.445089833556
0.445447466213  0.641708869631
0.687161489404  0.596596294044
0.468341624492  0.482805230293
0.521796657474  0.806638521335
0.542679095947  0.559168379959
0.328408643853  0.605270341504
0.525417447004  0.430676487158
0.596704851395  0.451602810487
0.493477853993  0.540254857182
0.527391928947  0.402842647096
0.554898829804  0.602015944344
0.64089146406  0.514732619415
0.55831192669  0.336800451825
0.536327430421  0.610408172126
0.551485833158  0.542867498115
0.435488782572  0.53720033158
0.582287901895  0.486214101877
0.562467922425  0.517749170239
0.526638607779  0.507898661293
0.352061375855  0.527591475192
0.50588411381  0.439994945006
0.477107608603  0.505807619802
0.571309561577  0.318546132398
0.450316318126  0.437885160078
0.495881781664  0.749718951468
0.62597831211  0.405179101161
0.392083463697  0.514483264179
0.552936692978  0.50601036409
0.345215879358  0.537905706817
0.5769530772  0.65495492451
0.540731041434  0.467889432628
0.714077431012  0.643350274343
0.6526288357  0.552112333967
0.490201085926  0.660617825967
0.436215089141  0.500947134225
0.530870327985  0.361362141868
0.390356250763  0.519632902006
0.590038860827  0.479476668226
0.289489633626  0.409451384731
0.598131939644  0.472225668701
0.588786682176  0.457329323913
0.428570575831  0.551393501016
0.470523608958  0.55610208491
0.451696471872  0.43907804317
0.530260112743  0.607964080896
0.630177689364  0.370742676094
0.464080665994  0.723996612465
0.56669520828  0.448590840146
0.709278034076  0.500322369244
0.558399660513  0.527769893254
0.534899353283  0.604463731711
0.367410322709  0.418488547582
0.415719428767  0.562560395372
0.418884951114  0.347824599537
0.42683144071  0.582994873149
0.473742769024  0.594028301419
0.658697154358  0.440384700002
0.423422399231  0.604108358208
0.349293168604  0.517768731335
0.498058025191  0.278714949526
0.369460878389  0.534909737617
0.728204053309  0.572105126704
0.624116204186  0.555543777173
0.400733516451  0.519214788656
0.554569470371  0.489183232468
0.446268663443  0.519173551225
0.326174833237  0.359076693189
0.67778933844  0.485362366374
0.365156516148  0.580537813292
0.572520150509  0.526740152218
0.640921663549  0.415925287903
0.540427036213  0.654597417533
0.469597345723  0.368254870028
0.385740328599  0.465548440508
0.373348565781  0.58965881313
0.546196936501  0.449964370216
0.537481749818  0.512053183558
0.53947543283  0.544293793465
0.478549310117  0.473689501072
0.344334766596  0.596608524435
0.431173535553  0.561696987534
0.560093865865  0.779790286385
0.520636418561  0.597884346479
0.576689617909  0.420751036464
0.437769861743  0.556493971808
0.583943914602  0.378008027825
0.544087664615  0.538946427102
0.583177467482  0.585172293452
0.50741618115  0.53286936854
0.536669919539  0.591010271996
0.470825759568  0.55328949476
0.629792082453  0.376276164965
0.652572609543  0.35530057134
0.380887542999  0.573670718151
0.582385586152  0.553525182277
0.480351178111  0.561177058935
0.325041873955  0.701885796661
0.576213332928  0.469978967335
0.411364372419  0.35416133013
0.583291896591  0.393108021285
0.485595398193  0.417146847818
0.6238607414  0.312809791387
0.573784883718  0.635232853962
0.461961151175  0.409085134867
0.421812152677  0.763838031198
0.589305949306  0.57483209873
0.322137264127  0.531977304449
0.551134962651  0.512554265314
0.500579330472  0.404440833201
0.54346951732  0.510293982791
0.33798581341  0.412945094968
0.424976758335  0.461351705661
0.227210760881  0.376858472544
0.474903697014  0.399782361489
0.447692897227  0.415185001622
0.46758611028  0.582495975999
0.284805257871  0.518433512978
0.4459310887  0.509141211837
0.308489442519  0.460246811511
0.60565759661  0.402391071773
0.638763419405  0.511772132212
0.52581650309  0.354287224921
0.459857226724  0.621443882974
0.581801780172  0.584451354147
0.391910676959  0.366990618282
0.390660710861  0.624157198698
0.504902720291  0.419063531226
0.704491230614  0.474230284152
0.280324561832  0.571965380126
0.4637440279  0.300587603206
0.529325222069  0.40811888644
0.669456413588  0.460550112909
0.444493859095  0.459070613519
0.515732980888  0.369573962038
0.386957014843  0.457638106845
0.374453027821  0.592532864347
0.352334977201  0.403902538528
0.528748426824  0.323366703547
0.409853989562  0.496260825339
0.484458503982  0.498255853275
0.524390239485  0.492936271128
0.497269739456  0.383070980808
0.696201516055  0.576443005568
0.505855916852  0.323261564195
0.35255027714  0.493332589638
0.279514791928  0.676758257479
0.475011620817  0.52800934707
0.487084535424  0.543635426499
0.635726366673  0.577085718008
0.446283191355  0.292292368411
0.434634461851  0.358427610753
0.449546920133  0.527661069535
0.339061700861  0.499839559982
0.751927067373  0.342849497941
0.490492984774  0.479592770905
0.517528686277  0.418735734434
0.549225670104  0.36401553048
0.393991348091  0.564903965793
0.370199287495  0.627711874284
0.555054367013  0.586624286684
0.475576231437  0.472873201699
0.465447466974  0.485469655193
0.379459420282  0.371918511803
0.473809036264  0.616614046338
0.458420359597  0.621129273903
0.447455311428  0.420490783356
0.285973198033  0.372728278044
0.417039371579  0.580232136837
0.619465412353  0.4379287099
0.604408285708  0.658220446578
0.553199624397  0.607524897479
0.448723111953  0.467754392806
0.445688433858  0.446960352159
0.479027161551  0.446092907235
0.487686382427  0.547502123575
0.443890451195  0.759940457489
0.502973288985  0.562266557707
0.504261791192  0.41408029439
0.565279320024  0.46882451743
0.447189023281  0.463593898021
0.441803796217  0.408205583444
0.48560976321  0.385314355392
0.55611128429  0.399962543744
0.388542504248  0.501817695244
0.636512584013  0.504522166461
0.476587248094  0.557549087981
0.865295334597  0.553288602551
0.499889833351  0.611779143911
0.564423924317  0.480461182961
0.313044738855  0.414733007771
0.366120822994  0.545392652401
0.399893986477  0.411722908497
0.502146882987  0.427010556042
0.543613622723  0.458711132682
0.527276562846  0.666015087041
0.428541011013  0.330809185506
0.405184747037  0.680629291733
0.428036243241  0.728158338933
0.592877263657  0.548054335933
0.547216709718  0.444610944061
0.489354996522  0.563552445629
0.569771714787  0.395579321758
0.515270882379  0.417931466696
0.515116983492  0.576588571956
0.60078629732  0.435879180245
0.466870417029  0.545848174992
0.601788146545  0.624856060266
0.334319514048  0.541216143302
0.487945344446  0.505345081911
0.641308753775  0.578814362249
0.35425184472  0.411669661863
0.411787769778  0.580068297846
0.290141182441  0.458298614197
0.544680188749  0.510532575219
0.570968271885  0.581528628704
0.47162002511  0.373962174221
0.544722838195  0.507979086017
0.476119687555  0.446227588515
0.603376308228  0.642995729532
0.550832547876  0.367490588688
0.502613904649  0.347904954716
0.386807024157  0.546757785088
0.686380354224  0.520815019144
0.452162746671  0.602438940765
0.469585213896  0.478360601506
0.521998765806  0.439006120108
0.619860230464  0.585562642588
0.33234269915  0.490882751078
0.539942124896  0.509896914117
0.425242512299  0.408347863999
0.505415757289  0.542145695256
0.670656591395  0.50451957439
0.466558529445  0.371239564089
0.491646816148  0.414134183399
0.422632542311  0.515887266264
0.528334574195  0.478746141556
0.533642942729  0.594465142665
0.361661184466  0.541595791931
0.43271261373  0.507048538526
0.618000301679  0.374014468673
0.509490111397  0.474334810913
0.486715566386  0.457163136724
0.550317497365  0.648286515362
0.597362297777  0.596793456309
0.39986623198  0.543710565024
0.582723887899  0.201178507563
0.577795230804  0.725778723319
0.422570088771  0.459498235829
0.51060350911  0.50724769668
0.633422611289  0.293027571393
0.718776282864  0.258385348193
0.597853810103  0.559734665532
0.515417148765  0.502146105372
0.362723730491  0.386541419452
0.448291381658  0.456293466361
0.419307920335  0.471839293066
0.529819105819  0.467883476904
0.530953067064  0.402938762105
0.366211141492  0.464475039921
0.554168922177  0.669236541934
0.384025519486  0.442656728233
0.452878466838  0.563247875246
0.520164322006  0.604686234406
0.424045828878  0.467244013457
0.456616349696  0.565932260336
0.47621847486  0.545377498329
0.478077264642  0.474446240556
0.542017520949  0.459586362126
0.313066891406  0.387592383072
0.474000575925  0.47892003795
0.584629149879  0.448928878721
0.5479856149  0.685406282232
0.433938729541  0.513693360349
0.403864582606  0.530182238068
0.555635335731  0.49030209596
0.330462347242  0.632909251474
0.465045187293  0.275367834369
0.593626370855  0.476979485439
0.443035302355  0.643294746741
0.466920527922  0.368544991106
0.484594028621  0.513362464634
0.478654626315  0.425579918485
0.409496677926  0.482624130684
0.376964664019  0.516029500675
0.55157129589  0.530520685095
0.499873227181  0.385489998345
0.425888418514  0.477394112428
0.475161424959  0.480108395902
0.575184782546  0.456669843541
0.445784292037  0.389798874093
0.485489220284  0.533115945642
0.418426513864  0.416474412273
0.554284564492  0.382918379979
0.570404533031  0.414277418448
0.475495913792  0.40545111774
0.427795899823  0.325116221764
0.549627699466  0.578544165647
0.407885266242  0.586811158692
0.388236058933  0.48944780087
0.456644858108  0.480920342353
0.561138101335  0.357812854288
0.380459797283  0.437374843015
0.588260189572  0.523520144033
0.598761956173  0.446048773438
0.576299179497  0.535728227975
0.387522267151  0.598625726229
0.375568316746  0.617704160434
0.534436324396  0.4471854454
0.582005358781  0.443496441351
0.747399612145  0.439875827463
0.496565541064  0.379759134736
0.580255503851  0.454066386477
0.789940447763  0.468365612079
0.509325544745  0.634515003059
0.372319885671  0.431106596085
0.698324707601  0.473158166801
0.45112797655  0.548449684384
0.684690380489  0.716782744283
0.591657285853  0.431095317032
0.415196892947  0.551352216879
0.49328276469  0.448315776674
0.417026005794  0.538737721192
0.660924002149  0.589611488976
0.526887157819  0.421122799071
0.446482482845  0.523203077306
0.503898660692  0.324014331921
0.594548598553  0.547434640305
0.395136290782  0.542249929465
0.575849248707  0.626816291283
0.356535663719  0.51479788554
0.597781041788  0.400479915948
0.347999252612  0.544195151754
0.607826542598  0.446786299752
0.562790076108  0.436601438662
0.47659680114  0.210775654921
0.478962709792  0.510932785301
0.685635315281  0.287910574411
0.60203819894  0.575030025509
0.451142293062  0.442498743199
0.563248023162  0.449123238532
0.767194558692  0.531789367496
0.603255311392  0.488166420269
0.535874515087  0.580990059609
0.486478824259  0.454841764903
0.398043883769  0.43849426203
0.535130956047  0.577485647908
0.552398889542  0.515784699123
0.586290142996  0.373663664041
0.663449692132  0.637267327873
0.47774203616  0.606313680751
0.473027833696  0.318122116556
0.643544724018  0.39652820605
0.654865228214  0.491569722064
0.510837992191  0.207755736771
0.600825743565  0.67419097195
0.533071720857  0.427329562015
0.577207174536  0.497583964571
0.483838364199  0.4715821692
0.629989889095  0.529645621979
0.600313066002  0.427126500958
0.526206933792  0.519609459353
0.355557338876  0.263886578397
0.337971307334  0.518841439574
0.428659413938  0.447163937284
0.519803356486  0.317388740745
0.559742641211  0.553061030457
0.404304128255  0.543514909887
0.419565873895  0.617130821241
0.411638861385  0.488065955785
0.39259776347  0.552281178486
0.437181124152  0.561260072511
0.507382427108  0.525239225445
0.473762223732  0.675445610257
0.513978200912  0.485824057488
0.51679328558  0.431032606149
0.506570015535  0.41625765683
0.372484119668  0.514316456979
0.372557326132  0.575124497157
0.635217979055  0.396954969025
0.566242690862  0.512306966784
0.39036715709  0.420209083137
0.611370481393  0.47255624436
0.461009608274  0.376453659706
0.430014217308  0.577148209865
0.434525482009  0.408157070369
0.463716511899  0.565421543273
0.504683084562  0.372359243883
0.769692487479  0.42102668556
0.502335630768  0.439808520801
0.494190377508  0.490079419205
0.756723481539  0.442225868372
0.491449113212  0.182475651491
0.754051581189  0.589115383054
0.504566000045  0.406566961261
0.327144138466  0.483519397172
0.483460275253  0.52934852468
0.464591352185  0.531312173171
0.622501750765  0.531193727503
0.585789936931  0.428853411175
0.590722646918  0.582772997652
0.568528060753  0.554749257232
0.592361847005  0.519986606872
0.496638726025  0.39001455391
0.684238032342  0.485316440566
0.523744199938  0.565166582918
0.667875366114  0.447804663708
0.575794461792  0.425981978741
0.451300893034  0.447488809926
0.395354200743  0.480891907928
0.489811164739  0.508201430213
0.375393049945  0.457579686737
0.462415531498  0.511824652628
0.572892322362  0.469622703857
0.498346490775  0.601811403543
0.584893231498  0.399410296097
0.672145807925  0.63823980994
0.400944735039  0.457484097002
0.490763282  0.468821143801
0.489064747057  0.496073745189
0.377268517378  0.424429923421
0.547858536762  0.46186478969
0.420358912545  0.351013575848
0.642317481537  0.394369944713
0.579971219685  0.663204160001
0.513145575532  0.342057827823
0.573245726137  0.378609398098
0.605117846833  0.444314559289
0.611871424024  0.525531592629
0.46293029545  0.673360406485
0.581033214077  0.566249110164
0.462672445387  0.416601311602
0.56875628709  0.492679268138
0.500812488257  0.565237851547
0.634843730927  0.52347784435
0.63593939303  0.531775249644
0.460171876045  0.449865056562
0.461078922908  0.630397356819
0.421602304014  0.437969924601
0.402588863998  0.551906362414
0.606621752919  0.555388407154
0.513391207114  0.602245982292
0.589154400596  0.406224434756
0.523622231833  0.571391344889
0.431725924584  0.570939587631
0.446796641358  0.449002803992
0.528741125905  0.379117739138
0.41148495528  0.495917922186
0.501939362766  0.513435728424
0.499803344941  0.581026107361
0.714958901414  0.455587816284
0.451842318952  0.365638153427
0.567070442213  0.487258476124
0.573254159268  0.589606046104
0.373271511984  0.536095691811
0.533453150215  0.495579609539
0.334937696774  0.540089572145
0.482699207834  0.468045633156
0.354279294924  0.43262067146
0.577026700633  0.523570101195
0.563228697417  0.475832092805
0.364304510838  0.63646034792
0.247333860215  0.460205534683
0.629476298499  0.539519561913
0.357550190768  0.548412662963
0.628960611866  0.486488471518
0.502594126889  0.50900065949
0.540769055044  0.386344084449
0.560542781066  0.579291339285
0.522289501555  0.680245640333
0.589152237834  0.506522817557
0.566329184546  0.46410999967
0.427141040152  0.397990662445
0.480817671869  0.640001317331
0.420825637743  0.586116179346
0.398708850362  0.456082258304
0.533929584924  0.513143193089
0.547534535211  0.344917275375
0.522167797917  0.535024630196
0.54816928048  0.463773864205
0.617272710832  0.520410839948
0.50075693265  0.707984656019
0.506880433623  0.55390838417
0.28541479391  0.637367812968
0.362493306429  0.561161721604
0.45089917401  0.459825944338
0.591784054705  0.359336159212
0.608979112756  0.529062168171
0.432389353643  0.697795957683
0.593041284419  0.443572169544
0.704999082709  0.441346758407
0.654024311902  0.556715495459
0.6286498468  0.563516537589
0.41785424541  0.500422553909
0.572455347399  0.58141378135
0.550536949786  0.59600453084
0.419048597833  0.658924049568
0.483925446932  0.5110740622
0.64325731088  0.376534477667
0.390483087154  0.353976611134
0.397580425622  0.442861966988
0.606227091707  0.537989533178
0.685138452296  0.553096490412
0.618412089867  0.421587373944
0.515988753279  0.61554775054
0.403307865424  0.405863584823
0.447983421194  0.554381839798
0.427080555993  0.688256474231
0.493416055445  0.605428222484
0.453088094002  0.586132143285
0.432833876018  0.410847839637
0.533453445132  0.421625727327
0.487892991174  0.509083121472
0.34018331149  0.417419215054
0.450526377117  0.552429085137
0.326794105064  0.455199827604
0.294029383241  0.422147150809
0.42361010496  0.507653912993
0.441942211037  0.515032916687
0.605281461857  0.419085556509
0.464166239001  0.471367945752
0.399213029397  0.375557834029
0.604676001528  0.680310849012
0.471182459875  0.584990874066
0.486974562201  0.483320486935
0.501289468579  0.379036299918
0.529980116945  0.523341664326
0.539060625699  0.397810651041
0.463163508701  0.622596562852
0.418341594919  0.578011173157
0.534997290907  0.553146540061
0.693309496071  0.366512966909
0.537078385771  0.520390769901
0.588559509031  0.454504600586
0.601616237018  0.583347557944
0.426763534725  0.396655941984
0.594442224493  0.362958534071
0.740893530072  0.545733973003
0.459641923131  0.724727598152
0.500479545393  0.44632849191
0.454508344352  0.576510859393
0.471384389987  0.678283269915
0.626493176454  0.603641905853
0.458133868638  0.557410641071
0.598463450584  0.555149642847
0.487404178732  0.495036098172
0.448616903297  0.334054568186
0.316059690716  0.408995828161
0.489371964202  0.649591499964
0.524870861311  0.644655435849
0.372703906709  0.410942157172
0.606513114388  0.485650688083
0.566210243235  0.504925530126
0.580366192443  0.50509697423
0.50939179211  0.551193343569
0.650585053063  0.479940123328
0.448352667993  0.398280095286
0.624928713601  0.347963489924
0.385512992262  0.502555694319
0.389751611615  0.558168109113
0.544972329021  0.482398722603
0.527033613569  0.452018415414
0.526304701961  0.332642347334
0.605528124932  0.577428227723
0.536474739875  0.659244739911
0.504203557878  0.505643557618
0.435281319349  0.439134273113
0.524858800022  0.518003548762
0.440581455393  0.510841066767
0.426950462637  0.355876264246
0.574225662703  0.582592766111
0.552822381212  0.501106686985
0.506740823916  0.504841254735
0.588790849495  0.563580240252
0.442266201129  0.547852400586
0.497783224034  0.412744118643
0.502521875502  0.376397259477
0.500113542426  0.452877102903
0.316639012037  0.428417362597
0.320989167021  0.466594439057
0.486597286559  0.372380591589
0.612663554091  0.612051894766
0.580340415331  0.611713119608
0.607399156238  0.438846203012
0.676760189159  0.504083844277
0.52235565957  0.582803526006
0.317651076044  0.343092768411
0.567135198732  0.521830934268
0.355819477569  0.533285274797
0.446884095475  0.474033048186
0.54591082056  0.479640973585
0.41025161472  0.510494533673
0.534011246067  0.431648972296
0.373303650942  0.385494001336
0.488345764411  0.51104406911
0.601575428312  0.419896189443
0.368950196045  0.53263085981
0.544275042199  0.573500779648
0.585113871513  0.463678626326
0.469716646023  0.478481922221
0.317115982687  0.718465682083
0.477847134858  0.579807620573
0.493791355729  0.476523126315
0.339225377953  0.397447302807
0.350281487328  0.477695410604
0.627524439026  0.349141314325
0.420189244903  0.565794947804
0.597248507834  0.509899000192
0.618594403239  0.433724747824
0.686411936319  0.458681311918
0.664556146711  0.52526889165
0.524570309134  0.392797077091
0.50211769519  0.537122812536
0.671907205144  0.505833607096
0.394754489755  0.567753389891
0.424849595316  0.513711788955
0.470111543236  0.54604437031
0.712637239526  0.532941721123
0.544778851135  0.406399855104
0.520928465587  0.405240432526
0.553930213226  0.45747663821
0.735511489569  0.591503591432
0.439325044842  0.57769011579
0.571189279758  0.602282796223
0.751758623216  0.56564371954
0.493784375796  0.690022686955
0.546578983417  0.494974581137
0.430045584259  0.452966921976
0.410774757736  0.502007903488
0.629516319585  0.485048695673
0.686310437422  0.559273961558
0.404534548001  0.649450042967
0.601638194122  0.469880260266
0.57053912237  0.554183834493
0.539680623766  0.588867057677
0.714256381048  0.5200117974
0.54392864211  0.574573693134
0.5382131275  0.642811771345
0.636973164157  0.522081340231
0.581441034664  0.539925138325
0.534334879644  0.472931645465
0.429972594884  0.480706042764
0.3316530152  0.549701613378
0.620149581697  0.386622582049
0.509840160232  0.441864360153
0.568866357449  0.543780675203
0.40336204387  0.448254211859
0.376158007798  0.542351765111
0.463054600604  0.539620408017
0.461679873187  0.458416844662
0.570655475133  0.418133078521
0.449668858379  0.531155920443
0.494968676819  0.434678577413
0.483044932304  0.479527274328
0.512253564205  0.467336323789
0.435519097228  0.592311194721
0.458177527125  0.478672653812
0.586551581245  0.539686500318
0.520463334754  0.588865166498
0.379245963907  0.43517062498
0.433971458412  0.539165329674
0.422723222285  0.445891893974
0.366226040585  0.540938405423
0.349000397025  0.666976912911
0.642375900213  0.295724312233
0.512359107106  0.504297468769
0.477315334147  0.549905262026
0.420840097432  0.508552230426
0.565792598713  0.544477838296
0.335489927306  0.652807971704
0.589146843838  0.529094922122
0.621297365657  0.435853176784
0.445118223005  0.4106686489
0.439458310303  0.600149847302
0.686011539772  0.450833675732
0.540788600813  0.575781452092
0.478682275451  0.341649119115
0.589333404501  0.508391868914
0.451307026407  0.54128469319
0.557884789248  0.693571797883
0.552961845769  0.428358531376
0.381066693912  0.404270324247
0.512736727612  0.399619238093
0.433861840135  0.473396762925
0.459637764975  0.685700526867
0.681752920024  0.613657554521
0.503841862726  0.266688669884
0.477444947594  0.498548353489
0.663394843095  0.461091522195
0.48772428308  0.422007051201
0.512958944575  0.477059324396
0.526875368819  0.455443769295
0.406413350965  0.329422393618
0.491642965137  0.420769699077
0.358204964399  0.705037221273
0.52656034326  0.466186848563
0.543652539742  0.387657760723
0.540902704316  0.580265652589
