0.614102800437  0.729316055134
0.584332835193  0.451037679732
0.331998365549  0.524114069643
0.492660836451  0.324109710895
0.656334307349  0.506193498885
0.391202593066  0.56219144459
0.516141247641  0.504782631717
0.507669199528  0.493950564335
0.498277462618  0.573627305685
0.445887967403  0.579121308578
0.352913266309  0.381426737182
0.46248155237  0.526011119346
0.58584809929  0.465296977684
0.598204489495  0.830072827416
0.468053791193  0.611183036107
0.618929805118  0.388114740274
0.526598916939  0.47342283315
0.635843084973  0.589194495381
0.576602986777  0.58538361898
0.487469964314  0.545111129087
0.582493841469  0.465233852817
0.576593107781  0.618328853692
0.638479125092  0.400924714921
0.641525731086  0.31193807633
0.389451235022  0.721907493256
0.531867644538  0.529606316407
0.330611766725  0.578178898693
0.575631315107  0.492293087787
0.492911205331  0.507512036221
0.468832095939  0.540464548665
0.609924429634  0.59652474166
0.44227303347  0.511998911241
0.486583889569  0.514255991948
0.496218497254  0.67877619468
0.5635301769  0.495854710306
0.537387731638  0.478306091951
0.501350464498  0.471637249339
0.437557338985  0.31751794226
0.51805656671  0.507454598909
0.36790872574  0.564305883188
0.405883282133  0.500408039849
0.368827796356  0.343975734895
0.53418104829  0.494372757279
0.523652034148  0.526924533565
0.467298804946  0.764560769892
0.616594129681  0.451013798341
0.370596449857  0.458296371534
0.513476095922  0.418722299353
0.541715418729  0.449535519801
0.496965352078  0.517723855223
0.559443404464  0.477255296197
0.475865639752  0.546618950695
0.43833400605  0.471090717361
0.545085638692  0.528338215714
0.374452945961  0.648189627356
0.451273114662  0.47204709138
0.569155835732  0.575935414406
0.646462263739  0.403162534548
0.362497640418  0.573398382073
0.453177559183  0.631237353764
0.556030964841  0.51800403033
0.45500479228  0.392059942212
0.511066757522  0.496256116959
0.52930845063  0.671513716532
0.546267760333  0.327728453039
0.573165659048  0.378054051418
0.513882335444  0.419821151408
0.453463034518  0.565316864017
0.482684298735  0.743191195412
0.52709976644  0.468825245953
0.524026165974  0.373327407257
0.523672288566  0.57742652732
0.474629343354  0.549756496772
0.547942646307  0.431599793128
0.438754397238  0.307246668067
0.488224169427  0.476063613771
0.457178400393  0.601815828286
0.56849939844  0.462184292759
0.459122004842  0.532261728211
0.494145260537  0.579158543165
0.605689173699  0.500525313848
0.63850782684  0.430186451793
0.621983209549  0.465078897279
0.347818318134  0.565317123122
0.470224341  0.420029317048
0.574157976591  0.43236252969
0.390121256432  0.559988286813
0.593317274231  0.466408106656
0.517322448421  0.362251478406
0.697887888272  0.585273703437
0.350475600735  0.448493666205
0.498309058542  0.440475387164
0.591943866968  0.624185252362
0.587373970049  0.532125774522
0.616295686934  0.481199940099
0.590297362798  0.525937190928
0.400242683048  0.616879134726
0.656404472149  0.596692755428
0.537335348597  0.455081629979
0.546538818003  0.323473628547
0.424602079167  0.431781683064
0.472364817545  0.40284333676
0.40857165351  0.485691596205
0.425314371571  0.696742284405
0.393434346073  0.449031873626
0.4269952219  0.552255301891
0.464556932251  0.421697208557
0.437354674869  0.492506611463
0.544714304371  0.391935154453
0.437642306999  0.627854530036
0.42223870452  0.600509945719
0.529606645454  0.540398616148
0.371137006636  0.208795648037
0.483044725043  0.451410911507
0.528926441726  0.438601926807
0.456404897133  0.47204084555
0.606311769297  0.670654327943
0.52601605336  0.470459721834
0.511761119379  0.668083257522
0.399940813471  0.570845561443
0.463388802151  0.259463759085
0.300513473717  0.712520405515
0.433274561294  0.473491815274
0.378568600103  0.611021210576
0.720187262447  0.491157870223
0.477746134235  0.447887608644
0.278583647718  0.614606527269
0.416649648704  0.447621818961
0.412280557321  0.393209259388
0.588946556905  0.440504702997
0.419043489878  0.486661043316
0.58076559394  0.499180309799
0.507345898929  0.470875144654
0.384145027456  0.597714476189
0.722858848492  0.526259044441
0.46957447547  0.470887940093
0.457339237111  0.665885925857
0.604688062903  0.56379663946
0.510478984489  0.371113337589
0.592299993086  0.379236553348
0.454209723067  0.538161516587
0.409160794841  0.350718533316
0.504087531375  0.537030172679
0.375880588333  0.444350684983
0.491008258596  0.529208131086
0.533999953213  0.54527749316
0.48164176086  0.561997549633
0.442397189695  0.57409083477
0.366856230586  0.642369722714
0.434212987694  0.441457796109
0.288967227597  0.441850266307
0.631550456077  0.471861623741
0.410672064418  0.363844272179
0.300550755191  0.450042324078
0.602896694511  0.614154960754
0.53337107768  0.332517783495
0.546407216052  0.433174255083
0.587268430826  0.588496496608
0.509167801427  0.419959059959
0.507968182118  0.487509893666
0.425537698683  0.402199729475
0.456854364895  0.439708073371
0.410611736187  0.51460392585
0.542146734609  0.599514912706
0.549207546526  0.336957323779
0.37819268043  0.474131620391
0.444116010833  0.441826851756
0.524320193901  0.582788778024
0.616907586854  0.532367744054
0.393979997874  0.618940614096
0.512987015281  0.446942980079
0.500064150617  0.558101089493
0.46104296701  0.61019591995
0.573985902991  0.436417354345
0.458205590096  0.477101467452
0.500456398398  0.582267568382
0.318693823367  0.44002194745
0.251586875544  0.396557195719
0.767052377248  0.682607644781
0.39569714413  0.58667470901
0.651924442802  0.424406365747
0.567458781241  0.371046330027
0.550353553574  0.56566291062
0.563444995989  0.598051027428
0.637947376914  0.565927093253
0.43637280125  0.475997292077
0.496350040383  0.579250708548
0.651386421929  0.544834959618
0.502990880853  0.343180774159
0.502752664323  0.385574588876
0.39212838358  0.647320178728
0.365623303915  0.47842971748
0.612780492492  0.394220831536
0.641128174795  0.455107969506
0.46510430346  0.469109791359
0.551667032663  0.637305935167
0.475746553364  0.436492911867
0.560033567188  0.412913362667
0.599076232674  0.614382454034
0.569720042384  0.467730357614
0.293230597567  0.488914632646
0.491034113838  0.60696958737
0.495003899423  0.461215009077
0.425328501511  0.455852364655
0.588228661032  0.509237673781
0.455641690582  0.459882283007
0.395371491692  0.549200621109
0.506478719442  0.510907380119
0.597524340614  0.465969314144
0.43927487375  0.483191673349
0.452488605464  0.377301705408
0.476499701658  0.51078714837
0.351975509109  0.523258011428
0.594643259444  0.599138350211
0.472937548913  0.516555241951
0.834400004792  0.607463777935
0.345108728851  0.482005192162
0.584287446796  0.468127451972
0.459027259898  0.40012217334
0.525695843623  0.566860109521
0.471049009474  0.537099100775
0.506512828153  0.550384264293
0.634291655666  0.636217612569
0.348542596314  0.498560153466
0.482670312408  0.348769868617
0.463610660362  0.355127631013
0.490915374386  0.378887104233
0.492770268259  0.644404861783
0.575951854965  0.539645317626
0.51560072649  0.485859937457
0.401774959138  0.56313480202
0.523646272041  0.381507402702
0.393908646292  0.456060490182
0.683490959506  0.501692504709
0.355920753895  0.571982414735
0.475965788305  0.484369057409
0.211782771654  0.444925520729
0.567844102459  0.31102091992
0.605309030668  0.444868040906
0.36679337795  0.423127376665
0.480124417026  0.561440715151
0.36397622451  0.472140681814
0.439670962144  0.480773000716
0.394943000444  0.413422722545
0.579613303529  0.317599559518
0.623061853969  0.642703860366
0.409728628512  0.439630989962
0.331575297617  0.677349460328
0.515305441559  0.576861897902
0.470741281172  0.616877000701
0.658196745384  0.462142418554
0.388099356704  0.337319900642
0.475349103473  0.486084017103
0.407381299122  0.625656216442
0.544396782982  0.377728059957
0.575247552658  0.593534943301
0.722227438232  0.316930245949
0.48557690645  0.612483314381
0.440918874299  0.480904221722
0.463407291541  0.625479972856
0.449107487005  0.454335490948
0.619980418438  0.683876794756
0.475676330091  0.49366601551
0.545050452413  0.509836478931
0.549985454777  0.400725934702
0.497562663704  0.415526727583
0.567692496139  0.476146027295
0.585788057857  0.574822490169
0.742399284021  0.6001589963
0.537074869117  0.431056161999
0.496932544565  0.232856953297
0.358266620514  0.511107951579
0.442202449084  0.581595212059
0.483815992228  0.391813890338
0.518265476417  0.643337712952
0.4764692881  0.768118270783
0.486066410217  0.609356262056
0.51163524491  0.42296680349
0.312700567021  0.390092752995
0.445946445816  0.601867034222
0.402215053618  0.548334516381
0.601711618286  0.536845056205
0.3898882169  0.412096237678
0.417422342753  0.727159619364
0.483656709242  0.644479934782
0.348375058064  0.453731707203
0.585319371662  0.326029281827
0.38324578034  0.453796696083
0.445535327272  0.205643080834
0.322380391959  0.406765543084
0.467790175869  0.37338655604
0.665900436819  0.562868112079
0.501574255657  0.478281553722
0.548267289955  0.598962272566
0.560783601899  0.505706519112
0.596675526891  0.575313378466
0.527170657523  0.367950229436
0.632395327011  0.519582881936
0.302037179333  0.537752658277
0.42627829028  0.494315809437
0.515420331856  0.562375938011
0.562149767897  0.484475021026
0.403097690485  0.520781572331
0.41494029092  0.409645559803
0.496272498495  0.54371118719
0.548309662407  0.464998559478
0.442145322937  0.630029750482
0.474638799846  0.453289804021
0.252910772506  0.527961160776
0.487377836825  0.360421507662
0.638479668543  0.533688368673
0.312931679524  0.590668153139
0.483870188743  0.348840424253
0.372209719857  0.672537621506
0.544724834205  0.475977900357
0.438884749142  0.570741748258
0.386418974755  0.450971241015
0.491976703921  0.526771864077
0.419278992479  0.561926511219
0.392062722575  0.442397867121
0.516444924814  0.618249187806
0.420892813316  0.331499571191
0.350877460008  0.403983101489
0.521677592473  0.611646641008
0.491128442362  0.479221277664
0.561651973586  0.365654939873
0.426942089021  0.498807610695
0.485881358331  0.433389313512
0.395370177059  0.412334670487
0.492004945109  0.676415518522
0.432346016555  0.338111723364
0.644293266098  0.451621451249
0.588433660602  0.399700631042
0.466502077629  0.464672187979
0.401590199239  0.410308112829
0.393821769597  0.573986624231
0.554494486007  0.443427173445
0.326197990766  0.534295106556
0.291362908956  0.558011347183
0.659267430167  0.415702541033
0.4609953773  0.602020439581
0.556186724269  0.465514473552
0.411585481464  0.480730525036
0.5614591074  0.596325370285
0.444350988853  0.39607578076
0.714641177354  0.743529321725
0.376794311635  0.547247687106
0.420260081538  0.511120684929
0.650062805074  0.470269359479
0.592287757402  0.617126323883
0.450262854356  0.455109535146
0.564960601798  0.556201294488
0.624271970024  0.553188755375
0.466180980479  0.397565360463
0.534929170516  0.439940095321
0.492311085524  0.556728128371
0.420687976702  0.443063235012
0.595859573541  0.315978777141
0.72211155975  0.609588967696
0.501966095323  0.63517057675
0.56202013379  0.513173659422
0.483300529696  0.618950998347
0.558672036279  0.458515298935
0.540533639628  0.346036378638
0.563183405102  0.401786136469
0.429368965532  0.772413821249
0.51064649001  0.538963766001
0.445509383045  0.438526039666
0.38877607887  0.426194869939
0.519686301858  0.745156450942
0.547919546119  0.481388739373
0.502062104557  0.532658014563
0.536980359018  0.550675680042
0.566604727379  0.630486340352
0.475068234002  0.59991460988
0.693365282661  0.51663955351
0.497419214109  0.477420166026
0.650166166919  0.439386941751
0.631428185505  0.66777183884
0.679745156877  0.374756879208
0.609407567729  0.449983502163
0.34124316804  0.47697267978
0.474102648396  0.605803334218
0.652763483852  0.35159087141
0.572614315541  0.533828765211
0.610403412807  0.434829103892
0.662104057043  0.721187265065
0.397897191089  0.503097102667
0.426825484313  0.580308517081
0.549953356867  0.606034381043
0.484758013894  0.592117587022
0.621823343174  0.561581690615
0.508339961882  0.561389380927
0.539408215357  0.474428308765
0.630153616626  0.525124256144
0.622138219888  0.466599706371
0.441683709279  0.592315941345
0.470349899795  0.448118051751
0.539212964567  0.532444745869
0.574800192973  0.368407239008
0.580250682789  0.464679685596
0.316409576099  0.431404837206
0.531927847085  0.487453707628
0.537937698359  0.61188060929
0.698952489443  0.569783277362
0.560091180133  0.466643686223
0.574537391576  0.448084230244
0.449755172162  0.392974925175
0.450004859447  0.474398803511
0.461054155045  0.175038652855
0.377097945683  0.466069673161
0.570879062737  0.35578924257
0.582953052478  0.409061173511
0.551833206448  0.338369942428
0.443273484824  0.388658255476
0.429161931774  0.426317602037
0.590785599135  0.499541095663
0.385638129295  0.309874912126
0.726262230072  0.501571164992
0.444005623856  0.548941310882
0.34728350045  0.55094990801
0.457991179125  0.607414214006
0.355340248575  0.368937848172
0.583849423389  0.37337544934
0.503858408986  0.488747103548
0.354564668276  0.380116806195
0.404143692699  0.473541496549
0.577706940472  0.442312351545
0.57592336377  0.503835839635
0.543185275155  0.619904729755
0.627835322931  0.402981155372
0.39685874092  0.432947580086
0.512765014123  0.411908538072
0.61506975979  0.661969240703
0.646429240857  0.558811663754
0.456105342834  0.390862778049
0.498256459656  0.397943922313
0.521275268343  0.470034180473
0.785099383133  0.545810290071
0.505104802902  0.449027308812
0.346617263971  0.489183292096
0.607411564473  0.466378839742
0.524416042406  0.362475578085
0.506508852032  0.535734757492
0.597681021505  0.525782406309
0.421992734504  0.384449400177
0.457299944534  0.554050241269
0.408339437782  0.52783589991
0.484362420137  0.51866398731
0.457028042861  0.497522704974
0.554723113448  0.511596836038
0.463317632109  0.472893491715
0.440299004679  0.704777757152
0.38623865925  0.41843136709
0.546626710078  0.517135714723
0.761609797777  0.405180461257
0.392336901312  0.426221856389
0.411663733886  0.496319357605
0.424197110175  0.533510355306
0.534008592925  0.564260051919
0.522471945865  0.49546039338
0.481069844371  0.440230299184
0.598070873525  0.473696840267
0.302242614314  0.57811155476
0.568993749877  0.613285680118
0.416051907378  0.364281858263
0.456567160771  0.407604609669
0.349984488349  0.38601152139
0.589087913519  0.404476371263
0.363560174049  0.429705922736
0.385559841741  0.488884231716
0.670297135643  0.495875163969
0.501047804785  0.272944814754
0.478950569621  0.55962493969
0.600733954474  0.494078766465
0.54128565203  0.372078528078
0.400229436987  0.394791930143
0.38478070916  0.421977008217
0.513327827298  0.534464947514
0.622067586259  0.492539876266
0.544518817308  0.578305788393
0.329443652896  0.339616794253
0.51611869538  0.483723336196
0.336569060525  0.560806849743
0.578062898295  0.670808927472
0.330373857903  0.635815136539
0.290063883692  0.508594807754
0.545999815298  0.663590058602
0.457609708228  0.648799070765
0.516542386939  0.605739817654
0.431481281288  0.527578261213
0.486934765673  0.503455914542
0.454291519294  0.48449308009
0.329971074263  0.506680029503
0.566385510476  0.624457217181
0.22801107911  0.446456362706
0.363869849584  0.455877397267
0.654778248935  0.53886790094
0.608472144186  0.465006560492
0.466779857226  0.485155473755
0.496263847303  0.417270989425
0.303556636682  0.613092681052
0.597128353277  0.432635485518
0.454284578901  0.483582370375
0.495019778156  0.457584242828
0.57299526667  0.539846716489
0.627326381611  0.425389073422
0.587080340007  0.464766112787
0.492033227702  0.341075313545
0.529889134932  0.330181635744
0.410351224784  0.344757701151
0.431081255485  0.411185650347
0.364122931583  0.510713967468
0.508667398457  0.581262474622
0.461265258511  0.425920802772
0.482948724253  0.457585694038
0.524271082842  0.422570990308
0.530145518891  0.355523711668
0.683054194035  0.346982723431
0.614344789622  0.470106245006
0.398039563981  0.425829903686
0.436837549206  0.441566788369
0.385923158201  0.674602182632
0.332818305017  0.470516050121
0.543396605894  0.558311853879
0.40862532059  0.430978185874
0.448619234514  0.405516188098
0.37355930271  0.577798366397
0.576136117578  0.576224691402
0.378961839329  0.370210914897
0.619824911594  0.635245200212
0.645934568337  0.466234521795
0.513013048609  0.425463411134
0.664357154833  0.462789253379
0.672253853616  0.510961546308
0.443598488913  0.563856647928
0.629741337322  0.522379156636
0.515110675338  0.615059501647
0.342675235976  0.35985913704
0.521557449324  0.268926590456
0.37950174841  0.374387554352
0.54873162768  0.615622767372
0.385466131734  0.519509389635
0.505823841796  0.410769189666
0.470621022562  0.631953735903
0.402623546663  0.293153449073
0.519062163557  0.568123785322
0.481862266721  0.599994217949
0.340330685104  0.443153514765
0.482048049795  0.433742296277
0.450223129389  0.445189211781
0.664763739204  0.490775022179
0.566714662965  0.531914154217
0.434327897962  0.624211681023
0.591766932936  0.653400526741
0.407810481661  0.466543959343
0.424057866977  0.513781815699
0.620027172951  0.480542458685
0.485887870836  0.357941184071
0.417979839759  0.486651422461
0.474931805035  0.539909220941
0.339241107018  0.534535722375
0.370612095012  0.449382738295
0.414513417725  0.560012694974
0.690745065913  0.55057035073
0.412109979215  0.612549729687
0.618792911237  0.521844664375
0.466092587688  0.292112770503
0.366865213898  0.493883559936
0.507510647999  0.573083395521
0.388909686644  0.489742115582
0.471413710373  0.473539837446
0.426602985062  0.354908084543
0.404865100897  0.563398393933
0.378411514877  0.43306356631
0.39161005721  0.516535332116
0.443906642159  0.563725170859
0.677737935347  0.509346558029
0.473679700812  0.456929904577
0.574927809343  0.566626402086
0.405384256466  0.60924883255
0.58528748895  0.361917146771
0.426340379458  0.332005361197
0.262540929146  0.329077041461
0.444796084415  0.492878157397
0.47961425252  0.535097357375
0.487937728723  0.525536854442
0.447332143941  0.361215887493
0.410061167024  0.518513608747
0.555613874947  0.583019460646
0.369815477174  0.52507577518
0.520706295052  0.666643522773
0.493147442588  0.575202709987
0.60795131239  0.615430917964
0.426725384476  0.632601633134
0.574755293984  0.603048773146
0.535598454029  0.47351394031
0.552791494788  0.631022760569
0.601188723025  0.641911968381
0.380765761993  0.401987286093
0.461807368736  0.561555193349
0.511215402885  0.365225743661
0.420937957036  0.443974211169
0.478726948143  0.478786895805
0.391956110772  0.467029952354
0.63343088122  0.486413846216
0.662166523512  0.481855974288
0.454933255323  0.519675897146
0.458240846802  0.630327307469
0.519912314451  0.646583021232
0.368685801121  0.592889562024
0.487008636475  0.450619015017
0.409245775798  0.512222933324
0.510045110923  0.469642921947
0.431684669624  0.439226744602
0.368537142424  0.670382441184
0.711985672116  0.533098117449
0.542006846418  0.499772304574
0.518622889987  0.473601444752
0.591133893276  0.428266758147
0.50607923305  0.379460997372
0.385724521138  0.568419677673
0.67771385231  0.384653297711
0.655737625097  0.59036148913
0.438307250358  0.666090141961
0.699917731251  0.47281322082
0.451697024513  0.57955364787
0.506212292991  0.710120357985
0.539505318911  0.492301200832
0.450850777523  0.399133395647
0.700633406977  0.567619197337
0.565296958765  0.667342468655
0.526264732918  0.404507940842
0.355017771192  0.748969770538
0.552407081786  0.589982091598
0.354471395924  0.642173169846
0.484497959981  0.534835950719
0.344203676344  0.472037245486
0.471633747204  0.505213113259
0.493081297729  0.797763871803
0.535023589267  0.709944350479
0.565113049886  0.632134036272
0.586931483976  0.628652801551
0.45781609474  0.51881100791
0.485660975531  0.495690706703
0.439306464856  0.50607843743
0.519568798113  0.45717373699
0.623335098303  0.568813821489
0.214614935861  0.558156272392
0.711320652502  0.43915744067
0.257223401782  0.507678553442
0.434347329576  0.308868063713
0.483689411476  0.471500043799
0.453333520553  0.455335505065
0.540448656691  0.624335464396
0.449028341706  0.379109877599
0.439490717133  0.459694770524
0.74066144532  0.455900281931
0.453581021094  0.547329861814
0.477395220476  0.53572836046
0.508030111403  0.365293233192
0.543543891039  0.65993174179
0.592295074425  0.325672334355
0.663941262685  0.421442089067
0.698039145298  0.59238262665
0.449014991893  0.338677504418
0.450914891217  0.647727460285
0.635901338869  0.404131330143
0.547087297756  0.628155415678
0.64022765378  0.491364564053
0.57734538562  0.705123422279
0.501314135981  0.372189600469
0.391541694924  0.675753616273
0.424375551397  0.635121553653
0.438162701397  0.580433715827
0.643825968204  0.589679366163
0.634321230188  0.559074335115
0.463951033348  0.402108655424
0.558000110967  0.479960985822
0.58859774065  0.335110122232
0.475251614994  0.527231579129
0.419492898266  0.475055446228
0.572107811259  0.379627398113
0.494609134036  0.585886448639
0.670254845576  0.402875859842
0.394186223675  0.442463487016
0.403224246507  0.450448561045
0.445427734722  0.368123436772
0.469189604227  0.531867846778
0.42890275725  0.519195589698
0.46822224972  0.323088097954
0.682175881063  0.554968981625
0.722824780142  0.626868648986
0.406877842236  0.313973840713
0.501419587456  0.490462670817
0.59220262907  0.556699678071
0.350536809706  0.439403202916
0.368966872087  0.487560639475
0.451387779154  0.327425484495
0.603755139629  0.45364293638
0.421493205249  0.58622467321
0.454980620547  0.5294766311
0.529541005124  0.541875415441
0.383641647431  0.677499976258
0.63678842968  0.689324851375
0.436634387538  0.466149797077
0.46716707726  0.338860872079
0.357719595415  0.480419547323
0.518559059217  0.622412319678
0.55289640091  0.371877877483
0.453870204758  0.469285189808
0.533504736664  0.551869594595
0.586415979153  0.402644191218
0.461198832014  0.469753021138
0.446325143139  0.599165397667
0.405372599482  0.255397715856
0.369076678898  0.349082637863
0.573385350163  0.373222968275
0.315853655756  0.497944764511
0.466885013572  0.488580882237
0.280147083958  0.48824691453
0.439848273084  0.515864373898
0.578578314291  0.623133974584
0.436338186021  0.549283193977
0.562329104477  0.458297548884
0.555420345532  0.493313997183
0.533086985757  0.543583471432
0.611615871738  0.478576329611
0.429906325089  0.403566939519
0.390964900521  0.366446568835
0.503088784318  0.340919802372
0.555081205351  0.59310807391
0.532970637343  0.603166174113
0.287862807001  0.599386915929
0.647854121221  0.373331838437
0.452637110026  0.443493647095
0.445107898121  0.379436982557
0.504730117424  0.605074268362
0.535837746488  0.269066437418
0.628193246501  0.499141561028
0.44109197882  0.454855441211
0.445705771709  0.471304871816
0.405880821942  0.340669177157
0.425880548699  0.536918636128
0.344574179292  0.367305611958
0.464393170896  0.424414694415
0.620090312831  0.486508452891
0.394275412824  0.715355338799
0.330252442522  0.478208534653
0.721466505533  0.58558179804
0.646058954589  0.552026477253
0.530471926921  0.488987348169
0.486023751774  0.499961548668
0.527925043078  0.281771852379
0.46512598817  0.509578270155
0.484994131559  0.55889452462
0.641833397814  0.516965407136
0.355586181331  0.414000684103
0.453853612396  0.454799033097
0.362508427394  0.544072937341
0.512630817099  0.495270186336
0.356330926729  0.474447208339
0.374310399141  0.449489075083
0.498045834713  0.54900096365
0.453920962672  0.41188822545
0.574296706899  0.342787683129
0.532304797619  0.57879230494
0.361029071716  0.437651249081
0.475521263574  0.520299212651
0.443588320777  0.661877794962
0.510125708323  0.5335015211
0.466328679102  0.520638493107
0.360540490047  0.421380086941
0.451324121262  0.595584677506
0.58984888576  0.407890332642
0.472128059819  0.472934543193
0.351662744222  0.606291784249
0.598387026921  0.566513717758
0.449235039372  0.493109275661
0.504964936521  0.586181835561
0.614802981145  0.681308274347
0.446770770572  0.438476141221
0.475706320521  0.596426120661
0.60391966261  0.561881680282
0.398927413494  0.59166985498
0.497800514751  0.519813666049
0.701056828935  0.54309116163
0.435055153376  0.413144866491
0.486163880633  0.433416577254
0.55260187662  0.471962953879
0.349668172979  0.62006611859
0.520904343902  0.626519023878
0.501848301175  0.549933415507
0.655150004656  0.482294457891
0.458754166938  0.54060525623
0.41342622157  0.521313975508
0.499731573185  0.309558078318
0.681835308245  0.511300017626
0.53718354984  0.370079553332
0.397129632763  0.48875475819
0.47345344606  0.65265204869
0.449206274429  0.528109623467
0.48301455463  0.481551933846
0.62587933789  0.759031537619
0.499466478753  0.47207013503
0.470077779137  0.521015094751
0.649840589171  0.510182986789
0.492185433429  0.590192956126
0.484849696759  0.46317062655
0.490963834936  0.571844105181
0.547300477069  0.561686269356
0.539677594447  0.50437267964
0.447341855969  0.34974990631
0.47031851506  0.598227853086
0.55849377208  0.593684151849
0.444660732622  0.416543414147
0.548358481467  0.597343457857
0.432315876002  0.466020763649
0.574631830855  0.375613293289
0.458255755071  0.420126040743
0.645789544262  0.512191792642
0.343392832935  0.71918007351
0.493950397637  0.465362461335
0.518371421584  0.542788449909
0.531346378188  0.54668323147
0.263070119541  0.5427649533
0.549239572021  0.634801774453
0.567098765351  0.407407468886
0.544288263913  0.562973926466
0.514756422937  0.475709757166
0.494081764337  0.641298119848
0.481615952403  0.530930801123
0.510464573354  0.539373747108
0.257438788085  0.728607453033
0.479817371871  0.435110853131
0.484802450127  0.578391492302
0.503562964321  0.599247703565
0.493725266295  0.394626891251
0.456588955991  0.204668690864
0.479575925389  0.458006179602
0.41338645031  0.467656356161
0.511316704435  0.577273416504
0.358596156042  0.715075890745
0.446478689165  0.570625141103
0.651682729154  0.515256795282
0.347524050229  0.505499788996
0.373071291128  0.462627057158
0.322385764923  0.492618809611
0.412859353178  0.538878002901
0.512720003497  0.406503172972
0.478769812836  0.517529208199
0.713051410336  0.4171742506
0.472257456108  0.461774133722
0.291457763314  0.395773628357
0.424494812947  0.562203456278
0.496734751389  0.44309464249
0.585757221603  0.504898249583
0.344318262829  0.502640517033
0.329998272082  0.415231106428
0.545200984431  0.460210706779
0.369377199474  0.349851527679
0.485806452783  0.327222021944
0.508465536656  0.544395340964
0.474375182986  0.431736220702
0.376294641432  0.5656775946
0.546027570814  0.397836151192
0.527358586105  0.453764193169
0.503711827981  0.471291634306
0.64796169012  0.345003538056
0.540084444568  0.439221726974
0.602852489297  0.425058240043
0.657931698543  0.574587176383
0.434432804886  0.324794422654
0.531336842883  0.437703213732
0.495157208015  0.502999338004
0.557770531405  0.548107914632
0.435241190852  0.376843901735
0.403897109277  0.388025582857
0.44190458279  0.507036345004
0.426754447882  0.576781624726
0.470601033599  0.515631556906
0.613713978322  0.391582688608
0.552288899086  0.58200885152
0.410980634945  0.688793378789
0.4734790956  0.536776211438
0.378724297938  0.53754576706
0.460604442511  0.390714612387
0.463710717957  0.555345644705
0.418936480623  0.432186697796
0.49872272183  0.569299031573
0.555325200483  0.553070010538
0.570437441309  0.549727376304
0.613658423406  0.545979176572
0.423107622539  0.478691708945
0.44843705853  0.502273813272
0.578646840579  0.657729479156
0.654241699631  0.588930048509
0.337611434398  0.370581802835
0.474526637322  0.4977245595
0.472261390949  0.566318240411
0.62832198293  0.637051066327
0.431413817858  0.441141953608
0.530085083963  0.668131193246
0.555624353087  0.50167508948
0.60005042024  0.534201199194
0.477568087146  0.327619973989
0.695440426357  0.452842589606
0.336597394277  0.479309519155
0.495866503919  0.300542382087
0.429085174141  0.459226550124
0.694921388539  0.634450385365
0.597404225246  0.338148598483
0.246292584181  0.566859679767
0.413580258291  0.566901942492
0.537414035803  0.602652815302
0.303974882218  0.611196050136
0.460359885492  0.514402875334
0.481795892684  0.321100878556
0.352611868167  0.405994820116
0.651301426189  0.540799188275
0.257013761034  0.484319262609
0.41983231946  0.281172537379
0.5229704655  0.583218525498
0.695378705909  0.503686879287
0.426097039884  0.643350114079
0.552755303987  0.376191388813
0.706830050165  0.569139520911
0.469676646239  0.482220718108
0.262758489405  0.510698823103
0.369973231265  0.582425930724
0.26934088892  0.475858244909
0.473444885657  0.547210363467
0.651399308038  0.452754614746
0.419716704748  0.629932170748
0.538021256529  0.6534886966
0.533577895203  0.460777756065
0.52217324849  0.467070423928
0.3957308936  0.39293911584
0.406062201756  0.625936978038
0.481368648196  0.405460850637
0.674847810368  0.491800004058
0.437567184868  0.40959679401
0.515280249426  0.536329292892
0.361204342515  0.428774742278
0.416490460509  0.700919153077
0.64487516448  0.479362914163
0.416266488407  0.424738966169
0.557860435122  0.551506432806
0.500518160889  0.430151508711
0.438922263456  0.797012984089
0.481977315233  0.396756476812
0.468032544466  0.348809603365
0.493865893383  0.548115927842
0.47702959534  0.590736899631
0.506732450805  0.529932635556
0.472908754948  0.548158669984
0.210316322557  0.392848239858
0.567034129763  0.45940487626
0.427989449668  0.590608130192
0.540943833244  0.447233050839
0.580744846248  0.468992965052
0.507950118302  0.5941443199
0.486471296128  0.552418908017
0.620264616357  0.437557159933
0.61250797532  0.397175176374
0.443846709105  0.455953868877
0.616081586178  0.507433597854
0.582811859605  0.494515098763
0.686216331957  0.520502409613
0.399054461497  0.62799342212
0.445561962454  0.271961777694
0.514681595342  0.415057097297
0.478280570998  0.496370611252
0.460297943809  0.518579874218
0.437485000846  0.574647287441
0.673043376035  0.403820034871
0.32868990729  0.410007973203
0.463183876944  0.544185208567
0.310520305516  0.458502258032
0.624679376401  0.440980012661
0.67674458876  0.694554814082
0.504083128826  0.48316194928
0.333941691321  0.740750633054
0.446211987028  0.67154278147
0.335149246614  0.692749123256
0.419822915424  0.395332800939
0.454819545209  0.500409386824
0.487862630626  0.612109999383
0.424269972623  0.559912211088
0.520438025904  0.390026810976
0.48311679092  0.510677982613
0.479564864399  0.604666796636
0.468624098864  0.490946942122
0.533095663104  0.346117830276
0.296069385045  0.386215810741
0.470475665653  0.610549601555
0.512370789615  0.549135981171
0.51148858935  0.598239483329
0.583931769193  0.506689026792
0.400234683794  0.334030788072
