0.403455423438  0.593367813431
0.519560967085  0.498857361642
0.581397028726  0.610819389053
0.487224883705  0.577679519683
0.800774905369  0.540388637303
0.414923074258  0.666970685027
0.360368456204  0.389491578318
0.616500263064  0.442851554466
0.485109409704  0.494664662901
0.533195893047  0.602698229969
0.567479513405  0.27066134677
0.384463164709  0.524596236219
0.530582987149  0.391835842973
0.5574711122  0.37970220013
0.564610372651  0.369584230767
0.539515933224  0.396223407882
0.507894607223  0.578126860875
0.562173785796  0.495523896263
0.496852520406  0.520388923968
0.432642943317  0.461918307206
0.663019596823  0.483704564704
0.480316061327  0.585686531251
0.602068323996  0.425251455881
0.551166907687  0.40506709297
0.497234402591  0.53658213248
0.344263856573  0.459355626852
0.677312673276  0.632460008858
0.422804135122  0.297275578847
0.610396408168  0.436348502288
0.461924359313  0.417743966283
0.496688266464  0.578914205143
0.602944979055  0.536789108151
0.618493427834  0.564230226316
0.474144632512  0.526100838411
0.597389562245  0.498103562427
0.452787582176  0.274651142739
0.504189525803  0.522623614338
0.509946104447  0.703689807201
0.497053495467  0.54477664221
0.411451048118  0.605465150121
0.443851264599  0.45714956854
0.53717868593  0.498501788609
0.431214611436  0.469912117536
0.528424526345  0.505105524201
0.575516172207  0.15847279277
0.550864288426  0.55246272777
0.695413190086  0.606593671363
0.380499386904  0.523525002002
0.384368246684  0.441377955176
0.563062067923  0.389593331908
0.410518084383  0.30832584815
0.495899490137  0.266345236006
0.415361429888  0.640478737529
0.438926505523  0.542318714225
0.598777182564  0.57933937643
0.472297697966  0.692645975065
0.654363977194  0.608730031796
0.505601677439  0.407206123056
0.499718287165  0.524140289676
0.456618849559  0.552320923154
0.664438018612  0.538950421484
0.336749596567  0.623885328388
0.604917598212  0.400779459816
0.495393294061  0.46229538305
0.346719030692  0.568621714914
0.591814651616  0.31615887517
0.455696306126  0.681850018889
0.602231979449  0.471756915459
0.475578922636  0.545265305068
0.431794219676  0.577592457594
0.543409288491  0.620447205727
0.451264263783  0.660296285344
0.479125894445  0.602792409453
0.532655673653  0.430963244003
0.468069733578  0.394035255478
0.380841623758  0.536623901878
0.367772186222  0.658861210103
0.495256231291  0.584964098546
0.534138376699  0.383788986485
0.488039991803  0.460690633088
0.687287684912  0.478625968691
0.550868346576  0.739743934825
0.395993244982  0.468254951
0.442689323109  0.371559142374
0.583864539162  0.673169702589
0.352128914867  0.57187359281
0.429187182153  0.469171064937
0.352458581654  0.483466857448
0.402317051414  0.484419181414
0.388829088177  0.424252034543
0.651124823858  0.361123126639
0.59037140773  0.508791150599
0.540318656107  0.343992122049
0.361855235677  0.639619246003
0.567573168359  0.493383955401
0.504391887306  0.640257724462
0.656151852527  0.436718299204
0.449826295879  0.586372790803
0.391291026602  0.698843154488
0.509448815734  0.543626180634
0.320440114185  0.330207586281
0.421147914967  0.495262207013
0.537036118562  0.515165011329
0.499451360775  0.437624353333
0.701885121312  0.670373195517
0.431352885298  0.534183752685
0.439460500037  0.37398535169
0.444282944351  0.546464766427
0.496090428262  0.377770188737
0.507677000439  0.567184118174
0.481457380412  0.618734969695
0.384150456135  0.534417536261
0.553389042369  0.732696581425
0.425336778015  0.605482766476
0.42179034258  0.442061063015
0.56900839896  0.659626092801
0.540074206867  0.264210699114
0.540219954832  0.400887946829
0.467721962456  0.522036366638
0.54663357595  0.488908226523
0.521870534051  0.561124820067
0.433801912411  0.566277947494
0.426254955344  0.555470169999
0.57029971908  0.461084723111
0.552702995495  0.595175618761
0.276440988227  0.43553402177
0.46395162879  0.508137387013
0.378512949236  0.494747448503
0.440680756008  0.321778038289
0.285056994692  0.499570208386
0.536570894714  0.438850792077
0.595468901549  0.459699967717
0.517635480171  0.320808824087
0.38389829813  0.41257508439
0.509396097485  0.703890177351
0.439459173262  0.484899437175
0.549380224109  0.423711342676
0.451345728391  0.495189805796
0.525540411951  0.525998896362
0.597945106089  0.650823639429
0.635891768467  0.528152758741
0.462317609049  0.442397009799
0.549296292239  0.579102518445
0.46529089263  0.4988139094
0.376669923984  0.657221167203
0.64728010919  0.560442156813
0.435339927532  0.496813702512
0.336539299384  0.48197553899
0.705198989919  0.562498557869
0.221063823405  0.708012180086
0.592368400087  0.473237070432
0.422355783064  0.368015256166
0.526246432971  0.409468206438
0.589622347394  0.55265151045
0.455829750821  0.417563016252
0.379758588778  0.427844523514
0.375193985823  0.657778755129
0.524899296923  0.323384270252
0.557411699157  0.44394423995
0.474430630417  0.439639990688
0.409508572473  0.665796808887
0.48759141344  0.342406332057
0.624096953615  0.441167786357
0.469695560623  0.515683040568
0.677423139503  0.478682956565
0.336913424165  0.73320078073
0.518140897987  0.472278846267
0.496954136233  0.74460761335
0.58449026662  0.495333033003
0.713237606033  0.672745515238
0.473811460038  0.519134238363
0.33502674665  0.369511261474
0.599660826139  0.394238459868
0.434400576269  0.480051253968
0.606619415301  0.562804362106
0.419012396249  0.383758628683
0.442820588107  0.485103901472
0.364191221557  0.464823845209
0.638604454362  0.61262348179
0.46081571293  0.416181581264
0.537347983736  0.431315865688
0.681135050208  0.530746934482
0.48275517699  0.558359357879
0.492961922644  0.354454584997
0.5459448593  0.374963520278
0.391908963605  0.36414831384
0.543074412208  0.528316559847
0.539316005988  0.524699808603
0.284021624314  0.55733646649
0.39875601963  0.564257517852
0.316396425379  0.287254434764
0.567070006936  0.390322956043
0.651768826909  0.512228050585
0.621302942941  0.37023983865
0.559356054903  0.330982083568
0.520038529896  0.568428654352
0.590750943701  0.651503048395
0.434307134193  0.554252102394
0.548350566674  0.677048965816
0.50403361804  0.653968999707
0.428206110654  0.485506134114
0.535501730317  0.585671633531
0.533624377011  0.383463805002
0.405489266504  0.652000407383
0.44876961207  0.412695448915
0.562410845185  0.433226210254
0.526380450468  0.478882707372
0.411832788111  0.551988568059
0.453364080508  0.485639418961
0.477236391688  0.349717291843
0.498161956461  0.591752353172
0.647963572088  0.650912382688
0.457348975523  0.612286928795
0.416796947663  0.670057938378
0.467755764996  0.350210259362
0.551677857803  0.512591587817
0.517444479638  0.421872270377
0.5686303271  0.639261469981
0.651692320679  0.682595651708
0.592551602632  0.538240574006
0.431801276147  0.571703212847
0.617939937286  0.537904863892
0.436930430206  0.486167594848
0.465954067064  0.393115764685
0.444369777923  0.780159435358
0.651551144416  0.547052858531
0.429224009466  0.613939597611
0.449694836561  0.322301769579
0.399394928708  0.560973231268
0.673972274729  0.444141596072
0.718041486421  0.515173779721
0.361949224597  0.298343253089
0.480955589703  0.63724588756
0.46822546839  0.529102086172
0.338452003184  0.453516922578
0.640590241574  0.232411458018
0.40966316889  0.441253268181
0.487502266485  0.58554742503
0.595651232657  0.502910542498
0.430711027579  0.490081193781
0.532169621711  0.669074456555
0.539884105835  0.508492418962
0.54202758688  0.57043097631
0.532554384627  0.440841723507
0.543696786996  0.390170380915
0.432672571138  0.333418391719
0.560600844067  0.525474109219
0.516193308856  0.784614524248
0.59614273668  0.513895087134
0.526555558084  0.522294912114
0.514572372677  0.47966855464
0.40156499418  0.543998678623
0.378631733486  0.337758102426
0.536759346334  0.417213380934
0.572558124135  0.49588732846
0.532380836783  0.44671056513
0.538785300981  0.637144430985
0.446092174237  0.65143166596
0.577409782661  0.51576077596
0.57597660808  0.33672043303
0.556387845284  0.632527077674
0.551247188845  0.625461448313
0.540882117052  0.474737930222
0.662857614394  0.537031083363
0.60421727242  0.530147233181
0.51228275432  0.388898874679
0.406067318074  0.380710954107
0.29436918214  0.420862637655
0.525953130736  0.60129038452
0.471279488777  0.472485718317
0.355340475504  0.339076574969
0.62448062724  0.332086722574
0.51712122012  0.406698789307
0.656747442215  0.37088936548
0.46110138135  0.550889166212
0.680621397689  0.487311531225
0.459035696248  0.422495018981
0.317585566296  0.564358855988
0.290128644902  0.677282539296
0.373755087902  0.735806416429
0.458709364354  0.51331626048
0.335635544682  0.551094890238
0.564554156088  0.6246995025
0.567017892733  0.496333057918
0.454735958935  0.305362136706
0.499496722988  0.590786744417
0.546587757424  0.516108705932
0.429086078481  0.455228811185
0.611273206312  0.601425095182
0.415719328933  0.59583205912
0.380429743517  0.554128306052
0.448724451273  0.444973276107
0.573541811742  0.518964069681
0.478418556809  0.414616691798
0.554564993382  0.399094782127
0.555704464506  0.500250271172
0.385719889393  0.483312694108
0.529678469411  0.476212057393
0.518336636832  0.577421604901
0.666669030938  0.392356782719
0.277711401461  0.609311304008
0.381392865849  0.448202857026
0.435440814356  0.500104885244
0.376109217625  0.595653160929
0.444617202344  0.427805996124
0.639135343635  0.506403283179
0.481803345181  0.610454547727
0.443416021303  0.425176059222
0.730557438714  0.43592497926
0.612791836899  0.410381731562
0.584851151664  0.373118089501
0.564466833379  0.582990678486
0.504392950553  0.44993204634
0.586514290574  0.35680743499
0.465518474377  0.566455812294
0.492884723128  0.549742595035
0.462208578405  0.538770450755
0.425704061714  0.456675887081
0.488368274741  0.500537195297
0.595802117275  0.40202714957
0.578649997881  0.442333950703
0.463464789873  0.653615045593
0.512350594472  0.590145568705
0.499952062346  0.48351462252
0.45459589027  0.48255069393
0.505932690111  0.302115231199
0.563102515516  0.453166290663
0.586111244975  0.498121307462
0.667589134195  0.558778115564
0.498948617385  0.537551935292
0.387845438207  0.536962927883
0.451373462231  0.38123295609
0.409813497981  0.61812212034
0.511947079574  0.332848453744
0.595029438366  0.386805769296
0.495855810307  0.499900653198
0.660234874551  0.49064994136
0.459308571407  0.241881629483
0.275653245309  0.461403766878
0.585328303009  0.646477584737
0.347468641955  0.604697170713
0.384254920424  0.557340234909
0.441463940871  0.624144763361
0.588199680745  0.517981296579
0.594135144296  0.500639465938
0.477918764586  0.529890789648
0.411308900931  0.776548200948
0.529994838601  0.465258238787
0.523741297384  0.636231625592
0.477323948846  0.458783953918
0.540580930352  0.521420162989
0.428643106252  0.398364818889
0.483965850082  0.446079394785
0.580996247014  0.509564203531
0.486751424838  0.53130189383
0.545748520168  0.455878136664
0.376026952687  0.472725930114
0.403730350306  0.373948653521
0.445800662648  0.526509355102
0.501488518511  0.564959767472
0.403342598289  0.451415033029
0.471358787032  0.427750479556
0.481128349453  0.667446615673
0.451525074248  0.439982193697
0.4954414893  0.65161417403
0.513780396181  0.514527238135
0.552391935096  0.471504987351
0.575489084795  0.451767261816
0.486306604186  0.403517788503
0.629408578382  0.458997942284
0.654402948177  0.795568416556
0.422220271275  0.717835436055
0.655417137121  0.540508598285
0.476633990452  0.467411772453
0.618913584487  0.465649225443
0.615473487675  0.403867924283
0.410549261058  0.511080036523
0.642459481751  0.561791172002
0.519308469858  0.506390125035
0.508532932386  0.208366900137
0.606467373405  0.474919830139
0.666583729175  0.350991286347
0.49082591733  0.645813680589
0.496573094757  0.657260238315
0.506989259478  0.626500435359
0.554422175455  0.354470673352
0.57208307154  0.441409138047
0.507968654867  0.402904184867
0.602062779885  0.358681472597
0.331809445112  0.516348693949
0.597793977474  0.50607765447
0.578074483278  0.579947901525
0.576590073532  0.801520040478
0.612262709905  0.494992162823
0.574381155886  0.522566152511
0.568394963892  0.400910113134
0.480854932122  0.275554309046
0.531011128314  0.505495653286
0.711803971775  0.469102869981
0.584096813874  0.416470587489
0.494160299378  0.622770787826
0.428732503226  0.469537630966
0.524433454826  0.519913722179
0.490768345747  0.633131076773
0.482335516403  0.338796809033
0.612593471221  0.360786863524
0.415793022934  0.321634715892
0.287238011192  0.506684374542
0.474378637931  0.424789243588
0.420599521969  0.459270701343
0.436854209518  0.455839411028
0.610631565231  0.447301317164
0.483478393178  0.445340269486
0.287593147161  0.390526075461
0.606325273842  0.382215262958
0.708441931903  0.431871310498
0.352509724657  0.539163606905
0.520968575948  0.476090940184
0.429632137046  0.51607584205
0.504797806372  0.545733165353
0.667140380843  0.535464290636
0.405378785049  0.532367463637
0.518187994294  0.406733146623
0.561816748137  0.568498056041
0.551034684193  0.383749934531
0.575530938469  0.464982688633
0.400558133163  0.546338103996
0.466022868441  0.483959002237
0.636590202217  0.47173638618
0.536359039907  0.624431776322
0.62335019353  0.521153959252
0.480408997947  0.487673649463
0.544828282125  0.407280838681
0.288079325211  0.513898045877
0.523228903725  0.702747544366
0.461269270184  0.470451015445
0.462370805271  0.482650664253
0.488295979941  0.424273870963
0.535043574087  0.544849345518
0.584494823948  0.506933079288
0.33926477662  0.419138659104
0.489524133902  0.431505325173
0.569956860304  0.621405410002
0.481780664402  0.471664169469
0.579192616341  0.489177351291
0.464569772957  0.606720469887
0.453747793622  0.562189085143
0.503849786036  0.563487673008
0.518209825527  0.301435182026
0.602683823579  0.421346675163
0.425435978819  0.687652482176
0.386712001748  0.455322036577
0.647207925311  0.376392468447
0.543871727628  0.411800986158
0.594221837641  0.583447858209
0.631342354575  0.425053124611
0.529835361918  0.482572375783
0.436411532211  0.600240074347
0.371905622257  0.53644790504
0.426648823291  0.341580528869
0.562143617344  0.590752767762
0.63522291575  0.567357558843
0.52059721097  0.393898928085
0.595825391478  0.439868228726
0.425543720945  0.458455634916
0.46756584119  0.58946265466
0.553833541683  0.502433402666
0.499337954403  0.388356715201
0.528384130912  0.420190230246
0.497919571947  0.509648175519
0.402227325528  0.647480365026
0.445066716537  0.694683435675
0.719170998558  0.337099353273
0.497371931497  0.453823927598
0.617590558735  0.307171232614
0.516301948033  0.242358559339
0.578787560511  0.3792032872
0.5593098461  0.663952540774
0.582626610961  0.382847459846
0.488772871502  0.494097096151
0.401423710229  0.404071129248
0.573931821636  0.565304060232
0.41252646959  0.557725648388
0.51556162821  0.645098256312
0.549839085525  0.589042101213
0.32100341676  0.331290991418
0.536494883417  0.447172454448
0.45588640794  0.676891052273
0.430194598832  0.497307132651
0.461173748948  0.268305412419
0.401077395902  0.440579667396
0.638972271063  0.484402655344
0.415470824929  0.563804639669
0.506719593995  0.606630478012
0.534644244954  0.636597742549
0.490677942029  0.35008442091
0.445014799989  0.653626431389
0.390988263922  0.542427832982
0.578630710439  0.579679786924
0.417395744338  0.39860630709
0.492012699939  0.476813253271
0.460683349429  0.397082650724
0.499838126685  0.579264809916
0.541339297995  0.471559204267
0.476653593883  0.556766536372
0.454590975151  0.336829733768
0.494455671483  0.296671881731
0.467220004438  0.556793271334
0.557049790307  0.607337457297
0.543324387272  0.50892176703
0.532563531786  0.616533307249
0.466056071902  0.400234436168
0.500469430386  0.524426715294
0.322821354953  0.526261574824
0.559439302012  0.480904376942
0.615758269003  0.499866515253
0.35823030994  0.39358672501
0.36150155838  0.487169687091
0.566374679655  0.382026202426
0.515432488914  0.356680793301
0.570990165036  0.559165461721
0.437605702641  0.477887377795
0.459537378673  0.573202409293
0.572879224658  0.299255485384
0.600776994968  0.55986602868
0.319537246491  0.3064737067
0.566625256546  0.486387172961
0.456266015545  0.524538463174
0.454728455238  0.368579157412
0.436724473016  0.579018258299
0.438534891133  0.463086801721
0.368994282702  0.524718405294
0.602086867011  0.585838635241
0.635578801353  0.583905473387
0.280023562912  0.555570129664
0.498311700805  0.383204637385
0.490590544516  0.533059416396
0.552131966189  0.439822176021
0.487927797603  0.54465711341
0.619573239403  0.567595339023
0.661575089018  0.61838030437
0.345152375824  0.668152232729
0.436132562002  0.547788866702
0.453188770521  0.5989390235
0.638784720454  0.412365546283
0.402849662412  0.426844228027
0.419439148194  0.38727821174
0.524625494163  0.359360888047
0.558742700002  0.668471585401
0.612038526184  0.38018238536
0.661461086677  0.542229232647
0.536180028405  0.373609491206
0.532624047264  0.521041737397
0.568362754971  0.423767947253
0.444384799035  0.478905549889
0.366834288249  0.544771873646
0.523249002767  0.231030247699
0.438970516106  0.447472985407
0.341497570054  0.632164731779
0.502758671746  0.406879583468
0.52334485973  0.356374938281
0.437065743684  0.553444540914
0.564817040295  0.6599320437
0.346329002122  0.454048451724
0.610086900846  0.64942347057
0.578855635801  0.582724068461
0.538441871138  0.711125563487
0.604984842172  0.352963121698
0.558669558462  0.610139138077
0.348066827473  0.47397239867
0.27770738856  0.411519573035
0.512288260148  0.501333611525
0.616839149633  0.288648917958
0.480072686375  0.631749085989
0.465036922498  0.255989357296
0.448937428118  0.502895884793
0.544663887174  0.463755970261
0.612158953992  0.476416464428
0.529268454542  0.394900086594
0.32217496043  0.612231461207
0.482510958637  0.390534013108
0.561464853157  0.478738636112
0.473559820688  0.492038041817
0.659170698051  0.697496580809
0.513034287076  0.418451951633
0.420691194366  0.50936387841
0.601225072636  0.537289857685
0.344546746819  0.594775723144
0.627011430508  0.479381213117
0.486901166391  0.441283358804
0.383929397217  0.416175912374
0.446588881225  0.593569932653
0.644306747592  0.536005113086
0.428372421387  0.639067626823
0.43902522314  0.885515511031
0.397640618203  0.364935913198
0.635422610776  0.440252827478
0.684170842487  0.535173392604
0.475957983062  0.571109026221
0.512475658198  0.554965182229
0.407561237908  0.417206367588
0.580403918285  0.428182615192
0.664939388249  0.643958198447
0.61361094971  0.691330826588
0.487383790667  0.592204089767
0.371251932056  0.396496017896
0.360291698034  0.476076257538
0.698146084311  0.343190674755
0.680249668251  0.565503936188
0.411980158686  0.650847547734
0.441162046441  0.633681364187
0.652815079759  0.673987404422
0.453501647329  0.541672713223
0.419095801725  0.510910529892
0.236841122741  0.471736467847
0.551712823366  0.620280344324
0.399382319746  0.527648517817
0.356492489015  0.32899167618
0.53143753243  0.477655647628
0.628043911061  0.486449605783
0.563333607025  0.455744533975
0.406694765656  0.648957541591
0.472294361826  0.566387842186
0.514019166342  0.3853927599
0.419527719807  0.709782046104
0.391930873081  0.65899579502
0.422824946764  0.416079841684
0.610226758848  0.456314688425
0.516067187857  0.583696596909
0.446198000241  0.493995826893
0.40611001331  0.685492657103
0.455113620965  0.523820971513
0.400567108006  0.518469718643
0.364493729961  0.441991480073
0.525396077141  0.726980156389
0.526567588679  0.430873688524
0.457624244647  0.632964630667
0.573845091185  0.718082966841
0.465728318532  0.627205054417
0.36760259271  0.447941483765
0.416831760354  0.365782032432
0.629625093749  0.453974916872
0.548595932951  0.534931742154
0.534875433584  0.30376079516
0.448680168327  0.309231264485
0.503298181607  0.415847847038
0.536888463775  0.611913073461
0.425362467005  0.434500631119
0.587339762026  0.466325155276
0.642770304681  0.341909717186
0.685052380688  0.61027613749
0.427360555448  0.447583225315
0.6486303182  0.44662624916
0.328135626461  0.584120986208
0.412334982581  0.489128570157
0.621107083031  0.438707891251
0.389535386386  0.639528416905
0.524566626661  0.644577886965
0.61511627816  0.526364777641
0.479501811157  0.387448284291
0.369362782407  0.452376085649
0.404793047168  0.516863890015
0.47501489438  0.418669711257
0.498834070761  0.390825133786
0.472586301942  0.604574057081
0.652630299773  0.5922740936
0.603574310878  0.707729981842
0.352299511433  0.498896896365
0.586016667169  0.28669791506
0.582463233169  0.57727146678
0.513679688646  0.341391776511
0.568462163763  0.664905157878
0.578020675316  0.341081719581
0.548476132768  0.563543833718
0.595869198616  0.60580165459
0.469282660736  0.583845671864
0.422535309284  0.628250036589
0.350987701746  0.453884324883
0.372730119794  0.390665971436
0.723258561978  0.517281617037
0.530734880274  0.614254773552
0.451542775251  0.577169282923
0.583139847205  0.511646902225
0.575064579011  0.538691954314
0.674029957962  0.420941850728
0.582326358196  0.701968021042
0.475473665804  0.519132703225
0.45274308481  0.555427533915
0.542289617923  0.342202109513
0.554051189327  0.609423620487
0.510223532395  0.517109682658
0.392629864843  0.561321780492
0.404410841909  0.39455224125
0.32714081784  0.525478391997
0.416045067704  0.579079413293
0.50324334624  0.450097706832
0.598435729729  0.313433497348
0.496213215448  0.54981252784
0.444001240692  0.506453608551
0.375121628492  0.570328714402
0.524997014398  0.544035816189
0.706812699658  0.457429311065
0.501014538919  0.267351499263
0.387035055416  0.433781705214
0.483359262505  0.589270477778
0.407043875211  0.437938929423
0.393386133552  0.443992746099
0.44385431113  0.483616288699
0.326618940923  0.434291152463
0.536848869504  0.468370942889
0.601319996997  0.475215398295
0.591224723081  0.588379776481
0.521284066026  0.48402929216
0.59959940209  0.518062808307
0.528492013607  0.489004700632
0.434558059662  0.515022023108
0.459546651865  0.311108317619
0.407874796218  0.553385729203
0.662560852028  0.503519784813
0.551489331528  0.709686942398
0.48392395587  0.358648365416
0.446744315271  0.471418795314
0.29785140876  0.525512781589
0.577526133657  0.595125586977
0.532103384952  0.417428848762
0.415096519562  0.51309082451
0.615850341683  0.631859865057
0.458530981164  0.561134553545
0.557118447223  0.539270272984
0.582628945512  0.431635729369
0.454130045632  0.508289476515
0.417603667566  0.431011259216
0.289865478841  0.357523823511
0.393693898795  0.49179214482
0.65848903758  0.437021576516
0.475773543182  0.536730869431
0.392751345615  0.636734549116
0.462332861166  0.340534743934
0.609047903713  0.335031230141
0.55873874384  0.551740092234
0.39379662757  0.61002235643
0.711231880568  0.417660597296
0.48808606673  0.621449795257
0.403465843458  0.343286759916
0.44337952826  0.418536924623
0.56710950869  0.360231529408
0.473328290927  0.416867306218
0.355982466469  0.371167766258
0.533084749499  0.614518150746
0.325199232295  0.293616543458
0.513406235969  0.611330707408
0.486880453388  0.460354297427
0.593588452314  0.356006517669
0.552839417137  0.636941517598
0.413051301422  0.554488761363
0.414453611306  0.584656553945
0.511711337589  0.314126269363
0.528166127532  0.488385197216
0.428842008354  0.579354230029
0.602891515094  0.583955428883
0.608516868089  0.315493783679
0.472583401446  0.488730893106
0.591090238601  0.641052358007
0.512009621465  0.537065961769
0.561913448416  0.592341972339
0.43985799513  0.56592761182
0.4504063064  0.436184859271
0.412336940047  0.598321094168
0.391022111552  0.412069847658
0.476652008946  0.345689129354
0.370275773374  0.458919055794
0.644015718936  0.541168106924
0.490663915903  0.471146672987
0.500339469252  0.4267058404
0.493678545346  0.490176094922
0.49326956555  0.455085230253
0.545937266708  0.4603502866
0.472424023845  0.688759654447
0.529842915727  0.47107545583
0.305218915744  0.479473008291
0.397075143779  0.703078635187
0.460361487844  0.408261728072
0.451149162259  0.405061696122
0.60411405199  0.467962217081
0.49222568021  0.61382746907
0.524567682194  0.456962221579
0.532824665706  0.600123964357
0.457277751915  0.52974995258
0.437113078415  0.66255037471
0.557116469342  0.591254805945
0.616217101339  0.309704503382
0.556409560731  0.728265477514
0.443959595225  0.707805750473
0.530246378207  0.453733723496
0.606339730598  0.42234181531
0.372854380176  0.567647057168
0.53520008944  0.549280232067
0.390575009065  0.432343143003
0.368389673724  0.638745310003
0.556800589574  0.426619623472
0.291470278071  0.297038500036
0.550417161682  0.490868133458
0.448282800704  0.470509376029
0.487821931048  0.330854464589
0.452925896099  0.470277052098
0.402486195615  0.372247027525
0.676812260023  0.459095370168
0.413299741524  0.477391361952
0.604333106648  0.468852399816
0.598526967381  0.571910180273
0.45843134628  0.510324408581
0.523543012479  0.512137543137
0.456727002401  0.444896429642
0.534024835559  0.452601195243
0.519478451764  0.534263742435
0.408687461998  0.386598238545
0.628222363542  0.496207034627
0.444807659693  0.600864783301
0.476498825226  0.393340989184
0.564786436659  0.431982380791
0.45624633761  0.597537553107
0.779877740319  0.430259184528
0.357251573862  0.579366380485
0.339018917334  0.520243424182
0.566049280601  0.631636074893
0.688587686633  0.649493126968
0.451327887459  0.548594242444
0.455036876713  0.56462761357
0.443894221019  0.578328863489
0.505052430076  0.301820606171
0.531588611544  0.647430454716
0.503783075493  0.58635073802
0.396314575915  0.566403885441
0.494552746467  0.30261561747
0.495785725228  0.548069305263
0.518020608774  0.513018808084
0.446408152025  0.722675966288
0.426459431648  0.618135481741
0.353750829929  0.524943330718
0.412902332402  0.61263072157
0.597415873563  0.671442786372
0.456475672855  0.49948844221
0.352345884715  0.594340386627
0.482217563951  0.541674887889
0.542711102784  0.411618769356
0.379993680149  0.468435156242
0.554126729783  0.402869439953
0.578824779616  0.496739304227
0.536432658401  0.561716720165
0.49641970487  0.516777327733
0.574497360648  0.57149411821
0.451678605395  0.52343312027
0.526442764885  0.30769407089
0.447534258384  0.564312212991
0.593399507884  0.675705980901
0.334649961496  0.411419908682
0.491452442263  0.631712600382
0.442358982275  0.524489147037
0.375809057353  0.609738999801
0.487690099169  0.520922550657
0.498332144455  0.521016097725
0.336809303653  0.487823369321
0.589618783877  0.528623797263
0.513739668738  0.373978639684
0.429501944187  0.635794422103
0.373186605122  0.425504239507
0.410893081671  0.510765099014
0.649671246306  0.451883501687
0.494486361125  0.350584177827
0.633320147502  0.774208472063
0.481414958304  0.375473334952
0.241472901409  0.420506863251
0.504397386991  0.308827416264
0.446614887591  0.533226956337
0.566461114964  0.411686712016
0.476433336745  0.395305020666
0.315845163755  0.508377548216
0.414642393733  0.335490442756
0.541271770663  0.466261000805
0.75381011212  0.560891230944
0.583318677741  0.482807955287
0.641619550736  0.519919808362
0.305460458631  0.546260166601
0.498699177069  0.352868124208
0.411856506546  0.652970041679
0.515560777153  0.591311583373
0.348216088324  0.585171393417
0.565061394252  0.567904946913
0.508375477845  0.434634887756
0.519835501071  0.65331395539
0.443592091078  0.575175147981
0.488596947697  0.490410063339
0.593380038613  0.656555587374
0.526189847442  0.631044713323
0.415148417536  0.501454453317
0.389673917178  0.324899893503
0.486952714049  0.451435788694
0.396774992371  0.415384698711
0.505907080971  0.533344445779
0.419457481062  0.410557170035
0.495632744506  0.731111452928
0.41699664368  0.60003893434
0.529394573233  0.428909136716
0.63871920792  0.448513141689
0.40330710171  0.523861687415
0.524083069778  0.373056732523
0.710635493325  0.447909003334
0.606794164889  0.510615577622
0.523122163224  0.416077006494
0.410235055536  0.487516346768
0.469456953721  0.604548823499
0.630399225219  0.428045749942
0.436556855601  0.37203394926
0.455379927571  0.616656463407
0.452927928988  0.380725054546
0.528374141481  0.706373730524
0.499238693113  0.543856208394
0.48597065652  0.474304740468
0.489659048765  0.448646354227
0.55615823391  0.547739667015
0.484623010889  0.59791159638
0.617263395105  0.394870993853
0.481776093908  0.420245225912
0.47964355758  0.601458195003
0.438337425912  0.324874042869
0.479819626339  0.240512934125
0.442239556531  0.428764283011
0.365050093757  0.455535868084
0.437038352606  0.474674978967
0.523028096348  0.31474032303
0.519779902085  0.384367471215
0.541773572061  0.354398377833
0.643259663667  0.534277457735
0.438701136761  0.474295959799
0.456796901795  0.482361768837
0.479134943819  0.442078011884
0.583366050143  0.430890725051
0.513809280203  0.623413598463
0.439271564976  0.390388949446
0.476093820932  0.454288576647
0.539379807748  0.730596844212
0.448303409027  0.628270847867
0.521772989141  0.528280817224
0.564648158596  0.45368128375
0.543571647324  0.442990770171
0.535924395052  0.518915119191
0.541699012747  0.329015171216
0.74426335856  0.443817054598
0.466818548374  0.407171830201
0.562604615805  0.537403844436
0.634790677064  0.438376723345
0.547894203694  0.576616997602
0.541263906101  0.386250027021
0.582271000819  0.669410974211
0.501594253255  0.559814572478
0.564189912036  0.467670884306
0.47414260106  0.371179965593
0.569741051212  0.595749366198
0.362168601318  0.548552022476
0.58125904322  0.698954753566
0.472660726844  0.447935946407
0.518406748606  0.446797278189
0.458726682214  0.642433192103
0.430494159733  0.458591710745
0.545334553162  0.462288724388
0.63592298234  0.444868014095
0.493376579566  0.402054514871
0.422198426263  0.588377297403
0.47712166355  0.425272754645
0.592506517755  0.495699793913
0.558294027981  0.548312899645
0.573995868781  0.397855800094
0.463049924859  0.554686453428
0.513959801989  0.353507346799
0.354551735013  0.463566978104
0.482090342827  0.55632481487
0.549908816483  0.549765380578
0.484778570761  0.362181270001
0.592749639745  0.702188251533
0.472786645974  0.580140050051
0.36762624253  0.428490854786
0.53049869656  0.468296054178
0.676113217616  0.482385495025
0.436392031923  0.600478423981
0.383869422846  0.40622337359
0.344089112013  0.490086561684
0.670624502885  0.529145735325
0.723661712535  0.448908462204
0.520276517438  0.725789399619
0.555807294569  0.450584592687
0.422569145438  0.395422616847
0.514799547949  0.392005298063
0.59433869748  0.452942433587
0.561387238629  0.508495180319
0.519014667664  0.350409624469
0.578658084981  0.455076904269
0.621836020993  0.421644922684
0.522627262002  0.459732694053
0.371705080805  0.593283009166
0.513570747774  0.322083742792
