0.468751074394  0.48105033516
0.546711615636  0.339101454801
0.405281645163  0.651059072516
0.700586701948  0.34603165312
0.513241376985  0.317246987383
0.464596083405  0.416474243144
0.554521161322  0.267511216258
0.488557302266  0.619540819227
0.444810919801  0.480812541657
0.402664564639  0.468117618981
0.59183871092  0.434899484526
0.53935836512  0.374155623161
0.576924145971  0.540143677206
0.520406549847  0.340556952576
0.508108704347  0.386110930788
0.504443930867  0.335376382619
0.505704818052  0.601619031062
0.560561856792  0.446385928392
0.628515039324  0.439489219914
0.758094229717  0.527710051589
0.359239127999  0.396629145532
0.436503153671  0.400989875231
0.327464001583  0.441446391941
0.59954724243  0.395188648457
0.591568090283  0.390865344139
0.577967218188  0.337660039142
0.549408972752  0.606707335152
0.427551665754  0.369464626487
0.535579238432  0.549874640349
0.493903444101  0.610719538282
0.410889484982  0.578233287693
0.528884516742  0.39419035241
0.46835812269  0.464042504051
0.422059926466  0.352823354602
0.656029493841  0.53620291054
0.605291441302  0.546676897397
0.60153364075  0.473513609895
0.500422456491  0.57298824921
0.526819014001  0.478889531977
0.518070297551  0.467655782464
0.609445248985  0.487895310948
0.466841797336  0.437465986102
0.534599792199  0.454704872982
0.55128657991  0.385251258119
0.642786793221  0.581348639342
0.490701802427  0.433583588107
0.550198134944  0.553580073155
0.395774463346  0.45309727664
0.414760459057  0.503126217606
0.465576999869  0.3578248799
0.514645940329  0.492973778703
0.51541444552  0.439361619325
0.536498190451  0.526294608859
0.488905770925  0.54891668924
0.531607577201  0.39136289484
0.492789839126  0.595151714513
0.637639769694  0.266431124848
0.394991081961  0.415490256138
0.500505644855  0.389673818047
0.458568152155  0.41914651508
0.583704219897  0.360508353499
0.588968641279  0.606347958644
0.615617271329  0.519461132794
0.459168421224  0.365799130392
0.233341698887  0.410220661145
0.493914379971  0.50211881763
0.576025377105  0.458914949697
0.434550073753  0.424358599263
0.379239521357  0.534761523763
0.407082589134  0.553830412225
0.523457113042  0.50268555733
0.611410083848  0.282214439068
0.476402990044  0.504231500729
0.62235686038  0.479432722452
0.380937506115  0.400476782003
0.617543392088  0.384735847657
0.421981810373  0.573164553248
0.436662542126  0.469257361338
0.483085197101  0.428645096171
0.511212066464  0.58710659977
0.522360409162  0.416633207642
0.539777131564  0.323593609123
0.648628495307  0.32669042483
0.549050264962  0.465547228268
0.395402642535  0.480010524183
0.40994964018  0.425053648677
0.409001034022  0.330352373739
0.427193441704  0.586866277757
0.494056544575  0.513551258649
0.453007096254  0.287071376974
0.565371926057  0.525192768386
0.48328394947  0.592471763408
0.455448620173  0.353109380796
0.667696710295  0.4768553552
0.550910474815  0.544072556064
0.346566854904  0.737991826108
0.422190924908  0.522954846504
0.566389883076  0.363369735395
0.521138525872  0.55673007796
0.485736390837  0.474473929309
0.418036699073  0.599418384897
0.340338233085  0.513721697897
0.505453639574  0.430013746334
0.531006553715  0.353327097415
0.361665259258  0.527373233976
0.44337139614  0.473450940113
0.423376032319  0.56095592789
0.55598838677  0.431120846481
0.606215904403  0.408865059715
0.40445731866  0.32547209157
0.579659746155  0.565104403315
0.481001565307  0.566389920857
0.452569810573  0.475333082151
0.480268594892  0.367106041324
0.570718825865  0.544186571296
0.507640108474  0.597271002178
0.573316077882  0.455954187508
0.564083866952  0.552665518056
0.62984007721  0.44577065938
0.665026809063  0.457034905946
0.562348035023  0.309014566211
0.521349414879  0.348822260801
0.48788743297  0.549738107719
0.45892255754  0.435637025289
0.639792619064  0.407566598869
0.442599063979  0.492449066297
0.468699198736  0.461593190254
0.550056250034  0.460145633639
0.496038359573  0.440556928493
0.434150062956  0.58454778744
0.311903968702  0.408269342589
0.433044433047  0.41496339364
0.63436362661  0.472291558562
0.59179522025  0.375396861505
0.284546880619  0.494070987475
0.524807350353  0.497470132607
0.498897880529  0.447803254109
0.520393991514  0.507239050763
0.607012130332  0.580464955889
0.432970668937  0.642949660304
0.548924995986  0.590146403609
0.395833609993  0.40685402447
0.560503758668  0.425406989977
0.573412675613  0.503245393848
0.551028109454  0.515523238847
0.450566055077  0.414079689175
0.524113225061  0.433958958347
0.553758688238  0.545687743177
0.421830664591  0.411953764729
0.432645107912  0.464782459246
0.421395649963  0.42478886583
0.565393989097  0.498536090589
0.736819977137  0.461340788794
0.413971147042  0.517502471476
0.599374343167  0.504411664232
0.444944354927  0.515865961701
0.639686464381  0.389722415444
0.55004413318  0.601679416088
0.262632525868  0.552531235423
0.602095705853  0.529063476746
0.484772147886  0.580981309731
0.524589611034  0.20781447605
0.534311348695  0.290640243134
0.487564428337  0.463242048507
0.516591047374  0.557340130573
0.615857124403  0.485915830841
0.437615827649  0.588471270494
0.362550426319  0.486999359751
0.582273004722  0.523084303539
0.407179143005  0.460355046584
0.35988882665  0.636682092609
0.458463035479  0.514857464191
0.528782765234  0.406928965559
0.495574068412  0.355802170603
0.300653543511  0.37340046041
0.431033294024  0.421306986251
0.510622505243  0.696397205861
0.362194569117  0.525825039992
0.559109291296  0.728028861941
0.596802064812  0.600140992381
0.407317725412  0.496389091238
0.187837451595  0.283867559894
0.612949175172  0.506987969494
0.401639876295  0.384505391638
0.399739453407  0.484600368562
0.466223877201  0.634943610155
0.608239138158  0.396771323541
0.488796460886  0.575334232591
0.512863707829  0.405913623386
0.510918458797  0.450821427218
0.640448176098  0.712997458771
0.546110656783  0.446128476894
0.560314065167  0.446482403492
0.272316189406  0.435425919221
0.610937235629  0.448273136996
0.700336737273  0.314275643544
0.463363613194  0.658673480966
0.572469145445  0.54063039501
0.382256300862  0.560503357713
0.67818869474  0.480505902382
0.337149775471  0.44450221614
0.509508950852  0.454366140474
0.513460201117  0.358814613079
0.552885967683  0.575661773529
0.441188123489  0.442156047386
0.598329358249  0.465881744855
0.409464037208  0.433728855964
0.580020404442  0.580400295115
0.543545249012  0.672439827153
0.558129590206  0.439521286986
0.460171283798  0.380560596926
0.456830925833  0.437518538743
0.658221151086  0.324777046588
0.484109088903  0.530498166492
0.391616891905  0.328760641274
0.501543087164  0.401799421249
0.606567039971  0.361806161847
0.443583830541  0.47476777608
0.61670535385  0.479876099297
0.524180554107  0.324712449824
0.400247157858  0.408805764544
0.428297430038  0.38643021171
0.56219401222  0.45308424034
0.504598312091  0.633550891141
0.567958267491  0.530281547027
0.539084212984  0.353231327068
0.440387697806  0.466453162222
0.482709483486  0.581341348875
0.711394401885  0.462462097366
0.585102808468  0.556789073459
0.570997370546  0.459951464493
0.488084075684  0.436763448547
0.440657695075  0.548171684231
0.436849977655  0.547691366223
0.612440919492  0.456156878646
0.455810359869  0.446862023973
0.493546388537  0.343857962133
0.384585230898  0.582690169531
0.335292594727  0.51589530039
0.382689629423  0.382919861132
0.659076638593  0.537583907418
0.388659265032  0.622412978234
0.452572844097  0.682688337004
0.422522173749  0.473172450009
0.625672755781  0.519620174363
0.536365998187  0.406277633445
0.422891950987  0.471737656586
0.489158686316  0.669122281388
0.599951496694  0.541044049978
0.482942493624  0.408489898881
0.45260526035  0.528569396822
0.43964569977  0.560174012028
0.44993436059  0.643860299086
0.436310549856  0.451911189987
0.48764728127  0.404285023327
0.397553114654  0.539699893245
0.374158905237  0.554357413767
0.337866736774  0.372904818197
0.500125002671  0.501971937099
0.488980311277  0.508100711344
0.397652966039  0.407832709151
0.327081622987  0.173727562982
0.404984700641  0.571955336196
0.812331681202  0.373058646113
0.402159292978  0.519798826839
0.525938368541  0.40436892972
0.515103007328  0.393983742497
0.513636430357  0.499616434839
0.464476829472  0.287572495489
0.394249954875  0.505587695632
0.51022936142  0.607409865856
0.434333508852  0.513072623055
0.650836945507  0.587317521217
0.518188216261  0.590561690645
0.430975167905  0.265181209055
0.230083489065  0.511048295142
0.451320510225  0.571477942049
0.616839519475  0.505620825225
0.423310029887  0.506312496533
0.426361993262  0.538491123189
0.439103513893  0.620734135742
0.447512702125  0.437920095557
0.659509362346  0.70237100714
0.544128521733  0.253656500685
0.578258957395  0.565556570147
0.481061383516  0.555043396145
0.566595538366  0.527760859933
0.424382468974  0.50175417521
0.356069970523  0.37561452937
0.508002303243  0.456526474118
0.501875903171  0.475787359951
0.563671173093  0.284358554875
0.453283214974  0.326724247937
0.542012269883  0.429806815459
0.463097368955  0.663524149127
0.454346389995  0.433218717876
0.47884065935  0.236709064846
0.649757657827  0.470542716278
0.554206546986  0.472280822804
0.433363504558  0.487640730578
0.505350690127  0.399247103773
0.496634815076  0.534817445957
0.378302830032  0.451739927861
0.506540208635  0.387716656316
0.32366023951  0.57607416876
0.437315339781  0.537232216547
0.548806178014  0.413058419793
0.517400118554  0.499424933215
0.403945617757  0.419929539773
0.429606699809  0.465626026645
0.388686520622  0.41151027807
0.471667476166  0.558489284364
0.423012550277  0.2826904618
0.458686713138  0.485088231441
0.594962724463  0.434565534016
0.509628533585  0.669783598221
0.477244526068  0.627846781235
0.40894807455  0.561481559433
0.582559007593  0.482021724828
0.532189847585  0.352216397911
0.573654863995  0.437843090766
0.567232124255  0.644274835949
0.344336111757  0.546050273751
0.426911489078  0.510998602603
0.509036210974  0.400187911518
0.464344590985  0.29248240975
0.550917453304  0.536468746429
0.517665488962  0.546871832678
0.38095222304  0.767402890433
0.450464609843  0.43361287123
0.565268569924  0.495646213191
0.450024867886  0.537592049722
0.487372157299  0.430412314908
0.392838987015  0.468299805976
0.300701575549  0.444671441439
0.515549427813  0.428584364395
0.631162622726  0.489481363783
0.543234385614  0.442608382719
0.481933539071  0.562366445024
0.403594424985  0.619099948731
0.445748329204  0.496077758255
0.647075551293  0.538061555367
0.518142102026  0.393912206078
0.586400751051  0.724886594017
0.541649154154  0.560899992193
0.485453999047  0.618485818323
0.596993108343  0.390691442612
0.538193272187  0.490105178695
0.511351680989  0.485625144582
0.5345152643  0.279062074165
0.629698579277  0.311760103303
0.227007062038  0.547340310263
0.639419917808  0.665462556639
0.500438955372  0.619733220537
0.396319990714  0.344411722639
0.657706629404  0.582607851595
0.290474438105  0.446606064644
0.375427059921  0.501373038363
0.592216740321  0.408040779358
0.501919782002  0.377927779303
0.601344103277  0.57848975499
0.660714739325  0.616665032624
0.421221250434  0.607133818127
0.560073325126  0.545766870084
0.680525565282  0.564036594824
0.547015061241  0.460954675373
0.435440269057  0.55657485203
0.559671369964  0.433856535579
0.634523504966  0.385964300399
0.595330313968  0.537544267479
0.597783924598  0.446865825137
0.675917326918  0.440118813018
0.345948741707  0.616854826499
0.668286317709  0.386560206551
0.413510546316  0.297677942179
0.514143854586  0.463052664529
0.582926239391  0.567406425251
0.59751981733  0.476896924634
0.519875936176  0.460954793329
0.537282325092  0.527689276323
0.413565573094  0.56060122491
0.543719479958  0.502527634765
0.487995778062  0.395130338868
0.691083183503  0.726316144783
0.720204366264  0.327203278114
0.475266047408  0.582722923508
0.192317844017  0.368488346138
0.452377663279  0.459243998834
0.568455578598  0.658902950393
0.459614480706  0.573682606212
0.396788803133  0.465223019828
0.579576342783  0.559203553643
0.264072822656  0.549221759993
0.451798520071  0.463298890354
0.468331152081  0.71380573607
0.640794804216  0.32871190257
0.524643614146  0.465213111211
0.479295366138  0.404357958849
0.635324673475  0.451647973439
0.506934028499  0.417264840979
0.460535835362  0.606866493963
0.265374518439  0.499952383267
0.375850663944  0.433806554087
0.560217513518  0.364704805073
0.561721878971  0.546992032755
0.600205623107  0.632078776058
0.322811964447  0.597170740205
0.50243876872  0.639317083264
0.523656180208  0.453636496158
0.377829868549  0.441395897564
0.431806744809  0.491914268737
0.399122009993  0.445475218123
0.301852775512  0.615904719104
0.662642623594  0.506501650568
0.422667657752  0.414058832521
0.511849915149  0.220554966538
0.54040466412  0.696399133821
0.599109894355  0.427304104062
0.556763050046  0.55711833251
0.550308136536  0.445368092869
0.449851813419  0.296800195435
0.545107976095  0.430185704124
0.446480918082  0.536427957659
0.357195839446  0.634595043411
0.517874314333  0.46491814774
0.531190361727  0.299426694919
0.408182821514  0.515492914596
0.757265079574  0.593176232486
0.474320750068  0.456208532843
0.649605497255  0.438188121788
0.502958279885  0.478303714236
0.555276129435  0.567733406589
0.448808198576  0.489932554597
0.364362456056  0.369896583255
0.532908718396  0.544873520882
0.592550044276  0.599971552121
0.418678451218  0.512948677801
0.51803808947  0.636303994492
0.689377702868  0.307539538399
0.435803713043  0.477002078571
0.603658214574  0.42593355682
0.461036787634  0.46983311266
0.540710571815  0.620004119949
0.262494209143  0.224184356913
0.764766990042  0.500323914429
0.386402378706  0.373262953463
0.389353226576  0.365986621963
0.480438328028  0.369508901866
0.388329948986  0.444923024925
0.49055340759  0.419025108273
0.551983679592  0.472494134897
0.468079203767  0.576513467805
0.583944827919  0.480833558317
0.546568428852  0.525299815473
0.599634212326  0.450790752552
0.599977631535  0.417936915478
0.334142140999  0.512810122127
0.544323765112  0.455134364256
0.559806270267  0.636432074522
0.398480417663  0.517981642036
0.549579087165  0.584376050518
0.567021237321  0.512399705856
0.372538624372  0.363663953633
0.611952181226  0.573050271859
0.406866095879  0.450032906348
0.559648432683  0.429802132106
0.355372872467  0.407765101729
0.447943226443  0.409597208384
0.535151841799  0.581528333518
0.565760338721  0.493002142309
0.5189922  0.476685756213
0.47391852724  0.452329529623
0.509826213762  0.521818816207
0.781782932114  0.527919882727
0.60233721546  0.536920031277
0.599000951263  0.569142889266
0.472558861261  0.463120935166
0.595456384833  0.647877248748
0.463893596625  0.479786159552
0.625341261917  0.608390697102
0.412466019518  0.50303624629
0.419085062702  0.400823652793
0.386518952094  0.329729648986
0.704846170019  0.445148835312
0.703403450025  0.577057764003
0.392845276877  0.433602989829
0.453262313316  0.55904583552
0.404476101974  0.470777987736
0.618497197378  0.567832028396
0.581544452344  0.309903705593
0.44741535274  0.55467595631
0.469776080782  0.443917545206
0.377146353974  0.510897220546
0.497018240591  0.288311184789
0.598787946027  0.594107520401
0.529737897666  0.620309500459
0.473889636938  0.511497905549
0.416676070541  0.456421053276
0.40042765787  0.416465833302
0.557869027755  0.450237501419
0.427028069309  0.414744015518
0.407817850633  0.508453777639
0.311116577636  0.316127969674
0.509316391326  0.458327938082
0.643933542399  0.49819052211
0.734877005312  0.686090820444
0.39301904896  0.39955627496
0.511520955995  0.653950295088
0.388083556115  0.334006696306
0.477250732771  0.274374024523
0.449258419051  0.529692745665
0.404195860213  0.516550624601
0.610343666235  0.564115911796
0.586273534051  0.473622310098
0.421860453637  0.338936795286
0.524412357713  0.313274970148
0.548711826139  0.619945262121
0.466822402748  0.520562505994
0.624674881728  0.694125746202
0.271732890916  0.409371436086
0.413711201923  0.523396486244
0.647940440796  0.39339170171
0.448854789005  0.560049941176
0.47322296652  0.285177495294
0.475596579384  0.521437480577
0.574817226592  0.41057581739
0.647009025829  0.54230002107
0.361352640742  0.393268644766
0.555200285307  0.377872486997
0.504593003531  0.471343780492
0.52490661133  0.443262700034
0.439728354151  0.542132605437
0.318587018958  0.397450218582
0.422681872606  0.421997123891
0.378208825708  0.367275767348
0.465948164927  0.42078434709
0.445484926246  0.533924290929
0.542644231042  0.514809499985
0.509570134818  0.343886735457
0.411765979915  0.285564029081
0.566977177921  0.587467742381
0.42938943246  0.606710549887
0.463107437644  0.562409937501
0.520780691122  0.461013520954
0.463608157499  0.306177073564
0.550278987548  0.552900663934
0.555125425904  0.696315567256
0.399820888658  0.519541690505
0.636944915278  0.495056395039
0.616070431369  0.511655906091
0.538850505343  0.55308423595
0.481870079371  0.590910890964
0.654613171344  0.645016910007
0.605909529403  0.505195489943
0.523735625537  0.618931187984
0.521241744944  0.138235325252
0.442482778672  0.430465130621
0.413322043953  0.58372428115
0.554776976671  0.518894491267
0.558266004813  0.676370556051
0.515666154555  0.427855845292
0.479793062013  0.437876015353
0.364727467272  0.609636502374
0.21021755118  0.377840695812
0.497082416618  0.426459038902
0.469713221336  0.646820832606
0.516055272482  0.40878818743
0.403474632574  0.423450563779
0.62155981626  0.489767557698
0.59572748617  0.379370014191
0.698873802303  0.335363607678
0.589254252876  0.229979975187
0.575302298418  0.484174027854
0.39696022403  0.494856952482
0.627826485116  0.601460632519
0.531827851029  0.270999800079
0.583267770591  0.462614109863
0.59594198708  0.377200041106
0.552455657981  0.348866180451
0.383984212881  0.495904651419
0.517332026491  0.414405116935
0.36256016109  0.479283664584
0.589562832877  0.541652718462
0.485959494304  0.598268759685
0.420203194224  0.579256042223
0.428288202029  0.472276672571
0.560694407267  0.459178910794
0.539069730124  0.587328348121
0.414408472301  0.554098706201
0.488592644306  0.465510155013
0.520369777553  0.453338293401
0.570190296233  0.474676964169
0.529610303476  0.51616028862
0.480093304567  0.361017894712
0.555206071858  0.484552844135
0.533902926687  0.464790022943
0.529605507289  0.4046782138
0.609628071384  0.508003340998
0.637563008669  0.470144234072
0.446945680835  0.34431111209
0.478653991784  0.363883571688
0.627791713681  0.359648032086
0.469201500769  0.415529318034
0.428953938571  0.508038644876
0.45212608557  0.657054915178
0.458889907285  0.709854738534
0.497129396881  0.17827692728
0.514341538887  0.367616506639
0.484350042819  0.520735166966
0.374150408514  0.546079002054
0.410378086846  0.332295277801
0.391512891549  0.605630101147
0.470087190135  0.494225098999
0.512896006005  0.572283013712
0.489733109451  0.409610865723
0.450398832083  0.476159683393
0.522641616133  0.440938627949
0.435525041172  0.604304943659
0.435389559392  0.468779032358
0.455513119521  0.675635289156
0.479784398934  0.408341893901
0.461265999877  0.434830703041
0.414575405635  0.42898037412
0.615413275241  0.691473247886
0.574527386992  0.641435057916
0.548961349417  0.427204259019
0.420977851505  0.389535313915
0.588997540494  0.354297334186
0.321611601155  0.502722600174
0.555808495115  0.24800814902
0.558126975721  0.445497268904
0.511989948751  0.629781015731
0.352548899036  0.314819704939
0.542590618307  0.468484361623
0.566608054696  0.492220367174
0.513507943594  0.650859079059
0.484753026695  0.263148312998
0.544867370359  0.460163471989
0.379060006292  0.513309262605
0.516966181503  0.631004784692
0.616164063258  0.584084810041
0.500555956088  0.504609556821
0.466871127902  0.495201772457
0.57336675376  0.527048897136
0.295827693786  0.625710483706
0.613251342653  0.536294351998
0.435593898687  0.477859780315
0.529357020468  0.719926843181
0.459853525693  0.310516571451
0.663820062577  0.364070636771
0.408152994327  0.403753883608
0.568502596178  0.42261107636
0.347733943432  0.426551874429
0.479691272213  0.488651638342
0.423934628282  0.275919296585
0.43449449892  0.675009871965
0.482091457259  0.420810216335
0.64512719784  0.368740345128
0.723150292228  0.531189377636
0.548099232328  0.451769986488
0.52672509076  0.572252169052
0.508004797419  0.45672027578
0.569037213554  0.370578042172
0.384631783719  0.376994960452
0.500008341124  0.529277812628
0.448929322063  0.491394768352
0.579478760434  0.219599808631
0.669907796416  0.489584775395
0.359001030511  0.567823515893
0.642070058484  0.39500231888
0.416339921713  0.48753505273
0.499107034301  0.666177697863
0.28724013133  0.434599857842
0.567381988013  0.494766863554
0.444075319382  0.483500251076
0.580320872804  0.439744998088
0.85176912925  0.39684587177
0.415792098062  0.585272794793
0.39610694928  0.322926271744
0.420168306748  0.465448790154
0.590868522771  0.4734518239
0.528623801631  0.523412692069
0.591565829491  0.617567378012
0.488749107729  0.5387786345
0.361519912391  0.454384318461
0.435067999561  0.514602832188
0.500404381137  0.462378965741
0.540133174064  0.258405752977
0.693929321479  0.539674918787
0.622289071263  0.304501321265
0.409978063151  0.478594844048
0.531904494211  0.469835102353
0.357395898012  0.453322321143
0.645320792032  0.515548025322
0.554286224947  0.471309480227
0.537893434212  0.486544684145
0.498524927098  0.360441411674
0.525348080791  0.564866895817
0.534316243103  0.385302227548
0.440838667732  0.387460075548
0.395896606772  0.315948965716
0.388126991457  0.434904425906
0.596622751463  0.396507198929
0.605166809285  0.402226754742
0.668209317849  0.404284704356
0.49568641569  0.280812794894
0.343047003189  0.533974878548
0.324819531503  0.371542652727
0.400426234599  0.587839474185
0.454024153845  0.472623122155
0.431381282058  0.479497615268
0.323212287511  0.308043440472
0.353686759825  0.572765650695
0.374302155897  0.500029969492
0.570206423586  0.361647978507
0.455028562256  0.578518240818
0.509920987152  0.591390779076
0.403669931286  0.570839965973
0.535201713693  0.522733546858
0.242923197262  0.464611784607
0.54453743014  0.534871791357
0.437088137647  0.570418093888
0.696353562749  0.449961065691
0.476531947822  0.56940156539
0.449715204397  0.550383405868
0.566238931776  0.393806724403
0.413244538102  0.400864522353
0.449000114488  0.481936023048
0.490305174878  0.295128870739
0.657984060574  0.487945079204
0.536328153904  0.573804613449
0.393991693304  0.491634274783
0.466760765842  0.498644064336
0.641648848951  0.571446764132
0.380331814674  0.353370297087
0.477252977613  0.473124137816
0.457114826296  0.549317707061
0.548720580448  0.685651192342
0.535658889755  0.670857321345
0.467822647066  0.33703669769
0.464213913889  0.350618864091
0.329179806348  0.365963835969
0.557737781963  0.367457367397
0.714080597522  0.58737078063
0.462274312507  0.56709035187
0.534477096956  0.421455071575
0.403509650592  0.495302100588
0.581614425497  0.449455623463
0.434514681335  0.422183377623
0.404496466532  0.490373319386
0.416882536952  0.504406573653
0.600361699152  0.494870407202
0.614227601856  0.489869423501
0.421620154355  0.380403962029
0.643272262898  0.426322150182
0.400223625521  0.417133759589
0.339890331959  0.590510498639
0.385725111005  0.458035450478
0.485825789745  0.468390245996
0.413266313854  0.480683365408
0.275756794889  0.405813801403
0.564135191188  0.484051822945
0.371991913935  0.544249259303
0.564208759528  0.368308160579
0.518370826299  0.571048896039
0.504072110812  0.432407547409
0.609707475454  0.471225547302
0.517150773841  0.409532746457
0.442395174417  0.400526803337
0.458683659248  0.466973564891
0.532561653807  0.489384359802
0.290474545448  0.62968367727
0.362119738861  0.655510956145
0.497530193581  0.510445511307
0.447014979762  0.482863982068
0.509464244117  0.502035608891
0.475189465237  0.526995220931
0.486895716067  0.398725283256
0.581635178155  0.483506129129
0.616696592219  0.468300406562
0.502300158182  0.506908298337
0.490073935898  0.54366459685
0.518824372175  0.583803513805
0.663013831481  0.583693720399
0.507285722882  0.600271681134
0.573961553407  0.474661817937
0.588614076259  0.529917435532
0.550394422858  0.447075871009
0.456139782911  0.526850540034
0.396553284914  0.623628735154
0.422776732442  0.382440151692
0.456023491737  0.431546606857
0.507559175659  0.470391054643
0.485993763254  0.599306821408
0.477250083608  0.394751829518
0.661303938424  0.590276996129
0.45057481381  0.413338268109
0.476548945517  0.501017164656
0.664198692526  0.287517337635
0.395458292069  0.598215779616
0.337268467371  0.45849035779
0.531446974267  0.325128986072
0.531084848774  0.401891109299
0.580103323516  0.602938291343
0.636483381718  0.50807360477
0.282131905194  0.504907476441
0.437506242426  0.303197286387
0.45099333189  0.324462038961
0.613495825067  0.632565844426
0.433798878845  0.54354428932
0.542608868449  0.37262270194
0.58738124526  0.491048124405
0.517273013773  0.528632629961
0.493945007561  0.210354724464
0.488299042684  0.387362285151
0.682257648861  0.454878457986
0.444322579094  0.67089010021
0.499955771803  0.555762823293
0.673426058429  0.388027978954
0.555522883574  0.483270823544
0.266630484803  0.569531146679
0.394959592956  0.273032175115
0.401755938628  0.567951230657
0.452007259535  0.530881357564
0.24596792658  0.526369509774
0.665533199682  0.615270231806
0.697034527194  0.291896791249
0.494978897506  0.547178845519
0.608583358328  0.319124220264
0.519148538252  0.394001713652
0.485698699483  0.339476151677
0.702582898115  0.59149740658
0.594014992022  0.371049634518
0.624037985479  0.472838748163
0.509860228957  0.455925200058
0.543522157591  0.521710636409
0.503316883052  0.568287110741
0.577239716897  0.46735587892
0.287436125866  0.450310814353
0.422996403544  0.632343295335
0.382569560802  0.551696361161
0.693120644197  0.578624651146
0.385588662359  0.330991932075
0.311939428576  0.332537453844
0.519130153255  0.527650075069
0.473834487704  0.383188026817
0.440127461426  0.630360551252
0.686100571843  0.562479414365
0.550830495166  0.316519662177
0.415340782612  0.635039564296
0.403215130109  0.597966522461
0.505913429533  0.456763253987
0.542901501814  0.533734730573
0.453805618948  0.702208475292
0.559539009725  0.452614270282
0.342993679485  0.526671982808
0.568267880912  0.361260502632
0.280898375636  0.275159354077
0.556053137557  0.602625130052
0.44763760322  0.571987818244
0.597853525126  0.361204102373
0.450456659093  0.564815865934
0.588314566524  0.4078415028
0.539507754395  0.59141340006
0.517594314935  0.486764247768
0.418079646648  0.535146002364
0.406347194193  0.482806993667
0.403340206524  0.475958195826
0.359824899359  0.508260302064
0.378497709802  0.161286342169
0.48561623367  0.515106777972
0.580604285818  0.585537867491
0.718789852723  0.387660213516
0.575387128815  0.414982465822
0.50020109799  0.480741846356
0.529387866121  0.48816657549
0.575450884591  0.563324947715
0.540947356307  0.45661984032
0.623927650429  0.530701130771
0.529580682023  0.365322845274
0.445544783531  0.581796617169
0.213566273887  0.576301370662
0.63431209893  0.596288477486
0.4985337566  0.480144302312
0.601330327659  0.507093710403
0.447692961325  0.481346028703
0.415444657475  0.527901436305
0.490435814109  0.333872175721
0.475959151761  0.573026444685
0.68488006166  0.508507029477
0.59248246788  0.506668317098
0.488565254461  0.597784224272
0.492153494277  0.530703987571
0.632197468795  0.451222980062
0.349130229614  0.325974206436
0.565559341107  0.482063241197
0.4562995466  0.604021470996
0.540662618219  0.509772745464
0.384810754072  0.441558414729
0.521787212593  0.528245469035
0.530623064741  0.432862690606
0.494800272818  0.613560565789
0.563031720098  0.451676143508
0.359862130816  0.44049635172
0.456132043331  0.509234554728
0.649350064183  0.267658202533
0.437001975929  0.534894900861
0.569175259271  0.422530454067
0.569149189796  0.427645355765
0.540542168365  0.401561299701
0.533924196984  0.631812565884
0.500899019107  0.469263193517
0.431881630417  0.477543159726
0.494203530652  0.553372123096
0.509008123743  0.467728443789
0.71494038447  0.388477719
0.601125370081  0.400498258922
0.695969695621  0.492393963752
0.426242972683  0.46704447957
0.461061767838  0.440406930976
0.428413696212  0.499451541615
0.436701200358  0.244185855324
0.532195444696  0.310243103212
0.403049813598  0.408918925971
0.634154645989  0.53068895011
0.495831647071  0.49609215227
0.43499789043  0.355987271394
0.53384039503  0.271065303612
0.623095367597  0.409744599054
0.573236236381  0.509573095778
0.507307448537  0.489530818041
0.575064238361  0.549166000679
0.638924447518  0.500825483579
0.542365047186  0.682506519003
0.587477309256  0.414900193232
0.516888783508  0.49538296107
0.506446319305  0.179893087714
0.33284931355  0.688192447062
0.451903627301  0.537968204259
0.270258495329  0.544806585495
0.488534155293  0.480738288526
0.456122532389  0.420134670927
0.546690169302  0.432826427657
0.33380402422  0.483480939389
0.476946510252  0.596059011664
0.607030543001  0.4940455891
0.426219583189  0.361432590501
0.457531684  0.459507077302
0.588940326942  0.455264174748
0.461764582457  0.647374678415
0.475159741733  0.410187584962
0.500257664524  0.493649726516
0.417369350192  0.517692265768
0.404523303711  0.442936068781
0.421386793173  0.436607291478
0.344604974224  0.294286539732
0.607528008369  0.546613501782
0.491285481582  0.456429606445
0.548145326262  0.267947940063
0.637964380224  0.311290366853
0.807022740534  0.419685427671
0.333161267807  0.408934222999
0.641339010647  0.270235969201
0.462880791928  0.370375013424
0.575874815153  0.487681446056
0.423466124162  0.51337727604
0.346293819143  0.504323709284
0.57438089255  0.403911196918
0.576193580845  0.442198151928
0.494392144294  0.430325211407
0.467004596817  0.492590677258
0.394845872687  0.610955118228
0.401717967292  0.416767879288
0.426813025423  0.501832857545
0.372163911853  0.571007935439
0.4460264035  0.586097976208
0.588595092729  0.676275249327
0.333568623843  0.741162478317
0.575329393063  0.481163668602
0.389503165546  0.361030781417
0.50934102185  0.411057838137
0.387630574886  0.531206767032
0.260328672273  0.522529780531
0.348956569342  0.704239152504
0.654228969509  0.369147670717
0.532350673244  0.487761481578
0.486335366264  0.444726222141
0.539636042519  0.237132681255
0.551934720955  0.553819124101
0.561206065324  0.506141597673
0.282984177188  0.418805967666
0.556596335551  0.559031343525
0.45881958854  0.377839431647
0.567732941242  0.667623894609
0.494370402987  0.490229991183
0.491178766697  0.543053307111
0.647128880342  0.533570922644
0.405258305255  0.417172818486
0.505520396713  0.531636765952
0.572611965311  0.477587135336
