0.568437798016  0.52965880687
0.415121470898  0.503580865065
0.4891595963  0.478487618184
0.428426243098  0.503337579115
0.485421887019  0.332021724419
0.657751090889  0.372215305884
0.546192845113  0.436531974298
0.510047186751  0.39226912129
0.473280792578  0.496754613093
0.320030827544  0.349957832569
0.3729318673  0.476749664525
0.358173669038  0.577939284905
0.487331594464  0.263533209079
0.433603750332  0.365680227147
0.623132815504  0.466590197731
0.575254099662  0.496715933109
0.57413139435  0.562784616695
0.440470315784  0.447072403878
0.559337483433  0.502081733789
0.424782858679  0.485629510008
0.457166213259  0.618257307685
0.507744179595  0.535256368427
0.494486278423  0.554016127343
0.431243067283  0.356095307833
0.429909055652  0.256733952989
0.552140826919  0.300023485543
0.561252218116  0.311201105128
0.454326349177  0.383216590854
0.342090067959  0.556218419554
0.545057193813  0.551491885835
0.687066423663  0.461199145372
0.523262551899  0.404506008822
0.426467862917  0.531140728605
0.506110435925  0.328928595958
0.443309693487  0.366319534587
0.507224712193  0.263422751391
0.428243851429  0.518819274773
0.431435540304  0.595847134238
0.474950017617  0.352957145617
0.513019609567  0.552199021112
0.430740856802  0.421061355127
0.48577951352  0.487573275234
0.440916994432  0.555672807901
0.413842105706  0.553787053898
0.438882114454  0.368184259773
0.391682759814  0.485913881009
0.308730527189  0.422714416848
0.4772905268  0.502017097439
0.325657796622  0.449010097911
0.454457976209  0.358724251825
0.592490565764  0.60991380417
0.464911475655  0.514416612562
0.439969120012  0.443565620597
0.34975202614  0.427015426213
0.320557167146  0.487100478194
0.543893907644  0.395104973357
0.410079805505  0.521801993636
0.431314627498  0.292545967727
0.531454934247  0.536764203249
0.491596654769  0.530525029257
0.514430476488  0.554350360011
0.594577811769  0.630274653677
0.434018274321  0.498033648544
0.592805046911  0.43956890419
0.564428662443  0.310223976686
0.844470811086  0.310040721758
0.288373188321  0.447158150369
0.481323226605  0.246514187903
0.55776307581  0.466716348847
0.432101759  0.612148523928
0.566434800985  0.649583639551
0.628082630716  0.470817435498
0.283403703864  0.537852654105
0.43317332389  0.620543065798
0.482291921071  0.480095575695
0.416475262706  0.549296069101
0.492075185934  0.516470732857
0.380400135738  0.526334381554
0.550472997505  0.414396298471
0.622083644456  0.461937726459
0.476791924342  0.522708121968
0.364577593195  0.381420186596
0.403955822706  0.644246460103
0.355659844521  0.432461645554
0.54184997915  0.700491601179
0.572407452628  0.374031605641
0.715647716719  0.580106773921
0.402347334152  0.294352851642
0.491773327448  0.660461052883
0.526490394244  0.433005067191
0.32235422362  0.540924517647
0.517863204795  0.426532366854
0.630793111562  0.467315928117
0.520066234276  0.299592976279
0.427375764728  0.512370428891
0.714677650627  0.643360096385
0.528461868578  0.557092519539
0.492026393667  0.475125836225
0.545002433128  0.381452037933
0.339596592435  0.460461809906
0.504068644282  0.409736561007
0.415381966057  0.35474624251
0.499235151964  0.449173300511
0.426917398429  0.548915817498
0.456153071356  0.459642244392
0.550120392114  0.678438647274
0.552411954312  0.273996306358
0.452214111003  0.341171042896
0.479057648499  0.585548999734
0.461075725321  0.421758148661
0.345621816964  0.56762410593
0.476276765054  0.60067714756
0.5587901676  0.391915548173
0.548295841735  0.490760964869
0.789787866905  0.41576752936
0.588936331179  0.488995889358
0.571948704957  0.531551931332
0.445995766174  0.57615124108
0.639114612319  0.668930528657
0.562775904589  0.368859612595
0.466685038549  0.50528604591
0.34787761018  0.399453582672
0.504206173395  0.351601408398
0.408252317439  0.350829938066
0.468597872397  0.25710542654
0.491191883064  0.600251642876
0.51876418464  0.443939039782
0.553754830214  0.324862758295
0.43801960175  0.476850943696
0.677134918606  0.498090093552
0.524883528897  0.535926978491
0.46407441887  0.543324606564
0.387523321202  0.447590881107
0.368717599254  0.623922672884
0.437978640356  0.58156750814
0.402900058224  0.322720110759
0.464925771929  0.398566547499
0.253921629365  0.519851448961
0.49186833784  0.391807332283
0.430109112179  0.4884104999
0.44569622377  0.601490351335
0.62593949958  0.587668744474
0.66369399857  0.514409160769
0.772935918906  0.318255815335
0.653968083916  0.468894694661
0.536765601627  0.468038007123
0.497529875897  0.4674711122
0.438967756638  0.315669957098
0.434908129128  0.369944185918
0.604092033792  0.314867875826
0.605081294359  0.400628727178
0.464320484974  0.411719957188
0.694288736201  0.546853201565
0.292287539708  0.517296980462
0.408119731329  0.365799562835
0.427906263525  0.526816478191
0.538223107482  0.484970271714
0.413083317463  0.503852990697
0.541404738015  0.548683180599
0.376834625918  0.545477808717
0.442385173458  0.388465906741
0.68565818755  0.544843666723
0.435400914083  0.499278431093
0.353071258792  0.489979100558
0.5554025088  0.46354352802
0.542380000164  0.520855517721
0.531163102194  0.565081301295
0.501370259725  0.514816010903
0.599532454656  0.558870876831
0.542681508284  0.481950517661
0.455200296688  0.600019875
0.58708083026  0.428953275886
0.507581887682  0.354592367196
0.391543953763  0.638286795985
0.373903249191  0.417022405075
0.503405302766  0.23151976319
0.287236150539  0.611130227548
0.659831081023  0.436049044268
0.356196401591  0.511132361507
0.488245208926  0.366304765164
0.561737772912  0.37992363112
0.417607728312  0.505982873341
0.503879268541  0.380886218379
0.412135012071  0.491168652937
0.534187516959  0.485697262551
0.433620552203  0.520748673689
0.45459563261  0.407944133416
0.272595534542  0.400855875251
0.494608858011  0.537839056831
0.701887333616  0.429850380784
0.647800156047  0.290666228925
0.403314428199  0.53828005844
0.486242305195  0.524541270598
0.543658146812  0.506991916853
0.481063474567  0.517068496217
0.312942790006  0.501943510359
0.460842163933  0.572959711307
0.494420564149  0.544735764394
0.604060938915  0.501606998817
0.525024883928  0.563665870589
0.665411555461  0.457161535454
0.514171705152  0.560322674429
0.479653532111  0.62860445913
0.382162861388  0.536138865408
0.556469033019  0.332004054785
0.445057069597  0.576963350951
0.360189150131  0.472213356907
0.484950000221  0.417621283444
0.509265439541  0.275064416463
0.43636079304  0.635003177477
0.480196384561  0.730149533825
0.523069638211  0.391417698283
0.585606179215  0.432960607443
0.531524606073  0.495014961862
0.687222664571  0.604650979111
0.498824733228  0.513717727447
0.63710553622  0.462848867283
0.45617751766  0.527909578165
0.391105262258  0.499888112239
0.538316370861  0.468761423069
0.378784874329  0.578263095596
0.485079116261  0.306168939277
0.475484152813  0.707671062005
0.415821072174  0.341359488279
0.468447066139  0.386557839573
0.39047901092  0.623677267442
0.502641047347  0.504191244
0.331504260524  0.629851354254
0.485392767438  0.551441978444
0.452532760347  0.563475185672
0.531233005423  0.545701163768
0.565911534401  0.506647317396
0.368962733528  0.532042914411
0.458987500393  0.526533868054
0.341109760358  0.370822580132
0.535926606414  0.435103309537
0.634183209112  0.30036731327
0.445939178787  0.453739904622
0.414751029676  0.334972060102
0.350800988586  0.527387704338
0.638531460354  0.661217653922
0.282785792549  0.544558417244
0.467975159797  0.390451923505
0.558585097923  0.559787418436
0.324860517415  0.421516672759
0.389127329622  0.574299542262
0.331317992598  0.386843820347
0.362189867471  0.372176797646
0.672037843958  0.448027145498
0.311077176374  0.616748835698
0.377487284042  0.299031092102
0.425631291735  0.495090281759
0.504975592077  0.370289126311
0.443182471305  0.640792843206
0.421145225758  0.453679278287
0.59319852973  0.459337163523
0.591174013687  0.388711098186
0.394550638511  0.323391278369
0.504234529934  0.592856588538
0.567762585459  0.312684980568
0.422603879391  0.342205506684
0.437360203284  0.606484172598
0.583246407988  0.454453503295
0.428229676917  0.468646153411
0.395779162949  0.548371693523
0.479597083517  0.497478652223
0.63210722706  0.435574702057
0.510728706368  0.644212373239
0.568876097122  0.533888853227
0.681735739629  0.634527402809
0.428772790571  0.270335912546
0.433675635581  0.626250838615
0.561983966123  0.574442296242
0.549756091532  0.379982631385
0.4935859786  0.355917456932
0.55965436329  0.396843885771
0.49566557679  0.384506344709
0.565220465255  0.406023373095
0.516248707738  0.414888506378
0.483489233991  0.391211530923
0.424060844974  0.558775575005
0.471933028573  0.507412679889
0.357117410421  0.273357481961
0.481633697386  0.409784864533
0.520579715781  0.448888408859
0.35932240449  0.46810421286
0.561239826396  0.505851457119
0.462380132666  0.605166232318
0.511652410336  0.382048963713
0.606327177846  0.524610452262
0.541357595951  0.546397271901
0.526100239399  0.37846635225
0.430733518729  0.520319081059
0.602859327615  0.574188402872
0.292972608471  0.512210553936
0.355820549981  0.709360270938
0.407002587926  0.456411957501
0.568034354218  0.386504918566
0.402436317529  0.505638006848
0.627292497554  0.478142817549
0.560822178978  0.710543136539
0.399091920252  0.559963242067
0.481018479992  0.669324049998
0.469728043299  0.586836515233
0.490405478204  0.354359977923
0.664805621058  0.521031469376
0.68208656273  0.642502249195
0.520424926561  0.409723408581
0.503028157062  0.361478409677
0.420088841395  0.372727185384
0.309032425414  0.427116607147
0.533360542247  0.53541810555
0.432765931417  0.469578135942
0.502541657392  0.429300446688
0.40403894949  0.500665584428
0.437123586642  0.44155632504
0.572046620975  0.483598362131
0.588892618709  0.512357447741
0.38923101851  0.563169492286
0.367928285407  0.582985946936
0.487624459992  0.568208450529
0.632966268077  0.389295212128
0.476389027246  0.472187824682
0.371148759048  0.579347844714
0.325995511134  0.401877684435
0.481263870257  0.169161781455
0.370261814144  0.606347920157
0.30803208768  0.196077544174
0.553420181736  0.517154068116
0.577938228383  0.706426121837
0.572317235041  0.528464111055
0.644778133083  0.492374626308
0.328509890603  0.619136817136
0.390183217536  0.464989891387
0.434175666604  0.339555804402
0.408744959982  0.624794168132
0.416121007004  0.486670421
0.444220464469  0.271057626515
0.413574066907  0.476379332561
0.611589319981  0.519585595953
0.538532562719  0.55143294549
0.434075583343  0.457144491818
0.506137530388  0.616007583651
0.507436975822  0.307994841222
0.46670116341  0.510908224783
0.626393676515  0.472840746358
0.699911485154  0.477395017901
0.594004964426  0.366145785132
0.603628129874  0.402878338078
0.234916271891  0.350472058604
0.466513269678  0.362856732395
0.286176637582  0.616770767913
0.587099317301  0.463483950019
0.438289046447  0.350138199398
0.542289702168  0.4972828602
0.403995172651  0.454342366452
0.456843149359  0.371468058228
0.60648119716  0.570558171284
0.451364853356  0.466461901133
0.54174942012  0.419177526914
0.444963189377  0.370133358336
0.468307841568  0.450599985799
0.333850984488  0.364349349292
0.416093987085  0.589338133764
0.476817660091  0.374103392319
0.438550651938  0.414912287397
0.515680136256  0.42957900574
0.426773996836  0.525889808692
0.409597149681  0.545588368646
0.427347817838  0.416662144148
0.505541608443  0.57099519621
0.554568441399  0.532729369385
0.580936316732  0.521118880591
0.536213636315  0.504463912651
0.430661142253  0.521088069688
0.586275352892  0.553323693309
0.526357698559  0.609966983811
0.329722952033  0.580904736167
0.423139383661  0.451923546606
0.447879697371  0.681191209631
0.490622164466  0.509801366222
0.482831446305  0.517542071273
0.566186160516  0.505981927783
0.55821576604  0.431796558806
0.488887375251  0.529788568078
0.397136629682  0.375996407958
0.336883910484  0.449861229869
0.492092878054  0.588146535694
0.56615999878  0.428044115896
0.496423057118  0.608326587086
0.558662306901  0.42899267276
0.369656082417  0.438018333916
0.490476986207  0.444171870232
0.568418619515  0.398880129367
0.487682003052  0.502624393069
0.556676913881  0.571799901667
0.570557786372  0.517458642217
0.406615492455  0.617162310252
0.483990047914  0.357729256411
0.439681820992  0.453736489409
0.589941627781  0.671418896669
0.513457726028  0.466871850975
0.343182103587  0.531830638039
0.383820974878  0.442080741573
0.575839859208  0.377428564956
0.336292160703  0.375613643179
0.494117942267  0.496356989347
0.564100706296  0.558593876528
0.574712277786  0.353554941577
0.328670598516  0.391751327128
0.367394885478  0.531856438538
0.427415069714  0.46712283976
0.418810799835  0.571357710733
0.369158760717  0.426804085173
0.457662320311  0.608941035013
0.696838181208  0.571786931304
0.445771674047  0.557886816712
0.380523730223  0.418714784001
0.412610928064  0.347734113163
0.508343296026  0.503576748338
0.430023762167  0.483096223471
0.610161675801  0.334810835315
0.314202667426  0.234275014273
0.375155075795  0.47888311986
0.574572872628  0.487786356529
0.487237241268  0.339107266782
0.365989457437  0.454978545409
0.464166738418  0.591404886142
0.487237282012  0.401577043025
0.39083770016  0.39227939943
0.207524048545  0.570396523975
0.530799906673  0.543206313516
0.220915180413  0.641127026192
0.709677221143  0.421119467722
0.449108829728  0.563645593243
0.531983242696  0.419105447
0.433155061676  0.349182169545
0.86115256775  0.392669805859
0.58519152319  0.408563789636
0.480982551593  0.504588684175
0.619314712513  0.304529930435
0.414837950347  0.333592788796
0.453413626199  0.430960164457
0.278616670435  0.509406882611
0.481585071042  0.593167780403
0.522585659432  0.696079440579
0.574734057503  0.504389310738
0.434441933921  0.334154779008
0.407393342806  0.363224492214
0.495999618373  0.515547313496
0.46163312153  0.404580536219
0.601673359551  0.398224658273
0.556150019204  0.539145556778
0.460880609549  0.226259470395
0.549655087325  0.577320837841
0.284279735137  0.500394621929
0.451312479578  0.657942362787
0.645297743938  0.313840995615
0.505788003179  0.569817709429
0.49242906742  0.552150869775
0.421621034693  0.546604240709
0.291924512902  0.523562559782
0.524288548857  0.57559168067
0.470641034119  0.465587258924
0.450884153491  0.540294802091
0.35251588786  0.415880684132
0.517691196722  0.443509790991
0.563419463684  0.405175882292
0.423189407931  0.489850358792
0.490623854185  0.357569171837
0.531850838906  0.501224547808
0.618893284372  0.603895923646
0.399784711016  0.481945755132
0.287727279508  0.453354895273
0.463499375518  0.331609550494
0.195551804692  0.426332722369
0.368568999598  0.583830868717
0.335761928627  0.437242357705
0.434799188908  0.526854192207
0.426950867996  0.551333719739
0.328253491466  0.406409725071
0.357951574812  0.493488675117
0.379956866495  0.546699725465
0.609519785533  0.352734937035
0.293178718191  0.540971880045
0.677952702528  0.458609207186
0.427652611647  0.546554933223
0.709680973674  0.515016454529
0.347976258463  0.533534815352
0.323218514808  0.539103000453
0.511157971708  0.431196918781
0.526512514336  0.588398779538
0.507770579592  0.460415631661
0.578110667018  0.462582229091
0.371673575492  0.336801698371
0.473655414637  0.398517469584
0.519629144192  0.340678339947
0.501740131334  0.431222284441
0.526964064586  0.498449524841
0.662974203757  0.455778641146
0.336094394884  0.466521832951
0.499010258325  0.542355059317
0.519615202063  0.460965941664
0.312221909451  0.515498756316
0.542075380095  0.442015256539
0.356213073059  0.663374559278
0.444992401892  0.550082590552
0.411620138155  0.51838871786
0.455255453115  0.543085019458
0.49623587162  0.675419969384
0.368949807946  0.456655494044
0.389140238984  0.610881242556
0.312866099179  0.462199092572
0.486289099667  0.487080878513
0.385682287081  0.568023705437
0.540730908196  0.551029592014
0.361751148254  0.39255665153
0.483789562118  0.599256189311
0.387202496212  0.486274318311
0.440393227807  0.614262768604
0.210059690639  0.584956641644
0.476493905973  0.480676680433
0.612386273053  0.468947405361
0.390064713201  0.541006055088
0.422524731127  0.450884975915
0.377143755636  0.524956798241
0.486023406275  0.315696333935
0.442455332421  0.358386915824
0.448236305479  0.358091087314
0.304867597265  0.496912747715
0.496186014466  0.474500728729
0.476045641382  0.654025797763
0.358301776107  0.492974679461
0.407463057677  0.577982292177
0.367321976171  0.441650044874
0.77314457079  0.650963262192
0.509142109577  0.480373259965
0.425319840163  0.352950024758
0.514799938945  0.52499735342
0.560504242216  0.506020508033
0.475991994429  0.667175859259
0.492509636092  0.549401422279
0.284914388277  0.335842009939
0.634293412317  0.652718252776
0.615871974403  0.509156317201
0.458242473017  0.678866845695
0.432102661594  0.423732043287
0.395815343622  0.43483119257
0.389954219472  0.444194181957
0.438420071044  0.657632089034
0.467975791537  0.542925260897
0.769687047298  0.336545426675
0.548265461879  0.624783875471
0.467211901582  0.368118094383
0.551489935368  0.419347970151
0.485646825686  0.575423658371
0.301225080384  0.59286637158
0.505509955626  0.642656300598
0.338388103746  0.396314952691
0.295104543082  0.448195928512
0.483053443837  0.538079904083
0.429181653841  0.340644288026
0.524364518534  0.328371386089
0.487689685073  0.460638170548
0.450982750027  0.498521502772
0.47373758869  0.373402277792
0.191047310797  0.431202577868
0.602604869902  0.659744573628
0.672942135562  0.607959874116
0.62610477126  0.675657543888
0.581690252678  0.544842857376
0.500379651581  0.340944707513
0.276248927225  0.509494730078
0.597468357163  0.493432332869
0.487029723314  0.577662701034
0.34968940811  0.478625390084
0.370874814454  0.340946214175
0.633853708464  0.532252084354
0.284105710653  0.573411779719
0.510812070014  0.404807602984
0.552168079795  0.242088785523
0.380789056296  0.664196672632
0.439156886481  0.317068082665
0.357081467402  0.472801807218
0.486162440234  0.545462521234
0.610679755935  0.497209166044
0.413813139303  0.624009468496
0.283785118404  0.511655303232
0.423415123624  0.471836672613
0.41392266835  0.322309214129
0.449156439309  0.409515410628
0.372131910937  0.501379109965
0.479174650291  0.410810311933
0.487132213416  0.520309695344
0.459538139138  0.429159962098
0.522181532006  0.480609075053
0.37430232429  0.436151168337
0.35087979589  0.576769741582
0.556854066503  0.470277730549
0.350082941011  0.488915219979
0.587323506008  0.644847150518
0.594911219532  0.403513428562
0.356086785743  0.469569086109
0.575986619087  0.599240307883
0.619431241278  0.472406731821
0.467021544352  0.435170673021
0.481656495878  0.577639631448
0.481609951111  0.481401145446
0.422226595809  0.529439972993
0.610925383897  0.519472170787
0.353283615381  0.517484016079
0.371077817523  0.498916612014
0.355022003922  0.679517296299
0.362516272862  0.500916961289
0.339681143339  0.528151571054
0.561247364816  0.441954280734
0.497653041254  0.680594208735
0.578511230062  0.710902644462
0.371251972914  0.625600024026
0.50916728332  0.60911384936
0.356548712428  0.536165076225
0.540170260889  0.400588089135
0.687498053238  0.416122534113
0.378985036379  0.532846486303
0.56705966636  0.607471617804
0.399095454961  0.473949741735
0.357739430311  0.57099813975
0.342053325222  0.405143235112
0.543900814459  0.433934459443
0.526655194713  0.256850687384
0.362403659105  0.455027596665
0.432428419775  0.592708807966
0.492584662277  0.601533086927
0.46577330763  0.463119217657
0.637048131926  0.52416039036
0.552774424568  0.441362473213
0.500734724907  0.463449205986
0.697051664959  0.463926743383
0.380690880315  0.493883123384
0.629390908711  0.527335963832
0.564748004159  0.337870975862
0.313475140185  0.392253900404
0.545404131855  0.755435217092
0.599400504528  0.454781633051
0.443435721626  0.483203807634
0.395104798313  0.468234727429
0.552845178671  0.435498188182
0.47490337758  0.488312451028
0.451848482126  0.488522380878
0.237036549996  0.497142825159
0.473336574786  0.48976197267
0.582025090919  0.526703230419
0.594143055308  0.482987757324
0.593453010943  0.337239832165
0.553409696364  0.467891808651
0.550707217875  0.492188437392
0.370546174745  0.617001644129
0.448554636517  0.502252125067
0.550243898716  0.40547812018
0.494425459102  0.513021093902
0.598179495105  0.719345396124
0.569992437053  0.475619763731
0.412312251663  0.571555425504
0.53886005605  0.624678317991
0.361119859831  0.427924979465
0.402526883973  0.419841419138
0.43819010802  0.582538299315
0.429492532324  0.443370592911
0.444692185798  0.397520631281
0.496521127963  0.444706440107
0.500721200874  0.337927271625
0.413095374582  0.558212001553
0.658141482261  0.427594955759
0.467286349078  0.297043728711
0.661311202714  0.254085686608
0.556439820899  0.294013702257
0.35172031664  0.592862405352
0.48126998265  0.469514872151
0.486997658719  0.461027464849
0.560759894595  0.517543129283
0.402013860198  0.477330015124
0.526839265343  0.376380176253
0.437263229126  0.525150921325
0.480336922487  0.432619165448
0.598868558299  0.495497280758
0.595554994026  0.578013715063
0.526755816191  0.478796369715
0.6257343965  0.513661961746
0.486987518763  0.373765128259
0.541133502701  0.482370574195
0.658120478878  0.49583924445
0.402521866544  0.472590158922
0.637210727402  0.440650080992
0.372895647615  0.504542363449
0.550398767149  0.533144277146
0.403767835739  0.441347236611
0.533128396148  0.445539456457
0.438121629211  0.560800621079
0.532949689372  0.396490523434
0.515131956159  0.37058023793
0.571883953066  0.396660941407
0.524707870322  0.352488444091
0.70952064823  0.389679777818
0.447530718985  0.449135583371
0.390233752874  0.426259719596
0.369065066611  0.557391603415
0.542339052102  0.557892740577
0.520326703048  0.443288666951
0.506833743245  0.586537150894
0.495773786762  0.414028998992
0.544412555284  0.403006579448
0.471371680225  0.472176712444
0.330974416106  0.716089502569
0.515845860796  0.555660679487
0.474624144122  0.391900193228
0.44351941516  0.555999171834
0.58061460315  0.596017521594
0.577687879448  0.318461649474
0.343642908735  0.512423958475
0.516958123829  0.481777419211
0.392539660034  0.576272572636
0.4583849102  0.333511111698
0.546503249226  0.569071030224
0.412358768619  0.506803861384
0.439313652044  0.445416562756
0.475757350813  0.529857995918
0.487953361985  0.612371313783
0.626617500969  0.55796941735
0.366922319794  0.436717431454
0.519626184814  0.682986789195
0.468219834022  0.435545675223
0.512164434831  0.566763635817
0.563346278765  0.366888555231
0.525913224207  0.333690799308
0.418007870229  0.48905082552
0.277824802538  0.487929709425
0.459575184362  0.485456455594
0.647181759808  0.423261179774
0.471724470303  0.486235293925
0.609776702088  0.5470435399
0.586648306356  0.444504178669
0.380921945267  0.252993803609
0.569845407051  0.430639516734
0.290082326946  0.440120696282
0.538499486836  0.478441593342
0.517470623597  0.542190325681
0.548127981996  0.512245952956
0.486552576356  0.542842282054
0.615363953859  0.517790811849
0.313305903591  0.60911500649
0.280166196673  0.771269206075
0.569501854566  0.631443916898
0.367232741479  0.674068235297
0.612536998161  0.570286273745
0.591400079216  0.480896510309
0.465294903458  0.470174572253
0.490280033361  0.55898528185
0.51298525687  0.563485591267
0.381084303614  0.420187650605
0.325287824207  0.495901078121
0.457790964906  0.429167638717
0.50974217893  0.556423965561
0.380796292917  0.481731860961
0.51450234398  0.429749291781
0.715240264088  0.506175116231
0.539821278873  0.483326857304
0.497444041905  0.553071812632
0.526078347317  0.490408083385
0.287529573722  0.542719007854
0.366400587983  0.624747520847
0.461165232885  0.450676623482
0.396086650091  0.606264898215
0.448245498506  0.436589225101
0.385899490415  0.493919833914
0.651955821069  0.404518814188
0.437621419808  0.44312679243
0.561922805749  0.375641281008
0.257180232938  0.560023193298
0.605550530527  0.512170432203
0.461384417507  0.619117271818
0.347258159409  0.474358075126
0.570668558565  0.435857339292
0.583966693459  0.464902041917
0.505376093381  0.475863248952
0.489450418784  0.660236687054
0.3836996711  0.495195342321
0.451627053602  0.571571544791
0.358992058743  0.595187087745
0.433771290242  0.351897764178
0.814405664613  0.470391723567
0.325260667006  0.53216397369
0.42433939816  0.432824029769
0.51952078656  0.605700853621
0.586130505752  0.411243356136
0.424307553604  0.625442401414
0.439857221828  0.403469779087
0.448014179112  0.47428294027
0.464970198113  0.281776523454
0.59129184846  0.434508158173
0.397880615415  0.565451358617
0.494862403891  0.391244444597
0.378492118211  0.415590020335
0.438682992722  0.408943470321
0.502017630372  0.464901515602
0.520590155318  0.401463775152
0.475652679089  0.570357177341
0.549921981241  0.435852154589
0.448113114678  0.371624511295
0.286366195139  0.388821357475
0.359871221205  0.307218013218
0.449405183826  0.592364651303
0.439925238491  0.593871050547
0.426441672093  0.577323599193
0.369522202834  0.496041640881
0.398078097777  0.321073761189
0.51331221414  0.446656289014
0.230786908716  0.501244016147
0.50034580457  0.449042569651
0.414496273764  0.273978410337
0.357075389475  0.569141620273
0.505525143791  0.516957820392
0.448416372388  0.451390678865
0.488061357482  0.562637520936
0.582338759653  0.687606301122
0.570259689172  0.419432122692
0.452109771539  0.323222737877
0.546935348663  0.363258197547
0.574889272695  0.237711170781
0.219991150893  0.554586670573
0.440487032846  0.566300505719
0.427213961306  0.396347711277
0.570369015204  0.600257147253
0.644773203037  0.673055457581
0.432098758358  0.429888674759
0.5291347942  0.465570266183
0.505822005803  0.450924932032
0.402922541442  0.550568492329
0.484427823477  0.381888620619
0.530053461567  0.571149214896
0.483692235344  0.430920182745
0.484155787355  0.423652695332
0.440873830225  0.470250798156
0.469049603294  0.613450577385
0.345985445424  0.56695363116
0.33648792397  0.486133673706
0.358105430557  0.315698786221
0.494841046858  0.412199209012
0.354714774347  0.44701602923
0.411883015812  0.457023167248
0.399211929854  0.550710043141
0.359040549724  0.44079637353
0.480155752376  0.45858929412
0.438043502334  0.353385054229
0.542445848513  0.505189310901
0.468279187353  0.422716920854
0.379531958876  0.318443795525
0.189292646768  0.515890990544
0.414394230416  0.296880270524
0.553852884107  0.573308819262
0.384251604852  0.425780547229
0.324140381164  0.364436572642
0.576098273331  0.495088804018
0.397228960647  0.546040992551
0.424516108067  0.341286035103
0.486642061628  0.275964498437
0.427454385962  0.571111984919
0.611544644477  0.353799414583
0.625931155799  0.631966677178
0.52587042652  0.607194166655
0.538329920041  0.371431712062
0.525807697341  0.592628558999
0.240170212242  0.450047332252
0.567295885897  0.589028312254
0.619630527967  0.644598997993
0.516684710559  0.471467642835
0.604318224468  0.549297386287
0.398301072034  0.684153645146
0.421410430213  0.448364484917
0.407909372677  0.496365352431
0.440263308091  0.512541258879
0.286214896642  0.66897652748
0.648059856099  0.21099577102
0.429265722492  0.50880769474
0.528658345144  0.501046414665
0.318478574135  0.452991438178
0.400310991672  0.508631757229
0.387981236006  0.414608397186
0.416180977158  0.400176249733
0.444795921229  0.525802303369
0.53049021067  0.541634060201
0.536500036829  0.493317767191
0.605470153041  0.482247741933
0.522776535212  0.511355119971
0.335148009374  0.478730810589
0.435480482159  0.596322706977
0.513884908988  0.503387120239
0.3280715767  0.717106899094
0.425797474978  0.381162938399
0.459642736735  0.389187357776
0.44328664032  0.488716758782
0.455879676022  0.528305272897
0.337324773407  0.649192149217
0.467695906228  0.440846986052
0.566956504868  0.651342075759
0.607236147477  0.516024245228
0.626235824276  0.503022977725
0.446407252359  0.525167993347
0.289458877295  0.469413779593
0.592172596796  0.575107127654
0.329162612474  0.496095211706
0.507793173759  0.277185187192
0.447618371146  0.510006070389
0.606834315225  0.661699799471
0.48993344358  0.414356051373
0.50647128194  0.431373265467
0.397851418107  0.489274948908
0.658045126132  0.395896683556
0.651641779877  0.615058847472
0.451074024166  0.490624822362
0.312941552676  0.469320064315
0.576981389481  0.521740519188
0.575653334762  0.629471718763
0.375905117613  0.370379150234
0.449069227505  0.373591253131
0.340970564179  0.56897042424
0.390042731416  0.413639827151
0.636773556612  0.509124557886
0.537985738584  0.559734719909
0.366732790757  0.39805816133
0.395476332916  0.414243357447
0.536186268202  0.453837486627
0.529493594193  0.448219963655
0.517042266637  0.394324914066
0.472880647837  0.541744727084
0.606186393375  0.631606091644
0.574469743261  0.448700566503
0.583533828702  0.640273400648
0.575852441397  0.491731697882
0.62363674722  0.451661476161
0.670759987083  0.497212787041
0.243247697874  0.373485353939
0.331404732838  0.317768005423
0.450528954296  0.579275815227
0.507011948252  0.382852036331
0.608948276217  0.516123273255
0.363333699093  0.41942072701
0.495014398615  0.505065996489
0.606518401112  0.406049394293
0.508687186338  0.66694353262
0.498140569121  0.418264483808
0.349475400733  0.536560962132
0.449078320547  0.522199514919
0.445865492027  0.510433816992
0.339292346959  0.639858103668
0.459665113748  0.513561660741
0.591682792698  0.589369965696
0.406017398506  0.562727757733
0.564177758848  0.392348263596
0.421240580372  0.351637202977
0.372785929063  0.494044475466
0.444315810054  0.363020750819
0.427375117081  0.56823760837
0.269610837291  0.445168740217
0.530762438348  0.467840335952
0.364264582423  0.45450511506
0.456511619206  0.508654396798
0.531480636201  0.47911191436
0.381315614138  0.522395957625
0.580741114205  0.430943762414
0.63293773654  0.31622634841
0.481898410603  0.413353858624
0.67669535286  0.405892803866
0.369242250633  0.474813461677
0.424869807996  0.538085951662
0.666396736523  0.439690936108
0.46587603262  0.504831909364
0.603607373024  0.361671310648
0.559349305768  0.428073352286
0.485988209455  0.461300382154
0.578889139912  0.266240654582
0.52041889416  0.336569048028
0.601719650645  0.529290247011
0.45112386401  0.367218635283
0.375464815789  0.637537924542
0.507177993547  0.322798493534
0.581997388519  0.245143788797
0.61519735528  0.513839274662
0.615335823345  0.491076121498
0.528332738722  0.566950504615
0.400042526196  0.462607869043
0.331463846036  0.573021540344
0.577449072777  0.50531584265
0.552113797798  0.484171451427
0.616720564004  0.476370103116
0.633758313551  0.414407087483
0.419056114932  0.512812776165
0.454528332463  0.349037873326
0.424040982782  0.398201524648
0.499722382128  0.420047167285
0.556128606414  0.464120162249
