0.454336561865  0.256563268078
0.49618442884  0.691187590185
0.311456047112  0.468211830091
0.31389025544  0.30696043032
0.554832614777  0.543210502205
0.50038190925  0.393571888549
0.540071964329  0.444945616582
0.469159918799  0.472749703999
0.413616599275  0.333333063843
0.527130771827  0.442342479793
0.357463301352  0.522003602034
0.571535081269  0.474436001471
0.496283315723  0.567991465463
0.5027238217  0.456067384554
0.329515702294  0.617617898039
0.379442510164  0.555970868597
0.392474972897  0.434275255954
0.473473334408  0.347192080076
0.428798076599  0.466722695012
0.50517309022  0.60163877748
0.530346739117  0.476962000223
0.565033533223  0.493392272041
0.585568118959  0.575252445485
0.482421930809  0.564548248282
0.486026829376  0.537217130214
0.557953695053  0.313706906026
0.354495833309  0.342774775752
0.642967060603  0.425540196723
0.38381267104  0.64288124084
0.514214963902  0.356314325295
0.451219120229  0.613127434609
0.628810635163  0.61319750543
0.43323241126  0.550821083633
0.398743924377  0.424332460241
0.557119111774  0.549982839317
0.485521596832  0.433821938039
0.663997923226  0.602447770549
0.435641641481  0.525037083924
0.5099756418  0.5045860078
0.421903909833  0.616865832413
0.444701512698  0.466008809097
0.531856661537  0.520790671589
0.445850325833  0.6214446327
0.447138375197  0.574192112421
0.489433017319  0.414399412709
0.272911333769  0.471538490643
0.515264503275  0.328961076765
0.566081922808  0.44204675
0.466117575911  0.568400968058
0.332114786861  0.46104326956
0.402086209447  0.320472282101
0.458796206467  0.54603203627
0.435869899639  0.485841168783
0.502627279649  0.592653604476
0.726040954187  0.468808058396
0.518939007206  0.404476181836
0.594385602636  0.313961090443
0.652261743517  0.545843839252
0.409402502624  0.417177942033
0.497456905286  0.338733547187
0.595894871986  0.656143629379
0.608435096498  0.578868188245
0.551419236233  0.471255978937
0.459468347598  0.541142920994
0.390889404825  0.480611982042
0.489343160217  0.524773976666
0.539998025058  0.543924930562
0.42725852801  0.400427844847
0.515743536088  0.438991008069
0.432484818126  0.370143175912
0.4155846606  0.242302123415
0.454266973505  0.464335647869
0.568326941175  0.527100709001
0.451764932381  0.459918087704
0.468124463836  0.464273375562
0.402226583194  0.637282284138
0.493812926751  0.49697199207
0.351030212035  0.493817748322
0.335078131998  0.482676826167
0.351249560541  0.510027112669
0.519113074593  0.508293211793
0.495909503633  0.334370252647
0.54587767834  0.36782560345
0.569983024571  0.552685936121
0.258088857299  0.376971520148
0.478683002928  0.562527526459
0.593195020544  0.318704231133
0.543753073519  0.51094690515
0.389815471856  0.361683327071
0.408933305462  0.507660412474
0.466548498724  0.417197131096
0.642436466234  0.458257243948
0.447895104179  0.353004649668
0.582983158807  0.411018052616
0.473343858825  0.562011198311
0.421853478653  0.553743666615
0.609370417941  0.433125733131
0.507088962206  0.234966619746
0.542657767431  0.619282616583
0.403265008865  0.39589654021
0.375396947342  0.391833308979
0.581034486512  0.490210875352
0.527309101662  0.527643712856
0.275084917988  0.373504578207
0.329780005732  0.55753416844
0.484850513021  0.562110139806
0.489812341887  0.486351416488
0.454503090337  0.583603276221
0.467735580411  0.272501036458
0.511448366369  0.523172156001
0.445033934516  0.558416110391
0.358670485709  0.518560022385
0.517837520926  0.53136802149
0.475074079833  0.517895886092
0.629966196728  0.292754785752
0.341323483661  0.470018830901
0.512728834778  0.445721465173
0.555888255377  0.463797355892
0.464085147289  0.508084834224
0.677637139666  0.451746255137
0.420403168591  0.480798838836
0.419549253623  0.633498286989
0.540006246812  0.50265349272
0.526009584947  0.504545850118
0.510690828181  0.630418119108
0.433142151323  0.575102241387
0.263339019558  0.42319259193
0.472565774305  0.628195188496
0.533437984393  0.385773749745
0.479388391518  0.455340946354
0.422200290379  0.520891334011
0.631352526762  0.322464233653
0.559865045964  0.399966458157
0.473234844745  0.514425832346
0.61862789175  0.423653789855
0.264850915833  0.39356707536
0.355469392049  0.550005140503
0.592722406434  0.457675551116
0.476303112754  0.514984947072
0.441895666413  0.587680779905
0.442812775971  0.587501477031
0.367466019617  0.543162476395
0.668392031554  0.490513504013
0.663020178686  0.535921647086
0.336582719121  0.400361729541
0.407250095263  0.36735250667
0.704521562545  0.346172751866
0.382170386157  0.466160685012
0.44781032647  0.433599533477
0.433433722242  0.446404073317
0.422917295115  0.422450938958
0.680639111177  0.552246801525
0.766495771165  0.55247133277
0.56865514413  0.432305997392
0.598370782292  0.467863080114
0.385010465316  0.487255098457
0.664061551925  0.438109234769
0.454520612883  0.522812135519
0.463445599236  0.41284078642
0.445377086126  0.464721343771
0.512036431405  0.475811535956
0.442443245869  0.379076505318
0.576761664663  0.503871155783
0.238710644603  0.386525585223
0.453439770809  0.544653322778
0.614362666454  0.563616044757
0.440126070667  0.565946258422
0.332398745185  0.430348655677
0.456457460334  0.584832057571
0.439438558524  0.494714453685
0.44442178683  0.366320282917
0.389972101339  0.558983920351
0.254131716766  0.460971079911
0.540580708864  0.536348763522
0.533290011228  0.435882223954
0.480840026548  0.552310315722
0.433440976699  0.534800293889
0.425081622441  0.391902089239
0.42911332776  0.305326802787
0.535117081408  0.383292874231
0.580589221925  0.574762847244
0.295173932298  0.459206952839
0.515322208626  0.509369236187
0.450887460551  0.538796360417
0.515019022385  0.664580706953
0.43763743962  0.39870134945
0.656157056084  0.441823362752
0.371989109685  0.462099354258
0.456387658183  0.509930926592
0.481987598801  0.623128020889
0.530760986622  0.365296711901
0.316492379704  0.654629445457
0.57869558486  0.504563239293
0.554180373813  0.47022067433
0.56056096604  0.642447439199
0.416333053494  0.484844009191
0.563174256719  0.381300830729
0.42612366245  0.502090074289
0.441611938208  0.541264145105
0.383170564148  0.388166259231
0.567674650371  0.574492860838
0.559990472942  0.446421339999
0.507287647872  0.473192823915
0.623237469592  0.624253871259
0.510516615619  0.517660138975
0.533342345361  0.428777515894
0.596744294483  0.477600598303
0.486726812409  0.598993214992
0.398880546537  0.430536313112
0.595697860302  0.506046510736
0.505416451053  0.61333489467
0.752496316919  0.350657073782
0.591152360157  0.421287985825
0.460038821021  0.39029431217
0.554866199475  0.606248918424
0.612569154735  0.376574205836
0.397423667187  0.408633023779
0.434287312974  0.400417944499
0.50598974985  0.41463206302
0.562837944064  0.424093431
0.471883677981  0.351495917166
0.511823926767  0.330041842523
0.459537304793  0.426989148106
0.327627579131  0.442626760504
0.555393243138  0.599870873774
0.493196543408  0.408007093519
0.591916652047  0.460165333627
0.534089104989  0.405577875425
0.429408281085  0.514202111818
0.616057587009  0.629140554592
0.371865457784  0.522994264088
0.500148001937  0.599678128863
0.328398452417  0.437187284395
0.528930743141  0.393345082855
0.597083823091  0.508863767989
0.482103664488  0.414229601032
0.730282424436  0.336563693827
0.450808657333  0.596107323495
0.683511282463  0.299467368617
0.375893969597  0.611153272203
0.471793859185  0.567411158719
0.309934523408  0.559955798871
0.395909343576  0.642428391895
0.395914562844  0.550257781694
0.493916757461  0.528054765578
0.423490098907  0.548524725568
0.496509123004  0.522443039297
0.584264436289  0.576949455569
0.661124247411  0.366380734852
0.451956861115  0.478452604597
0.548151534797  0.565765070876
0.424086991092  0.379905059248
0.546003049976  0.392015237242
0.482294501421  0.375619941594
0.485510318684  0.464872005863
0.419802629924  0.290904145701
0.365885980859  0.379797143165
0.5973571012  0.450552305981
0.56240784199  0.569851777519
0.553610448592  0.399908842591
0.636555529536  0.439232284411
0.459773722602  0.672261947169
0.441330053137  0.594784353466
0.62560643626  0.503970854995
0.374203777431  0.482083467528
0.371719382535  0.342930275719
0.578178415597  0.471637667606
0.493140834525  0.547473725466
0.451882277117  0.47031452389
0.338059746356  0.481751468454
0.417985844654  0.400626582955
0.506753930174  0.600629782733
0.426605702602  0.375290158775
0.572773244399  0.390682739753
0.572923446465  0.514553916639
0.389306953728  0.396666097462
0.432817170725  0.437356193954
0.505382946243  0.632741853514
0.450045598414  0.476781396217
0.369917190018  0.475282339534
0.611825114483  0.48954460307
0.43048850448  0.430885993585
0.570321704515  0.483897330213
0.573484377699  0.49643983722
0.506428729248  0.374144473891
0.460503768496  0.524277599396
0.450988358245  0.483450466668
0.538345403729  0.414230588758
0.407918652228  0.532422020786
0.462695714133  0.445175871313
0.293076770956  0.370712783391
0.423600844782  0.458751846665
0.480442590071  0.365602168888
0.513306420568  0.391795375193
0.521933365387  0.551685711612
0.395183260418  0.599383108137
0.349380999045  0.498841713326
0.547130563643  0.441286639444
0.521740558398  0.430445908299
0.483756479864  0.532764441124
0.352340255735  0.579379435393
0.43023942709  0.535882437893
0.512794471791  0.662943908966
0.559179908147  0.497936384641
0.37102736171  0.313261336661
0.660257205452  0.467089984444
0.534826323195  0.451550402859
0.474937905457  0.51695867296
0.296096917158  0.493254215481
0.685575903203  0.46505730504
0.520144890438  0.41976968799
0.454334821112  0.383662067589
0.50392156016  0.492558719839
0.501140058885  0.524722393577
0.481351119081  0.560167479535
0.473575781585  0.564163324642
0.53098176622  0.357705089464
0.362516683348  0.350713416889
0.523721685455  0.553971143137
0.424730434101  0.488055200822
0.310972089888  0.520363285062
0.514208942763  0.628514932432
0.517244520666  0.553489806075
0.33479960362  0.424990477233
0.512959692091  0.448354034072
0.463237690321  0.586762710158
0.527008392032  0.57095439248
0.413719833413  0.385609750263
0.492765769471  0.326663516849
0.20906072378  0.393236552012
0.281956391724  0.280630453539
0.421263640091  0.441375444531
0.420610407127  0.439040466736
0.210161449826  0.434466264899
0.726887016736  0.228326397562
0.562022311671  0.558618195629
0.474673499521  0.42158813659
0.584024622248  0.336291537201
0.447681383462  0.481602550895
0.449775915471  0.559693592252
0.46938820963  0.296279761576
0.481596066432  0.431877302926
0.596120769729  0.339245106191
0.472370848886  0.497425409377
0.523399001915  0.518589170922
0.36538154098  0.190555268765
0.456310525136  0.516456877609
0.473454004003  0.550826837141
0.3601782905  0.480174607751
0.544779763614  0.412769558211
0.507459043189  0.467104623272
0.538045877586  0.513153450381
0.470502413465  0.420773054824
0.352138170369  0.550286491332
0.48509084907  0.479887134596
0.351290575243  0.689913771938
0.501589387473  0.458170676061
0.402178429465  0.481115512184
0.564816437002  0.711595565335
0.511444690809  0.568330509327
0.58913218187  0.569765572006
0.410550410372  0.379397986369
0.430752002431  0.486576686573
0.512665555276  0.503734102269
0.524112900358  0.590832188126
0.572844628518  0.398292480132
0.488083317704  0.505242908467
0.408598173654  0.485244759838
0.549503576661  0.602138175612
0.286505176849  0.516924376968
0.38574728377  0.544513471918
0.467495299742  0.517566241068
0.329383324349  0.417002247124
0.484641671124  0.484522099355
0.363941372538  0.580721774496
0.434984715997  0.483798063882
0.455932232831  0.371530113965
0.463831766416  0.613018171574
0.578000226848  0.49949615377
0.568297440454  0.450202142369
0.443461354958  0.628274627126
0.464689758911  0.391079624177
0.560545533555  0.413618642169
0.258860337357  0.386998090466
0.307040418352  0.420106386731
0.315843199012  0.596436170229
0.425029818404  0.434696101231
0.620768937465  0.476648747992
0.39881091275  0.556765784832
0.640074103607  0.683142186492
0.587417683493  0.305465814642
0.415608705665  0.331803095606
0.56796410758  0.411371041438
0.371549189273  0.46141614531
0.381507524173  0.35990093157
0.408346484495  0.665985439011
0.503991027733  0.523373358571
0.564107044901  0.324649603906
0.352793669223  0.512095514164
0.571480335797  0.427358994976
0.50127231182  0.38683433945
0.312418457899  0.666285373714
0.609892601648  0.444251144323
0.413228805761  0.468848626682
0.466584850632  0.540863718871
0.325117093777  0.466409265508
0.363172673524  0.749464596601
0.517448015044  0.363534000497
0.464427138637  0.540459033822
0.445099379259  0.436104322233
0.39859929055  0.480935057077
0.537163512067  0.425878948493
0.446341665687  0.492056886797
0.503828900017  0.511418865633
0.461468846177  0.543691334693
0.453458967724  0.492155068474
0.462393138094  0.622507468144
0.48866464499  0.423602320729
0.614424980155  0.464500384202
0.464084665466  0.592630873456
0.34066629721  0.493922353232
0.535776651326  0.594256108527
0.6042310015  0.61829752695
0.338004973327  0.395052365065
0.475481309893  0.45828393015
0.469731609647  0.50038349432
0.456889693471  0.56398480488
0.46751910521  0.515343352604
0.484046545446  0.33798261345
0.450888721075  0.634557917432
0.494782959383  0.517729194341
0.465464889854  0.41293901893
0.569005356595  0.53593206366
0.558798027585  0.437732772401
0.511405512729  0.550538559735
0.576409326007  0.617136525858
0.505510611179  0.407767848437
0.552429360706  0.598777704399
0.557753405027  0.44535483533
0.348511146498  0.520950573998
0.451665668688  0.654734942952
0.390417047438  0.492256088823
0.411398495935  0.571508418498
0.371851490212  0.491445629816
0.585137272474  0.418402251182
0.331017262526  0.54762770651
0.444231086715  0.589163562765
0.609879678192  0.354134621848
0.63009627394  0.416946161545
0.498095092914  0.36259981704
0.693272250923  0.575557467306
0.499169700973  0.594513030783
0.518987717924  0.446036470459
0.44045035487  0.461320589645
0.450888788228  0.493644100815
0.501789815838  0.366272318613
0.567477715678  0.678240667203
0.49776409866  0.543123830403
0.456665237327  0.489610742685
0.42498316703  0.328098501023
0.507002142518  0.359169444193
0.500511591435  0.413544886873
0.288176855022  0.570759222645
0.439810933193  0.493296469202
0.657747524624  0.564660469328
0.561846615222  0.375724473227
0.473840525539  0.554248371742
0.412989810467  0.459468762422
0.607548087671  0.417955996299
0.456713366153  0.428269475125
0.285377242451  0.366533179849
0.340891652071  0.514588607631
0.428445460764  0.556989830203
0.441427965969  0.454180368963
0.365381364857  0.533774411804
0.524449315162  0.458649582747
0.500840084918  0.547448240584
0.419273479564  0.611373340054
0.477663212633  0.370619894027
0.3941556378  0.502396342174
0.562408072945  0.561286649972
0.583001203073  0.586232922549
0.644056858135  0.410550560219
0.614207621706  0.616268974279
0.344166369553  0.417999366721
0.492844856543  0.371267980903
0.537598226082  0.493285126817
0.532730178814  0.411920515445
0.638374065702  0.594930911705
0.399158977611  0.488805570122
0.602032672685  0.453207339194
0.517705148785  0.57219293413
0.440981214702  0.395280008898
0.59165102992  0.399933404294
0.480730256719  0.481548739332
0.286625222725  0.417580170448
0.54106721439  0.432572408832
0.43338425109  0.45398981227
0.469771330954  0.36136712921
0.582142625195  0.398873324828
0.589091870216  0.462070038529
0.387419735327  0.403613009627
0.246092260446  0.630399012995
0.325937406322  0.553419588872
0.354889968857  0.461763478453
0.387394098261  0.416855094343
0.64904402674  0.54527454832
0.359649397129  0.498296466452
0.433730739151  0.63647880009
0.475100692594  0.556647208287
0.363037369082  0.508295745946
0.401052920669  0.473203167445
0.541256667319  0.576149080048
0.478447194677  0.451060335496
0.549776774281  0.390909537156
0.583450910459  0.529413041541
0.509286802447  0.54592423704
0.342694596257  0.485543582384
0.400807255239  0.591844098573
0.395335587924  0.578080118409
0.534216242164  0.400191248605
0.321885945071  0.629184748529
0.514166312735  0.713734872979
0.352877412146  0.717585620604
0.516689150325  0.727144200501
0.252079063877  0.349602462425
0.274631428586  0.523435430942
0.521682083392  0.523411724862
0.593338349494  0.592635878929
0.459852991316  0.610335373305
0.592242324924  0.347241445534
0.421531293106  0.637036435515
0.592299922932  0.4146934121
0.421727688726  0.623840043035
0.548304935114  0.564335607212
0.34683969327  0.503132431369
0.595520454159  0.445725826183
0.368171566349  0.70428021372
0.364306112915  0.494446527474
0.636112459938  0.550384649398
0.556285744727  0.445582234828
0.531912296073  0.430213693656
0.469273548847  0.707613329897
0.310452685181  0.672666307394
0.337317898417  0.32135446984
0.48901480419  0.518064233945
0.610481759893  0.398664600672
0.52133117875  0.405059385295
0.386328458058  0.526051212767
0.442649225282  0.399265032937
0.632022653991  0.524893976187
0.393512569829  0.329330050639
0.478059729407  0.484137818667
0.467642294544  0.458172054566
0.534149279434  0.605622857489
0.357289249636  0.469450237578
0.425217393735  0.457254139784
0.591204040338  0.471116095589
0.541694828553  0.49685101149
0.481418594291  0.789764639282
0.670288635736  0.452405865434
0.393523135213  0.581662941495
0.379079697072  0.415919621461
0.678453535029  0.517516610331
0.436148355035  0.334788225774
0.56787102738  0.437773237735
0.355314744292  0.641161531706
0.343426952657  0.605711173602
0.471390873786  0.54242823073
0.380519232045  0.371175456914
0.370082582074  0.52865176598
0.512334390414  0.415738488912
0.510674663154  0.43269322581
0.395133144119  0.526826626476
0.443136191186  0.591115318956
0.419979360495  0.462935747176
0.437803587392  0.380598889914
0.502392201707  0.406325792888
0.443940911224  0.458583697684
0.405032832356  0.411800924904
0.280757069156  0.579063279548
0.475727040839  0.641419756899
0.631391436641  0.469946723414
0.475865274028  0.469370619243
0.411362014258  0.573618489947
0.37032282967  0.519650933304
0.329652472634  0.572214772762
0.516068444601  0.603723031594
0.518501979607  0.381054275125
0.530335217646  0.519783428784
0.61068110786  0.4251181227
0.632263699672  0.451624448437
0.46205921513  0.490156639428
0.230728001106  0.3100038
0.365969543128  0.472470602971
0.34897359042  0.387067424227
0.474230003284  0.551135377044
0.633602055025  0.530946680946
0.392674709609  0.494227833803
0.654558800277  0.58407392574
0.627675365412  0.597825407752
0.688349768554  0.51371324341
0.498778952921  0.269861158836
0.442395084627  0.251416898372
0.219505119654  0.403847146065
0.481451742138  0.376057427529
0.603099214445  0.628812558222
0.435990821964  0.619777026348
0.428952320139  0.386870284486
0.453899421512  0.364160720235
0.582418475372  0.421788737746
0.556065662334  0.518195739333
0.439201877845  0.478151507651
0.590200213969  0.707905501101
0.641018330807  0.388477275159
0.631098150336  0.605276210418
0.37134008041  0.550688123732
0.563711230287  0.457776783261
0.417115267608  0.39947640499
0.484663824141  0.516783519511
0.328650320562  0.442264062696
0.469525341959  0.486342804643
0.624771001821  0.515674027982
0.438488727104  0.520235266505
0.321684065159  0.711967916591
0.557656865391  0.480984567854
0.419556288221  0.494076994059
0.29034992354  0.634062907934
0.558865045718  0.366062871796
0.551351717605  0.492015456991
0.487641325343  0.275294558549
0.158292140615  0.288299385725
0.554119859767  0.572025830661
0.492873307416  0.496441494739
0.417281596809  0.56139510685
0.465708070231  0.576676492549
0.423421408232  0.356774021067
0.448148300401  0.682472701872
0.438998733565  0.426112714354
0.422071841716  0.353945435404
0.542668898195  0.506349539747
0.60189884382  0.426840668084
0.550284842098  0.52078014295
0.462545214859  0.335378569973
0.510226286849  0.436295424462
0.577373963625  0.518590806676
0.57289541896  0.564865437228
0.459410642395  0.439444067445
0.529090420936  0.684809394778
0.322684187  0.559864083893
0.753251204313  0.771807210151
0.43834211261  0.279034961162
0.461737038455  0.398124537811
0.395019113832  0.394226649883
0.475137712362  0.36941446223
0.436426377134  0.506078237174
0.569855071863  0.376613114484
0.62167793501  0.350906411911
0.378625248426  0.437727830074
0.497112608697  0.484802008899
0.487244777737  0.320150965801
0.500151765756  0.539252604271
0.417868010275  0.510049012078
0.546868482789  0.427779818232
0.575776079896  0.460399115584
0.472863042468  0.439568223559
0.401383748467  0.547767455366
0.40394432041  0.577674821207
0.553991148452  0.528049704448
0.311466220956  0.651702000414
0.686888106862  0.498658515496
0.478310373026  0.443857141085
0.348676229835  0.365450034498
0.357106951767  0.464371614496
0.488109286914  0.537708643313
0.394533039656  0.466627071005
0.340524868949  0.412174048629
0.279088313569  0.478576371344
0.416746246676  0.387732006314
0.591872695751  0.494281254233
0.488677453519  0.510900263331
0.501721164944  0.701939722378
0.420451074733  0.505656014945
0.536103485061  0.368196949314
0.44440129005  0.504274813946
0.471174140036  0.435458486896
0.525552756861  0.460766541381
0.39253419143  0.58564878948
0.380724608803  0.558499912586
0.539500070862  0.455430004651
0.646142431806  0.546388386904
0.59154288833  0.496080962899
0.603766660189  0.18003126261
0.524596329447  0.407235307712
0.335345591337  0.496881267631
0.462562070726  0.597949260098
0.447411852274  0.6844754375
0.431440240813  0.393797190069
0.590361488696  0.458575080739
0.483696699263  0.365297547133
0.521268124501  0.443827354907
0.391012186075  0.514393810136
0.474120973287  0.630995647356
0.503922230692  0.600321896746
0.417574640644  0.387983622028
0.636941094892  0.384635186855
0.383878316583  0.635026927174
0.507636539002  0.456575259544
0.428536986898  0.502947528578
0.418219464885  0.38596994647
0.46917666565  0.418262242515
0.652185039901  0.412359163378
0.476479517722  0.33948997885
0.504818174201  0.597012757775
0.405918880983  0.541800639024
0.534049018195  0.488621903222
0.497629816624  0.444551284388
0.540056543399  0.611929961031
0.414254736892  0.509803233089
0.333038271727  0.555309922412
0.448811348849  0.288240980399
0.465427004804  0.274911572391
0.415039648564  0.641411503347
0.464365175702  0.400000720705
0.404893215569  0.519750129198
0.590680647037  0.579356967139
0.700865578944  0.501759706037
0.486489215631  0.391562931725
0.41016811804  0.474670341
0.257682399411  0.442614574928
0.619560474782  0.535413296743
0.459026481446  0.478832922485
0.347121185649  0.42136942825
0.446809861591  0.587933528391
0.551751821701  0.626635632087
0.399646064539  0.592886039887
0.472105306412  0.290253363586
0.568826865241  0.573906656995
0.601269451226  0.469925408182
0.35221046531  0.596832263503
0.499182154942  0.433324535381
0.367806949987  0.649971097937
0.563505447269  0.38366067957
0.36488235359  0.48013834009
0.580822779138  0.50385073245
0.569307285399  0.586218184817
0.478064406054  0.354976775818
0.427684104695  0.431853315962
0.48490246158  0.497105470085
0.595614436628  0.455085543835
0.609544840169  0.477318418099
0.51325515635  0.374083316392
0.62547141921  0.550894999909
0.492676078934  0.537968203089
0.48794453309  0.576171761018
0.470022354927  0.392631819789
0.493678749116  0.450433413633
0.477293044381  0.569980914616
0.688576350059  0.511048759985
0.570145100114  0.224170950944
0.582820971494  0.389075619041
0.392747325478  0.410118067017
0.574763214986  0.451765223819
0.459784903357  0.429526254871
0.48739154251  0.470209198231
0.498491760668  0.215622280807
0.572283607369  0.645355490919
0.619230567914  0.392523173002
0.449969730557  0.407640941266
0.383132099547  0.445192422751
0.601194751773  0.261430328872
0.491805378559  0.345068147005
0.470191376832  0.461718024562
0.489054004995  0.5047891981
0.551882397671  0.329628058753
0.41300293736  0.382360517204
0.485257773165  0.260033731934
0.347026254979  0.378524743039
0.691115441196  0.554943330612
0.623505509115  0.517027510723
0.526761026383  0.515860254117
0.728775996801  0.537602645132
0.556456027232  0.487370638126
0.626544083627  0.32534833109
0.631491157099  0.531301747312
0.624594460887  0.469988146743
0.401238750813  0.499579297928
0.480259155482  0.374085939421
0.566147323405  0.527992249116
0.507345388965  0.615924840277
0.6610177811  0.514139995448
0.441749509513  0.359385405113
0.405620094284  0.487881003006
0.531103525928  0.601982046107
0.553449850807  0.515512482743
0.392403794437  0.628495835726
0.601644337156  0.418627905672
0.428625524475  0.469416120139
0.499337975943  0.38162992453
0.482082280752  0.641593192368
0.624071078536  0.386237883237
0.665144429241  0.403709068269
0.459080633055  0.454916621117
0.372946589424  0.472308372144
0.699805525934  0.430361374969
0.483710999855  0.493042688527
0.399384446547  0.490987374128
0.389482621093  0.308438062082
0.415584912153  0.418440090147
0.289531147366  0.484190427638
0.425559272806  0.5672242499
0.527991406481  0.315137704967
0.522677030608  0.462916532602
0.454533144774  0.657686162298
0.672207440089  0.328856448999
0.450725241687  0.475500309095
0.421637878624  0.550472702027
0.297546291786  0.541356582349
0.562009876278  0.229865907688
0.452680882973  0.432844658371
0.530149071663  0.409350046118
0.344990169287  0.408398397352
0.398532200146  0.437109895155
0.623607872269  0.536677823649
0.522152112093  0.439780187503
0.57924738312  0.401197183308
0.401832389809  0.40977440348
0.492380318171  0.268624781699
0.341095435889  0.49110112359
0.69958394647  0.552778692798
0.543839343683  0.246206249933
0.362054459082  0.625598193532
0.360296246429  0.462629046159
0.463017567783  0.52849870584
0.544272700997  0.372594955283
0.396037620302  0.602416236376
0.610452349692  0.60396667249
0.453551629937  0.337764907916
0.536549233359  0.494187977345
0.593162940688  0.626910981805
0.473565686287  0.512456873415
0.564443321165  0.407594049994
0.51248713159  0.504061275641
0.592814761087  0.456423086059
0.530597814038  0.296566700694
0.374944792671  0.401829498396
0.47004600133  0.502452100733
0.472675727567  0.451767609143
0.616039091122  0.527706391394
0.331035408061  0.359824906955
0.393408917207  0.641896502412
0.393135971123  0.539225235784
0.430036835911  0.475776250095
0.357830489304  0.420408669237
0.491467701803  0.549088581496
0.425338616246  0.297406923472
0.698577083656  0.377945977337
0.484447437248  0.55566825925
0.573612580322  0.582751946802
0.42423609779  0.407002101275
0.61361076025  0.551641578837
0.408657357664  0.575036222934
0.461139862736  0.572079334029
0.555836413546  0.465362380314
0.563022765225  0.516529302192
0.332468798783  0.44289832384
0.598299534806  0.590892046608
0.480480306978  0.291192721668
0.4548258064  0.511636220523
0.513170733659  0.477841277418
0.234897463112  0.459327664769
0.440413209624  0.591107499694
0.439029250011  0.491328856497
0.467195030097  0.460862743589
0.577350491388  0.1627566161
0.508105328072  0.434981650913
0.410277763174  0.436297063729
0.566636525584  0.497322550719
0.429266423482  0.465626903965
0.389292510299  0.262937814605
0.570714072168  0.436243360236
0.51476410963  0.534894200728
0.483520230522  0.270865483506
0.31669946453  0.324289624319
0.516885234362  0.491316144451
0.461964624657  0.491117497725
0.399189356881  0.46145651895
0.467018198051  0.315482945636
0.411723706898  0.451021048406
0.464625496227  0.54794382479
0.485153353862  0.457347989389
0.487530577698  0.58847623657
0.400796136964  0.503880536762
0.433590674969  0.291685689076
0.501950818094  0.303251948888
0.48895599705  0.591926936936
0.626420128668  0.412879678642
0.449599322506  0.502414078039
0.471913912972  0.569512010397
0.349301225422  0.428620909779
0.471425514815  0.603786505499
0.519053392431  0.42729894872
0.669756868378  0.501494618941
0.152695978672  0.376704345882
0.4158612919  0.417764604691
0.494029291858  0.56108238215
0.442415209789  0.30448517878
0.519179340689  0.539174827366
0.460622177426  0.351949296852
0.379410333832  0.478909618881
0.419139229046  0.484355125899
0.531543504044  0.59563780487
0.483486713727  0.500241788317
0.557020944585  0.294258064626
0.30698538141  0.619222858332
0.435932874175  0.350421021799
0.504449741835  0.278165610666
0.47877398714  0.340370890001
0.521217777254  0.479935410393
0.469793333075  0.586935152017
0.609187875173  0.398048082085
0.502436412853  0.507630973508
0.469526008261  0.52396279726
0.584789490211  0.619178432674
0.421281720828  0.581021728883
0.470163251624  0.327024881035
0.575091049898  0.451429974445
0.497657666761  0.429099519272
0.460601729998  0.641924798776
0.345898170246  0.469391408131
0.421576677022  0.458485050626
0.253204076178  0.511679268214
0.426551904923  0.489649633906
0.423552917636  0.452352743908
0.58106816101  0.580448715396
0.316228120041  0.522124230832
0.518434940017  0.233311789428
0.557595615388  0.520636250237
0.44575577836  0.49257759473
0.218928859493  0.668180234152
0.381811827509  0.489915835232
0.360078294066  0.433970563317
0.485829738114  0.499620951934
0.435541390003  0.62046690155
0.509054290085  0.27094682539
0.301908226701  0.458592047587
0.503988879389  0.61501604977
0.361876192703  0.575901389279
0.659593814959  0.537086367201
0.517299602565  0.396620341225
0.478024704216  0.443985111788
0.505082899668  0.679634964977
0.489597298699  0.573163842463
0.506608199627  0.525216457939
0.420946215062  0.511849368504
0.481799531565  0.585399950334
0.509285422929  0.42354565606
0.556202363406  0.387146017617
0.505262232318  0.611680654072
0.415861394061  0.304604307557
0.335556032906  0.442527870988
0.468419119902  0.418886156231
0.506554223126  0.367028199361
0.564308139133  0.54648526161
0.613660625797  0.44604846822
0.46529601182  0.559029870846
0.321581307612  0.39802456445
0.65745178352  0.549307306768
0.627989595548  0.461708268782
0.472316486633  0.495053881672
0.529764909466  0.239360318352
0.6409316557  0.454845574587
0.487310720591  0.476706456203
0.352117224296  0.447888151787
0.749051226959  0.478324458384
0.355043744142  0.405169015686
0.684347747832  0.56495780021
0.429614617519  0.567932990944
0.593307730911  0.442947275953
0.441773841856  0.406216115481
0.536675914416  0.708897990483
0.595581064161  0.231649673307
0.648541655275  0.557476116656
0.457744833094  0.592046631768
0.567154437939  0.547174312542
0.548092833062  0.632949949221
0.506170705325  0.355812395031
0.444708201301  0.364160788746
0.46048045985  0.303838936682
0.503354366252  0.448788546298
0.351103073688  0.557346016697
0.514215036483  0.34742503997
0.629169282986  0.299712842103
0.514061079458  0.553431873646
0.503085612169  0.422068454159
0.523450189609  0.387713342972
0.607925317835  0.352120750808
0.549180252532  0.461518551935
0.561372190496  0.401738353524
0.512807058879  0.496603141577
