0.535848793763  0.34697285646
0.550303146826  0.505672841367
0.505732189729  0.577186625573
0.520642938348  0.644483939132
0.421511956207  0.326628771419
0.493574515676  0.43172587395
0.425296313563  0.584030395285
0.646335921799  0.579405992921
0.357510729535  0.442235297267
0.538040574975  0.598591420373
0.446570643734  0.577032831853
0.809188554418  0.701497119024
0.547884598318  0.336092788536
0.503547146136  0.256980308486
0.621344971165  0.424391524714
0.413622239703  0.515139688892
0.42771414303  0.547018817141
0.496878917528  0.60423975984
0.472448468646  0.485737999856
0.516214471131  0.418046715779
0.505879498668  0.499486194847
0.283556783271  0.450341130495
0.507550382752  0.337407309594
0.481077862366  0.640714601707
0.320559651737  0.486231190257
0.464889748255  0.35191645642
0.43165768498  0.391329507697
0.471725279523  0.479322384087
0.418103117941  0.51123499935
0.589957039695  0.3998045554
0.554121301727  0.441995542728
0.472594792744  0.54280324687
0.489381239189  0.415210362204
0.415776100496  0.458035270501
0.365047710548  0.446040539833
0.478741182314  0.389073273778
0.444641010493  0.511848230334
0.557333233782  0.392457752954
0.601790534702  0.497227067565
0.512947973177  0.134233859412
0.400598305924  0.475363044546
0.727909633121  0.43355554519
0.452891704397  0.490840725881
0.453475738198  0.352807727165
0.392796698593  0.444020193326
0.626631057102  0.479576758831
0.508746041217  0.615411562136
0.510627327962  0.495913770776
0.568046686275  0.649342596095
0.511206740441  0.370686450846
0.448351592105  0.362982412232
0.457203713141  0.391715097791
0.5300623797  0.508660786773
0.50391069456  0.754539743937
0.247056707482  0.479018695837
0.482787824989  0.465282073311
0.234891424416  0.464737101809
0.539628015008  0.441423796129
0.443191033945  0.575661615388
0.541726015102  0.398496265763
0.495906171468  0.551484491409
0.598396373521  0.296145267957
0.335730456108  0.479429970642
0.52277128789  0.282405924594
0.458498983657  0.493654920961
0.338009901031  0.24020241456
0.503545568647  0.329672223607
0.507928794203  0.360588906058
0.438626284694  0.329543987529
0.582067440784  0.574086751338
0.421907855088  0.550979300493
0.422379548021  0.691431796199
0.476719137694  0.646377520933
0.474642788961  0.496392186223
0.403634987128  0.38488816545
0.757828213122  0.391331053006
0.551574039612  0.641672906427
0.514508640611  0.437885517674
0.420044111714  0.246640172378
0.521978177267  0.453891491916
0.574580125068  0.551476644652
0.455540193687  0.576583599938
0.548021164566  0.51804123114
0.555825883839  0.399171261706
0.416454795095  0.503763063333
0.690803768234  0.476511307213
0.533029048521  0.318800544896
0.479753877848  0.453276977996
0.584658234743  0.401121796202
0.531589868818  0.438681466725
0.569758860156  0.55623209525
0.545800359349  0.420612966755
0.438775515781  0.308799577084
0.579245058646  0.441177722007
0.450762471273  0.514580737226
0.447594567072  0.53581947624
0.642862307682  0.378616888114
0.639279828384  0.642881265064
0.50430522802  0.274084356633
0.469624987735  0.641679541938
0.536847648077  0.526299336573
0.461684292484  0.298481016955
0.406524313524  0.420066207095
0.58448273394  0.384843362398
0.482252996736  0.349847756471
0.524787396545  0.319293364667
0.402628486824  0.479949432723
0.338220680419  0.524013921976
0.517719058087  0.353651907429
0.714165232822  0.503583673427
0.468057205023  0.333165709978
0.548532004348  0.435276032441
0.458015806065  0.450599207193
0.582686458033  0.360569143567
0.579408281854  0.408219605549
0.52877901278  0.341935532782
0.625452051825  0.608892146908
0.589247471901  0.519589911828
0.61420778924  0.369937584239
0.544427279803  0.487760603061
0.491814770183  0.616763585154
0.542732272126  0.34507826205
0.489440801192  0.378676842339
0.469141810704  0.311678054451
0.420209941674  0.428533025133
0.426117642588  0.429609095456
0.34656672537  0.46031758615
0.723330763854  0.485856081799
0.508639123652  0.292706866542
0.478561377628  0.510678201701
0.480766617122  0.28427902927
0.162914811463  0.33172870404
0.52456737999  0.566674733616
0.559724728745  0.54469945075
0.673169572872  0.56015770819
0.354473732415  0.546635314981
0.475482249707  0.424877031402
0.496859676463  0.408284066678
0.625574712711  0.463138661333
0.465128025354  0.638554411984
0.663313915812  0.51585782894
0.566772656989  0.375896700136
0.556393977434  0.374414927971
0.65660624599  0.417333606981
0.606968139158  0.404853318734
0.655391277374  0.405898558069
0.536915303812  0.418419428477
0.472090090791  0.367716091181
0.235026125384  0.325213654841
0.38793637757  0.404765492054
0.511389165704  0.463386701188
0.773527609007  0.391976392835
0.487234939053  0.527254429752
0.620417557439  0.25744484145
0.458828680179  0.435599014846
0.433045871187  0.621804911427
0.410882570935  0.595493494015
0.588807369568  0.653902081633
0.503654780704  0.627959318264
0.499704071929  0.415224355462
0.366023614902  0.405056194938
0.45620745422  0.440890148085
0.617049924096  0.438922308375
0.431007061478  0.480576604715
0.483272855646  0.297613766577
0.408437992139  0.448204609734
0.497492462825  0.560050279076
0.476955700493  0.425480804068
0.437125378221  0.313466201187
0.420964778956  0.527053473609
0.432388579861  0.497723574205
0.34127422177  0.455651869911
0.427920035283  0.363822977225
0.441484615247  0.322706253047
0.48771417792  0.3666540131
0.601384023549  0.361108046695
0.541191605135  0.551165010065
0.412239499463  0.463300798471
0.451399887688  0.50154223445
0.365177460425  0.530243112535
0.66402136584  0.446921125164
0.529919824414  0.470305962068
0.522210802147  0.531704817044
0.605723302226  0.58556064989
0.605255140889  0.502071680286
0.560252986585  0.565465524903
0.585891593951  0.677805860503
0.304393467801  0.59508871941
0.553860258087  0.506581065099
0.42407530776  0.480873952475
0.467160914856  0.533982578921
0.396349169682  0.484756545357
0.738298256458  0.437971650323
0.598245790232  0.376397975271
0.595140871572  0.473861333256
0.414727691066  0.507549892839
0.410446262461  0.682263177952
0.577403274732  0.390646701484
0.580336375291  0.417134509214
0.564291410321  0.499960872556
0.658638198141  0.39645939472
0.465887863618  0.660123959745
0.491049680989  0.519748792535
0.530500123268  0.338316578515
0.42789597184  0.496637275684
0.538385341758  0.431677912664
0.273532263064  0.398687322411
0.574329335888  0.613340633531
0.575418236327  0.441129252739
0.49906815113  0.608164491842
0.533823765077  0.522996239727
0.452721647138  0.505001893115
0.397353826254  0.631972927644
0.670089064191  0.45819263647
0.579217257234  0.698643511731
0.322239847621  0.35429986096
0.389153559008  0.52985808813
0.378774199823  0.543503755319
0.323853604382  0.389853983111
0.632582535359  0.449263733732
0.313212860308  0.563649155001
0.481599229871  0.37364631259
0.45553663643  0.576892084189
0.203403532221  0.440062231979
0.51129090598  0.623610795884
0.501748757186  0.495255957799
0.588421083212  0.554782053161
0.580582128733  0.708171292659
0.517609162234  0.519461509295
0.670260300308  0.419522277951
0.498397863213  0.50392098386
0.624695843043  0.525461310728
0.523583748029  0.523330762597
0.541901881009  0.563452150164
0.607694646228  0.553690955828
0.322914987869  0.594779339892
0.384149058282  0.544476451807
0.46735055892  0.574541706488
0.507494320955  0.367678944129
0.494411654499  0.404574673318
0.803161848938  0.659058256646
0.530107865356  0.568048626841
0.592488099125  0.29801863914
0.493094457518  0.394715515384
0.536861393954  0.326795882505
0.519322520393  0.492552518738
0.527447650269  0.524577064126
0.568978464428  0.700221816718
0.546298112713  0.381963385662
0.357722822876  0.536867212041
0.722517787199  0.47363888654
0.315294137272  0.402978992093
0.426310921825  0.365800231367
0.562697225222  0.483133955121
0.409157541209  0.380765827135
0.515640226012  0.548336629552
0.451170596029  0.538530668942
0.50520112849  0.542119287883
0.362504410871  0.497864552257
0.353840709286  0.535255114919
0.547473527594  0.383850317761
0.645354622283  0.480366755201
0.433663469534  0.483966573144
0.296211832799  0.647614065869
0.555019595989  0.406267448634
0.699330529675  0.365827411808
0.549341212499  0.653591880011
0.660792589547  0.444452369795
0.475726802475  0.450801647583
0.519232377945  0.510142201875
0.524484234145  0.481808583746
0.588856284433  0.422581512865
0.487922264521  0.525696726202
0.559278183317  0.409905610598
0.565100351154  0.530922236294
0.706398505139  0.554678833641
0.575380831996  0.463542054248
0.458351535772  0.460178885792
0.348799887893  0.604302289142
0.510256332775  0.394194429683
0.358164472476  0.617905843482
0.418963688266  0.543232274048
0.490261511719  0.505340937014
0.56037348191  0.381393565131
0.412878460998  0.341773855967
0.495096772049  0.499016172954
0.556130117204  0.413139823577
0.437016736049  0.577070752966
0.398900644129  0.573351164678
0.49633540104  0.412048654196
0.500287514692  0.382552345605
0.534458278709  0.667701911291
0.51429903  0.533497765927
0.547974184617  0.640619667814
0.510841385501  0.462791018096
0.555271352995  0.417255080554
0.525967671821  0.411401979067
0.366626688721  0.315655045038
0.52365137266  0.446945126689
0.570337894407  0.585164127769
0.457507179251  0.395914756966
0.423003817919  0.39542001059
0.626243383457  0.307167441601
0.474707123289  0.531066707767
0.718320425961  0.338627929578
0.512440680653  0.552984355254
0.530345380952  0.436317746647
0.410429041867  0.489104242917
0.408325227076  0.629114461502
0.621865280082  0.552615048803
0.677636774438  0.366683597668
0.486874025601  0.4275402015
0.719987114411  0.523560838252
0.230120524465  0.356579962419
0.381918940116  0.587545202546
0.567621687816  0.467938890619
0.45579757883  0.481682462012
0.428440029519  0.450952305701
0.472504896798  0.554103376018
0.476684878697  0.338425372913
0.579699939361  0.602542635969
0.548431312028  0.524257962327
0.559749735052  0.355808680936
0.688421153929  0.6496481823
0.622363926983  0.517759278771
0.488345956691  0.575011238831
0.486545179966  0.493583941134
0.477638993277  0.353080100649
0.634974591114  0.495211548418
0.655063834771  0.450838905721
0.332086685376  0.479972063935
0.684097808142  0.40014671759
0.473706443588  0.550025213089
0.578577686188  0.37268859462
0.565931638798  0.495168963444
0.581746103759  0.479670599188
0.519086713358  0.398271765048
0.333385929277  0.642274812701
0.578698940295  0.40192502289
0.519459371549  0.428347232919
0.3417093199  0.441622982731
0.466029070852  0.521594678409
0.48685407318  0.548557987833
0.348953918792  0.307691489241
0.760088347364  0.486539484108
0.573692347074  0.459346152429
0.434147373244  0.5285229474
0.552853485847  0.475582068058
0.625891651633  0.374491820538
0.394217721473  0.533558007775
0.433995878769  0.619350841355
0.446988452065  0.497525619702
0.550642618701  0.39992692139
0.505970745124  0.460188961225
0.486367734748  0.358279439843
0.402305005464  0.451305817365
0.434092132676  0.531160831746
0.631972288682  0.302781238407
0.512664141786  0.491254765297
0.394490397199  0.404512853751
0.51844912842  0.241732931565
0.49434169276  0.506888844108
0.527212909046  0.69381843504
0.439278863601  0.47173490577
0.371356130529  0.711926774091
0.355814490607  0.649480411732
0.388975726203  0.442608059604
0.398209546244  0.596009267493
0.572515927845  0.465175363551
0.581122772106  0.645005526606
0.458752470399  0.435300699729
0.577757271486  0.44765915916
0.707515075012  0.341767703811
0.482897210979  0.510645079374
0.579523578754  0.557017255895
0.360390449777  0.363886001911
0.380386683766  0.362285665572
0.492092973641  0.487763823706
0.468594726382  0.414019277029
0.462457338307  0.47582520773
0.527846240171  0.625234147957
0.357727204611  0.32226989261
0.45148055023  0.383461505373
0.484606522015  0.363446931963
0.356029457713  0.646106291294
0.709322509589  0.504785569743
0.589253873257  0.63772785027
0.622506904949  0.445944623289
0.503427172442  0.262172095357
0.593277388582  0.52647877519
0.695022971899  0.569849489175
0.485809050129  0.707442006321
0.529155700749  0.523129138097
0.569444927639  0.295065649581
0.595853195084  0.45249308085
0.544463635897  0.578263494362
0.417801026551  0.417478497436
0.50685249257  0.348860229014
0.502586962246  0.432361005466
0.365038169006  0.338035916801
0.42135369013  0.534239938167
0.537029074059  0.544378045164
0.463344357061  0.429831639868
0.426374872365  0.699374773425
0.42129924042  0.582906684552
0.440157129655  0.601058753998
0.489156815446  0.593898646749
0.59124362443  0.481896747372
0.576852330008  0.422262729839
0.508664600214  0.609003637233
0.335672618941  0.484792971348
0.447848036547  0.376538197764
0.580047400687  0.441355618004
0.386836574938  0.443750268286
0.566728483207  0.332340810687
0.479954975667  0.483310628506
0.300547613988  0.258421029522
0.561419892074  0.487586605437
0.325051754381  0.536244091116
0.508791407371  0.543809402899
0.353073205755  0.186285774244
0.459871344803  0.500680338758
0.38108902506  0.316158179985
0.665943286639  0.287709983472
0.481081561577  0.434666919281
0.587609836655  0.410331544599
0.545474360639  0.605356527644
0.497004722464  0.59123654559
0.475248397579  0.407474133579
0.580746302604  0.366324276729
0.385183810557  0.447301824252
0.50049337081  0.579498907306
0.431457745675  0.42837798576
0.556710038298  0.51511743782
0.664816901564  0.635348336201
0.629905454497  0.627314418446
0.55401694378  0.278976968678
0.464875175312  0.415721893823
0.473512161803  0.449332510109
0.513288668253  0.62534319459
0.750030170435  0.540262381737
0.626483496082  0.629638999335
0.599828286909  0.449328950944
0.585166897293  0.529339585821
0.272368461991  0.49163813138
0.402102472304  0.362535622094
0.583173519445  0.43827493692
0.402570967355  0.56813410804
0.49544932905  0.611560273005
0.418720811477  0.417721611356
0.492428307697  0.509807863252
0.69801636682  0.374771864392
0.490068244353  0.512607063072
0.52737742659  0.641613553766
0.336171394306  0.565611666771
0.434356589282  0.461074368271
0.320094796301  0.341137477231
0.524847815805  0.465091252203
0.54053400273  0.627672537737
0.591053836308  0.312566616212
0.589121228106  0.563266459682
0.50411422942  0.52038516258
0.7477927411  0.49588166887
0.51867601745  0.259365257412
0.435645554061  0.279179513047
0.464464332376  0.612364160545
0.566921263022  0.526524849102
0.598679029442  0.371408321969
0.351975795512  0.581907521864
0.498943280663  0.270597191693
0.600907698733  0.512360637623
0.480875786865  0.373959078329
0.578742980419  0.674515407513
0.57481237168  0.31126877719
0.518307082456  0.423016299407
0.5754841334  0.576490580729
0.553010373696  0.382415849087
0.585655803295  0.575662259158
0.541096580239  0.604204922747
0.397642010957  0.671436755238
0.664551968508  0.346896878666
0.441407658048  0.39773775038
0.371283894685  0.605733497252
0.417695314323  0.427534477593
0.399239238589  0.635497989999
0.384791919059  0.551524168528
0.604166457836  0.569138787095
0.510017858978  0.419015779041
0.438901041636  0.51311536241
0.418745743024  0.359296906846
0.521161696365  0.460657668052
0.772265687403  0.60872082503
0.600751061959  0.635944263492
0.362249516169  0.44525313112
0.375109239792  0.464627190879
0.5881152193  0.553818123136
0.524326479939  0.545288175325
0.461112679763  0.589261125266
0.513492286753  0.29231622332
0.497843335919  0.627125351073
0.550492537621  0.508682242146
0.479059812994  0.526836707667
0.498088948557  0.544725991744
0.467829183448  0.460756275897
0.487675817363  0.581678338314
0.496127900661  0.432547811819
0.588631262626  0.429901149461
0.250442761154  0.387353872523
0.488459737404  0.538184349551
0.559582328807  0.400664705624
0.551653474838  0.426392672138
0.445078012022  0.53031976531
0.458747375483  0.409481356935
0.396874581372  0.592054804454
0.598908645989  0.485021145296
0.533822808769  0.350592396393
0.388585178417  0.623600050511
0.553116390806  0.501535678912
0.602236526568  0.405482119725
0.349697036735  0.459378343478
0.337212379422  0.282583893833
0.386439013702  0.564182237184
0.541373714252  0.597823237823
0.474504349691  0.547785212816
0.551876244383  0.619883714837
0.763351497451  0.703063883398
0.324625178205  0.455553399171
0.353614924448  0.517557640588
0.470673403006  0.540478430384
0.526678907207  0.318905234838
0.444573300312  0.618726086995
0.374251563884  0.44754627119
0.448553587639  0.58433926286
0.388566469367  0.484731731004
0.370454160127  0.521950555433
0.461729118484  0.47715234303
0.438654233404  0.51084162773
0.455672519124  0.599274218227
0.376384526892  0.453839950135
0.445122452844  0.382812731134
0.412788678359  0.412051187637
0.407623646869  0.618824942428
0.634851761427  0.572375528319
0.578291346569  0.549309969883
0.441402166146  0.662595531166
0.610856241087  0.271300696998
0.59670171496  0.431639474847
0.592266903248  0.435407596083
0.295321851134  0.503933387281
0.569326092788  0.570528486817
0.584386396369  0.628603878203
0.625917626858  0.496376902689
0.430021113445  0.559130475974
0.544837053397  0.517656372849
0.566106540403  0.547044189428
0.608348212832  0.461510359364
0.588947870983  0.394719017386
0.485296091333  0.545931497021
0.414724816299  0.472449258573
0.464286898707  0.455591197104
0.681151750049  0.560827637153
0.430395701428  0.295452118593
0.455780269855  0.370734549722
0.496454712093  0.537471703283
0.614647102678  0.488647486429
0.464992790087  0.434612023706
0.558480775197  0.523409060306
0.442863981549  0.360567912323
0.440637595893  0.480488459753
0.508691847705  0.642033731659
0.492938668895  0.365983427368
0.446299653135  0.618993818766
0.438347010789  0.323863168372
0.467264121097  0.417725092602
0.503762119191  0.531335867166
0.636429451008  0.467905135246
0.361994614475  0.373774296615
0.446851674224  0.542997618021
0.565909560583  0.519790132067
0.359048308192  0.520088690134
0.36974060151  0.492878231174
0.621435490662  0.520845347211
0.566341175777  0.315867580892
0.582007441494  0.351019491637
0.59175595113  0.58960159769
0.360828363999  0.483472232842
0.369146271869  0.560373206299
0.524091827997  0.482948580904
0.334909151213  0.532889319825
0.415141662619  0.458191592541
0.418112240497  0.460028238872
0.516334114237  0.498958793626
0.329781920822  0.566301364563
0.454682325742  0.47123286689
0.366701161458  0.447753026079
0.455927917466  0.492808688466
0.45068829855  0.589253915138
0.636397237082  0.380563991795
0.398814732845  0.350634810917
0.464778925736  0.542216326117
0.600318491495  0.495229836617
0.623654534952  0.541860372159
0.501122725504  0.384109468509
0.548446190485  0.491372340565
0.629362601379  0.492702218982
0.559501075842  0.541411339266
0.47578192304  0.490763430354
0.541390510002  0.318649680104
0.404352751567  0.663085342098
0.410978549138  0.315937780625
0.444664114362  0.590910368846
0.642646315468  0.506644964054
0.496088734696  0.513465061526
0.536787141493  0.360883640955
0.411540566463  0.336946660303
0.363520336693  0.495376316995
0.527230258262  0.532770029217
0.565945270515  0.634947177952
0.554399844311  0.489880637377
0.549150955251  0.380819240666
0.63144786372  0.610840240174
0.643580822225  0.305119701746
0.499025125098  0.3317336075
0.464372344103  0.381925864711
0.614826670244  0.442873332259
0.543624867918  0.423807268508
0.45714167098  0.318588474644
0.655651911169  0.549337280405
0.574768568115  0.4421160197
0.41311084845  0.536010618884
0.500521475124  0.529387868399
0.389497991367  0.411052499149
0.60318468988  0.313326511126
0.233792728959  0.392858638183
0.471369049194  0.544286552926
0.516706570048  0.403182971335
0.532338750396  0.403259756055
0.478149569403  0.501413825081
0.590014684407  0.392452633446
0.707917638147  0.261076746627
0.57057918174  0.357147785966
0.58673470733  0.352719716715
0.52883549041  0.478395033098
0.510009622831  0.448728461368
0.421977943405  0.303236808122
0.423560359281  0.545623658425
0.517719794643  0.34722954338
0.450044872181  0.498806631604
0.515974053676  0.578079700852
0.475676864642  0.447500307978
0.468907902144  0.324479704449
0.752139279899  0.37164204872
0.550438125518  0.49741704663
0.515786402556  0.46891511826
0.402686825292  0.475899933007
0.409282402246  0.657394520396
0.425498385145  0.398605757151
0.479326372569  0.320233524587
0.491590327953  0.443885752554
0.494921649499  0.49329982993
0.48402979138  0.439901588238
0.517981598264  0.63818613501
0.420401147929  0.407092579262
0.621250898414  0.458198387638
0.46586580255  0.336671730467
0.33376080898  0.572119364151
0.337549077491  0.359979810016
0.689252063996  0.397955278925
0.438698514065  0.593929716627
0.511912845588  0.360248544413
0.533123425257  0.686443869361
0.328356707144  0.588095688319
0.4409595725  0.408708961892
0.366208941709  0.501482661735
0.370265956243  0.471361128881
0.42536100998  0.49697325496
0.489975085152  0.440267702931
0.460901701323  0.470721574636
0.549430527979  0.49855215335
0.548708642903  0.600287437242
0.51729026761  0.41884603958
0.402193429649  0.393004240876
0.65326439914  0.524117111542
0.596916910313  0.348005758245
0.617743422031  0.479271684531
0.445941547466  0.703747334894
0.343258267791  0.361325275127
0.552720447245  0.627772513645
0.390650328901  0.495456122767
0.549460742259  0.376567423819
0.475806063261  0.426766191098
0.349273633071  0.641430127763
0.549806891247  0.594610524042
0.594196334122  0.419947952452
0.302970503592  0.273958383884
0.438522096093  0.41553396671
0.507668553383  0.456518348879
0.444508768782  0.295546420591
0.310048683955  0.766472142041
0.46336775115  0.400161702104
0.473085073575  0.435232325011
0.615378793362  0.593815641099
0.403137942872  0.578271331138
0.445051736207  0.550558133321
0.489026302517  0.360537009563
0.549562026233  0.588689018848
0.400195781252  0.430867348945
0.459692650576  0.626548621765
0.608249309397  0.423391085603
0.522943518489  0.419478913796
0.502898917184  0.516096025349
0.463677950254  0.453972032423
0.534563130139  0.502874902473
0.357411710833  0.358830786978
0.555697692008  0.657571458205
0.475228816218  0.348717455582
0.480412961221  0.623671208866
0.729301681607  0.66364541047
0.529521092132  0.415450393751
0.512066381536  0.520481935394
0.391967211434  0.502674255019
0.55060776803  0.422401466883
0.511519738328  0.652952449123
0.422772562439  0.529182661601
0.484099420651  0.520849466401
0.424219323181  0.499501551081
0.293001920547  0.41998318933
0.507894641956  0.660535951295
0.613113427381  0.383776241327
0.60174173201  0.646146696001
0.576364099728  0.330566809247
0.608017719914  0.304850974337
0.481380378401  0.523490702319
0.607368824455  0.409851000216
0.408427845133  0.32885685039
0.570206713434  0.421590422462
0.530672074232  0.418758596252
0.479549578494  0.356270202215
0.665526629506  0.541361568631
0.438585891692  0.50588826881
0.467842342366  0.598698356984
0.702506129211  0.656306614975
0.372851323124  0.522242244291
0.368155458519  0.517258293945
0.595674091656  0.428647255356
0.53345677237  0.512326543012
0.531127273678  0.255075458383
0.717277519947  0.529703116388
0.479705884678  0.436415749254
0.553699834823  0.421750151601
0.458263926354  0.428482472232
0.411125829477  0.402510286021
0.433055658637  0.500319018921
0.340684245759  0.56787489223
0.561025864624  0.672429298552
0.426409680003  0.51740315024
0.481527047078  0.392327564234
0.440290296572  0.274907524069
0.674198162465  0.555432883723
0.521510342531  0.547766865965
0.490437503328  0.384955895068
0.485096645378  0.40578647014
0.355071471693  0.534688400922
0.604681031033  0.417387931438
0.450517003266  0.528815337371
0.400643830803  0.711092591881
0.515080128357  0.425526499169
0.553239061498  0.596256203569
0.396670579282  0.627185060548
0.478964703087  0.484202940433
0.542251676444  0.488196335789
0.320317140474  0.431197643486
0.46622287335  0.381186369487
0.608823662408  0.501913761982
0.531542326836  0.669108657304
0.668362185971  0.493536533663
0.598486501911  0.457658288761
0.671814872694  0.371698909303
0.432523340072  0.300179739784
0.57558716052  0.528485549404
0.531412041682  0.474292900609
0.44243878376  0.522355691375
0.510040518144  0.564236612331
0.422799836811  0.53059328699
0.415201544983  0.579478597074
0.712118025653  0.462366175646
0.664563180877  0.335603315608
0.380096414343  0.422841245719
0.428201538513  0.594207064453
0.48935356876  0.520832243251
0.538364062209  0.339930326935
0.483591909258  0.556317882972
0.48359962358  0.448991543576
0.339690288725  0.622032430977
0.536022139641  0.272688375544
0.584576684853  0.647764211316
0.345607356565  0.571219533761
0.42523681594  0.495573606868
0.629467774957  0.582849639922
0.593669199029  0.356193543975
0.382795797042  0.445299067515
0.397562981795  0.47059422468
0.310883963168  0.505884923222
0.457580768782  0.468509785171
0.441229144938  0.378242260951
0.373084754158  0.562905201473
0.523895474061  0.573098987706
0.622020927921  0.347726822281
0.418990279204  0.449437111087
0.532338018785  0.61258341581
0.713174120731  0.402557275472
0.542218896584  0.536779502999
0.618006429622  0.612463629247
0.417810090473  0.477466278394
0.396078050567  0.506486011635
0.546170491826  0.565793703815
0.746622845324  0.547288712657
0.39951431362  0.520495022024
0.372222337776  0.403741355959
0.40303464098  0.50314452458
0.505373159016  0.544883965457
0.288239700913  0.486537963946
0.667675365712  0.63693404649
0.543554161279  0.647813877498
0.435687930504  0.497654677777
0.466125749706  0.712468875552
0.283708528975  0.410944310289
0.458482143524  0.552034849395
0.579475888582  0.482477731782
0.594197024258  0.439205506495
0.361797594551  0.430889720067
0.513103137695  0.529451637831
0.411250124406  0.509276272363
0.406042275485  0.569804715628
0.447613726631  0.372575638479
0.501197758913  0.432466373839
0.585674233942  0.637640143346
0.531366161299  0.400731253826
0.504502312847  0.621670706762
0.799339954053  0.532494114933
0.49694039458  0.354772269619
0.250171125239  0.570037219021
0.590136913567  0.476167478119
0.574433148664  0.572233622374
0.552221479084  0.592529398402
0.322316867358  0.594794215758
0.589797474618  0.389296811936
0.455539616898  0.252234761446
0.626512385151  0.416139904039
0.669043227814  0.374230149838
0.51147983734  0.464696759161
0.397973035135  0.495889232146
0.391747554934  0.470431327704
0.328528498189  0.402521611232
0.59514960928  0.541971967665
0.680201749657  0.411721160511
0.603476610122  0.461777179347
0.560223365158  0.467824231655
0.582844997954  0.47089664533
0.4951129349  0.641493068943
0.5152714612  0.387897600213
0.508199146851  0.381458904464
0.562476853779  0.533827197693
0.589112395713  0.331566318196
0.613707071219  0.525381851024
0.546697041325  0.296783215334
0.397194807876  0.441603869874
0.438600707402  0.652308127494
0.503779026663  0.532879020681
0.607590786592  0.406463834098
0.425803418652  0.444357868853
0.519204676493  0.265895434219
0.665813054366  0.490844624366
0.548883424138  0.515490956603
0.605227861707  0.494239509912
0.511932101595  0.294474025905
0.414108925296  0.473814885217
0.509285718859  0.574152916062
0.365441735889  0.44063728838
0.492579052912  0.459115158342
0.583562826682  0.611573775804
0.596728203354  0.411191310414
0.449307885922  0.471237811172
0.503207081545  0.49240148872
0.329028661608  0.534000886376
0.439197212615  0.615186383903
0.521430007051  0.420184830723
0.543742089162  0.409174569325
0.502756924438  0.389100096622
0.261550066223  0.730493361595
0.436488464896  0.530175546539
0.545460713991  0.485207385436
0.460351554009  0.394915579256
0.478085586033  0.286510498925
0.567124854506  0.450444778644
0.32809723965  0.541513335303
0.590027325238  0.326614141743
0.516435740725  0.495219523165
0.309013718785  0.511948595241
0.688842291216  0.67165510038
0.711935423846  0.530810067933
0.46991978456  0.611806722182
0.416424295595  0.61719606957
0.754947281773  0.569311728647
0.516018176581  0.610926546049
0.569105083101  0.457271135044
0.574075760156  0.680327388355
0.354618969994  0.431968956312
0.710326436938  0.64389486211
0.475115797782  0.367194988034
0.352815960926  0.252684759909
0.344465270521  0.555480161522
0.490506705394  0.566529204511
0.47354421957  0.35551865207
0.461098121115  0.397228604293
0.43314333496  0.48200578411
0.497448344589  0.735877815566
0.371423973607  0.277023899301
0.545391614527  0.404201659115
0.640194484515  0.527240199386
0.585648510701  0.334692597731
0.725331387346  0.184595461807
0.66196610032  0.358302348797
0.430520238589  0.318844660922
0.625842250136  0.339324067722
0.513351895975  0.413910702397
0.462844064118  0.515950188456
0.543366439724  0.541378107962
0.3639378481  0.608964580308
0.701316879492  0.451196269154
0.263814863109  0.613867850523
0.519843155926  0.614663562638
0.38469817565  0.393387276243
0.468819173484  0.283755024748
0.49729033149  0.358286725133
0.532867130168  0.620070848954
0.533070206217  0.480763570939
0.340712033978  0.380641986079
0.36663128176  0.408549789597
0.418389984872  0.367361891427
0.424165344135  0.562254561427
0.550857328202  0.610078389767
0.514889121103  0.364823675827
0.410928193802  0.608996015079
0.317942818863  0.444361977038
0.337703604934  0.587061323933
0.446821353098  0.561062434051
0.393055483783  0.780178912546
0.704769734619  0.328455802753
0.486465872561  0.475608707141
0.612443025072  0.346321718348
0.44932561248  0.397163561586
0.343955505957  0.534538308418
0.606491103942  0.288219912082
0.502822362142  0.472892137178
0.695442046143  0.355862412019
0.62439866465  0.551460886241
0.515201217328  0.362339960416
0.489541168819  0.70339381301
0.422295311496  0.305162459265
0.53928479105  0.367068795945
0.517983345174  0.288782691151
0.564855737688  0.463252754298
0.40955407694  0.520260139891
0.402231820352  0.426945187744
0.685272206434  0.428868440318
0.498088969195  0.485372961031
0.497279447869  0.604608523956
0.517988210416  0.790792650838
0.55930277776  0.594366988503
0.591919541691  0.440787700128
0.518848415507  0.479142211331
0.449572827651  0.281924355017
0.49041282126  0.640860933837
0.452138814116  0.583776884303
0.578583556091  0.470176829785
0.514128112076  0.227198098225
0.617016374431  0.535367541578
0.379397148315  0.567392618896
0.407065291485  0.491878211402
0.647986488012  0.492251850594
0.368618467282  0.506496778742
0.487856007563  0.445675730477
0.401869536785  0.521200065855
0.343182503727  0.599758884083
0.652105031417  0.448251455351
0.609321444882  0.500550383011
0.399365348815  0.498644455782
0.486860421711  0.420096427689
0.440902610408  0.499998912388
0.619010624755  0.409199029858
0.324423944526  0.360024614501
0.337687619625  0.354837356565
0.558390344526  0.573487208917
0.466717668129  0.337821700648
0.496340033655  0.65277726293
0.473828237902  0.328093085218
0.446804310415  0.57197614932
0.630911131561  0.316700306251
0.641692113591  0.383720004114
