0.485078392031  0.593545672706
0.50288362159  0.666690606952
0.591395072054  0.718189042222
0.676096068955  0.428503073223
0.532160740166  0.445442687404
0.448163402557  0.541021489984
0.535339248573  0.440557271067
0.573272981126  0.55462566805
0.618547695962  0.365053585869
0.462572801476  0.40520574639
0.421321179307  0.571502929162
0.485963684663  0.373104371576
0.517030879166  0.454372711207
0.538267505185  0.506708768841
0.540819125481  0.629999383665
0.37026681919  0.416607967989
0.502499987806  0.437854799575
0.637196019256  0.679730049658
0.57513701841  0.52941925606
0.368587479307  0.595359531039
0.409756507795  0.622616048011
0.386499984493  0.522754856897
0.61851193559  0.576759242592
0.685539456304  0.399878285644
0.503272912743  0.343917701039
0.566335642414  0.462562696514
0.522006308872  0.43198755793
0.403459551581  0.459137748783
0.593344056145  0.553683750805
0.563206458908  0.415669242299
0.688630315031  0.423145325026
0.445796062842  0.483480019405
0.57304322394  0.598387164849
0.501475498074  0.542477308825
0.532206549958  0.468993887624
0.597623733179  0.505571329749
0.572590997981  0.412184274411
0.315375815219  0.34212425358
0.533558059932  0.533312559609
0.437112732749  0.463441566529
0.640124893841  0.639201151275
0.586724632732  0.502693379653
0.446624654402  0.605325161591
0.455261859556  0.463325912753
0.513254832341  0.492058355529
0.490536255766  0.408008154384
0.373132842427  0.647014601258
0.385380551996  0.483397193361
0.459572501667  0.515939377933
0.511416165849  0.613682793442
0.351495239499  0.624709088227
0.535121221123  0.427094460111
0.584634964655  0.435753527669
0.626673303523  0.778279480238
0.300755873564  0.405499869036
0.513394615914  0.548844388149
0.512268379074  0.329791606043
0.484164359853  0.619060613682
0.620121981351  0.578035379522
0.600834084549  0.484469773472
0.524463015159  0.471585244076
0.551762798506  0.524879523388
0.390309291402  0.630657836049
0.404581445495  0.291111868184
0.428136397015  0.462283464751
0.463996707143  0.385697707802
0.733248630683  0.301761434133
0.642584035044  0.494232474451
0.520189126174  0.560871744458
0.39709382241  0.612975989557
0.510220486658  0.470671686301
0.494722967608  0.627185533626
0.398385398873  0.428927776129
0.509587090495  0.62353014508
0.562640038974  0.401293184689
0.633987517664  0.634831952402
0.342034584903  0.557086123236
0.507449742885  0.431204339586
0.435558760892  0.415021251538
0.354107888063  0.550955155748
0.504331185283  0.159698397036
0.374285596523  0.477802476509
0.579080372937  0.316553249599
0.410149264024  0.402896209168
0.511318061001  0.429178969085
0.465881027631  0.605337962079
0.615258142855  0.462260000791
0.615100576329  0.548282906906
0.461109684388  0.396225891251
0.447732986915  0.507120159513
0.449671055296  0.466298179961
0.345377551452  0.546712486086
0.541316559769  0.724693021634
0.581321180134  0.350854299088
0.54441130492  0.51355073881
0.383991765757  0.412962667045
0.617571151158  0.408331675235
0.545539344163  0.645216825178
0.447769136215  0.474365718497
0.50016774437  0.692772343155
0.321284123539  0.323526884705
0.585433832221  0.620774974706
0.491325607874  0.673576858375
0.494985436047  0.468694690956
0.307392706868  0.77815444265
0.475276429056  0.709115723499
0.485000841685  0.437346970368
0.26705990758  0.594643873064
0.535374338517  0.434548337082
0.599888159209  0.476622780606
0.355613261126  0.365678184702
0.571330697592  0.363307965537
0.439335170522  0.642667504443
0.558814361198  0.71952549966
0.429870785541  0.542871175016
0.451074261961  0.28196056304
0.357524852088  0.425205137625
0.53444884681  0.506542474434
0.607157255178  0.614658083867
0.551827205044  0.584704686656
0.564498910705  0.367452833162
0.363964135243  0.506884204293
0.464768798294  0.509146154706
0.584814066282  0.381754634774
0.498361751107  0.660333707012
0.475040651367  0.567581909862
0.232410419678  0.70467880464
0.340765886186  0.627523886805
0.552213608879  0.59834951339
0.572289227406  0.586679282866
0.625023368725  0.514263302006
0.556648620858  0.519755772305
0.46988941794  0.526756189425
0.573086582109  0.463989124991
0.393461778034  0.283335800061
0.57095618037  0.567841706541
0.600203832018  0.364170242743
0.490656241428  0.381339030676
0.408386242903  0.607199479854
0.458829200961  0.384657092007
0.515904588413  0.38810194526
0.610296741017  0.398741937106
0.577894412478  0.481973604389
0.617821218101  0.505967790394
0.57241434444  0.481034171164
0.483568689492  0.316305090557
0.672726569002  0.459498885863
0.469723771547  0.535887679588
0.606570346828  0.569413304244
0.641783677154  0.523109809632
0.522000201968  0.57280368365
0.475765178445  0.510866790216
0.371990646173  0.535846204948
0.468806666413  0.435659199688
0.562615677612  0.504624158169
0.505632459091  0.569318390417
0.535471716933  0.579247431145
0.416204929858  0.565781878669
0.53236561345  0.482125410585
0.402964178733  0.307535444247
0.303793860873  0.509666768981
0.521068028819  0.493981205656
0.616903245263  0.449928436221
0.44081808511  0.586624661515
0.546241078078  0.65268432184
0.547129418619  0.504888202337
0.526031530863  0.462884320777
0.381146169034  0.492616607501
0.381577068929  0.500456453749
0.733431488907  0.506090253206
0.627801233927  0.545447564224
0.439637379273  0.488543134128
0.509559005102  0.690595499241
0.592774648333  0.500823624162
0.450719749796  0.502390584107
0.452908392095  0.617880164059
0.523446312888  0.598464860931
0.544078954807  0.483067485942
0.348819959463  0.279040206843
0.404324078923  0.512173982028
0.447600809045  0.663126517099
0.54765086194  0.347611147585
0.57608011817  0.450686511924
0.429922865136  0.573424210732
0.612227860274  0.438683952543
0.684503528007  0.471494036052
0.399960454509  0.491062264163
0.579827877663  0.835023015456
0.489343658886  0.292707868959
0.454380032846  0.329743421241
0.471257210193  0.436550495755
0.487398977276  0.280712169975
0.457068090143  0.372049526769
0.463393521305  0.568929408349
0.49905497518  0.43157132726
0.502373296054  0.482046425486
0.465936095638  0.533495170069
0.612490229846  0.596366820629
0.40977383611  0.537246670863
0.377904330782  0.440735508377
0.478137003734  0.535342980088
0.493135517679  0.663168764839
0.488929101501  0.633202794642
0.611501878258  0.435820883399
0.533819402918  0.566340442872
0.36647861631  0.391305208486
0.697470499201  0.478003665359
0.49655197101  0.329410386775
0.719817735287  0.497008639415
0.524487076219  0.398071511988
0.590530612918  0.432170545947
0.53523991257  0.419950041297
0.444654979456  0.468626205899
0.550911464638  0.508198144891
0.497727306741  0.408799133889
0.422929224822  0.520491164944
0.479821374245  0.265466137142
0.385977044712  0.437375554656
0.443178208096  0.394979837197
0.422666666178  0.472055758023
0.451624708471  0.503576938984
0.567718254852  0.422686852572
0.437936651514  0.589236161538
0.447843977679  0.384154024713
0.524991313432  0.569084106658
0.483062881401  0.63181888213
0.62069239204  0.479903135689
0.438778239718  0.404224406581
0.430076166933  0.395066756259
0.496254976672  0.570084871623
0.454012776672  0.553712802791
0.44806575645  0.460296044696
0.532189588475  0.658423828893
0.303666624156  0.330655204945
0.258641597642  0.59290120159
0.510699719561  0.55492672724
0.426291593146  0.508502418835
0.355775928624  0.390498811505
0.409819207549  0.268851451002
0.411247299486  0.561146218283
0.499350394767  0.396043525338
0.469572257948  0.461260112045
0.624125210966  0.510712786682
0.429595746893  0.507679346798
0.375841228575  0.385609870518
0.502857949474  0.552893423584
0.114093402764  0.538791011686
0.454557187469  0.543615372127
0.400687492563  0.552829490804
0.485246539622  0.449774395041
0.327764546289  0.423750289075
0.514665528805  0.56552907156
0.490080865236  0.451795017414
0.573585646469  0.416073597245
0.647290700657  0.495163155691
0.581886778952  0.463300041303
0.300866266951  0.276985430839
0.348755038168  0.358203117313
0.422809876401  0.376875455948
0.556555282012  0.446318814087
0.546656784174  0.49121900992
0.639297925348  0.471094401421
0.655232122233  0.603853295401
0.504393024807  0.48590947897
0.359645497061  0.532913553054
0.55062868271  0.625457908488
0.603765563225  0.611781810276
0.717896906519  0.492470082025
0.537999528794  0.666107109294
0.471999719405  0.524884344648
0.544929383687  0.559994157447
0.616643437614  0.468098180699
0.44015786963  0.537696672707
0.430760474712  0.555928248638
0.753334820172  0.38540243392
0.58456456298  0.47447777847
0.384483516018  0.359797793158
0.534131486042  0.448783904277
0.478966105622  0.604289932995
0.621037975593  0.579413071211
0.540261590029  0.424533377778
0.521871852937  0.438803592928
0.349141742199  0.373657040026
0.535217103106  0.503258325079
0.554063520916  0.362529430556
0.483456578161  0.434157691272
0.453903076741  0.501971211198
0.41054541132  0.471442811174
0.258014539926  0.602195041987
0.467757031623  0.603448184375
0.798874345735  0.579843860676
0.513024418605  0.577846023784
0.649117425767  0.533141494687
0.516532167901  0.708003523558
0.625364464694  0.502196153786
0.67847919935  0.419377580383
0.457739952504  0.557175420462
0.438907809758  0.402253314651
0.528481510041  0.327826194489
0.507285210825  0.413407300614
0.641743376829  0.468420911817
0.417203528492  0.563556114627
0.602469835471  0.528929494886
0.610738919626  0.274606741325
0.493788951584  0.528535922544
0.508670951818  0.411782834987
0.381267968694  0.562194574295
0.598190596944  0.519772313515
0.391502563932  0.570955726381
0.510503648855  0.489284152191
0.598924541965  0.4483782407
0.521788239557  0.50348037288
0.434560926555  0.541950645777
0.513011156874  0.407893866554
0.511522045224  0.424879579365
0.540959274364  0.400402504024
0.570192118105  0.507152537627
0.58032913403  0.462667679951
0.454680689968  0.461148216011
0.595565344352  0.397083242186
0.446394892418  0.499846753573
0.480472544921  0.558200172936
0.559635149383  0.504218934391
0.489709164362  0.502423390146
0.572988175653  0.489477004915
0.515565955339  0.460265371524
0.486762787493  0.55286915235
0.5020290406  0.346687650227
0.543119822002  0.530533262473
0.450360925594  0.516458699101
0.453190438376  0.49923050561
0.443639039459  0.434133625669
0.34163174033  0.726663941512
0.452301770828  0.664958592356
0.447626010003  0.493503666753
0.377391457412  0.440181516448
0.539639115461  0.32005341797
0.495179518849  0.274909472376
0.429965933196  0.430722867524
0.456264871491  0.490575126458
0.427576245855  0.366924803681
0.336721260044  0.442549600272
0.417898269696  0.449702928361
0.594783813815  0.440909198125
0.482952703543  0.435105222341
0.338786117431  0.408047498307
0.599651376568  0.470727920538
0.43923709446  0.359939142769
0.511431515596  0.539863687095
0.480318281968  0.497054656407
0.458630933628  0.522824535989
0.612021093591  0.234646646094
0.656313210546  0.255092993043
0.46296466782  0.44110854981
0.627896102075  0.331655246299
0.596776355484  0.389303830373
0.449323527974  0.585345818311
0.637629199617  0.705693274164
0.524590841489  0.362164187769
0.59382150851  0.373611476812
0.680652004941  0.600706424157
0.374093064081  0.350025794496
0.423748274127  0.334832984991
0.410730892023  0.48626058693
0.554686633406  0.456037384412
0.451691332523  0.44076784186
0.536105113675  0.475581958535
0.395917869191  0.555324908398
0.579847656151  0.462662941157
0.561960046933  0.458852689369
0.654334318596  0.403463610797
0.512724317556  0.676772838929
0.535921377504  0.367075630694
0.507979167645  0.423264459856
0.592878313454  0.532581567296
0.623188470919  0.296327302725
0.489843300492  0.57843733164
0.452434763165  0.662817925114
0.370894281313  0.32203569772
0.633198745669  0.502954402559
0.421318680058  0.489818089988
0.424510401853  0.46729255122
0.561864861505  0.293747174594
0.407481403401  0.462873770425
0.635373016863  0.443873789401
0.460541472095  0.529642358726
0.483020471985  0.586024350552
0.551311213883  0.460588249094
0.452007542285  0.524355032945
0.652700676813  0.629691242034
0.517791000828  0.572268529145
0.612614895459  0.652731526886
0.450043439586  0.29778599555
0.357470264531  0.543164303106
0.425165415915  0.523829798079
0.601997939615  0.492086452763
0.396566749101  0.465560179959
0.76072999621  0.437065770995
0.396794944905  0.689799913419
0.503201559227  0.357047088548
0.450058313674  0.495651201215
0.496892653336  0.610927374829
0.607492615824  0.512036399964
0.336126935818  0.541956702429
0.580763182047  0.625121698119
0.427199116658  0.515288457263
0.505046830859  0.561356765745
0.416750469096  0.58644877189
0.393964027953  0.417816003859
0.395399717185  0.6555091246
0.358986131108  0.542149089332
0.46934894635  0.433273400975
0.524946208039  0.489982546038
0.676550979925  0.55266072258
0.462796665677  0.410475498256
0.484830925886  0.589300203895
0.482229225833  0.594794106281
0.439035809801  0.451552852939
0.551554720083  0.326324688099
0.548314035199  0.531698356021
0.474539891405  0.458136732922
0.654140592948  0.238449757107
0.472926648612  0.55143147338
0.512337609453  0.463429341013
0.749618648324  0.591713637865
0.449931466248  0.544554487546
0.475790035903  0.560457802079
0.577684419436  0.679904033226
0.367112983453  0.398639101454
0.375525343141  0.432962993072
0.437867374001  0.502872467611
0.504343120914  0.431640993125
0.574424921416  0.485816908789
0.436702562757  0.391266766968
0.418627780429  0.583885758481
0.431881856438  0.388526471017
0.594326466008  0.367427036213
0.518496457929  0.593695605542
0.433964624745  0.41689389386
0.538851783219  0.665438353552
0.391484684846  0.441063353969
0.388209953665  0.542777615053
0.495089920764  0.594895010332
0.501410401113  0.564217415307
0.42136798703  0.374112499287
0.659583148637  0.549378647957
0.483889144499  0.430634844544
0.661666513758  0.488071778267
0.367541844174  0.438954428413
0.484316889816  0.340246215496
0.443740149519  0.400993275944
0.389103300348  0.482668972651
0.377921371563  0.348791653088
0.367019975727  0.775543220525
0.679121816328  0.446912838299
0.44935714651  0.422365834416
0.446906203097  0.522777279236
0.695100733939  0.757971095075
0.515348859226  0.569638969406
0.516385683683  0.602853529564
0.514713387327  0.510034087254
0.662190601143  0.600597725193
0.460592679031  0.63537400161
0.3674547797  0.538930704683
0.374919354667  0.422490626029
0.461670718602  0.589697406264
0.508374223617  0.5458465404
0.75015470258  0.469922287247
0.643984027389  0.469839488435
0.543035571055  0.623671228139
0.571744345533  0.435705041394
0.542391979562  0.729353831146
0.394964649739  0.366952397456
0.481918329959  0.713535193716
0.356532008357  0.658296294116
0.518244733877  0.533097576345
0.356586121853  0.48500120509
0.526594240638  0.401080540086
0.368346738717  0.725245552335
0.497486136142  0.494883707819
0.522563464607  0.664439470922
0.487152396019  0.663198911919
0.441405801723  0.672837990861
0.525232320715  0.352931916653
0.677246616048  0.479123574218
0.453211653569  0.483219889011
0.47410088994  0.522081657963
0.452525940428  0.519338007171
0.527343606845  0.401376885137
0.451621985561  0.346579259255
0.49964802119  0.581335243988
0.400067907777  0.654994645706
0.333981075419  0.507530379872
0.486076231916  0.536899354862
0.772121998555  0.456665720261
0.699864937047  0.610358309255
0.591942234448  0.481655562553
0.595533342878  0.566768092499
0.40819036961  0.524718875046
0.477245312422  0.352733435411
0.423577782159  0.492868087562
0.382191020934  0.729897802269
0.556262146762  0.564562600259
0.520811109138  0.635867426002
0.483995073079  0.565600979196
0.474230296435  0.496021644232
0.452465357544  0.609886227255
0.611496042032  0.564511989265
0.384229049528  0.412840306017
0.645373829064  0.403626386837
0.519707474192  0.364165382623
0.627156959295  0.69915052649
0.406792210588  0.473686847618
0.593768534676  0.453000510337
0.473374868361  0.404712374028
0.366730078035  0.468393551976
0.475327360805  0.589337023365
0.57623291457  0.699691316102
0.529878177914  0.699841179779
0.422176305261  0.417727774617
0.536944503245  0.399999446799
0.560899562582  0.646972336384
0.366458936661  0.593694657757
0.460042908062  0.580173124431
0.610290460079  0.338006467492
0.525637799601  0.581648666478
0.412658003327  0.373970228415
0.51574974127  0.500804541267
0.399679768994  0.525159512651
0.681930925127  0.425551899731
0.505150946923  0.380197604077
0.607662899158  0.522753283388
0.631550200445  0.51670681586
0.490181991548  0.501712003796
0.359421350349  0.425200209741
0.42123518283  0.59614278342
0.612256679019  0.561172865357
0.403500076034  0.610810742151
0.387461151558  0.43841422714
0.426424978091  0.480768684203
0.54836727889  0.428245692912
0.648584062606  0.558154965937
0.395180060164  0.384447010748
0.489166840021  0.41087107255
0.686625092133  0.273965420093
0.506545274495  0.762015290654
0.344027579649  0.592542760231
0.452635110059  0.5132690863
0.522875302339  0.621861569016
0.502820588713  0.531815558038
0.413818713908  0.569708680432
0.672056826667  0.564645607825
0.483905645827  0.62567380063
0.48589001515  0.515589128587
0.38942302206  0.608641151686
0.455343793598  0.548061453778
0.43825161613  0.451526030119
0.368661457693  0.393438684896
0.499712113863  0.693931941161
0.353342892067  0.446074452253
0.658584048382  0.381343588666
0.551378828153  0.579808911933
0.55181147311  0.455868071341
0.331535425963  0.553476934302
0.655767316605  0.552643647108
0.4840567106  0.459506742081
0.51036156301  0.384424062341
0.408096180855  0.42367167239
0.370700140483  0.381212313034
0.458444799938  0.394204258163
0.523149511172  0.735059576867
0.482641507827  0.4127064129
0.575700852311  0.312706341811
0.445122564311  0.40429568943
0.67915284146  0.564669913771
0.476650766141  0.45600678483
0.266028772162  0.542058223732
0.399593481195  0.458837472499
0.526514523348  0.614915292235
0.550888472853  0.448707196771
0.547092711027  0.391460104484
0.67637628157  0.514977329798
0.325605598934  0.518831128583
0.560723509232  0.54338411133
0.424264970509  0.551802073979
0.303959492367  0.591384357595
0.608431388965  0.373871278328
0.655963032524  0.426992220417
0.580429236227  0.504541874716
0.479357356188  0.326635789022
0.42444215201  0.505604970534
0.835268321829  0.486988258077
0.534561681413  0.673206517484
0.489280069097  0.482435223842
0.3872263077  0.400559552508
0.578138949649  0.345787338496
0.331133951316  0.518111251007
0.248356898103  0.461213394726
0.630950446853  0.451599267488
0.36243282781  0.532529455207
0.501920492907  0.385654633703
0.446126405848  0.411672836527
0.326461093361  0.321267560529
0.649555063112  0.36977452842
0.522116288781  0.528740648547
0.604524222367  0.448553506512
0.497453837706  0.370665933744
0.544169851208  0.543675560901
0.517789701183  0.604716357546
0.494157100627  0.546927793091
0.205522224409  0.455031259846
0.527442161046  0.497392021428
0.436492302404  0.655488946345
0.488810486959  0.453409595031
0.58147884996  0.463278941676
0.604950914579  0.364211826388
0.494053877234  0.713972870373
0.60386445612  0.554195004637
0.598186008017  0.459185325195
0.482291284744  0.300970286966
0.391418187881  0.478611671946
0.565931111407  0.662454918573
0.512378169393  0.413078643338
0.544190231681  0.485709955458
0.415956877611  0.571062801793
0.509917226449  0.662441170503
0.582770284266  0.712538610152
0.431475119819  0.36470010988
0.514622763068  0.534314336856
0.578818531436  0.447149761672
0.432932174964  0.514266240272
0.466907388962  0.590140894397
0.606569753208  0.385107783348
0.517922889968  0.484443328772
0.540910083507  0.425014989022
0.578695309558  0.471715469801
0.60182661068  0.524252134123
0.537759260372  0.582058890347
0.480893678207  0.577858694208
0.667103195214  0.643731674505
0.52691193905  0.530801560796
0.567124430837  0.400515882717
0.715177851005  0.532840720723
0.444161590774  0.531392224435
0.554507652815  0.545773638246
0.58520448916  0.713956297219
0.586677851489  0.672018572869
0.474997854114  0.658566380851
0.548203580843  0.582830612327
0.413264308009  0.418644294845
0.50174300605  0.505569972733
0.404202538859  0.442529016819
0.491573504327  0.521478248617
0.523362578624  0.573912256373
0.569023154833  0.460058873793
0.342564533899  0.470668289066
0.569293366957  0.432286789489
0.603790692325  0.312738717284
0.506011184008  0.456548637422
0.536348101821  0.531363656479
0.518238979  0.42347322753
0.389680649234  0.529777587382
0.518347873349  0.644019269473
0.39963573418  0.466085798607
0.523430924681  0.529903898122
0.457965566443  0.439269084813
0.479836999623  0.447133970567
0.348675314293  0.397168883709
0.550376434026  0.490845081644
0.449451465199  0.433365052879
0.482313296582  0.28003411971
0.701668832767  0.355431198066
0.570030190554  0.476307175766
0.662405096567  0.545515208388
0.617619818902  0.603139373167
0.388515495724  0.596193304434
0.607895935895  0.424895541154
0.43100278665  0.412741292366
0.572790409841  0.611192604123
0.41272715231  0.489435214475
0.346414758916  0.547147442692
0.226744674545  0.35426106048
0.636126474816  0.621367572018
0.537965542508  0.566425536659
0.697756217744  0.533058863454
0.372588611809  0.536048686748
0.410311200992  0.593521638694
0.224786608168  0.547937238019
0.46945677728  0.421289252706
0.50887224877  0.532614011274
0.304929947063  0.422562848739
0.481435735305  0.376700167689
0.548181994128  0.621640893554
0.469894914585  0.337542068462
0.572270407955  0.417848894258
0.594713785201  0.570630767024
0.601250522349  0.476348511534
0.436343807867  0.596983323227
0.615100027697  0.716428642865
0.542465948484  0.416323327134
0.609647651405  0.4732472284
0.473065097857  0.581795634515
0.478835630965  0.376425567408
0.335037276272  0.436153725162
0.50323593863  0.333603769572
0.644176158579  0.523014510326
0.645004309931  0.481506795998
0.565945679214  0.490168646562
0.608812158885  0.514437202584
0.665975022135  0.411657560648
0.465295235872  0.609120661965
0.517263517624  0.511111807356
0.495498458938  0.592764207613
0.50311896535  0.514066317418
0.60981444107  0.75942383757
0.620684430476  0.473389813206
0.610353521621  0.342925340023
0.390627416092  0.369126514981
0.639112658475  0.688075392447
0.646973714926  0.466933435686
0.468365600911  0.448025716496
0.630687256547  0.448159512733
0.565842693782  0.476057599789
0.665158796937  0.458801293827
0.545821584875  0.510537735848
0.584751006503  0.444555104873
0.398210591943  0.512560667511
0.496817977807  0.416887746784
0.473075718909  0.585804201332
0.473822248344  0.613486119618
0.395095282969  0.471375120387
0.518221571791  0.537158894449
0.584736279645  0.615385601291
0.421010068649  0.348151157325
0.342597729342  0.624468707391
0.551254450276  0.521389503192
0.365999753371  0.55663286476
0.451395636101  0.464537910104
0.450737667442  0.482961609521
0.343981626412  0.726695881979
0.622999883381  0.595933779489
0.549713953611  0.471246841504
0.329147454827  0.405152188632
0.566956515566  0.599302394378
0.48647844816  0.558543907293
0.50628151192  0.65517471712
0.533135316904  0.509173522742
0.503553695157  0.445911544306
0.371669102718  0.719504995323
0.503588691798  0.667204808785
0.334187296693  0.468752287915
0.604685018444  0.499142406703
0.526242734494  0.579906956765
0.579266107175  0.323326557709
0.396350546194  0.542399498763
0.396861160097  0.275209411616
0.43109575056  0.445728605088
0.281378427821  0.612695342811
0.488390270788  0.547548851274
0.305279763068  0.474054506755
0.420457947976  0.599368306267
0.599764431621  0.305137989032
0.556846796197  0.636510951586
0.429984431092  0.454027248412
0.638176158506  0.542394328121
0.545576065166  0.521811918959
0.744051175056  0.406016960855
0.563791126105  0.391326503693
0.560061398457  0.477025696795
0.565156751769  0.525798754568
0.549022454903  0.630740970037
0.632089882673  0.546557196312
0.637014352791  0.48200101752
0.460524453205  0.427292810571
0.486033546353  0.412511521514
0.46721139489  0.481223037419
0.482579798976  0.613324534189
0.523292284361  0.514118561914
0.468943602403  0.588194637317
0.427419622162  0.429302670293
0.412570173952  0.476410558775
0.517157153923  0.469577698352
0.326521547865  0.449458591169
0.589924937446  0.441784121685
0.572730765126  0.645404965898
0.589167441845  0.45853950716
0.520090114937  0.52686699643
0.472024864836  0.422989335236
0.494129517231  0.514867089137
0.356335686026  0.468761449532
0.521530815755  0.498786804813
0.68711251652  0.439547411299
0.52564115954  0.504093624282
0.380521378957  0.495635865256
0.595117087796  0.498609946346
0.536099123879  0.458024067381
0.476932792045  0.302581193152
0.700306280635  0.561073325689
0.568764581701  0.467170378067
0.322363254788  0.554542571644
0.451106901838  0.645066099706
0.450246408487  0.598572476358
0.533514421815  0.545086388475
0.704241964496  0.552732218927
0.658749727251  0.448637134015
0.723956304887  0.691485911486
0.516699962689  0.406987981495
0.437153740607  0.407364707428
0.651714652568  0.53524941407
0.411569927762  0.528070026772
0.379908925319  0.469284825869
0.598202842369  0.628571000682
0.373485174786  0.498315800736
0.462707835603  0.545333096284
0.593372506752  0.411839488319
0.440091646784  0.508976292689
0.492651401678  0.247909176363
0.45170531411  0.549736094626
0.518103714588  0.468201590671
0.423193875795  0.384299839599
0.468681513187  0.501818818296
0.425049125597  0.630185288782
0.524316540295  0.515337936465
0.59829743819  0.442924630948
0.526579647899  0.439821085253
0.527676518674  0.407022955054
0.593567186519  0.429653734092
0.478532931612  0.671883469497
0.516084372547  0.600298886061
0.467426419444  0.462942203193
0.51893779918  0.485199887483
0.339566764083  0.379276030651
0.427194511915  0.365825535985
0.529915743561  0.475267025376
0.517690227971  0.439249701669
0.591789377793  0.433630729387
0.432595443549  0.602227748362
0.622267378334  0.620232738378
0.439405265565  0.499164856349
0.477404409293  0.368771509335
0.539710485465  0.618043709299
0.588357586549  0.538433009223
0.605028573846  0.391819908636
0.542072812838  0.482152923106
0.546445172729  0.518728171574
0.513403847523  0.574212036126
0.507039696542  0.54568553652
0.520868003372  0.660392530843
0.307690642763  0.395110182143
0.562429020418  0.490964514957
0.467770885929  0.64777355664
0.44204810246  0.580259088321
0.649940162388  0.529030284612
0.419148969215  0.410800826011
0.395004789198  0.496270804682
0.521591045037  0.321837220017
0.480700917536  0.574236163505
0.533201569584  0.457972310156
0.414912325466  0.420667770065
0.433495797932  0.499227019002
0.334184356317  0.100920502134
0.400307643412  0.481372567912
0.319519074073  0.434385191128
0.515535852743  0.424193270658
0.448091695192  0.44418859593
0.473243826223  0.54220852853
0.477991216466  0.243880097888
0.468753454815  0.58103491843
0.499130034635  0.462213745772
0.438609236694  0.454045539636
0.428164441146  0.601769989615
0.514003818723  0.568165059943
0.693835428226  0.428932995367
0.343635358616  0.56202716224
0.488791821133  0.519734967995
0.418691593013  0.554342770103
0.502020184647  0.561826270249
0.433109599106  0.540421615422
0.413931955137  0.390858924922
0.552373714415  0.570721044701
0.342503438753  0.583722932301
0.446702228322  0.375031998442
0.551224179374  0.729031896791
0.548863818709  0.513471286282
0.455906544804  0.367259679885
0.543103687233  0.280571400886
0.548910423724  0.702922320981
0.635104182149  0.504996186862
0.547092469626  0.533200694337
0.398196331405  0.563707867898
0.531520619019  0.451465891402
0.47669954548  0.566202960997
0.364348067186  0.490969475849
0.411538836463  0.488328099307
0.714808627312  0.441109196476
0.528144471974  0.421055101039
0.328326474681  0.567488837887
0.493197553217  0.479799770788
0.553048087826  0.455074872702
0.445923219173  0.402208706227
0.368320235103  0.417626805782
0.583268262031  0.417973856879
0.597184849451  0.408303711769
0.629896362427  0.509385805032
0.398956124549  0.437460484809
0.393988107455  0.43376971224
0.536116871727  0.513391163362
0.547836010943  0.345250515938
0.457785006386  0.496161799839
0.489089872266  0.484326526437
0.538255293485  0.415329517906
0.407333038478  0.511888567212
0.576514979822  0.510645567798
0.548201359911  0.587333915794
0.633184905443  0.501294048175
0.405897268096  0.315516566063
0.485754371188  0.577232834986
0.330087957609  0.349426945673
0.492948984386  0.511365153581
0.506641202216  0.568675742181
0.536293339166  0.517084878587
0.511391369386  0.412157919072
0.475988043221  0.413015430216
0.571183242606  0.727894398223
0.651007642127  0.460681552847
0.530742291228  0.5392602265
0.560614572068  0.500865568089
0.545896338424  0.582963260253
0.573523377301  0.272568759136
0.586730486791  0.366271301929
0.532132720699  0.513103382192
0.36772502357  0.536173871724
0.475924579028  0.626683189569
0.410088106524  0.49151071037
0.492134721693  0.365420122463
0.349500563786  0.363113837866
0.38086294794  0.433463435508
0.533343109445  0.548457006519
0.411798088711  0.299452547394
0.44960753793  0.645210589863
0.526611807676  0.46007590549
0.634014235277  0.411902506753
0.579204122629  0.600455183986
0.53863944324  0.566348848825
0.423097631941  0.579167125174
0.482222786222  0.395937514129
0.515451471228  0.5705315377
0.452940522428  0.61590010619
0.352477838807  0.392228773478
0.429182406504  0.322810474404
0.514751784817  0.504598743507
0.373279926081  0.588576929084
0.614510649129  0.591569053858
0.616124065027  0.58301051387
0.583909087533  0.458500910229
0.732651939629  0.621523191138
0.544859258375  0.683232567058
0.641493334013  0.318124459698
0.480801121352  0.558335762598
0.474640429783  0.474115493029
0.556828116715  0.430000034613
0.415631956415  0.653497415991
0.553448665397  0.25728480964
0.449522724017  0.365262824593
0.452246641663  0.645057407964
0.517860127463  0.512681989662
0.353368941691  0.432864532539
0.627138437102  0.689061904264
0.603703790605  0.670047052604
0.451339699997  0.609235337741
0.577017174451  0.584108672364
0.530791830183  0.637003863723
0.508036940324  0.435161890584
0.389945232118  0.495448747733
0.498662892148  0.443684858822
0.475926539063  0.651255595861
0.658618335279  0.619282287092
0.510074996001  0.379494711676
0.561237757655  0.50534563982
0.56089476245  0.475411630508
0.490571039319  0.58927626024
0.404080036056  0.406144609758
0.491942505016  0.393848731426
0.432659675124  0.564435756481
0.326329306927  0.773135394084
0.499605041576  0.576733539754
0.52126714611  0.562969071326
0.443243342745  0.549809073181
0.674704154122  0.423524971149
0.584391266886  0.36776432613
0.421808460952  0.511716694964
0.506243102327  0.60910086565
0.383445050859  0.504184797954
0.401739824319  0.389185114509
0.524105533965  0.535210859617
0.446984222145  0.532880441149
0.458981062042  0.455820107632
0.602779172043  0.562188602447
0.646187971062  0.4181989843
0.646201064088  0.382020620217
