0.411649994863  0.467551031531
0.400942890569  0.342949318633
0.523866638155  0.431206366327
0.360985992243  0.393039926896
0.499139382229  0.38963615826
0.512903176155  0.488029391498
0.484142809586  0.575289226647
0.61427729875  0.451264070643
0.539909140072  0.658097264994
0.333132056783  0.534756238412
0.535847000066  0.430883587791
0.481301423003  0.396193915992
0.50599980884  0.54639707186
0.548205350947  0.649768416712
0.484080315537  0.434855410228
0.496726808577  0.424915266001
0.556894296562  0.449453065155
0.534032822701  0.297426699259
0.336893384067  0.265145141621
0.635425843229  0.585859787892
0.542058245295  0.440208526204
0.371620069794  0.427220774599
0.399300628048  0.54449574471
0.364151557932  0.553450245001
0.521049252843  0.399910870442
0.374202291562  0.569900703787
0.597780103259  0.355132018892
0.441196390895  0.475898242327
0.345299452483  0.59853289015
0.477395744648  0.428372224488
0.458165946348  0.3922674335
0.469716845276  0.577041906709
0.571227441813  0.533432964796
0.502926304763  0.505922864548
0.381223957392  0.587773891514
0.567828493537  0.431421088283
0.447419757175  0.523904335802
0.367308526583  0.55953694391
0.344629177443  0.548749846481
0.372109367331  0.47353090825
0.503749065693  0.401176342751
0.479431119785  0.414396652253
0.524382406178  0.331582000735
0.494429700067  0.441756402749
0.501613381778  0.476339585536
0.517451397059  0.352503521534
0.40416933353  0.424235878788
0.510710005035  0.412450032832
0.503490386123  0.493868364728
0.289965252108  0.631760014675
0.248554112321  0.512452967819
0.414473910662  0.379878104818
0.340934350904  0.486522576253
0.597027443309  0.446860132009
0.550048790046  0.399060872949
0.625286644486  0.45197433135
0.373112368401  0.35165580349
0.199369000406  0.272692360648
0.511852042038  0.758363264242
0.585139806117  0.566861526322
0.498324615311  0.432747408134
0.355951747028  0.393368754033
0.391916199399  0.481279761224
0.415811152318  0.370420944402
0.523967184119  0.596797131063
0.550772634268  0.603099766114
0.236753400713  0.525127461427
0.591520680454  0.498026318679
0.639056005076  0.387816805779
0.239680240074  0.464668209721
0.377152317503  0.380565563497
0.42780245739  0.289142773065
0.503367811332  0.513160691161
0.492720490372  0.364562884322
0.453366262854  0.401185701662
0.577261284377  0.262339618955
0.468792074229  0.251297879403
0.403006596362  0.525546756942
0.577124627813  0.454384990657
0.375673951075  0.457749262674
0.487223302045  0.509471006562
0.41337840127  0.62400904659
0.292586871633  0.516517580837
0.47663300155  0.407801243528
0.336946553997  0.429045937917
0.255289113795  0.585439687485
0.549174579278  0.456327527302
0.428450799912  0.474964874539
0.432114740607  0.398212693919
0.420763617616  0.299032925444
0.461245487004  0.26384261833
0.458068202778  0.368910114834
0.367064205996  0.491263474739
0.593687529127  0.508071706845
0.240098203169  0.379719233485
0.50532468936  0.457791120086
0.455232262123  0.36538017157
0.506941951463  0.656226072617
0.370986104116  0.369687675773
0.366348314389  0.526338353671
0.58489608539  0.614723830281
0.357626609238  0.729844108949
0.44993716665  0.66912952808
0.580203547674  0.452279932264
0.501642090613  0.468470937395
0.633940851949  0.538179558379
0.505085344331  0.366939735222
0.429473854672  0.427804208568
0.548179037467  0.426766398332
0.495076712638  0.616349155026
0.248631699902  0.340048159428
0.439675701984  0.621478009413
0.672043566064  0.372036845093
0.606970861418  0.222144015388
0.405991223713  0.584646441304
0.544854932402  0.366073385743
0.46964507715  0.474730332927
0.537188340129  0.361025521151
0.704579097145  0.436343868861
0.486416543713  0.48620087125
0.381522542806  0.617882930859
0.240494965793  0.63680278837
0.324071124316  0.335487301422
0.603075138606  0.592791479644
0.337889146566  0.448932807577
0.637571224146  0.488001571534
0.367060287486  0.569932278084
0.364110332146  0.463410554461
0.243791368601  0.585537222528
0.612585351437  0.420985297087
0.578407672034  0.475243706539
0.476346535352  0.648064955591
0.398219541659  0.539278852195
0.543895702076  0.456644805165
0.547964499987  0.369478424091
0.595889702781  0.381931039332
0.556544393071  0.554833607923
0.482990423533  0.571535010325
0.461358703236  0.608848782496
0.390550927376  0.431605555841
0.491139402723  0.376745582623
0.386563691325  0.434544531934
0.378529145748  0.482803103442
0.319541412247  0.565337344541
0.44012490303  0.563590369473
0.504707524729  0.50756533618
0.570437981915  0.670183848368
0.344718726654  0.515239383962
0.579078004784  0.393589386857
0.36620595944  0.507790806963
0.295966082614  0.597511288474
0.419973411623  0.673377053618
0.550727484773  0.581078489075
0.409564300898  0.394583400589
0.508940966325  0.395744666979
0.373531830594  0.628477716212
0.529128925808  0.626136561082
0.541108194959  0.506480894205
0.630313805988  0.364240855244
0.470562929082  0.489307090835
0.387319048678  0.532075279008
0.405918124375  0.674446551658
0.278670468183  0.44753428199
0.607544151248  0.403222181943
0.243603302828  0.310390495805
0.388120239002  0.563427500092
0.548046291722  0.369921112062
0.44777196816  0.23427156377
0.471737744719  0.391105770377
0.397659211729  0.533043359062
0.567780349478  0.448234659657
0.522998123227  0.337836072011
0.487669992263  0.441572398255
0.54355642967  0.431228988309
0.46444815809  0.546262182451
0.529665766901  0.420643323631
0.432489270498  0.560965889226
0.308411197799  0.463470928689
0.494935261114  0.593102073525
0.408089089123  0.309516755797
0.565171703129  0.451861620948
0.504225257402  0.55586117289
0.333451120995  0.740485848339
0.398867369683  0.707837674746
0.44768223073  0.515464447911
0.606157951108  0.486986814721
0.578140727442  0.359952164883
0.437778785015  0.505741154375
0.545634264902  0.549604211422
0.455404263154  0.443823071392
0.361227065072  0.566619335962
0.635860676396  0.471328121365
0.290330952284  0.539627020209
0.50520942008  0.430736768153
0.340542582725  0.548498359469
0.283510077963  0.44330860323
0.458566168066  0.517729650917
0.489921133132  0.479794676672
0.535224316122  0.493616730698
0.482218038507  0.374648390588
0.37967632364  0.336062515287
0.622598116718  0.332403800403
0.474752254309  0.566598533864
0.540888852318  0.60588290713
0.434642496028  0.295909599969
0.503203715513  0.475334782131
0.595635059702  0.54990633379
0.544822829346  0.54687253818
0.542225021894  0.664011364518
0.738272342216  0.586196945149
0.713258675827  0.398210346185
0.532961615132  0.436168498529
0.373908946214  0.466600377215
0.509391033254  0.554608130616
0.55044346006  0.664184306814
0.408510969563  0.422069590741
0.611586475746  0.35865827271
0.259853862844  0.416396332319
0.489787450131  0.686633402189
0.349793330869  0.482042423258
0.492304098874  0.59223569031
0.308945654452  0.41317121936
0.304446028697  0.515220568304
0.527968745913  0.410333056497
0.492302598133  0.400851927044
0.473153962999  0.304860440893
0.470388829803  0.500703152967
0.517096348856  0.465440040961
0.52271176162  0.515873658926
0.35387390454  0.67135103158
0.476845326743  0.358538787414
0.55462976039  0.516074213081
0.370346752365  0.338617992318
0.30805345127  0.442043045245
0.528220981411  0.569044235434
0.553023908266  0.565428870774
0.35376077976  0.337180161994
0.420042641394  0.384226905351
0.59020988197  0.348870754832
0.501470175792  0.452774609707
0.331576584179  0.483301650518
0.438466064695  0.6062206355
0.517790955479  0.419144528941
0.594194065939  0.755733474135
0.479550636456  0.483350674345
0.464314904381  0.500035565113
0.51678561217  0.541520579311
0.514941985547  0.509132005023
0.529641323905  0.612992979869
0.320161280092  0.2523927035
0.426419648044  0.563410080475
0.465104018737  0.505346000704
0.50550632925  0.630812048863
0.469356366799  0.612676563393
0.433638054754  0.473459164475
0.440359062634  0.513890897864
0.437952897979  0.438997435512
0.40580623411  0.54482237186
0.384429820353  0.593640133234
0.444524933268  0.319079685485
0.49318134633  0.489553357352
0.557419288093  0.561225365637
0.465818845906  0.491158974959
0.522366557414  0.485175481829
0.522384955616  0.560968296248
0.461216650577  0.577038993377
0.561602451338  0.625303549951
0.482390788092  0.558311437463
0.657809147644  0.449184266451
0.562546913169  0.588228633518
0.503243951898  0.390994502942
0.415218337657  0.578742987142
0.539403160927  0.509078796226
0.688082444512  0.420395787586
0.624944558548  0.369757726133
0.591494644609  0.498014651378
0.535203049686  0.539979245417
0.477414196953  0.437079551908
0.349207850089  0.480252242878
0.525537101512  0.615966664701
0.369949404702  0.515740272317
0.351601533  0.513471102806
0.358265616652  0.529786471612
0.533367622577  0.342327199965
0.450394422815  0.345673121093
0.353870137239  0.597365091608
0.696326108448  0.580094132995
0.486615830772  0.386857611078
0.50726618245  0.39107003545
0.403999201009  0.500121872989
0.515498109945  0.533262121542
0.438921774799  0.678119762532
0.310370094178  0.371041135492
0.345228245132  0.52753788384
0.392413626464  0.498205894315
0.30431164307  0.583467157608
0.530949980094  0.45591914579
0.564899622327  0.465276141689
0.603687825277  0.49876795748
0.33353101766  0.628200531259
0.547095433535  0.524878492204
0.57912935586  0.507625660286
0.57572431193  0.370490283171
0.237000326163  0.598515966919
0.651503743494  0.441768372343
0.458388120128  0.433690798213
0.526207255833  0.54222807391
0.413191876573  0.506619909319
0.352943725971  0.402999472993
0.471865441897  0.421832575337
0.596312913479  0.507697036305
0.677955970516  0.602995880742
0.513474550324  0.434505118868
0.153837145912  0.638384983227
0.628263574888  0.38349293909
0.713103127747  0.558028818729
0.570177061145  0.448394608035
0.634500846098  0.516797468229
0.550774808394  0.492953343761
0.349414489779  0.559845426722
0.516713079947  0.340183799381
0.612882145705  0.479078982925
0.553098644859  0.545287942265
0.613015952114  0.397218266566
0.504487469018  0.580022595325
0.301813841777  0.411991746709
0.427739610821  0.321062897485
0.701326625781  0.619411330652
0.554510275542  0.344072298186
0.616106436172  0.397536082253
0.584013260447  0.353938990639
0.519858846892  0.290659422738
0.650011851805  0.572061589975
0.542466668705  0.436158667129
0.475941862364  0.517267779944
0.544483895034  0.341008057301
0.297360815374  0.396950543105
0.493929914756  0.521302835355
0.399862078513  0.381877722406
0.486563260729  0.346880758952
0.533518615466  0.541325103885
0.51977009844  0.407284847463
0.623078385216  0.461312615039
0.398925482554  0.581228221053
0.599792077979  0.541138613126
0.309340451196  0.319867680423
0.564631558259  0.543445055312
0.679477172297  0.495860791248
0.635185820388  0.702425753432
0.597176415001  0.519844849965
0.448024822421  0.388254015241
0.405268488279  0.47208232302
0.492766279062  0.499927543661
0.530851689422  0.544675044893
0.354550413725  0.672051233474
0.579088672701  0.246806680825
0.541741258946  0.334360964421
0.327046978775  0.363222999461
0.375597271394  0.530912984085
0.326418433465  0.551558901737
0.519358811526  0.460832968857
0.523338430672  0.437627940592
0.332796778078  0.692552540128
0.41443565039  0.373477441222
0.329847694344  0.474122448858
0.448686089837  0.537149561455
0.555261880338  0.654902473094
0.601012468262  0.430437069877
0.664043084048  0.490647785379
0.619425514051  0.554673009541
0.388793580364  0.524271432606
0.431467855919  0.50263742289
0.379588889554  0.343553161346
0.627215663792  0.299132091669
0.490034896306  0.370504233367
0.713077409534  0.385919987805
0.348695130745  0.558970855751
0.463955704124  0.430942952843
0.344333147656  0.537255870816
0.418351320734  0.450690194126
0.361208279613  0.535194386279
0.400726505696  0.464269584922
0.586193852411  0.657367517696
0.413753501175  0.453411130188
0.564103691049  0.556556780677
0.535899055255  0.576135116593
0.392133883966  0.445755511012
0.535527713349  0.426409347727
0.538826632285  0.454891675852
0.483387907959  0.578972946553
0.393129306273  0.546032987073
0.552461919656  0.648511348086
0.43711027029  0.589706137525
0.380600469679  0.471478321085
0.412390367253  0.594975967136
0.485264778516  0.495507532441
0.502293788999  0.481437813135
0.447191275827  0.302382262919
0.352725519791  0.426703516047
0.509241367826  0.564190985404
0.462561706864  0.442206490937
0.445629352472  0.517729849537
0.535313864102  0.473542310166
0.493827454778  0.518004561316
0.550122886283  0.619509789404
0.530401683468  0.582966751301
0.596020928212  0.366742724592
0.571013369789  0.560689080426
0.455677759834  0.386133149057
0.509883797013  0.514926095925
0.401596286318  0.465361999242
0.435701991826  0.573597929286
0.63609979599  0.467755036069
0.410148779027  0.650570718917
0.508714648654  0.416208380168
0.508793829154  0.377339981943
0.624451289109  0.399315978938
0.58058190686  0.516675820606
0.48298790653  0.495109137131
0.472954595677  0.417663333806
0.454316722156  0.429761461696
0.380031821349  0.436371821989
0.64015120971  0.408448641844
0.519784926248  0.431437852959
0.428716482533  0.440118509512
0.632228518564  0.397234712907
0.495321874549  0.578454363634
0.599832749784  0.475454362682
0.500757164864  0.257272521254
0.664303682096  0.435284551986
0.504028206728  0.449677141425
0.375896569115  0.536636383772
0.435711240967  0.749006746706
0.520006347672  0.579802730795
0.534809675439  0.580285224146
0.522453449005  0.542041432674
0.39793892641  0.617381668213
0.601979631438  0.3842392428
0.432459692024  0.450587618793
0.441994856495  0.273609059045
0.597033387967  0.587697186439
0.578175483521  0.617432605871
0.500563615647  0.289653585497
0.517810166503  0.671143039249
0.575266495712  0.384911251602
0.399738021142  0.634857072548
0.459693344805  0.509209377389
0.613366685751  0.469435149394
0.656061758348  0.589233289167
0.285307890307  0.431345119698
0.592697645972  0.419091342509
0.566599858322  0.498052184955
0.465519017118  0.483458752834
0.60969295646  0.759173828499
0.477182530397  0.521432357731
0.410636138716  0.538302413586
0.518971765037  0.504040811973
0.362235684326  0.288062850446
0.620735891573  0.578098405399
0.535260434565  0.370883125798
0.568529402308  0.405375058715
0.451032972122  0.360128599113
0.475412450149  0.660321099388
0.546598762263  0.455537962149
0.54650318997  0.585519738328
0.259267463378  0.716087054028
0.351955685609  0.424260092477
0.696182745374  0.501666495754
0.508654823102  0.464058438352
0.590745160282  0.59596844234
0.648390407295  0.654328595093
0.537587998119  0.381485550743
0.431353685052  0.425857469149
0.424310374186  0.38717417624
0.263053257934  0.370529456376
0.134732012236  0.431579696817
0.464408279418  0.372011325682
0.311771914045  0.47219917687
0.490900214162  0.510087727544
0.528515996498  0.460560590855
0.471146894164  0.471207221193
0.50439453759  0.39897290834
0.459029619011  0.486988177505
0.535083000451  0.524118779135
0.60035289319  0.393968301428
0.490377352785  0.448097525752
0.505180933621  0.5092246326
0.67509206536  0.68401592538
0.376019251049  0.528667202804
0.401915370289  0.604884506669
0.415173354269  0.417809233018
0.655825695776  0.668035521699
0.329072384482  0.476691341158
0.530073928194  0.62816972536
0.653179010083  0.551183769375
0.650372645661  0.542908176192
0.489703944042  0.49231802581
0.511058250999  0.53554523302
0.302041633116  0.688751295757
0.44572398659  0.476935032216
0.770715418313  0.404026637206
0.540104947452  0.463956639875
0.600128645115  0.520013289337
0.444083380224  0.497363697991
0.377269944437  0.35813581478
0.387403905967  0.339309582419
0.609616219877  0.676058343045
0.444138302545  0.706245137283
0.514784873516  0.548232472394
0.375158955795  0.477370201534
0.300205094408  0.50752377858
0.694274307013  0.366000918511
0.326646598266  0.430206055758
0.522021688043  0.62958028109
0.430563769004  0.468260631667
0.371761068261  0.3806500792
0.457902892035  0.535998255038
0.631962060044  0.522637366194
0.539828806231  0.543778896183
0.333917603627  0.494365937906
0.50132176561  0.561333099671
0.454492725273  0.394924847322
0.611742011029  0.375353447241
0.58715687384  0.483135489873
0.246490812395  0.694917109933
0.49038709049  0.390918015088
0.575725193665  0.562885201099
0.586380318678  0.533410154818
0.590135917455  0.31337534701
0.599848016852  0.420947216669
0.581341326694  0.616820862721
0.512168315649  0.37623418775
0.659500470556  0.330339612539
0.447446917708  0.622777190099
0.369554690001  0.615802730134
0.315343977218  0.386387169165
0.459024057598  0.366040396309
0.4292081436  0.755160249183
0.43648034789  0.478158615895
0.324329283246  0.29679629229
0.539232795725  0.591310152511
0.435363707465  0.418941578728
0.563622148759  0.415199570081
0.453022065469  0.402747331922
0.4648291138  0.421568790648
0.375529742432  0.510021781659
0.617657482984  0.532955088949
0.518151282189  0.705439055104
0.590022662479  0.595042066088
0.544882770945  0.533773793521
0.470963204768  0.592890360977
0.434094328391  0.481106277398
0.449139256805  0.525239547415
0.613798968149  0.283069962311
0.502548053626  0.639723245943
0.242146951949  0.430199513729
0.707824408124  0.324305742584
0.323788100184  0.541650239626
0.428886052063  0.434414960664
0.459068023754  0.553117549327
0.432066665627  0.431096918841
0.686937012079  0.522309524409
0.358684007227  0.413942897751
0.357872473994  0.549108869979
0.515710349526  0.43581067419
0.483213189322  0.537996516918
0.55380729333  0.501212207568
0.575828726563  0.444942532429
0.345526472558  0.662427285994
0.498601547081  0.361365214319
0.541806350757  0.626808851418
0.51800346869  0.568438926614
0.396610906632  0.538645795879
0.343564256833  0.35295752264
0.492872333193  0.304947576219
0.503470778132  0.640869066981
0.402738642035  0.471029104991
0.643702598502  0.286776414107
0.464660451332  0.587380549737
0.52801610578  0.62143916305
0.599822176541  0.430624351463
0.658362800893  0.595564272804
0.634207662806  0.468593162478
0.524801701467  0.464677897015
0.616887978003  0.51933624474
0.393234320325  0.639989961825
0.533623842821  0.398439619717
0.623698615201  0.650277857299
0.382433834158  0.502203240875
0.390066397761  0.369254795282
0.647080030441  0.503330412191
0.492846472347  0.434812549588
0.434743204923  0.535892770379
0.501920333837  0.570166491212
0.457393142176  0.505879576544
0.352048931303  0.512359625069
0.50471627798  0.393648986536
0.6827398281  0.58844475537
0.557241495575  0.512184072822
0.448628371356  0.482724539435
0.392175357579  0.413813479764
0.251852339968  0.193192487045
0.352623006345  0.336240602484
0.689283978333  0.557556692139
0.67081657037  0.590181459756
0.338620113464  0.552429628239
0.251412833132  0.333513422
0.450276073177  0.514537765991
0.394956880469  0.425997699178
0.657116099263  0.592679899897
0.385235456894  0.373261602478
0.493184876388  0.623775861513
0.465621794107  0.549700988629
0.348013601607  0.681477824211
0.360488861576  0.397242283464
0.484351853326  0.438657518422
0.591528767742  0.554518032854
0.440300100911  0.389382970585
0.418178156319  0.558191845549
0.537204127341  0.546257649647
0.486879493921  0.488246570063
0.325597398522  0.516883726035
0.458960967398  0.485569734996
0.364974345528  0.55500828826
0.275113989475  0.399235368553
0.539360621803  0.441220234305
0.538223775407  0.482179342529
0.307082462343  0.515721055989
0.302668419436  0.478404265964
0.55112504244  0.437969249807
0.560856856037  0.602309320619
0.439601703361  0.411610194454
0.538240858928  0.49127708477
0.39253921479  0.485111902295
0.571901286324  0.59391413993
0.464168919364  0.623642528448
0.533184921067  0.404680294998
0.516912342338  0.552194283066
0.575620035283  0.432462928234
0.477106877092  0.508530249413
0.47991618083  0.585146103094
0.652128412253  0.325356374889
0.404948682933  0.389893187433
0.517584244841  0.517844718452
0.466010844809  0.421265651795
0.363690996472  0.450924018634
0.414667086696  0.6220152588
0.392757651518  0.46563705309
0.462844327544  0.39358309044
0.353464263752  0.373420708461
0.482481889352  0.497615145743
0.387067594071  0.345093602469
0.406430254232  0.600916215555
0.467939428853  0.431502443395
0.261292726848  0.434701917883
0.589088641742  0.432854123702
0.548932365555  0.629040568955
0.620098930916  0.460370937441
0.374739822599  0.443591932517
0.494711966351  0.537431963974
0.345429278422  0.495267941795
0.536301896261  0.367585801418
0.386712433548  0.493736405729
0.427282619281  0.462630156418
0.523968422085  0.39870863488
0.459349247476  0.486902522464
0.456017651984  0.520644343407
0.551804620535  0.459000829651
0.471273615293  0.60537031845
0.363810691521  0.400663845684
0.489240451745  0.544141866829
0.492879660176  0.516510277107
0.412416176874  0.538762527219
0.491271936465  0.571254300384
0.590150358553  0.314599791193
0.468522890201  0.516378225959
0.49007366255  0.494381292986
0.542988272056  0.585303300871
0.492355144938  0.468882796763
0.487046829997  0.466633461905
0.511564194352  0.494792982622
0.655363768982  0.391897836978
0.423037388575  0.478034362815
0.232514275975  0.322421111661
0.430699478773  0.605092908643
0.552794324684  0.747583670428
0.574269090546  0.431818577529
0.340090441687  0.428003996632
0.395284228503  0.548044545683
0.384721464574  0.419884014179
0.560953386746  0.461387111858
0.368057073422  0.553625606732
0.570991833757  0.375765479132
0.545183257123  0.615911915729
0.555010190147  0.492337180911
0.497763132921  0.523058226203
0.486492830195  0.316686617109
0.662185853527  0.583439011296
0.477229466677  0.328412184145
0.555531999926  0.459814671663
0.395202279112  0.38033439134
0.463641864525  0.405860942907
0.589578311124  0.305503030212
0.588767054622  0.467353679891
0.465689348073  0.28707176549
0.364210511147  0.33685472422
0.545838482756  0.492802289064
0.374588170414  0.561404963175
0.455780489744  0.373821318055
0.360808948491  0.418715159718
0.456697521687  0.476625234316
0.385658653029  0.625389419686
0.508410099229  0.48546454479
0.324697776121  0.429298528158
0.512121296357  0.498337586222
0.567165902536  0.473564435415
0.500294089995  0.511663677581
0.548720023735  0.552648197388
0.518912098393  0.571617597679
0.368022111098  0.536292908756
0.492569335381  0.440249199347
0.514731329981  0.495420778679
0.460414462595  0.485138322201
0.52822034706  0.387469326055
0.588809689529  0.547304129395
0.605869894761  0.534585031673
0.347906380559  0.596161124647
0.516697498563  0.639110661152
0.681977928628  0.491897715005
0.342742301162  0.433258996641
0.260194143549  0.542924654521
0.31586954569  0.397881568694
0.632357955007  0.652522515278
0.517712699837  0.441445547523
0.57455935078  0.431269592885
0.2334903938  0.606410590032
0.529504334975  0.691249120459
0.455471249788  0.418384482009
0.525565400377  0.614341030621
0.481325670479  0.407951446961
0.548665831808  0.521886875855
0.495892744131  0.436933111225
0.495887826764  0.516689069307
0.407560650329  0.67887544208
0.50824281769  0.437183359983
0.418834162524  0.623079660403
0.491282184365  0.449957118149
0.481240167652  0.540912259185
0.465059585562  0.526121905009
0.413019293788  0.393613470773
0.425484815671  0.393493192818
0.392801677488  0.540712071339
0.422874878495  0.519845509489
0.570984161413  0.711515246709
0.519661450179  0.587098765509
0.550758166863  0.376918603245
0.511572514146  0.546590678928
0.397087480257  0.405198748712
0.68104812197  0.460917160346
0.306277135652  0.631764691035
0.430581399177  0.482176405609
0.592865328294  0.562353829524
0.35405132549  0.490668647872
0.34280614794  0.236485082327
0.567516102763  0.424826096692
0.454670854183  0.60289645605
0.41504172804  0.567326160135
0.513421708119  0.608825160653
0.371951767004  0.421427455723
0.375571692783  0.609303116298
0.355222928158  0.478281020039
0.479948772759  0.660516199066
0.344254983321  0.528327237461
0.486115336621  0.445747415962
0.257851258612  0.5166317675
0.486084201447  0.627510475204
0.576264150931  0.353213429361
0.531099987763  0.45292739595
0.417303558194  0.550343594557
0.480475007764  0.456919547313
0.587913394067  0.448607150532
0.413720726577  0.644588039963
0.332151327035  0.444529145599
0.371693142628  0.541201131361
0.591065130431  0.462779753571
0.618268446541  0.330096259404
0.620244501965  0.296282021905
0.509517627015  0.373795657964
0.33322292419  0.382801063569
0.503912340508  0.549138000839
0.430200638601  0.445669896309
0.592965859619  0.473073550489
0.404074829066  0.618963903738
0.420648172344  0.679111085157
0.354729544212  0.557382666032
0.547002956107  0.496832007144
0.553927845237  0.463579454488
0.57018937048  0.313431294049
0.600925056669  0.465852471039
0.477582662657  0.489238663093
0.491880815085  0.641897635547
0.549361363613  0.559167209565
0.588324374311  0.501775036837
0.583469667098  0.442684023818
0.393910054865  0.518569594257
0.486248635336  0.592422723575
0.535483374307  0.508035320505
0.478692285858  0.456256308965
0.609157856995  0.472822016684
0.515585475301  0.319992965038
0.413818045787  0.327185632913
0.427945974237  0.37894017706
0.417542036204  0.583061878647
0.297744434723  0.605910647599
0.739828450998  0.397924219343
0.507573885466  0.630991610822
0.426821134693  0.443491857181
0.431130110023  0.471481130374
0.458373362655  0.368530349223
0.515110897227  0.446483562027
0.598348163639  0.29771262381
0.604914918607  0.617330040393
0.388156696909  0.481685853849
0.486987814666  0.48137021343
0.465129952174  0.42521498794
0.376803526153  0.540994628511
0.587553061985  0.509683232687
0.446439868901  0.318094848488
0.538751316257  0.570439924567
0.57499749762  0.518405681774
0.385747912209  0.516559072708
0.538145388057  0.52631395721
0.42161527479  0.446251868419
0.533139240944  0.572237393984
0.277553425373  0.593136121425
0.57977060632  0.502932687752
0.477121550807  0.771860241593
0.618541125307  0.343502710598
0.537540274894  0.465370199305
0.448927534104  0.443074448419
0.570119415995  0.704540548662
0.378455013713  0.332370215741
0.492849880532  0.485423534157
0.552332318786  0.375156679066
0.371898978521  0.508706991439
0.427704415252  0.406766405787
0.636194587482  0.608704941114
0.240506315004  0.427612170364
0.540140316633  0.483674807117
0.557366874571  0.554213372136
0.683573036771  0.431304323086
0.490940267758  0.447790725851
0.44660078204  0.494487973865
0.369709590916  0.294532692617
0.47109332658  0.357911631609
0.373117110617  0.351944096078
0.401181613786  0.607677496197
0.590785614463  0.409252050934
0.517811291058  0.271832176494
0.370104529935  0.564836439434
0.584307480011  0.644535527734
0.574267893021  0.506464185159
0.504946433373  0.570046581579
0.44997593334  0.47524375459
0.55456289655  0.630328505442
0.527459663158  0.37905233064
0.374831705702  0.504695791749
0.436494993427  0.571928158212
0.385245496982  0.625708073693
0.574943215312  0.33944959731
0.466565268068  0.580603566095
0.389150389575  0.574422229248
0.55345417805  0.430798385493
0.413512598243  0.46769311043
0.330270811469  0.459964332899
0.56463946933  0.444548988972
0.536767672569  0.609562298035
0.647226909094  0.410374772896
0.479662435002  0.451086215412
0.421446419996  0.600021628557
0.417437995098  0.419168251245
0.581203759127  0.581380271924
0.457144173215  0.582147232896
0.541712224123  0.588710415078
0.311830070551  0.310775313755
0.501251590494  0.500706381833
0.532004211605  0.548736570207
0.509946020358  0.554908933229
0.475717246425  0.581665898543
0.525888487613  0.23933592128
0.38182780212  0.506960993394
0.651561928334  0.448346135969
0.374206801195  0.374767097561
0.621031121157  0.725795787582
0.389310231591  0.4796613659
0.364273346658  0.511034098027
0.335400582452  0.507924392801
0.46687792938  0.60047549986
0.503746606449  0.626123255474
0.328900530506  0.521314520403
0.396936945909  0.562010202645
0.463142584858  0.487937857712
0.497357754927  0.702564302417
0.629056252051  0.272889255618
0.293091692133  0.501863896453
0.5521892413  0.439427788981
0.340477298856  0.369911921674
0.513243222577  0.475558161399
0.497248507444  0.405236324256
0.382022233789  0.592892175039
0.528442332554  0.421890016568
0.402028226607  0.288104691738
0.555492253876  0.465452744956
0.276806075979  0.460206735935
0.56799766617  0.499921468788
0.456172398441  0.668242160059
0.526069053394  0.390597695442
0.411479039317  0.416870561812
0.52260929176  0.295447750774
0.5599949602  0.440777665046
0.544899763435  0.556501786426
0.546783189902  0.551632989765
0.484607671557  0.71809094793
0.425093116978  0.488900080883
0.499602132041  0.575129177744
0.349849421744  0.54297681638
0.436318864836  0.446640419252
0.683223791278  0.505806740412
0.426094509357  0.591075959436
0.531352146686  0.634888207439
0.267630274496  0.370448670896
0.591206965882  0.488930932258
0.350743223502  0.507840558178
0.432210865869  0.401032689738
0.549413521561  0.479896982855
0.130595776464  0.665388164114
0.588479060914  0.506757452435
0.491704904707  0.613602467729
0.589769797764  0.351558116351
0.388808874729  0.56708259762
0.352222870965  0.543214874943
0.552124899962  0.416613203733
0.427361786064  0.369336471703
0.475659997181  0.556759086596
0.43493730494  0.542380226841
0.459309952327  0.51066538987
0.517448970295  0.321679776505
0.28929939719  0.590123838415
0.530220918107  0.640959839702
0.656097545972  0.412880291915
0.558139769649  0.503562508308
0.400995168184  0.393086730022
0.455206532095  0.640486496582
0.558993997097  0.719887969042
0.468916778634  0.541064046793
0.564425147356  0.505419374717
0.633091531745  0.567192844632
0.417386703513  0.442441067282
0.5128116568  0.592252824293
0.457225099059  0.443503187819
0.343448714903  0.543218725658
0.613074590354  0.432910095263
0.511016784072  0.579660030235
0.438015330027  0.449687033384
0.488640221418  0.511022224028
0.412382255159  0.610349845343
0.370764791137  0.623811710725
0.44723299454  0.57304651795
0.444533014792  0.605800002997
0.505939863643  0.537885479103
0.407424350443  0.401328838824
0.444206362015  0.268980528835
0.478975340429  0.529896476933
0.501347072815  0.604511005133
0.43613629536  0.458158220351
0.494769207215  0.685191715516
0.390946189552  0.307358812656
0.495521003896  0.542664005318
0.374399617777  0.587406408804
0.449748237931  0.385831162027
0.662490473741  0.544107861586
0.578390583211  0.621539059925
0.540310546651  0.460421514414
0.384362755153  0.600532240124
0.537244395867  0.344429830851
0.373600548791  0.464549267551
0.552004900585  0.655175701482
0.600318539872  0.458994893255
0.429302877639  0.395771653289
0.249913918102  0.416730988544
0.503012816331  0.380223739691
0.553843153451  0.439412510036
0.516030518597  0.425366314609
0.349664375208  0.418568510954
0.261849771019  0.421922495839
0.40634467017  0.492717234047
0.487667859649  0.434652168502
0.361446366154  0.418610651608
0.266548250237  0.528319250535
0.507601097225  0.53226597663
