0.427317518843  0.415581291844
0.392152436809  0.451725611285
0.434115104466  0.406134643028
0.497250351291  0.285810299651
0.559711986728  0.610160430932
0.420101919277  0.494795212807
0.496890705196  0.528647710157
0.454579749934  0.554392170092
0.370928240351  0.480088247435
0.656474825548  0.6170923923
0.514162732896  0.267888838189
0.548610164655  0.510664969337
0.585964925549  0.507140451789
0.571737492024  0.181957546231
0.46657206087  0.554325751808
0.309174162136  0.442711955036
0.61395836172  0.511353405468
0.686657754887  0.201175453051
0.60987805584  0.389440549466
0.348688863383  0.506250046958
0.387463784904  0.485204528407
0.473507102053  0.440466941825
0.371819230835  0.44374866909
0.488233633066  0.55182637158
0.710842598193  0.515779519767
0.470840957452  0.355891596553
0.54158755261  0.515236149164
0.409518501471  0.499789025513
0.474377694245  0.445531090037
0.537532238922  0.353063815573
0.438750643545  0.22090938328
0.714969385249  0.616126513068
0.507863341033  0.420726967698
0.534379251353  0.476778817827
0.503440005885  0.465083113936
0.486680306413  0.575136396901
0.462873101946  0.658331316869
0.213431768594  0.600163653134
0.523540088779  0.624645062139
0.516720885178  0.494035884456
0.502406671286  0.427015888251
0.477158884518  0.424757468509
0.454112721636  0.484145081771
0.490456633152  0.539148288069
0.395935149732  0.531807691855
0.480197681027  0.569515093803
0.795387547928  0.438035796985
0.64892134551  0.460622783861
0.350244908942  0.457936674275
0.43338343941  0.641276204617
0.450974439648  0.4854861159
0.494738333238  0.539244896305
0.490201952437  0.686646528266
0.475878772017  0.517772404853
0.68986716192  0.485780997769
0.496410103438  0.408863661437
0.512308802902  0.562357992532
0.409684410628  0.56398095279
0.532467334622  0.520412962451
0.472790993783  0.514864025966
0.442204309487  0.479636979457
0.428571433266  0.715918123356
0.585175044149  0.60393311071
0.711282765655  0.560864658976
0.513729156361  0.616791437231
0.560206144432  0.484880690073
0.525881793648  0.530712027556
0.368269240966  0.633616026646
0.438606762884  0.382322014019
0.428768626413  0.538963378302
0.542463092973  0.531788853097
0.608692279241  0.588319972816
0.521438525166  0.484829744238
0.596930382655  0.589821538185
0.558788102561  0.404878616357
0.490658770888  0.495782425809
0.60435954349  0.482602407862
0.488368925991  0.601075326231
0.486694653817  0.641059585415
0.599644609721  0.338116300879
0.588065625558  0.474240412034
0.689795679961  0.308865849314
0.413251822641  0.661983710014
0.592238422469  0.65293291088
0.354225498246  0.549943545156
0.379486764926  0.48280245772
0.520154543922  0.395142489319
0.673536495534  0.423713340615
0.302992837923  0.448507211865
0.640766253383  0.451772969193
0.491773455935  0.405911940953
0.335551301153  0.462227579776
0.446804436764  0.48839952981
0.478163286733  0.477839342897
0.483128124543  0.417608009532
0.547399422446  0.628566480326
0.518734469918  0.516607082776
0.499659288367  0.477181813065
0.543091117565  0.539670976003
0.504593649494  0.589925382027
0.557938368156  0.559854635325
0.447158960442  0.564842187248
0.617321437508  0.60800282838
0.573832099986  0.554627951335
0.544575069827  0.472539953255
0.399119473686  0.32774926896
0.355372847301  0.603232046167
0.517089812955  0.474103434624
0.288526625003  0.469425917977
0.590626196714  0.375285706625
0.504162971167  0.501069964532
0.458649364621  0.516927723232
0.438659862664  0.569435103319
0.674589899872  0.427996544511
0.537124529107  0.387318415364
0.547984047365  0.554346088663
0.40804583224  0.545418994136
0.38937864786  0.445397362598
0.521416105081  0.496026577163
0.648396611734  0.673612650805
0.381760747304  0.514274739505
0.576567679447  0.559295660208
0.496131317256  0.408818301135
0.420178163734  0.350948625817
0.453207282867  0.512420708828
0.564894252224  0.59598786762
0.716273393646  0.537828460088
0.471244990573  0.51861806644
0.459634608185  0.419303713488
0.682568986195  0.467233101524
0.509592540956  0.435237645836
0.57374978179  0.642803756252
0.454534598872  0.488123550085
0.502276085785  0.45375094632
0.335392730676  0.531448631833
0.555785119655  0.367230301318
0.416593284538  0.484626993649
0.542647207146  0.403857851625
0.279609562965  0.594945725795
0.469774899497  0.581792100731
0.594908435553  0.636442126053
0.435522448273  0.589079373054
0.642711788243  0.479885678574
0.532135525942  0.582194089736
0.434767013505  0.597047880668
0.487943324923  0.523500238896
0.444415241198  0.381995800683
0.614422730428  0.400709906728
0.342488533009  0.37256715823
0.586807281364  0.619518602632
0.41987935115  0.641895080631
0.529573367207  0.453640074104
0.606452468931  0.617935753318
0.552022912984  0.43336891571
0.47465074821  0.413413679786
0.472343726418  0.301677107087
0.33491658004  0.710721878642
0.321789946268  0.586075368279
0.399348342831  0.343907349853
0.565462062782  0.513584460442
0.683437451476  0.645985442417
0.56919659952  0.537790260366
0.322388924315  0.464834504252
0.53481689076  0.584563689018
0.510048775822  0.470904579845
0.304609732054  0.634991775064
0.545813523813  0.426512758942
0.572703351572  0.50564975783
0.363772151189  0.562308422381
0.666828411861  0.60206324827
0.565726617007  0.507823529407
0.458779267497  0.691114362353
0.364759267388  0.488448845462
0.368400770454  0.412040853761
0.594173855204  0.4062790947
0.490580519128  0.415200243823
0.504739929634  0.330037409493
0.625365754238  0.440758006915
0.48637661752  0.429057782959
0.327244251059  0.467583581743
0.662218074158  0.592950045821
0.546043593914  0.354034989437
0.493336176048  0.41427631611
0.431764320249  0.622426434756
0.542374062243  0.391525985121
0.401858926742  0.593954950447
0.62331871201  0.600129693017
0.574606531883  0.605089305503
0.665214671572  0.565869234212
0.415817536932  0.537752316596
0.492328450054  0.752884777387
0.536161480197  0.528591246966
0.446487639831  0.470557288223
0.416457443535  0.529433495376
0.61636035251  0.401977051379
0.42180894465  0.658683998156
0.465434340003  0.736453130544
0.640729335142  0.651482373811
0.374919440671  0.409089127751
0.423323216836  0.713099872824
0.331264741664  0.40835336353
0.211959744015  0.451564593036
0.55197883363  0.322420515522
0.496987671794  0.381535943229
0.390618196746  0.498878950871
0.634729601939  0.625379280598
0.709029720556  0.629553386214
0.432839399355  0.363963376884
0.532108268902  0.448432612881
0.443496929813  0.302459130611
0.510605437905  0.410235313324
0.559909523929  0.46709575534
0.36180295649  0.481131878768
0.68469377597  0.43551534458
0.612683851431  0.572119609444
0.505701341122  0.504669521963
0.658371343226  0.738111915819
0.447516804318  0.361412836526
0.377163154187  0.573331941237
0.518800041623  0.373618942905
0.513811638869  0.304877300606
0.492143118429  0.495200158053
0.522528096393  0.53874702513
0.431195412125  0.336836674899
0.640230204804  0.32872939152
0.50787519133  0.44767645692
0.468264727932  0.549131940487
0.650525720868  0.431008389736
0.394257463615  0.633978731887
0.524505965349  0.566893074935
0.421395170134  0.647446536427
0.575271668142  0.464199978223
0.671906012007  0.685144054372
0.397327774378  0.397029438658
0.404612435364  0.566354868004
0.505993234586  0.301733432442
0.409606232341  0.440724162181
0.587992574679  0.5283528404
0.516612637345  0.456221484923
0.476155592542  0.440439556533
0.385000387813  0.345838688906
0.524740462347  0.537161108773
0.686724748328  0.575970550783
0.424468806821  0.42724946209
0.29422151123  0.388778373743
0.585996756868  0.553507252426
0.548322128558  0.579995773886
0.447134150648  0.517375072716
0.400827792231  0.491711647065
0.553233592777  0.261743584391
0.52687078555  0.411307848951
0.614592113041  0.485780801219
0.552089376661  0.439818641002
0.362204738683  0.470722936755
0.608335820772  0.398004641678
0.499585713787  0.647734976216
0.481061133253  0.40493698248
0.478876340786  0.548450432922
0.384129285164  0.342624286569
0.672040614386  0.331588867459
0.487209034402  0.345381395566
0.650319667599  0.26904087354
0.481774298362  0.391845727614
0.575767245014  0.515090917683
0.65324367265  0.538326657552
0.866684074218  0.459257258749
0.476112878401  0.410837983337
0.461135144261  0.396263927492
0.614324608214  0.479086019157
0.36719368237  0.499643152655
0.414771546405  0.47179569283
0.334954204791  0.504597709672
0.47023002909  0.327054062699
0.494329982939  0.552249385237
0.525015560132  0.542925308145
0.331307255501  0.370531855843
0.581684578335  0.561598514568
0.523681808148  0.371642848479
0.261858672705  0.589136607821
0.430750322481  0.505268441164
0.501797619371  0.660210898821
0.773715419748  0.492555176774
0.4074544061  0.399062387689
0.618932288712  0.715043376809
0.373264533263  0.499980897525
0.6227580078  0.348963941207
0.364152887736  0.360788392273
0.533479183928  0.585608653622
0.41751718773  0.625014110912
0.497476300503  0.540503554005
0.47699408168  0.44248359059
0.612116403025  0.49232162825
0.406939510518  0.423141685616
0.614983246702  0.467681595829
0.44193056294  0.416573814172
0.556251723073  0.621763231009
0.468033131999  0.513623657156
0.502285490138  0.525566079681
0.517774826372  0.514943870877
0.361646827301  0.432828164632
0.74831519677  0.420550950139
0.5189323408  0.682179373007
0.604371478886  0.430746258809
0.427172096678  0.513257972953
0.519978845589  0.330384153897
0.633788217421  0.46929499352
0.476696012744  0.582321268022
0.441594893774  0.368232785814
0.603368905664  0.596143598602
0.635839465004  0.662630752623
0.51097256752  0.474049885804
0.549829246444  0.502779530045
0.503212152738  0.429417045387
0.360953299271  0.487495826303
0.475177778619  0.472547756395
0.427238760913  0.449826975196
0.388153905279  0.459493613643
0.504351244625  0.595771103751
0.45423498748  0.55240994071
0.491643246862  0.51743567858
0.421841311495  0.48321022337
0.512144343346  0.47525506474
0.489123546603  0.477286235021
0.433393161236  0.410225203709
0.381627973807  0.272918517851
0.442979142096  0.609648116635
0.419757333919  0.550768542417
0.576201254779  0.44600649401
0.512458033846  0.576791656566
0.396489342068  0.460904268734
0.249121613072  0.373058278381
0.500706244909  0.493168201527
0.559405816755  0.479818281338
0.575973365256  0.68673146491
0.417187951628  0.507686951831
0.523214444428  0.353197827733
0.371727930488  0.602971331828
0.438081731362  0.497715415846
0.512891874356  0.568963969999
0.499664275074  0.556936380681
0.599571834036  0.627741720472
0.646553446863  0.624434734035
0.584373972589  0.363528411495
0.519701636362  0.409694333588
0.423160316074  0.400729931171
0.433087674507  0.531792007827
0.653623169679  0.554074172334
0.472748990117  0.513956588106
0.37043735639  0.564862945827
0.473410553883  0.579861173878
0.645514723925  0.643692211266
0.487915887085  0.605270695214
0.494255667982  0.437815478372
0.672011822239  0.432941149854
0.534723894521  0.332773619705
0.613169046818  0.386143890122
0.433024916925  0.593944016343
0.304709904279  0.469958088036
0.355545178239  0.628389860315
0.330289840692  0.639438314181
0.479176229294  0.448949797915
0.611198259274  0.441901277219
0.504221524662  0.637718085186
0.440280703174  0.424114694776
0.486951788596  0.499663591701
0.444046338226  0.439393129765
0.306692862801  0.484662631107
0.6294580494  0.530898054363
0.416757246272  0.681078747154
0.666274752401  0.47552180763
0.377645731479  0.524085059443
0.492386596257  0.434884743375
0.475431011181  0.51944883981
0.461037327614  0.62621222904
0.652648721674  0.531724757073
0.537378928497  0.408173242902
0.44925957814  0.608839957271
0.413363600816  0.670188556278
0.236124027778  0.51130994051
0.643283138187  0.570815436331
0.580354500116  0.382708714509
0.467898823634  0.614374128865
0.581074484946  0.499862084932
0.477109302378  0.504818284854
0.533108605629  0.391554215223
0.555301629427  0.524569767357
0.550453450211  0.54788612989
0.496100709309  0.549514300694
0.24621162945  0.369669714799
0.531034755074  0.631479078718
0.584928966626  0.388472813545
0.508896411153  0.677582160583
0.383097937029  0.43506892071
0.651970844121  0.383977194676
0.429183359767  0.444397266117
0.509491105723  0.40172162776
0.674577710406  0.487784018254
0.486769291955  0.567340600278
0.462839121507  0.507539516019
0.528800545888  0.492210094531
0.452147018847  0.471182146432
0.477150856319  0.397215993314
0.49236517895  0.660739588708
0.591130672792  0.341522284364
0.497538495644  0.661363199296
0.461562723963  0.643641643786
0.442962020825  0.433225879811
0.466851957983  0.401897610975
0.414107221494  0.610028341525
0.605622368984  0.528173860401
0.390609224234  0.404268818259
0.537837054568  0.440721042744
0.540604860807  0.547819201242
0.558003738555  0.544566310874
0.450153972001  0.593475938747
0.544177147318  0.433998345799
0.604055955755  0.49340633295
0.419917767414  0.318281231478
0.488167846922  0.504419818654
0.396424490404  0.431849457513
0.547700833382  0.484739508592
0.353659056868  0.591045394459
0.506155059813  0.469849043119
0.704366073629  0.3790864276
0.495168442881  0.500473520692
0.394292596726  0.493778691654
0.504690306863  0.447834336116
0.397201625775  0.568811102996
0.480652513607  0.397749788436
0.309098253727  0.675057965494
0.598469135607  0.475783757919
0.459187288855  0.529397008034
0.418469833578  0.292437971087
0.649237182262  0.429532280884
0.401466367566  0.48457204862
0.62902256887  0.393387470675
0.49139217478  0.609248250716
0.343170193881  0.403199368086
0.523940782508  0.591783443408
0.670310405657  0.364551722891
0.678992486999  0.531540535878
0.447612195816  0.631382809468
0.407016125788  0.504170763989
0.319664645696  0.40952342273
0.586892444417  0.360401200763
0.595396120062  0.405574171201
0.55454778744  0.4170527397
0.351013350005  0.46453379652
0.50367973055  0.688760553016
0.503784931825  0.495222140099
0.267973882898  0.630824411034
0.477797857251  0.514942184293
0.425757629502  0.378530905981
0.396037456244  0.381236776998
0.50809386315  0.586768872448
0.572043822008  0.551695839609
0.338511395929  0.468497404593
0.424441027424  0.555737752058
0.401544267781  0.55969035091
0.43893674721  0.442275363554
0.397780311608  0.496958862008
0.507241277306  0.319486501396
0.516839459403  0.501082336186
0.470299356953  0.414623226357
0.320465334305  0.518500767665
0.577982369402  0.524452682141
0.318669292143  0.357494378726
0.569596772471  0.549830009327
0.544278803086  0.444817172294
0.444714112364  0.451833341206
0.622119325362  0.466138664559
0.362846509292  0.415768068484
0.482604325097  0.50098031853
0.344024923423  0.348549170824
0.505007410223  0.51042157824
0.497061117016  0.445066726549
0.399157439717  0.605749724234
0.722338048166  0.295787220414
0.411604544731  0.421307369345
0.422248918481  0.371353048983
0.574118913819  0.418243162938
0.533834865464  0.414661825325
0.573155993264  0.486240325
0.412745028511  0.486130648941
0.671612899553  0.486817639259
0.430528841643  0.377816299559
0.407233981013  0.484817875173
0.566412651047  0.644251331496
0.441335925237  0.518194205588
0.519828761364  0.417073842309
0.390915856062  0.440343797977
0.477578193233  0.487402469193
0.483409274971  0.378896597772
0.380455387865  0.551184204646
0.551987831632  0.850739058129
0.56390924813  0.400044115166
0.655874556415  0.43006795281
0.621826416989  0.387952437811
0.538738298223  0.478484467138
0.380089503228  0.441066081248
0.377458641474  0.437532751948
0.485975864319  0.478253471757
0.43432948471  0.310509702111
0.463018642678  0.646044564087
0.541920224475  0.535281161696
0.628295030754  0.593536859938
0.526194124866  0.454729334787
0.637953821603  0.274930575997
0.452178449725  0.45536451401
0.436304828488  0.49795070271
0.537765697591  0.419248955578
0.500723831126  0.559875479988
0.519563697505  0.578285648582
0.562196621676  0.547030330615
0.439264183212  0.59365511874
0.493661695874  0.579194224602
0.551787242815  0.739058423808
0.454225448253  0.332787932231
0.573385296715  0.467707008278
0.436840755849  0.203924898029
0.507791467979  0.385792481111
0.376124844537  0.556934666187
0.520224041142  0.663646959181
0.573710960506  0.548639234579
0.567096151597  0.509161136187
0.566105411427  0.549352613282
0.368562632178  0.532977385076
0.477467369456  0.431487191983
0.667225042855  0.151449905519
0.440032947703  0.366076289969
0.36361871043  0.378764339117
0.500226646855  0.412875251419
0.445181124002  0.430635293843
0.545315956556  0.393938780801
0.62731040089  0.600183465267
0.317932444659  0.569970113988
0.743011496157  0.444866543652
0.607030379883  0.38772201225
0.444095260233  0.676595443438
0.465579641061  0.420659996972
0.56676197827  0.561375289371
0.622557726019  0.549477117708
0.497722656723  0.479936798925
0.668088718382  0.466923323135
0.406188670975  0.43618946027
0.5098914358  0.47347548104
0.55026094924  0.424782450548
0.603590449093  0.457316069714
0.453404697263  0.548758905326
0.420120308314  0.444832104981
0.624254889824  0.386450617261
0.634437551769  0.531491232569
0.657238289694  0.659738026869
0.650669519489  0.799387681875
0.4887244835  0.540869349371
0.442056125091  0.445982797731
0.500588245372  0.473328268654
0.597872128976  0.610023948394
0.656653027383  0.582898163151
0.543349247893  0.473466818845
0.573168676873  0.489200743728
0.709932460606  0.539799866373
0.67200475135  0.512300885717
0.664228865071  0.404410999014
0.464024430595  0.279860633799
0.553756343881  0.611579250086
0.50435335009  0.528124040255
0.564279216401  0.443132813104
0.710290232689  0.321358873101
0.663008215874  0.478871490302
0.27138563116  0.379441737663
0.452141432818  0.382515056635
0.664879824206  0.446311135707
0.386452216549  0.595617637415
0.519004627703  0.575679655338
0.606503536999  0.35667093566
0.501564493847  0.467839885038
0.483100065519  0.616093091155
0.464428213068  0.527571248807
0.575320761144  0.533521350382
0.474802247703  0.296581579692
0.480218322936  0.590392230854
0.587760113065  0.513009253707
0.317526927852  0.409699399037
0.554622812087  0.526122159276
0.515727208774  0.494889455241
0.341635530131  0.606583274201
0.506112517138  0.468059902356
0.577220309991  0.551066707191
0.532995198782  0.447016101486
0.425183619598  0.479230427741
0.493357240414  0.549351602379
0.328668194773  0.447759205662
0.536712958653  0.400320517158
0.582682705225  0.507822096153
0.361412450696  0.584104707219
0.45250791704  0.509298820818
0.558499357324  0.465137426366
0.331242019709  0.432968234182
0.484760964979  0.492668536833
0.471584853996  0.463288386037
0.472095563905  0.492766223287
0.369726633943  0.313928600435
0.490884360192  0.499516753285
0.672780865263  0.344481287451
0.492544288062  0.657059830672
0.475764829295  0.55865526038
0.446593232653  0.546077548296
0.548299026162  0.470496810124
0.580216167714  0.491594832268
0.402360722127  0.60727420559
0.510140499161  0.604890928144
0.474756406932  0.365387562298
0.572425122198  0.501998362803
0.406642994841  0.507813183966
0.4708434049  0.721980009179
0.457967293004  0.383661691545
0.623446395675  0.376085234734
0.454894453206  0.436733011782
0.496408203349  0.528950338616
0.422272649518  0.489362432328
0.550206944703  0.440552835208
0.555406969532  0.484993735542
0.508321523691  0.483816799374
0.450123766201  0.50011638471
0.481843955548  0.5334372865
0.592850162153  0.407031330645
0.463242479091  0.592395323849
0.376338762958  0.470709264312
0.458042373336  0.476408428434
0.273248626727  0.509945660763
0.49674571406  0.647785130836
0.475280563649  0.485091075624
0.358773407218  0.551443550803
0.586316639783  0.621855615703
0.673093160262  0.530634357411
0.526553764401  0.712773917515
0.671643148085  0.622636382638
0.527229564068  0.487645033612
0.570128045203  0.367027724889
0.610207496777  0.46491848638
0.368902650471  0.421766644214
0.52236442111  0.51885576522
0.434046152373  0.452126859241
0.478541010384  0.395523258407
0.559751599809  0.545782595787
0.623431407453  0.614436018646
0.444713273334  0.206035509328
0.524510258829  0.513592387866
0.602119433018  0.385863904661
0.568760711685  0.508283024442
0.627616972007  0.341574025119
0.474195394499  0.368661027288
0.595291003814  0.416236600356
0.453474772317  0.532620777098
0.605991800264  0.649626583187
0.642140070458  0.461571398804
0.482726231965  0.587132281373
0.483102724995  0.565230603509
0.467477202635  0.402923837378
0.465968115671  0.708387348453
0.567008530451  0.583202462659
0.359592754322  0.499308301967
0.387707715762  0.474508945461
0.631867462833  0.391366364306
0.577608526722  0.328001578546
0.421698283905  0.511289727755
0.387258684129  0.65270692059
0.653132241639  0.595373928495
0.461553698916  0.520389327326
0.479322910819  0.582104232958
0.380255280381  0.509792370577
0.543990391228  0.54052199227
0.577275980679  0.434011671009
0.555378007309  0.44109283024
0.583897388618  0.605023674653
0.628014180335  0.576345536263
0.503895810776  0.70346962982
0.418600844295  0.561865931051
0.485324233899  0.453297968992
0.472087918303  0.412796740187
0.514675044594  0.640456290645
0.591151274522  0.444051113287
0.312672938305  0.462766772552
0.368959373262  0.4031245574
0.601205564528  0.523357203358
0.607723024184  0.441652023705
0.539133796677  0.52647146541
0.647443468522  0.333450001829
0.490117482098  0.502612274302
0.298492996417  0.528173887297
0.35171767174  0.535454927183
0.612314042246  0.416116811119
0.509199282665  0.395929580359
0.596654903924  0.564361225382
0.570547269088  0.601406113217
0.430765714559  0.621768924525
0.283344168974  0.512082078305
0.605512008193  0.560371670641
0.467779227141  0.543090841138
0.30016301767  0.201802435288
0.454168650877  0.431916183084
0.574533239936  0.59838774673
0.648475135347  0.74138740528
0.57227806625  0.585783902475
0.528814131609  0.395562648003
0.505360375263  0.644136596559
0.393398088422  0.397196091623
0.511237550509  0.588465511731
0.381941883032  0.5751336407
0.507549365558  0.45586914401
0.370646591468  0.602399689714
0.31941372163  0.624096020698
0.508094962275  0.436950738038
0.326299391085  0.610555059902
0.413989424269  0.456611605976
0.465768159332  0.52540800472
0.527173143229  0.562616304964
0.35886362649  0.499103178606
0.519193790299  0.460714769032
0.53591810458  0.68472800812
0.350383552564  0.579872357615
0.524563611817  0.632185841356
0.494923855914  0.373436825203
0.384733406482  0.478598388835
0.483169948659  0.454005683899
0.718527772594  0.647916295265
0.369126655787  0.43697220807
0.489511388433  0.554601796939
0.480469190834  0.521388453738
0.610850455257  0.531196559725
0.654471645803  0.442170738983
0.5269406009  0.438776706658
0.592210853874  0.592573511695
0.506906041729  0.571160450097
0.38662827274  0.358139598565
0.346899753811  0.586897190425
0.42422250115  0.512285432904
0.382414440581  0.512371609018
0.47969753538  0.550160307357
0.650434476108  0.586153975752
0.449577800834  0.472052238663
0.384583736781  0.385405336708
0.485262185492  0.53604042816
0.38646131833  0.689956674707
0.643208235996  0.461344848547
0.620610028997  0.407746803077
0.538744126889  0.51692272405
0.578669407708  0.47979088955
0.403560898175  0.50671189142
0.482895152697  0.601554295559
0.550841388632  0.448474197997
0.499615376221  0.498707701757
0.513240123048  0.512067336569
0.600890478349  0.420526293761
0.390299460969  0.323323629095
0.573531499641  0.720433435184
0.551194256245  0.347674477515
0.564828873582  0.412465566789
0.54491920042  0.508889809046
0.695811949356  0.509586287433
0.419911074359  0.504349716967
0.417143941736  0.72494894037
0.440604838595  0.388320946077
0.316306097971  0.588223377445
0.612170899468  0.647732845295
0.443645778465  0.766549696968
0.338523496707  0.400453920451
0.566319808538  0.520795860485
0.432077628855  0.568361152108
0.492854898009  0.564488737927
0.405059321333  0.456465797818
0.365186106846  0.535946137558
0.467461290268  0.43685661051
0.406828247109  0.499588153804
0.589170746581  0.350006413765
0.292635659077  0.365037109226
0.469861998779  0.427392837455
0.5871489456  0.493950163143
0.352297486268  0.539471056341
0.497590655265  0.510035000538
0.427777272932  0.499488074092
0.516379503859  0.488736301619
0.520699342867  0.459595202178
0.442685111373  0.794117689792
0.257654911923  0.539480431004
0.527988839265  0.529777998442
0.390295839402  0.725606986609
0.436894879594  0.456841747431
0.581072675018  0.440299313185
0.482223244588  0.483116504483
0.573818928919  0.385817848181
0.498910837576  0.516111941407
0.330152978793  0.471306732016
0.613191341898  0.5382528124
0.392970880354  0.385482274086
0.335042608709  0.616696196189
0.532382192238  0.261402115571
0.532709632664  0.404444141356
0.520925952599  0.418613521306
0.419350455862  0.336808462307
0.393785067882  0.595842733979
0.551451941736  0.451364721172
0.574153441715  0.486685313844
0.604769036522  0.637864203855
0.403503330277  0.436908528433
0.672892592557  0.405413016755
0.423838028258  0.50248830204
0.527674349303  0.570070937752
0.541915491304  0.379931923482
0.502219707519  0.663868639572
0.796167315684  0.472274662279
0.289609153855  0.48576809381
0.338436156726  0.550139921906
0.613032013042  0.631403472265
0.556775575395  0.496016252487
0.602181912848  0.607168513304
0.312331348103  0.489694154152
0.491471805374  0.54278301034
0.685121902982  0.347433212445
0.453702348419  0.618560613074
0.415658077733  0.442334827198
0.550169714842  0.351539177044
0.392439073057  0.571444528964
0.502444377747  0.477334685192
0.613297722893  0.591562836048
0.578534088192  0.367412973542
0.448182201672  0.525833946432
0.536109066393  0.321651547957
0.459649970104  0.452104872754
0.358811593043  0.469320240216
0.649879522258  0.313571402609
0.555900158765  0.348974439625
0.48366613138  0.482341934191
0.436916199741  0.652946427239
0.497183278925  0.722669771916
0.398458350031  0.31635378079
0.552490308261  0.669441751544
0.641476881203  0.360095293087
0.482121733096  0.613231729326
0.40724908036  0.552909942192
0.656094712513  0.638207025477
0.488011196749  0.552855259854
0.468970244107  0.50969306728
0.609813517307  0.428939869481
0.48926742685  0.545601072311
0.436128772294  0.423500160667
0.46271722898  0.456268884773
0.547308827928  0.325542447806
0.624929734107  0.488448948188
0.439587422009  0.454993428836
0.495738732059  0.507814762421
0.460598860695  0.41969190522
0.566281785773  0.582833312635
0.538455186814  0.514516672605
0.421198187643  0.481333300445
0.617230886356  0.659320315001
0.560744608059  0.571798202071
0.300387311215  0.478981835593
0.394988403481  0.486502741012
0.438009945796  0.534700213869
0.446923069326  0.546622339213
0.419507384857  0.679870019352
0.362973272899  0.52152774788
0.567704442965  0.675893445161
0.420360431261  0.441930993619
0.524106342277  0.597913534979
0.42989826809  0.664560017953
0.547083039587  0.614550276571
0.545244342393  0.605489766669
0.457357111287  0.564348944911
0.423049898214  0.544360408317
0.62293032432  0.627496010752
0.331372160138  0.480951754653
0.774109941353  0.582192396154
0.557880564532  0.508429587514
0.461965112118  0.579837363686
0.658714665064  0.457237234281
0.515731163953  0.51473956319
0.54882857609  0.476744653248
0.570626121888  0.42044440087
0.377794622365  0.384278292039
0.471775643978  0.467946840919
0.473616741358  0.650799605177
0.34922706491  0.433096229496
0.602881253087  0.443925013754
0.480249683034  0.54053500098
0.528466588757  0.703293279061
0.567958680433  0.319781178242
0.521146411819  0.479712223091
0.528468845503  0.433107825032
0.603942016113  0.493959704349
0.664934766899  0.514742840882
0.58879436216  0.452981007263
0.565134553269  0.544943340592
0.324321106978  0.371024929697
0.482228981988  0.615684556993
0.475986633355  0.472280552352
0.537035031117  0.478158450755
0.362136121794  0.467910699236
0.504365569601  0.570540224216
0.619603856867  0.428103768305
0.424255935645  0.475696479895
0.437267292211  0.629785985283
0.488592143328  0.455898350389
0.524109516778  0.557706779946
0.287347075094  0.44667934808
0.346751578299  0.358186587696
0.719738035619  0.466012600849
0.421258999788  0.423951141914
0.50928885282  0.47655652351
0.476317623138  0.31606422584
0.452137330581  0.487354104758
0.59619061611  0.567910987541
0.619514747431  0.589937189915
0.307945854126  0.411431920392
0.521384744662  0.542868654177
0.45426995455  0.557752239797
0.432863713884  0.427935685932
0.685966318262  0.485115043046
0.457150899606  0.54234890655
0.450601939519  0.401631580414
0.379785597845  0.492442045567
0.586280272308  0.446270700567
0.503391576301  0.360894790219
0.534629567358  0.541608037238
0.480752536936  0.452204714725
0.314192313981  0.514863459801
0.600040156041  0.423215030558
0.412526214143  0.47528109478
0.439072254082  0.550355842426
0.741783262135  0.472150564773
0.62357876286  0.48635787708
0.420142838977  0.596799761421
0.535037738493  0.357100266826
0.348916929949  0.456294858841
0.578804673713  0.464381582756
0.451369897516  0.491852165317
0.531363593815  0.434163455378
0.557705990773  0.39733729518
0.405233762644  0.420571075201
0.497286232338  0.267279058343
0.562070761452  0.465936793749
0.470933728005  0.564687027539
0.424695642096  0.385656564002
0.308851259199  0.608824328962
0.651245410617  0.412686692647
0.470455095456  0.624982371053
0.493739280673  0.445891359197
0.381725935932  0.42468123697
0.734448604925  0.581784403751
0.474089647221  0.550959525021
0.712328060925  0.397509050048
0.594070798859  0.572201863727
0.421411238119  0.46424606776
0.636960877855  0.677943546115
0.500399626828  0.430833083972
0.424987834947  0.346535912831
0.627436113264  0.578836542035
0.37405759553  0.450042237355
0.592991771974  0.500095031534
0.523367129355  0.662761139162
0.529087041672  0.698984700274
0.628124870906  0.330461199684
0.493431650476  0.500238496289
0.628577293481  0.597231989501
0.520219887249  0.436830505815
0.404469028163  0.679539914677
0.548708104016  0.552011118354
0.369353967157  0.381398591581
0.603586811246  0.404039304226
0.601651995407  0.500079634688
0.631101081462  0.445667616422
0.339342667724  0.414300907713
0.525445356879  0.467197445804
0.486201461632  0.507108313919
0.50988145661  0.507711987688
0.516245741018  0.401709677585
0.506399529555  0.406545754158
0.615604292821  0.488797309855
0.85960015691  0.559447822408
0.512593645417  0.563533079309
0.6194209005  0.421390901279
0.487868659987  0.520840384761
0.541342654905  0.541821611719
0.60906663695  0.517414203724
0.627485419744  0.598109770549
0.682158759451  0.375878468288
0.513148433119  0.543308151573
0.556906863255  0.668287126464
0.240155565207  0.514907207004
0.405472341773  0.310772524622
0.496508177507  0.402934643849
0.394479942731  0.425464586341
0.434010243451  0.564173758851
0.454711516333  0.263951375216
0.472999694557  0.527860431012
0.473169649335  0.55109426762
0.615988027552  0.539899969566
0.5816588456  0.561612337626
