0.477037914447  0.542526548941
0.72321317454  0.608981505856
0.514050405105  0.647023987074
0.540001227554  0.424966882563
0.55280594143  0.58302379105
0.369250466426  0.294812744963
0.365254394314  0.520827170009
0.521195829616  0.496889255646
0.582255673786  0.436073353292
0.458563011676  0.451650384492
0.41891779376  0.49179533051
0.586807584137  0.562289753717
0.52020719314  0.527118910856
0.74787144058  0.431610906471
0.525282973123  0.496901136821
0.358696944862  0.314910670737
0.474124720398  0.476102828677
0.394792598406  0.466578342387
0.499260840741  0.443921521066
0.583594742226  0.571108858593
0.474271633089  0.511897036728
0.313005103356  0.58472336906
0.534282015495  0.34336729708
0.372898697029  0.359253391193
0.336574815392  0.396284750745
0.423657632087  0.600751271353
0.611177569596  0.597435696015
0.326586986949  0.771438654559
0.540318755101  0.129207279347
0.563969891421  0.617989022257
0.564431844139  0.763148514486
0.456934131378  0.526069329869
0.395346229904  0.405491349751
0.398446616152  0.52024615222
0.45469058018  0.531178382728
0.483475955375  0.614088353144
0.394214204675  0.601021854763
0.520244878035  0.538220320482
0.466581983952  0.540603940487
0.256027960963  0.434643270047
0.523916741432  0.493150443683
0.542273754216  0.566544886809
0.407962092107  0.365836963308
0.471104595221  0.290250123891
0.645333134758  0.473249898624
0.48010492622  0.466210357277
0.610483129271  0.650637962883
0.436016239382  0.485804026385
0.51848435803  0.447825762675
0.435242270744  0.45497944321
0.604840866433  0.582638322067
0.592266543875  0.304874101283
0.546776623959  0.527097000547
0.476094055737  0.368284220186
0.51945216358  0.63317863323
0.387220910153  0.499255715848
0.521106821428  0.606612825688
0.424482019208  0.577662455304
0.397942298382  0.459316461202
0.572210688828  0.505479340849
0.288515561594  0.41062500429
0.496064195707  0.602121156503
0.594965058999  0.291642576141
0.453536175283  0.329169813062
0.444146867298  0.300412730442
0.551532157256  0.414924033091
0.36351452473  0.412176613177
0.615788652481  0.586196721647
0.544531891416  0.537117317925
0.437041830275  0.370521121671
0.561655101753  0.533371554145
0.389955163923  0.525658820327
0.54582292458  0.403565298683
0.493817362072  0.446333175993
0.543153938862  0.371464834469
0.519539068157  0.452404582069
0.489329768691  0.421213056784
0.418197393078  0.45873050634
0.556111855187  0.465893473527
0.388614309843  0.519599078678
0.528036053023  0.729485754533
0.51189320209  0.237204240843
0.415826346368  0.483590162316
0.275357042222  0.704301837766
0.571010601839  0.512805282736
0.66438613259  0.570569102523
0.38257550201  0.462924110523
0.544614392583  0.307282818891
0.779683962901  0.521773244889
0.417121144184  0.553958066825
0.434230543794  0.503300419579
0.347226058168  0.449316535274
0.680062080973  0.589361232259
0.340244389108  0.470902823374
0.408953469885  0.571036027284
0.415509172631  0.468567381733
0.260345029856  0.381474856778
0.496960052202  0.360023225701
0.382292542787  0.535917432723
0.469200569409  0.456718522777
0.331484993404  0.517215842419
0.56597178679  0.685345210265
0.623430269369  0.610726020995
0.425814560523  0.412013472493
0.565570133489  0.447092513031
0.454127752822  0.585605198695
0.336792821211  0.408233890281
0.503945060046  0.779953801071
0.399824042136  0.382336211407
0.461030151538  0.444297937577
0.409424171495  0.568003919408
0.522815051623  0.657938568123
0.468558400485  0.432015048193
0.64188046717  0.638938616494
0.578364696629  0.528839345538
0.42488278076  0.494208261322
0.486195629739  0.739173955038
0.432145114761  0.468990710208
0.509763153497  0.366154617343
0.607041896241  0.512743294213
0.431751767265  0.469017317829
0.646250852347  0.663182593847
0.541243850616  0.394940644789
0.655724747908  0.329744494115
0.355792972559  0.540385641549
0.552867366373  0.418841823962
0.496244598809  0.446949891194
0.315309391221  0.531615866803
0.55417769247  0.576231686475
0.426212957219  0.682033757159
0.508652640149  0.563057284581
0.396333272026  0.468963183892
0.424859592862  0.292445786102
0.540217904096  0.37892213487
0.690054005907  0.56012062101
0.459358608674  0.585386838065
0.378761973393  0.324417767323
0.381277088678  0.370669189594
0.515987142562  0.558943141638
0.475382538631  0.636134053697
0.607293316688  0.424391119019
0.553877331581  0.355706616647
0.365152266047  0.485237619483
0.45774040399  0.392976135184
0.657322319245  0.556355723822
0.440382618479  0.456147203846
0.607594521445  0.619570574644
0.559336605585  0.545003623998
0.681098558126  0.600784662957
0.530776237953  0.597347011512
0.409617151316  0.649799102766
0.54492408124  0.465129175393
0.42690547639  0.403773323897
0.490297885405  0.441279757157
0.533135522347  0.473182090786
0.503945002814  0.483719097763
0.497533107229  0.587963349642
0.404887623506  0.551957854189
0.348767480574  0.567394166033
0.459209499433  0.445198403103
0.417941263413  0.706686542713
0.514871697425  0.677650473152
0.659780290194  0.503214534661
0.453546188146  0.480669349264
0.473976194648  0.363292116133
0.47209554156  0.724248807567
0.571874547057  0.466172128768
0.496275768391  0.663481905545
0.547879077852  0.508150327048
0.560164556673  0.509582062008
0.566934586349  0.575035859533
0.407230006993  0.522048440438
0.573997697017  0.571905001869
0.64153466708  0.667641685906
0.390909592887  0.491609735632
0.656719137597  0.362953962741
0.274794818637  0.325274016334
0.469600544383  0.322344810234
0.599775782642  0.670280788765
0.570819989922  0.45507729524
0.446168424807  0.644173874965
0.360308608533  0.582246022235
0.569367410458  0.496209233261
0.263005128434  0.339529346292
0.468029321221  0.615879405294
0.377184130647  0.681313597947
0.387431986284  0.538546885508
0.491419565751  0.611515492429
0.600593916986  0.53292831263
0.664348037267  0.522114311882
0.634991590498  0.48292797554
0.522368888078  0.48193320447
0.574401655996  0.559969882459
0.483034665261  0.551523036265
0.392870990832  0.52341790741
0.730324065691  0.537738036309
0.610103473218  0.496515794379
0.465167577583  0.47459217364
0.562818833305  0.470866260591
0.542766849685  0.367391652439
0.557568628323  0.736719061575
0.47082383249  0.496498279906
0.468445375348  0.490022764086
0.399894586426  0.543669168782
0.566629076214  0.361715705649
0.459884473959  0.586830113468
0.100897946771  0.396839324183
0.580058171871  0.375218547732
0.588889873268  0.421083736419
0.423330484544  0.580668630472
0.474657535587  0.457062005942
0.547294207435  0.403660920861
0.474825216765  0.573302720796
0.523585825394  0.544166225825
0.581212757539  0.529002613985
0.464898625815  0.45641491999
0.39732381938  0.397998726199
0.403417685773  0.47204628388
0.596942467431  0.53114152285
0.419632944754  0.544250612214
0.612119936441  0.494954984711
0.538697952712  0.464869839846
0.547900328924  0.525276706873
0.415485437026  0.400391275663
0.606100232723  0.479113096785
0.43789925408  0.545827632983
0.405693405054  0.517313985466
0.65363860137  0.311395081281
0.509785736587  0.439944662723
0.587439668228  0.248282560643
0.280064300147  0.363057692535
0.409920408784  0.547480267626
0.594391823231  0.4492612765
0.506860955009  0.60523915571
0.42312590417  0.462637318567
0.566072924485  0.645411039494
0.327746132253  0.33905021818
0.476815386383  0.428959952321
0.546985186013  0.31206338786
0.467717492754  0.553824737604
0.43318223937  0.4826323763
0.525347761559  0.544562436422
0.416707216581  0.467752761844
0.599821893199  0.527697332162
0.497730393961  0.43515492395
0.582747199878  0.508050936905
0.495255532172  0.34529054571
0.549449861258  0.335832634568
0.395029903094  0.507895511588
0.452515276793  0.481511024748
0.302645461352  0.55019802326
0.60763035729  0.505721593771
0.458623289064  0.447990083908
0.291103706445  0.395876505393
0.461083779975  0.462093580904
0.480566153622  0.501532785946
0.436026285598  0.378860079694
0.565149631748  0.553993060029
0.40792650833  0.400813694707
0.541239986458  0.577022316679
0.448502883111  0.534594082381
0.560053758912  0.467626367747
0.477426132248  0.491234263753
0.394434131139  0.72553182356
0.406667070571  0.492138376281
0.623385855174  0.392965277064
0.431325115156  0.499434496266
0.69101010971  0.435541751464
0.458367420655  0.367160916606
0.563124769796  0.301048503904
0.408331136978  0.5239344984
0.352889802658  0.463093438769
0.532419708731  0.460178923656
0.409619837663  0.591295791384
0.625328711538  0.546485874885
0.224648242516  0.572962629886
0.444602028239  0.442804966787
0.603118910174  0.355020274348
0.471330451065  0.560584329742
0.588036173009  0.534562434021
0.563724050249  0.565346471664
0.281826081742  0.695185350379
0.661919486019  0.383404298443
0.341149364436  0.532268664246
0.574025236532  0.477743839521
0.501030659776  0.397232305858
0.563717872965  0.424339082659
0.485159151042  0.607157457889
0.367926689407  0.490860523104
0.338882729407  0.751105924752
0.506817203277  0.479798908784
0.676447842172  0.409554412351
0.692940465942  0.555135473174
0.423669539765  0.527059635229
0.417430486342  0.548977270082
0.39417305899  0.687246735284
0.648369568312  0.576255844878
0.268839929871  0.560396180986
0.353520491103  0.482638381455
0.495885955564  0.603300841755
0.502624445588  0.549175428544
0.47216609575  0.436820927877
0.419740561749  0.477887314712
0.66556982791  0.40526717051
0.630549590968  0.460673860674
0.681463058573  0.245843053082
0.534743484022  0.404639203964
0.485477836907  0.521222480078
0.469156446967  0.290952263419
0.360846459528  0.758132036154
0.418776718394  0.655398595774
0.471594178143  0.54291059967
0.605385983755  0.657633600801
0.344415300072  0.52398466083
0.517225760982  0.485767749341
0.578361203823  0.427680286955
0.24050287322  0.398206459983
0.617387423634  0.592330311649
0.390131225646  0.656738378913
0.531305851468  0.505551437483
0.568050671783  0.465462837082
0.485047203202  0.538300169334
0.327659137685  0.518274490024
0.45919402632  0.508390465477
0.33447318928  0.476661881102
0.588262539713  0.395768810388
0.699954833667  0.497451917537
0.588482655544  0.39816613721
0.534969738658  0.442186788159
0.536159293591  0.630947358219
0.402030858875  0.452493898715
0.353925969806  0.342270471711
0.41017317081  0.285243245708
0.463540642592  0.44272848415
0.516815273698  0.510736425709
0.519413226346  0.477967625455
0.578622368108  0.562374826697
0.357064434298  0.532331081153
0.600826376772  0.558599170251
0.543178274564  0.775293515241
0.473759888126  0.490683020297
0.489103033736  0.451902139405
0.64052953782  0.540626820505
0.60961011361  0.400581271139
0.568287429327  0.492415228233
0.633654975781  0.691577795044
0.44133137799  0.47355745041
0.484472166464  0.611853484211
0.487693306807  0.564312160038
0.637916185749  0.530675705604
0.610713313822  0.509267868402
0.450561059654  0.702197832488
0.608365978774  0.554429264907
0.632696931496  0.600635250576
0.537680190092  0.415788236818
0.434585783753  0.694093399741
0.545810784048  0.52600990322
0.536725875229  0.442279700479
0.454183985164  0.481792506395
0.629037704359  0.391280823314
0.431915319884  0.502448598276
0.542679474695  0.562599625777
0.622827225999  0.506691096628
0.490249130144  0.423492568705
0.551404095326  0.430044742479
0.480122636116  0.499382685623
0.519114038927  0.406223172967
0.414425709322  0.533895505388
0.436888889412  0.531909335004
0.398437713739  0.399856519282
0.565020647133  0.570215726356
0.595444880117  0.531383954271
0.519929994373  0.557163701183
0.590167675673  0.547421415813
0.750735326865  0.50116405161
0.471497012419  0.619558785473
0.36926830033  0.519615004321
0.682892566644  0.537927057616
0.592548785015  0.59319095741
0.203680085486  0.445885127291
0.36857327987  0.548019921361
0.548745710731  0.520159076925
0.623808307533  0.367440635183
0.610745875681  0.564821794702
0.653185661703  0.463663960919
0.584367836922  0.340978510559
0.582460378765  0.462004261729
0.653105352528  0.470269065064
0.648744193489  0.411523397324
0.419767753242  0.466021387881
0.396405923174  0.348926435878
0.451489828365  0.465038072744
0.523450620838  0.382705886927
0.523735160826  0.518830337446
0.375310200371  0.404972915733
0.523852953011  0.501063625376
0.377173322627  0.431765714179
0.33103606737  0.566268576287
0.524978814247  0.510899218339
0.508943525096  0.516036674881
0.416681978134  0.359227465652
0.567506056061  0.531383738129
0.388558765804  0.385548774411
0.263694773763  0.630109190197
0.622542019242  0.632345094812
0.474071041379  0.435737059544
0.487041451801  0.692869103563
0.471818823105  0.587936140761
0.37786660388  0.650128278827
0.483412264678  0.683445464585
0.513966326789  0.566878847361
0.450864828697  0.505262233484
0.374784064504  0.655239756324
0.478315504411  0.392506093263
0.552219809902  0.407691437366
0.509337683667  0.365838830107
0.354689598017  0.382761564043
0.294240605793  0.481833164219
0.485574904796  0.576184736957
0.577032317668  0.423349552637
0.43773823802  0.516887553078
0.642785638725  0.511608987655
0.57094966595  0.447884604295
0.569362280751  0.379158334868
0.564773349742  0.537018383097
0.53385101622  0.574026881468
0.580740365059  0.713845401525
0.5975766103  0.463462809972
0.425467494999  0.650710436677
0.534765262916  0.458351742137
0.462236098294  0.402690816864
0.74508546914  0.336549603759
0.555625052868  0.425328364124
0.498615497827  0.510152165085
0.498068306538  0.470857092602
0.512685385628  0.496387318345
0.490032238057  0.459049141762
0.507920417516  0.520085551098
0.421079208406  0.363501172048
0.426161183437  0.618828354525
0.537361591676  0.364608406091
0.479738577768  0.553544263396
0.371085993581  0.466324064213
0.424518484324  0.601924772807
0.398027236145  0.686384415272
0.35882303755  0.488091805259
0.472993529001  0.50819753158
0.359160614089  0.425043484229
0.605219746427  0.576075452354
0.628952020513  0.364001284459
0.577513209788  0.432165207416
0.403541899825  0.609077168253
0.683456716716  0.568175016863
0.470550968261  0.586643849339
0.338650292244  0.474460997365
0.349252476795  0.505304002494
0.475132038684  0.619028086077
0.590763639789  0.434847820298
0.564058941119  0.580505413183
0.346429050419  0.526442539669
0.449506638518  0.424360900175
0.790807695835  0.495985170714
0.405010298992  0.402455881904
0.504424430867  0.643102527697
0.498616341675  0.558753966312
0.426008785603  0.635259829284
0.54188442185  0.488747464488
0.488532304389  0.489017850474
0.440920828546  0.412569916664
0.611098341974  0.460754940958
0.539582293628  0.327895491742
0.625536205778  0.620958462698
0.62039025308  0.512860469375
0.434747124832  0.456330630252
0.347884872284  0.429696578981
0.397806255251  0.66833883336
0.383220856312  0.569528916347
0.440518504234  0.417843756548
0.475193023038  0.618030361392
0.76171544136  0.444373697468
0.419770397735  0.61636237688
0.361963537401  0.275598470799
0.783903865178  0.54021008242
0.496813484741  0.742605171634
0.526397244776  0.512020526311
0.603598936176  0.478446596636
0.538331629972  0.627643883161
0.495575912982  0.416606735034
0.458770533239  0.744240725275
0.391432747308  0.564980818084
0.432786193013  0.430308814894
0.394608263941  0.504438918454
0.483505431856  0.463876926887
0.542794113445  0.574417463833
0.558599340609  0.425005658778
0.610441201096  0.406370713565
0.45648335358  0.447281644538
0.664986549412  0.511253833468
0.464786792652  0.524363554523
0.518246246656  0.361880609431
0.408082002444  0.496532139848
0.366361309616  0.472228070349
0.654615471351  0.380675711508
0.454108950041  0.52612053569
0.558292610533  0.211405274886
0.357139311788  0.485007473225
0.528360859671  0.577441895336
0.464632721093  0.41060096577
0.354816430088  0.412006549642
0.367581365794  0.390488892252
0.458386818675  0.359201725509
0.53809587081  0.504039463896
0.608806235296  0.609302833903
0.359126078362  0.422365246426
0.663519011093  0.621083525927
0.393907971032  0.397702101121
0.632596995449  0.641608272028
0.419468971045  0.601327901054
0.598330390486  0.595619131318
0.419457321433  0.482244202843
0.34538280688  0.602745865798
0.44514135175  0.591898981713
0.518538651058  0.502585008799
0.442753186497  0.423517921276
0.490499586129  0.346485513182
0.352344886678  0.526966575837
0.347314941171  0.377986380759
0.55707559916  0.401359707133
0.376493195294  0.526981569763
0.436851460519  0.472443230483
0.49694305743  0.507707729431
0.436833238497  0.543135591742
0.506875730262  0.581167704113
0.359262295942  0.611616504818
0.513897868582  0.561963903698
0.562794750809  0.530480319124
0.387013936979  0.478650059488
0.623192421011  0.360466487434
0.481788539766  0.511346022382
0.480584318478  0.430150887583
0.728337189621  0.369407592879
0.342231372492  0.588285046077
0.399999185488  0.431997371396
0.346104456882  0.422321860005
0.481898639139  0.767141124665
0.393049739524  0.465321520519
0.430911674692  0.43847912255
0.421536451702  0.498030766432
0.539507680227  0.519752031317
0.460417969186  0.460331095682
0.559689108613  0.526632853959
0.677881795515  0.426195257905
0.451840580707  0.531354891313
0.364789136097  0.610492395636
0.592462271202  0.478314895132
0.423534464005  0.530264544865
0.385062413129  0.402312679993
0.464802129599  0.325946915883
0.493097879661  0.431702994386
0.316932700294  0.584910496307
0.450956913144  0.58983226628
0.533775592971  0.383905233517
0.595849294929  0.636407473438
0.581648665401  0.435478257297
0.402067327374  0.516765903786
0.67175635216  0.591844667388
0.471087633319  0.478324934793
0.228902330459  0.598851220278
0.484324854957  0.629085733375
0.455946292697  0.393980338144
0.534959209605  0.515602107081
0.622143519734  0.434505632157
0.400665317295  0.517949992643
0.48892635414  0.425448357525
0.498978149589  0.490860710735
0.465201144577  0.47044357152
0.432027659975  0.372207201948
0.468426400551  0.526650231008
0.544732415571  0.373254711976
0.595779750278  0.320858003938
0.611958577643  0.368667263826
0.461707074432  0.530127073051
0.506506863022  0.611582249437
0.574578300673  0.50799458091
0.433908577926  0.317986801896
0.335891608254  0.419934458338
0.433841009801  0.580533725284
0.522175191152  0.469936415331
0.786884068734  0.453091946244
0.519007736598  0.633789059128
0.503431957124  0.513188829197
0.597629079405  0.586505599206
0.39448493941  0.417810756408
0.303787631194  0.526565388776
0.499142500766  0.349821552833
0.483049517678  0.425431127401
0.540404383215  0.505634981449
0.657932962608  0.46880483258
0.445724421352  0.590149326724
0.630821020975  0.483191667688
0.508190985223  0.413157623931
0.49176265447  0.468470557683
0.52069619166  0.354250404741
0.467079567817  0.502534720898
0.576031480327  0.542728675177
0.425063242562  0.583803335498
0.464202580252  0.383593523957
0.41628133481  0.45487404888
0.376761313338  0.60849395432
0.421699904532  0.607422424696
0.321974831225  0.535778178263
0.624864077984  0.480651697083
0.520978484768  0.545103995492
0.446239676762  0.653988249803
0.425713496212  0.421991808201
0.61736903497  0.498581525145
0.420311361021  0.412488340651
0.576928129157  0.586072020554
0.407412872711  0.367978208866
0.574953364446  0.580905923917
0.393258741275  0.533710333223
0.497823599467  0.327522546593
0.553758848486  0.505030019072
0.664659634779  0.557293545254
0.55269843139  0.569847555232
0.492810004275  0.553682910418
0.613509590674  0.442933509718
0.429008811383  0.501680222732
0.347994756732  0.513124928037
0.492539344272  0.508791858051
0.426645190791  0.508338367865
0.388460960196  0.46758377328
0.556613267996  0.388579135955
0.499365552859  0.569030025639
0.418652768421  0.49209718254
0.421949078424  0.589517394943
0.573191469083  0.638938199695
0.466314632863  0.387463899575
0.562312029764  0.354164026924
0.488936682479  0.545715968052
0.325804299721  0.560616589512
0.380225640676  0.54475831218
0.599377054315  0.298935199137
0.429357422247  0.44361110331
0.558835258274  0.51661746369
0.55878539971  0.562716765603
0.476604933556  0.436360178736
0.421214246273  0.374033847443
0.390561345873  0.428335941643
0.474036387507  0.409726209192
0.52488756261  0.362020457849
0.381041799897  0.548004778975
0.538234342599  0.576085555883
0.412526870382  0.641518610637
0.541134069449  0.608929018286
0.458927336352  0.364888032353
0.71605729242  0.502770295517
0.442159963242  0.604420358209
0.362505450177  0.505059264057
0.4333408189  0.537487048531
0.684725131891  0.575092774698
0.589085621748  0.505780978077
0.443657767814  0.470361679786
0.228268137142  0.619291018338
0.71499903528  0.536322589565
0.531194534232  0.53086678217
0.333295230586  0.43899674359
0.516201081972  0.390395639889
0.445833044661  0.576981466674
0.466749005799  0.58099384936
0.393440352462  0.477685338338
0.592944553761  0.656168202042
0.510191233449  0.681620269688
0.51633187453  0.523012513023
0.43224522331  0.662155492365
0.528931366849  0.465583449155
0.578219005208  0.56928361509
0.467613326178  0.477557035631
0.347604340578  0.29705239811
0.51857601367  0.534501832041
0.498065218195  0.314912279948
0.506586002276  0.434895801194
0.666150015333  0.609791642495
0.375814645509  0.439254663964
0.569417800539  0.545687297038
0.356162607332  0.377229494545
0.41005171379  0.50180951176
0.416503501189  0.432980484052
0.5277817672  0.447074114356
0.651614773491  0.449600593018
0.630182998973  0.419526951092
0.414032727679  0.498071228741
0.694964655395  0.630198264264
0.503153591751  0.636166880136
0.43661114952  0.474584711229
0.506306456598  0.462458486455
0.406069678881  0.372056023734
0.598619565093  0.631416205212
0.6530282823  0.579308919784
0.585302605936  0.585835296848
0.442294791912  0.419301866389
0.566840866373  0.745388886721
0.419638985503  0.50451263013
0.415641761606  0.4707565393
0.512762220222  0.563410071734
0.526896823997  0.543274392594
0.467361743649  0.579097384976
0.430173881562  0.638461523254
0.461627294692  0.715813725372
0.609026173556  0.474091899969
0.552200541323  0.286198556788
0.606560019858  0.726304075879
0.440340588899  0.569729680709
0.534974767319  0.517797408644
0.557036644968  0.606651197603
0.542174993611  0.442877425342
0.43776246734  0.74491338834
0.458037630813  0.588785697397
0.540731165102  0.387426950975
0.395407081813  0.453853459322
0.639455380482  0.488396850404
0.424101749083  0.68976507946
0.512276168052  0.566585313694
0.526149376264  0.514683168834
0.332430510992  0.570293495091
0.27965600489  0.479100363648
0.421931599318  0.602942754617
0.543342928056  0.638362449617
0.413337831955  0.304881897173
0.568989279572  0.579553602021
0.336423757063  0.372181779325
0.438812319498  0.347046576411
0.772769601406  0.508436115068
0.406813919741  0.59627582966
0.470692634611  0.394515008004
0.560955952171  0.491809185151
0.622674026397  0.700175748086
0.649012532304  0.410308722454
0.533043167647  0.489860362992
0.46427210539  0.481931046076
0.685559738104  0.408596229581
0.515321022893  0.413847671874
0.263550560911  0.407752394129
0.504144053493  0.497575658602
0.550609996805  0.511193741398
0.501633605858  0.486477595109
0.386761631739  0.493237790834
0.450676119588  0.527194179902
0.583594208032  0.49943670786
0.514447086762  0.430274239398
0.539560910733  0.583212374915
0.539997823755  0.521581536675
0.623114436445  0.585145438696
0.619160631092  0.417050610851
0.409691338023  0.466707506465
0.605034650957  0.435568183864
0.422750339347  0.311389175267
0.500357272403  0.510491288304
0.409159385663  0.734023074374
0.429957351153  0.497961093568
0.463093989035  0.472284032505
0.438471723302  0.571049134852
0.504407102576  0.645351921622
0.361220653591  0.520113590251
0.445620960599  0.4382340566
0.449017395316  0.481318789525
0.542741087651  0.415947247358
0.367793051366  0.256639186745
0.537962302215  0.485566257927
0.588175657786  0.460043337473
0.466487193199  0.405305492425
0.426189659403  0.446851886172
0.561337369988  0.48010059266
0.488401520916  0.418461533053
0.500422992208  0.531509945902
0.437194673923  0.468731993997
0.393045684152  0.231436251123
0.44997607433  0.544320260257
0.477127326074  0.498926954556
0.472389527936  0.514242890239
0.503945622606  0.553565846232
0.501524040374  0.253514562715
0.603082153081  0.415754252331
0.567651985074  0.495502542654
0.400652368286  0.633021929798
0.393918829731  0.528738612891
0.525386732169  0.526287649927
0.524898823507  0.496843728341
0.433502917497  0.545021052953
0.389384145189  0.294471238318
0.496985609977  0.570546495333
0.518665389442  0.430193308453
0.673601655448  0.496261458689
0.693124087226  0.622245914412
0.534897336014  0.514115665623
0.70726332059  0.549680548201
0.466230517241  0.775774237942
0.471784059937  0.444724913716
0.504228444606  0.478486441372
0.619007551321  0.550013988507
0.551407209585  0.628285539029
0.538975517361  0.612431725268
0.633480886939  0.7049856094
0.45392385778  0.462340786462
0.538658577877  0.743870684644
0.595074563006  0.508144885095
0.442216610347  0.611282180739
0.492943854605  0.276587115866
0.527511359255  0.601853008786
0.451593587284  0.569442194382
0.684201981538  0.540651590148
0.519542173911  0.552966286566
0.482262695182  0.639349973823
0.659224058806  0.503410817888
0.409575277477  0.59199538647
0.4474371382  0.519747204095
0.58260959683  0.51135890994
0.58402607286  0.473544203808
0.45603260811  0.386310081669
0.597939957128  0.627803877507
0.350224770233  0.447817728222
0.417816771971  0.545282475192
0.539693875564  0.662551562454
0.470996480977  0.447855820898
0.63997574462  0.557744514756
0.57289764722  0.641995038164
0.69660988221  0.587178761099
0.614752326488  0.549482592598
0.283381541362  0.431699961632
0.522603266533  0.465054827516
0.377801372867  0.439829456951
0.467224491892  0.604826842908
0.632567686746  0.506919898981
0.507555712693  0.513915467102
0.402819265608  0.508613078648
0.343678850168  0.597050027439
0.501323303721  0.459866858514
0.391498201337  0.54420973376
0.328544144859  0.456443673216
0.448111975605  0.605441942236
0.472578337807  0.571504791936
0.310526300857  0.359683073634
0.429554327882  0.561740018261
0.625157326655  0.428570603282
0.454234297952  0.523272486979
0.523461494167  0.539671799461
0.362287207425  0.764432152352
0.420794130525  0.462635979669
0.31590837568  0.458677193129
0.54530261835  0.181350645221
0.497761378195  0.56093124813
0.500112610729  0.597977348519
0.649651681359  0.494771036945
0.312839644801  0.637193407475
0.461404584266  0.551894421564
0.526831090235  0.408397267996
0.513207365868  0.370060670031
0.434375472641  0.412454968787
0.381861467074  0.500635365915
0.705561447382  0.569171919355
0.260672970753  0.621902884289
0.552165238954  0.462309755088
0.35954370083  0.530946042535
0.64035858657  0.683488006604
0.625903783993  0.526022127619
0.718610778041  0.423443719211
0.563735847262  0.307884904227
0.519477648206  0.428028091532
0.741531480812  0.515796339115
0.415165758083  0.361983781998
0.435634192675  0.444584637698
0.480315134774  0.598345091824
0.714861244665  0.373764540826
0.519125571838  0.44814155817
0.612098899733  0.52756585727
0.575969107637  0.381517461154
0.573054303413  0.440253625785
0.412944051929  0.558474015411
0.431588518385  0.57183297782
0.397087531183  0.560921351594
0.593034564472  0.599008029102
0.568474099094  0.484607543184
0.429278581988  0.505435708579
0.379385873437  0.393633923892
0.412512578125  0.443932320385
0.221434328393  0.386754027339
0.593278561771  0.649705631
0.220095240286  0.454859794278
0.354726838365  0.550604748045
0.531575933133  0.298500812466
0.494654996317  0.329176365082
0.388160368252  0.531291631259
0.600884845065  0.395894211047
0.35766568295  0.559757613122
0.517074068565  0.513004917602
0.398197073944  0.496640230025
0.277528537366  0.404900405615
0.47117324712  0.621073016382
0.834889127045  0.543818801528
0.574135819181  0.541568076659
0.403217886048  0.272226412809
0.432424410527  0.550210979719
0.569800326889  0.539200530919
0.541945521061  0.648362250812
0.634423821425  0.606096200662
0.435520662649  0.351997615353
0.471249228909  0.638053656784
0.248150286555  0.432274661923
0.594628782159  0.484255390863
0.554909931625  0.536945341426
0.455403700027  0.539644885662
0.390993435587  0.589088995674
0.538603456191  0.438622010062
0.508308550544  0.60068584079
0.495715588143  0.404827972348
0.486770802966  0.469304003411
0.458313356575  0.452733910221
0.571522672085  0.754089396923
0.348819263328  0.3928538631
0.569926795797  0.540338424877
0.531100703669  0.501008146622
0.434876071775  0.257983891059
0.581536673349  0.340507193625
0.598887788599  0.582926082411
0.493389654479  0.542853463909
0.588753023171  0.497176435483
0.573331798134  0.430758833402
0.591149911282  0.485627874903
0.404462571637  0.632515465774
0.574673950613  0.559101233964
0.633968899513  0.65753393459
0.680151869539  0.627228684045
0.503441695449  0.625741932341
0.547435397733  0.771782707544
0.582269917028  0.408445026257
0.48587956978  0.420822157088
0.535617988025  0.442790978101
0.536760591823  0.424837919019
0.485356071177  0.521360253644
0.392645851853  0.373841856698
0.459148650988  0.513102359456
0.571527608061  0.516256533485
0.518825011874  0.402475534487
0.449017658561  0.575410170682
0.70599334005  0.495424718759
0.382481732904  0.457682558351
0.617253497232  0.57655866627
0.547986017661  0.650297704016
0.646818108677  0.288546187078
0.4880635344  0.412183240013
0.613349873104  0.594906425654
0.469257855152  0.44699034077
0.516678983734  0.450775775744
0.504875602662  0.538260353775
0.409005311863  0.534605297209
0.512179139998  0.500064466434
0.414496099789  0.721808562645
0.358334501696  0.568666535881
0.603441842311  0.632123966766
0.601832009057  0.503859731255
0.67782090706  0.473917521782
0.596212263011  0.554992495235
0.617613246023  0.266222384577
0.463652463225  0.404428778269
0.475662955816  0.513388328099
0.363810860472  0.456036449736
0.602633850427  0.699575070893
0.583060160861  0.611067328678
0.543883012796  0.561622445122
0.592070790034  0.744886425123
0.691934508197  0.466218001924
0.434906699056  0.385688890611
0.534672349629  0.699578024474
0.55191507025  0.301616538185
0.53161293747  0.434793389845
0.682017744044  0.488451388554
0.54575674033  0.401864297407
0.376565180124  0.596749029485
0.485871142693  0.470433869054
0.481652225711  0.564099424985
0.592125011065  0.458576845827
0.772621313508  0.297409716763
0.352790779787  0.504426284768
0.587500018154  0.471878973458
0.416471443992  0.438414569098
0.502639610916  0.556595411535
0.626768427846  0.424915557378
0.704862594444  0.486716898204
0.587153706114  0.342818629552
0.399070469429  0.674779796974
0.587713642731  0.422304845917
0.462061212648  0.467442963191
0.429833011432  0.521508225706
0.614381300142  0.508906766786
0.53777838757  0.553532730341
0.351659300944  0.558340123686
0.470338793275  0.550477339869
0.520277066797  0.486042507048
0.589230945445  0.536428036584
0.494388276205  0.658308348447
