0.502004384967  0.554541036726
0.465913353483  0.496646279178
0.367148396153  0.442596949512
0.422664141442  0.401512857127
0.466272452799  0.563543570915
0.589053275151  0.396684662188
0.446990438001  0.451922181872
0.534859966396  0.411810730061
0.541843830943  0.344969892748
0.515162409081  0.596967003767
0.272464459523  0.4871395454
0.398394575631  0.422311110322
0.582847524098  0.449618393039
0.421043841125  0.520256682985
0.394139752585  0.567732480852
0.5885711009  0.339714563334
0.42511487853  0.446682590683
0.487426827705  0.439048936925
0.505211159629  0.544320930454
0.401639090761  0.478566798428
0.436826467631  0.514417920462
0.532492684393  0.447483442769
0.239339735019  0.411828805139
0.671667988145  0.567213388959
0.436344372884  0.391844249026
0.484920613017  0.532229612282
0.433179448985  0.447935624147
0.436506028466  0.41662126799
0.578287017034  0.447557715875
0.542961351433  0.695777260414
0.460558935129  0.499214262781
0.520273488175  0.524919464512
0.50181357054  0.507444797219
0.519368236479  0.333748300023
0.438468812016  0.531551223307
0.536752713096  0.458660898696
0.471158563341  0.234926779782
0.504462788605  0.389083064791
0.601862515093  0.393169815501
0.588240876799  0.376304882394
0.306283687016  0.571510807059
0.433517935977  0.561383084497
0.248601747208  0.63426393583
0.388508741361  0.432267331741
0.338419908208  0.40419386316
0.567154624393  0.494005229771
0.39045462502  0.616884428519
0.530677165523  0.356875440162
0.426807836681  0.534164273531
0.462289714196  0.583084683525
0.451821080484  0.464598014301
0.568821710068  0.48710510517
0.408916237467  0.517230986608
0.279017046725  0.558273931321
0.594415077529  0.502491507264
0.438464912729  0.598501365151
0.473948637374  0.472243980635
0.346270484695  0.630347652468
0.331785325572  0.418806931388
0.468660893781  0.375842861794
0.535476421582  0.513251581782
0.403995214434  0.5547302625
0.408834346859  0.39681395886
0.535652126113  0.539269238361
0.490936383698  0.538728748247
0.324844703206  0.465004915665
0.489618042872  0.417546491105
0.603245307417  0.538847243508
0.621358723889  0.449611291798
0.414844215445  0.428072651592
0.596182203752  0.446981893279
0.414020181072  0.424900728637
0.447433907892  0.60454884197
0.460603522133  0.473267210582
0.58662397138  0.412675299037
0.508194612471  0.467473421523
0.480274208954  0.411803414003
0.500095297114  0.53316745094
0.458969396539  0.287179089157
0.468596459796  0.521308432292
0.370102639771  0.355109515824
0.389680189318  0.369980028418
0.48922802547  0.716820182488
0.446339189058  0.522430555341
0.589497594471  0.614172562882
0.569133493872  0.335640700701
0.549625806105  0.385442674766
0.448835289094  0.618775003934
0.58126773966  0.469121286138
0.767633887527  0.414879123295
0.608192456184  0.448337286868
0.444638107839  0.471976056091
0.514730558925  0.467806842198
0.399703918884  0.494572882216
0.096875942546  0.719883778742
0.471860735745  0.492819338272
0.651091643812  0.601591740412
0.372451229551  0.729774810578
0.548799051719  0.38273957168
0.64305122041  0.276155043172
0.45599938403  0.512243834845
0.439404898005  0.413736684908
0.780205112276  0.602268523471
0.578024505032  0.522722268245
0.48574538662  0.446678010704
0.655091761513  0.508233169513
0.527835814486  0.377870546646
0.409350050056  0.363073768731
0.504474927868  0.653965836029
0.552373573141  0.331571183473
0.462742145496  0.604755563302
0.461985426745  0.452602603536
0.386464837383  0.268930493354
0.522053764462  0.664569362918
0.558982134925  0.456616232086
0.217649767395  0.278886560499
0.357750225075  0.392947164232
0.448883410851  0.5800846546
0.517126150146  0.376427506694
0.545009081699  0.40838968837
0.573928021337  0.597238663893
0.584072234885  0.671526892058
0.534083226649  0.473258795391
0.461328516478  0.557062213892
0.534759169092  0.558136587115
0.635230626258  0.658556147136
0.562811659908  0.453630641873
0.563095861279  0.532739521658
0.550200012136  0.404539716964
0.363674782545  0.573983278908
0.365172314161  0.661600163929
0.524791900478  0.34549383444
0.442254665199  0.484988906698
0.486415577049  0.352804462531
0.634817098533  0.465095860033
0.567560509898  0.330148212779
0.449438511178  0.398031309477
0.413543833715  0.349769244951
0.525673554767  0.466309727209
0.594354659778  0.440749249082
0.463433511543  0.513813560591
0.528318451766  0.412885915705
0.397526329206  0.67572659225
0.442618692701  0.472959895028
0.401602385786  0.531358585909
0.53953599785  0.684694727885
0.43196415294  0.576679821351
0.322873971257  0.354598093587
0.450823547158  0.335014983034
0.483855764646  0.365501666051
0.60848787241  0.559388716881
0.361921429244  0.36185886363
0.530271458637  0.633306307303
0.398874079522  0.625075687331
0.519752748754  0.497876293485
0.452552011475  0.638114707727
0.442379934016  0.441569773502
0.41456974158  0.430901506238
0.251055514501  0.522161156214
0.537979341277  0.541747301261
0.442927781696  0.53324053761
0.346966015152  0.415587393599
0.393836327861  0.626060630268
0.569422962357  0.385468634449
0.682940555649  0.430664463748
0.656260411083  0.565194162319
0.514289676627  0.436258811247
0.383186789191  0.530653744185
0.525038570715  0.601365482883
0.49013100527  0.605139080435
0.463885711414  0.358941665172
0.590159221263  0.338073087668
0.516267443803  0.364406546962
0.546934919622  0.473755574812
0.375440474658  0.489698741261
0.581977425645  0.632313697137
0.253310338221  0.54191029784
0.342711524307  0.395083931308
0.394801030177  0.658426778741
0.384500310462  0.608996405916
0.286534481834  0.393832412021
0.467887624116  0.381356046913
0.464570362301  0.610570692768
0.462504545617  0.389979368101
0.398988951365  0.580198286078
0.442546482587  0.694373129264
0.545609998415  0.562603064855
0.552469373538  0.431103050852
0.31490200412  0.402860556605
0.401442541372  0.43003795922
0.363356233965  0.499228376606
0.561830049646  0.610962272781
0.538440380252  0.620957991047
0.472640934725  0.37552026485
0.603090467359  0.527341183008
0.586443139416  0.447640728839
0.644721207258  0.647230049488
0.469084652138  0.534899553837
0.566965044634  0.348944204887
0.53608044832  0.504052687455
0.557049047215  0.393581233731
0.393257106336  0.429849001411
0.479021306613  0.515417793072
0.623141456749  0.515497852594
0.457030843031  0.647388300754
0.467861620072  0.382814828764
0.559297916155  0.432652374279
0.380152349462  0.622117830049
0.575812221654  0.492262263487
0.535714666125  0.474766845739
0.630174225235  0.532511698979
0.580456038437  0.398941764424
0.388838402751  0.554100747456
0.412379578578  0.664543204321
0.606715259148  0.512673111551
0.537792231513  0.212223493245
0.609906441672  0.474099239991
0.448491085601  0.565270831929
0.614725603949  0.481094529991
0.413389695841  0.471189435594
0.469399066055  0.473502032384
0.439139786335  0.529968275093
0.573183714126  0.553274762421
0.38556592783  0.258471997321
0.655329999133  0.354023643272
0.325633852459  0.426278689901
0.663193612655  0.478348847819
0.468660614286  0.33279516178
0.487137780814  0.386619093757
0.361360084064  0.488560120994
0.543021204037  0.669355939312
0.58920603366  0.419778146243
0.403478088904  0.390052146961
0.39685588712  0.489284237171
0.472954092007  0.386047772228
0.571001473196  0.360711363205
0.5016479688  0.466181709411
0.508126365683  0.422685504272
0.434597249692  0.455317894825
0.305782975542  0.549339435905
0.510347381212  0.514548786773
0.400530282576  0.381647244008
0.53716162572  0.559239005721
0.46443727451  0.528495394159
0.407148744004  0.428030041464
0.577100363971  0.458669605587
0.72114240442  0.374855218333
0.339485126969  0.542015237595
0.511969003953  0.45101819085
0.409600369088  0.67004433895
0.391299705834  0.351642304424
0.396953758634  0.46538344187
0.443794387905  0.509383854754
0.460589945438  0.46819700913
0.487452142442  0.485568475003
0.392881522079  0.383190094437
0.428048474713  0.585956475279
0.369337069744  0.457927629613
0.441315854865  0.454362388869
0.40985007948  0.68357366898
0.443143547022  0.330468458181
0.438901719152  0.638268965449
0.502459752867  0.389444007815
0.343705715912  0.636475213641
0.553708237199  0.505719089863
0.424156215541  0.398942218163
0.425779215897  0.571549133139
0.47232186676  0.719627117226
0.503341059437  0.402701432614
0.47917487994  0.494789168232
0.417451422467  0.324954696908
0.488054960967  0.453869628618
0.194724988263  0.434014972926
0.497263458246  0.52248744732
0.436093669981  0.421282263338
0.516176329281  0.483569066601
0.633521466162  0.48095162673
0.479228991684  0.577549332826
0.281741162831  0.449843903836
0.487489262426  0.429228201805
0.540859274408  0.528771499545
0.41136098488  0.552931845552
0.513539667774  0.596729595428
0.387517223949  0.523077669422
0.512945196654  0.539451298043
0.402560249137  0.572021143863
0.312697339479  0.193899799262
0.48162184253  0.469948698079
0.404535176166  0.541613778177
0.385943475796  0.591849073625
0.567833622395  0.639832119459
0.54547274537  0.431522449756
0.620919938483  0.460880621072
0.248889441697  0.436907264213
0.506549499846  0.492988738737
0.405794570424  0.3142180711
0.368445217409  0.365955972722
0.623482178354  0.419716197609
0.286114568338  0.478401465592
0.533039578548  0.343576903322
0.438081694532  0.281009351973
0.526084492799  0.567795508173
0.40704007748  0.604073714132
0.496573011709  0.533916304463
0.589712428857  0.649777686086
0.562805332788  0.480473438333
0.414406160931  0.520679285956
0.351709795699  0.494442277121
0.460455630975  0.604098996531
0.574165616226  0.644741757478
0.536298535329  0.426340613196
0.474505778215  0.492030656314
0.461802957267  0.402677098025
0.186675696333  0.503794477539
0.564794898168  0.431190733738
0.475517748386  0.392333727009
0.472574423088  0.406554497081
0.61887876298  0.530170054873
0.367740922749  0.648816862698
0.647048061907  0.485235480863
0.405434170915  0.515197712784
0.346944066547  0.461722564884
0.467487848027  0.333917151248
0.627875498567  0.590879437567
0.651479426621  0.540257278983
0.504788488821  0.548618273305
0.642532003986  0.251336345298
0.504397361728  0.449370378661
0.478758686953  0.485345523808
0.631031456243  0.524931563351
0.551315274561  0.560050804276
0.301267756484  0.403594761541
0.469515516578  0.329666661805
0.417762677548  0.516558187691
0.423216819706  0.448823243023
0.601404325067  0.55994075825
0.506708392268  0.503712229265
0.563042207644  0.503723783947
0.568718493387  0.332184884787
0.407223148559  0.502660625922
0.392422148004  0.367394984755
0.669646123801  0.38204845308
0.371141959023  0.492480577087
0.518032205284  0.37387363849
0.473790208539  0.680541907588
0.607410258656  0.495757262979
0.406476496214  0.514791872916
0.450559566642  0.631084489633
0.532423553254  0.243722865979
0.493831092312  0.425390908444
0.51538395529  0.593413065372
0.611711152796  0.400040050012
0.468644175043  0.525600356879
0.526072834189  0.54507774379
0.508261717785  0.449034654095
0.501807216933  0.431952587632
0.537437218729  0.470969987594
0.580272294482  0.490208137816
0.440051609541  0.486907184908
0.260356635088  0.363240438899
0.485789976575  0.483759914454
0.538683378185  0.106999722494
0.438051147442  0.495751563292
0.637655454138  0.478913502079
0.539384843498  0.549306296939
0.353577784737  0.453706156601
0.507087783757  0.454577715938
0.644740546781  0.343567499595
0.426673683571  0.450686491277
0.623620880915  0.513160391662
0.438392711527  0.48763757533
0.505258209977  0.401700762942
0.430775965258  0.530400145306
0.540977394895  0.423957903453
0.394982891648  0.357919862149
0.55883186568  0.554965259179
0.478219080483  0.429267028736
0.420325872192  0.414312966486
0.439537150232  0.666479402434
0.620593760491  0.663069776571
0.390797541505  0.44518254226
0.268768278711  0.529436649093
0.437950758712  0.43555368761
0.601322825746  0.326169068797
0.411277509789  0.463549730146
0.259549257284  0.519767263361
0.471203157089  0.615821106299
0.538581012413  0.43383398275
0.512518674698  0.404406037095
0.40179380363  0.480409505801
0.675320916696  0.385427030492
0.412339746848  0.358766528007
0.288727267683  0.373829232475
0.733531361663  0.559019682821
0.354266644153  0.393948333805
0.433632823297  0.588076011395
0.430785571713  0.359236196193
0.408794636128  0.447979307741
0.50721120285  0.449232083534
0.615724448406  0.570260448352
0.483451029233  0.46457251766
0.681887674117  0.515890667915
0.362681556948  0.410286944951
0.548958593086  0.545324529705
0.390644062761  0.429102981602
0.605640188763  0.626312129811
0.429519837207  0.387910625307
0.406253896316  0.453012487999
0.314277691256  0.66684877173
0.436329649943  0.562311309009
0.350132172055  0.417704578005
0.495467371185  0.45574678754
0.241710443384  0.487218706332
0.38289036807  0.359102742648
0.461530751872  0.340304190834
0.44117112408  0.47843869259
0.390420757602  0.578023199868
0.448430740127  0.526037224471
0.421070557982  0.536479961276
0.565641661556  0.336637746937
0.447057981126  0.433165866741
0.551915100721  0.529233028435
0.486063097079  0.522685743946
0.684147837197  0.430641311798
0.486329368256  0.412418283862
0.427654369876  0.530542276101
0.303513679018  0.363444320262
0.687577525369  0.296568385117
0.62670720335  0.514789119219
0.46716705401  0.500626862901
0.591405011478  0.515538861195
0.317647275546  0.444485154553
0.588962861553  0.397724856779
0.495018466069  0.277160161622
0.596568116732  0.484469163089
0.484168126283  0.678344196543
0.562005017452  0.470289594161
0.410653179946  0.454622866582
0.510444676469  0.645173345579
0.66186895348  0.582200341066
0.440307741669  0.550675010041
0.40810280393  0.50094840033
0.412482425645  0.543805260967
0.589642101584  0.465621647414
0.360490099606  0.499364304359
0.458576393826  0.668564982141
0.448491371038  0.545399398549
0.733820490003  0.619865575929
0.56137600173  0.498643683909
0.471109438318  0.468097467894
0.508187184874  0.396620668384
0.470913023673  0.513119277102
0.630339541516  0.505132093721
0.447989035404  0.327245577857
0.592095061857  0.301486498193
0.550177426324  0.498630489679
0.463464709072  0.358324035452
0.428101177519  0.6374172054
0.313945547632  0.686571381972
0.368460313152  0.508812637546
0.527231095484  0.357531274326
0.359656641935  0.575027795023
0.558325184335  0.515706889289
0.470760699286  0.645078753706
0.436997885884  0.503798444771
0.37046752518  0.40514262633
0.590113850929  0.503269455319
0.395848858282  0.36587955765
0.442503190323  0.575101196279
0.458463295194  0.447903836078
0.511117475357  0.599864782788
0.323064789875  0.618627681633
0.398245435598  0.445119551475
0.401038042846  0.515569042089
0.457172332087  0.677587349346
0.536559245273  0.43009382068
0.516615417096  0.422038356481
0.664910325367  0.470957480719
0.512313377042  0.488539828138
0.462831514128  0.499172717766
0.347387857351  0.660830708691
0.675348327721  0.558766840232
0.425996458973  0.371590490611
0.559296720396  0.491114500992
0.438921892754  0.479052052924
0.606519016959  0.526380654399
0.3410722035  0.471405893381
0.477008679803  0.423770293951
0.568375066484  0.679550569643
0.411391157898  0.564714280745
0.629311802194  0.374890062137
0.655621378916  0.508811518442
0.496833553925  0.399864746993
0.454343552362  0.497224547221
0.725668713307  0.49501423345
0.361025270011  0.389091583465
0.610049174699  0.617638928628
0.404088541685  0.550846400585
0.575674822648  0.272614233115
0.439714757469  0.603128070314
0.519829847582  0.409563663666
0.481882140196  0.529372344053
0.553197804474  0.458433640567
0.427439412197  0.447938033711
0.526955857942  0.357005694064
0.530208287339  0.482675585023
0.428915693846  0.605771291741
0.418615146142  0.442851244964
0.42793009388  0.482827480674
0.518846754711  0.457321573392
0.676756807264  0.526407354243
0.53722726237  0.427139086827
0.461483612005  0.474032578052
0.550728765023  0.54560586563
0.404940638352  0.52386709151
0.445258894285  0.452210768674
0.56170506565  0.485633059983
0.250196496873  0.47147800622
0.430223540935  0.40192527095
0.487450765894  0.467313179198
0.559538097454  0.558755167122
0.619244768726  0.537534198493
0.533370320426  0.57342797964
0.450129788632  0.340284963013
0.471650233822  0.559872238125
0.359770401958  0.387647185826
0.550222050967  0.529437907663
0.475788430287  0.510652127763
0.600945872782  0.499335460813
0.507270080156  0.433057821743
0.414208089737  0.393045016166
0.485856074014  0.346105655758
0.441194862226  0.727186561154
0.479361600515  0.571596707197
0.429765940854  0.434494502229
0.595972935711  0.497761074481
0.55417334327  0.564170315868
0.40692772869  0.489832445707
0.42181249388  0.342396693013
0.560808330888  0.462281932571
0.519345549614  0.474106915491
0.412632335603  0.443950021824
0.603234228651  0.414241208778
0.372133132731  0.357172781287
0.485986023282  0.616076313652
0.462708685786  0.448537410821
0.626576101193  0.489130231988
0.282036564724  0.495693445486
0.587449283067  0.642660567164
0.488306475924  0.591001220606
0.305864895223  0.513825172339
0.527939743252  0.625833879058
0.382593635033  0.426090145911
0.444194662799  0.41631100292
0.501083206841  0.563722493636
0.423749631523  0.456410403527
0.470278050435  0.697150600879
0.584385348676  0.496404649803
0.509573041481  0.312991553621
0.473841373083  0.567510598881
0.569723743016  0.629135631591
0.522649802166  0.443540210019
0.460490288652  0.438371279706
0.50734283091  0.630229394505
0.522478176431  0.488274632013
0.446003173087  0.375483180918
0.635509114168  0.509005500439
0.264182787951  0.477002141592
0.312849009775  0.38136413673
0.441490005018  0.35110518335
0.505073961511  0.546845049009
0.502768772495  0.428983796398
0.432115481979  0.516789823949
0.421717959198  0.547300974814
0.536470918028  0.482216259183
0.335361641239  0.369514743486
0.436826370825  0.455449152062
0.543682226053  0.169596492238
0.534863774871  0.563430013665
0.480797731498  0.36082986951
0.464823357665  0.525589323135
0.449651221975  0.3981813188
0.371494856948  0.440957945462
0.71414370029  0.55047031463
0.555253421058  0.450130762434
0.403952549826  0.535416476357
0.42847774065  0.576672323768
0.414993425585  0.389008647262
0.433014744953  0.271066382267
0.246490298516  0.360770723001
0.629869932723  0.548175499117
0.456007840538  0.399120218404
0.384011515963  0.501314030928
0.657896063331  0.414401458766
0.599538330523  0.421553270358
0.548422994204  0.608355422077
0.466905845752  0.386644260061
0.650125257364  0.525265256005
0.412836558456  0.494379839937
0.579892754999  0.647154907702
0.539005895708  0.426409253719
0.577684582417  0.436208736315
0.462523737804  0.361850656595
0.491810301989  0.497613335341
0.544724819606  0.577138606672
0.446787337152  0.335434375207
0.499281887163  0.438179932755
0.607953942055  0.441470934954
0.607736405264  0.345330701084
0.50942023325  0.576040712976
0.538737322291  0.578774652234
0.567973378782  0.497737976506
0.361318913383  0.365992561695
0.566857985061  0.458244760232
0.183015712497  0.466713792282
0.380280274338  0.207752674687
0.342145770402  0.633421749077
0.454839483014  0.499851542181
0.377227473622  0.413629318169
0.630450996292  0.438129533396
0.396010922193  0.609567053555
0.462771817764  0.371368236447
0.519672652543  0.343681185157
0.521240560405  0.481379267638
0.464865497401  0.436764428648
0.408042060747  0.549497421335
0.351498319696  0.573070468767
0.55263626196  0.356335254806
0.462668661215  0.555045128513
0.356172107207  0.454227482466
0.681355057946  0.377779978806
0.605401375729  0.469903561147
0.653527771967  0.65700895544
0.415461328205  0.612763887
0.536127493246  0.324800001891
0.362024100382  0.388554658958
0.559703950982  0.360854377377
0.535625262202  0.385422748472
0.510090417714  0.350743257757
0.489623533229  0.464122428967
0.343947185993  0.410725833931
0.494091515756  0.453477767303
0.419095811774  0.58401952545
0.719221462694  0.517500556868
0.388949895433  0.66473675086
0.361246152421  0.588998282955
0.430849809639  0.661118884751
0.593832121119  0.443835316034
0.637404581311  0.371092527456
0.650971769639  0.352315783795
0.394908690969  0.315226020883
0.568412633499  0.540479618459
0.491102505771  0.620293008268
0.416034853741  0.499861726348
0.581805379744  0.525307335914
0.440035230404  0.451759181932
0.552342702956  0.541534114266
0.607673175328  0.411192860407
0.653173348118  0.567233435489
0.577681905013  0.357919417269
0.595390870778  0.505226257206
0.379025886452  0.384172270212
0.526702545232  0.697243597145
0.340331961829  0.277321976045
0.560513454641  0.543333240567
0.349955295422  0.518486682302
0.48950793432  0.543335840377
0.264116945729  0.35324036664
0.562644007382  0.307730534239
0.469477108104  0.690669892843
0.429866197245  0.424902030992
0.595335120686  0.442210653087
0.434729946987  0.612240496144
0.625527581993  0.61171106441
0.395711453283  0.449025159649
0.616344927726  0.147733659669
0.405861911137  0.484683439552
0.274090034942  0.61334011385
0.39897728348  0.614190402497
0.406118378966  0.333209361611
0.527604124331  0.460621304814
0.422089992136  0.596402845328
0.588974033805  0.569415277495
0.57050159153  0.532963326829
0.532771495576  0.586662351724
0.559336724802  0.557132108357
0.478646907816  0.313071479806
0.627460943911  0.560805175245
0.486403111445  0.511171480934
0.497873423743  0.519075599762
0.455214735135  0.321560195959
0.447568110831  0.5000390852
0.545461693634  0.526383317387
0.572397567288  0.635392472954
0.516431080465  0.42403170651
0.318336106318  0.373365231744
0.413504487144  0.59626859799
0.350864239993  0.240334630771
0.47185826229  0.361065689927
0.405486514814  0.404805180665
0.397992862786  0.560317709602
0.455729949251  0.516057198351
0.479256245637  0.384953744378
0.578211403728  0.310734536309
0.429539167708  0.497415289666
0.495038135903  0.428877289178
0.380736579024  0.703883638622
0.339181258352  0.56219435028
0.535949621679  0.416714859559
0.410889995479  0.539199496527
0.56101088955  0.471397526936
0.412608557053  0.53301945958
0.456831672385  0.453952738937
0.418098673009  0.483922644974
0.471775312608  0.464337666072
0.496521300697  0.487036622009
0.486357717119  0.317352016185
0.714325065397  0.557896045578
0.427882902575  0.613717537525
0.515175534224  0.52511783898
0.442745345436  0.550388774003
0.432887131145  0.489797353962
0.448441801311  0.416931658314
0.589444185406  0.379828486487
0.450543772196  0.529709259327
0.469265848502  0.402979647988
0.439953127462  0.357078548913
0.500532436236  0.250144491465
0.507079770734  0.568209412145
0.61570656743  0.474661694988
0.538870689142  0.334771332177
0.492648713155  0.706716944221
0.409625547281  0.639441977334
0.486868943163  0.462383488628
0.486837592136  0.373161373958
0.479976944569  0.640958505183
0.440261387067  0.53111523109
0.429939292321  0.430868441031
0.467945447903  0.398592176495
0.449635130889  0.28130896584
0.525947498445  0.661297000953
0.269727334797  0.268294215235
0.512409390242  0.663992069558
0.532501541511  0.52537552004
0.520136201021  0.6235283682
0.471338243036  0.492946650609
0.462126389687  0.57412413872
0.347895542713  0.377232859498
0.461358729395  0.431582735702
0.443946780651  0.588321611021
0.392300369866  0.405868821824
0.400732876892  0.528785963327
0.308782722269  0.573237266317
0.35956740729  0.414844135842
0.403665705345  0.613519778931
0.455640572226  0.608410496574
0.322861429313  0.528068451555
0.462734097385  0.492624505674
0.448996944741  0.507734224343
0.547646787315  0.467262936782
0.641155784968  0.428906216098
0.365082511234  0.552512838039
0.473342323232  0.516794663928
0.41118498848  0.586822233767
0.467099940681  0.466882428143
0.4297535529  0.494295083253
0.364223070789  0.488927555213
0.603773207129  0.542203852822
0.467233710984  0.421787269509
0.532079378107  0.371628845069
0.443494542753  0.521997117827
0.444654288993  0.526754412811
0.502854362261  0.447933601512
0.494015077748  0.395041020354
0.644638664853  0.543337808393
0.431962206516  0.4447488659
0.464556796958  0.509400493146
0.531095326652  0.524193555691
0.545803302601  0.458409587795
0.414458601222  0.468862680546
0.70521919821  0.521717950435
0.571155908914  0.487268788155
0.655895923451  0.506931223787
0.393856628035  0.488567839017
0.46744423118  0.399860291828
0.397873860199  0.416729126157
0.561943864309  0.54734490126
0.377652878778  0.550710543201
0.539134123895  0.503083461525
0.423137204401  0.396409037962
0.376440253855  0.429172281419
0.637879234456  0.52962135002
0.366123161402  0.490036893315
0.531600452446  0.425306694864
0.528576940392  0.58720218117
0.514173588552  0.438216158108
0.397433580425  0.62962882108
0.46245614053  0.451040727024
0.621929222842  0.486546145278
0.427455732633  0.394187107101
0.566838603492  0.587275895731
0.367084953706  0.63447231388
0.610076580907  0.426850565206
0.555576931685  0.429118575387
0.518284265748  0.518380120336
0.536882498032  0.403252897131
0.541685983563  0.602910858028
0.544010930672  0.429933625795
0.357583678128  0.306396718306
0.377211437217  0.752276983484
0.457963877721  0.486974308086
0.420122878953  0.615832583237
0.437186815198  0.48957344597
0.534856433556  0.482938655287
0.525069871005  0.467705356646
0.607498705988  0.559645991972
0.398662345409  0.438524491903
0.415498078638  0.404994296689
0.455046317521  0.47928068771
0.473247722419  0.531260425352
0.571167185299  0.66177402231
0.650803128152  0.458272592992
0.415260586037  0.392583423364
0.574956252065  0.407432517392
0.514185270165  0.492270215009
0.371073648313  0.401169925024
0.52719592857  0.582907374104
0.558003608324  0.687792570401
0.424921114765  0.423921925169
0.480633688701  0.470798675388
0.475235001186  0.381682505022
0.362051681333  0.221643875648
0.412384696854  0.521217892107
0.406123256467  0.557272212813
0.584614451988  0.529835763285
0.335183166513  0.436742883377
0.64335488181  0.433914142044
0.467246098597  0.386614011346
0.598177436215  0.381045681619
0.408995729202  0.48598668721
0.481574623217  0.55514598805
0.549862564646  0.310852661737
0.484387498569  0.58850114842
0.480916617442  0.455179215758
0.36465862831  0.399193366722
0.578930325268  0.556268194847
0.56224516644  0.429577124341
0.355282045959  0.388034256916
0.254730018891  0.529691105704
0.428363457863  0.381770309438
0.337250504319  0.432466653882
0.411765259795  0.478227479968
0.484415589975  0.638883401685
0.602965273877  0.449388642819
0.405979959271  0.665412499984
0.376532935582  0.424072994604
0.527154848832  0.362844618844
0.28254871618  0.589275654672
0.510229963563  0.443027470092
0.285856553627  0.559714772754
0.504578935348  0.532450312316
0.401403939703  0.612269837279
0.415906211738  0.614193030823
0.532098396088  0.669064080597
0.533402094411  0.5250252512
0.4745942319  0.425093997502
0.506067858022  0.525536580213
0.5959951995  0.679357080972
0.408952545309  0.725264046675
0.511138896993  0.492642576783
0.567947680169  0.422138906444
0.40879595813  0.513374953543
0.423411075257  0.468131651603
0.581755612557  0.449896238279
0.53630853179  0.418413801978
0.386390734644  0.601780977546
0.534585723588  0.498135984601
0.475381348757  0.418165201059
0.372850348085  0.430643680706
0.395579534752  0.584129175096
0.407470968162  0.459244504062
0.582432328166  0.637045614891
0.680052639641  0.492460853426
0.442287771287  0.519248015866
0.616965088196  0.398086245545
0.349907747137  0.179200215445
0.439967858059  0.517894615914
0.670821892731  0.457076107279
0.611539221489  0.507707886451
0.417521917183  0.535145759135
0.485100105466  0.429268202616
0.289586157196  0.276392116057
0.580084503724  0.326980232175
0.550898836667  0.307747321227
0.58151165133  0.478186525162
0.669477885659  0.336635415859
0.621380502046  0.467601951878
0.538063847408  0.493338419667
0.401710695099  0.497702567026
0.657478129903  0.549912775243
0.494203739862  0.469757921761
0.48955903839  0.359895645756
0.540767586512  0.471994089988
0.449183126806  0.442554221639
0.65710246414  0.473868452993
0.438385262814  0.426551855895
0.202756592154  0.349817399773
0.489054093934  0.616034700146
0.529769975045  0.533028787334
0.487102728454  0.466652624169
0.583374049651  0.712980644346
0.439422209718  0.486315159999
0.450391292455  0.507658417379
0.46263775879  0.307252921033
0.452478714528  0.364172810888
0.541810215934  0.389042314178
0.459065350886  0.457739447481
0.497161509832  0.48324286497
0.487255871628  0.514325060401
0.572542795764  0.422619520903
0.319529113666  0.383669007699
0.444800205064  0.538345574044
0.397718586027  0.481157715188
0.607337033168  0.532397559596
0.348205597206  0.521110631987
0.62583912318  0.614067758003
0.523406664638  0.303047713715
0.598527336519  0.491888929091
0.497272679546  0.437127262952
0.558786098924  0.471922092117
0.634613230179  0.431685652611
0.367731055792  0.420274842296
0.562026547227  0.389788180261
0.451549520438  0.56109354928
0.507870240839  0.417912128588
0.525737251517  0.494864994865
0.415340012998  0.333926419544
0.486979863846  0.571400092082
0.457595415798  0.40361440051
0.578742155294  0.591871674268
0.582515899087  0.363375557928
0.560698061385  0.575594411692
0.510695522269  0.546477762762
0.581757172715  0.367465936547
0.547644345901  0.509779353756
0.539887559342  0.445993374561
0.543168720531  0.296766218688
0.455036749949  0.323973621839
0.470950086003  0.417208271853
0.426399859684  0.56346019492
0.49047635075  0.436624925223
0.547140286724  0.616952643454
0.485536332667  0.454031139799
0.442903716896  0.432401007428
0.569874364214  0.512307955079
0.466790136702  0.544337771107
0.630449399466  0.416677289984
0.441292158114  0.68808477933
0.540218494014  0.678419957525
0.416205929044  0.486611610035
0.425819567139  0.56954633528
0.610969155372  0.394147238389
0.486564147694  0.406086658202
0.684471090345  0.449771980393
0.420040931922  0.502211263809
0.516950455275  0.494775076259
0.378193704777  0.590040120204
0.503768037999  0.473837647435
0.456397662091  0.535770760103
0.433653199296  0.59652691007
0.518905702135  0.433220086739
0.536096240856  0.519332210245
0.491460929676  0.613575160756
0.429657190806  0.473248560018
0.390368404727  0.481074279795
0.607216733199  0.271750927846
0.470952887382  0.497528074578
0.355294854967  0.593501133012
0.652086822952  0.61025920922
0.501614219208  0.73845497563
0.514629982485  0.638112998321
0.494930655812  0.266696691283
0.593484848773  0.605717095274
0.464044801197  0.417614594392
0.666760978325  0.546400807347
0.586699528558  0.660146225482
0.545339662984  0.408350496747
0.490805748987  0.439129262618
0.526514656567  0.528385817311
0.406334724331  0.482478977893
0.4469129747  0.535905445628
0.683673192901  0.511338647071
0.440509056339  0.467212252757
0.64075507121  0.420057516338
0.47181302149  0.444192366144
0.474853524341  0.508449984586
0.480715744872  0.525105649597
0.55770919391  0.450112865588
0.158686326824  0.389801531542
0.39030077007  0.350996422184
