0.57690323775  0.550247434978
0.414430578766  0.426445418297
0.400444389351  0.508572034575
0.463179020644  0.527802310146
0.406740680841  0.516247578023
0.60257294559  0.409487062804
0.535585723167  0.514520970144
0.461692681905  0.424435143926
0.317349817776  0.532679073072
0.582328528237  0.698900671986
0.518314048777  0.446110586793
0.530623327889  0.571807502622
0.307200802218  0.48421599802
0.461683720562  0.468111571613
0.533896781051  0.262722339534
0.503637042095  0.491378505345
0.386589861147  0.468779669162
0.559016141956  0.399391068008
0.67052414195  0.50765573624
0.636909737118  0.503351598516
0.61363494407  0.676908594248
0.572510243085  0.554859219511
0.457517046542  0.588880302571
0.471452868632  0.583614360897
0.506187702303  0.792148727166
0.515156873438  0.505964329321
0.541406171127  0.392192849436
0.585452801186  0.474519579122
0.423684607252  0.464560516146
0.48355221551  0.653171306848
0.554301376142  0.332601152771
0.390566714121  0.321496452262
0.522588102743  0.3930194939
0.465730723241  0.373502922863
0.594025497915  0.549924437501
0.454287937734  0.644424182229
0.511764230576  0.450448474885
0.462824039451  0.606599220567
0.563311090559  0.569367994068
0.733351807273  0.460254965711
0.427492254778  0.417707778784
0.61660354781  0.571621147039
0.612147121274  0.496741980578
0.633411000324  0.610897553434
0.555153058157  0.527267343434
0.467002563585  0.459188560905
0.355214013458  0.398137127652
0.58885208869  0.631704897994
0.343906469763  0.422772260805
0.356768500617  0.50593269455
0.535860523795  0.70240829477
0.276069943861  0.556699964913
0.280328622482  0.478423861643
0.482968128259  0.506826652846
0.465954195887  0.687670312398
0.538060473515  0.626084292727
0.416724784345  0.464172488987
0.646536585162  0.61859767775
0.418408905508  0.585009145686
0.545834707736  0.595802448963
0.473469036066  0.516804109595
0.627462743233  0.621448198205
0.605709961627  0.409230719655
0.419097894594  0.44093798576
0.335104143481  0.495931522799
0.540107519505  0.288451075521
0.525345521206  0.558821988339
0.410702198856  0.440919143675
0.609875564501  0.475660428965
0.533314497959  0.533148913006
0.401368445942  0.520792453413
0.596576011285  0.613793963895
0.548638933233  0.4589131331
0.50338001595  0.591809711262
0.43444332761  0.429140071805
0.420044717602  0.498836161004
0.587583998986  0.460459968081
0.394609130616  0.440835422729
0.501927985101  0.52083350198
0.29476162765  0.531866432487
0.571082593746  0.653427281872
0.593424108788  0.673610460339
0.69147478651  0.554702216485
0.579043510049  0.630793510028
0.527352886386  0.52344706757
0.637991395506  0.470297571916
0.489140626287  0.27006691609
0.601915070958  0.497699471179
0.548079498866  0.471107217952
0.425269264356  0.4796950174
0.410570730396  0.500724650112
0.491560196  0.511310907194
0.576781255202  0.424938750923
0.586553273914  0.375842066219
0.523035022688  0.356616975479
0.488759278808  0.539292428732
0.442473079672  0.63300589709
0.44658099994  0.517523161757
0.46927917967  0.471420758233
0.524364669117  0.372414444808
0.665496180817  0.431277850056
0.527954337934  0.617421930394
0.609976260037  0.458373301604
0.536388057232  0.376550538706
0.628262048426  0.490191071563
0.325704622666  0.423487248597
0.660659786241  0.501957651245
0.517343872263  0.696590119548
0.468097424543  0.564581396093
0.428207047858  0.44500357366
0.421666795938  0.56236653285
0.457118381287  0.357202664164
0.569964022736  0.41485289174
0.559949522297  0.572403547904
0.436944541374  0.397139763833
0.606479078472  0.562498567168
0.465961932294  0.568755927718
0.492521102121  0.442934476441
0.595627965953  0.329917237166
0.590238703135  0.60902470516
0.783077608566  0.395408895522
0.393407861149  0.637278536447
0.310779447509  0.509784143333
0.141191672609  0.485978270237
0.49555753754  0.350354036805
0.530899819927  0.510761711302
0.45982701394  0.298729483678
0.456159720561  0.568567763062
0.402982956118  0.598900989276
0.542651331136  0.427616420014
0.383929803715  0.442164158485
0.437242819686  0.517103117797
0.598237043468  0.417543604365
0.624901107961  0.469358841969
0.351402368885  0.658829458566
0.411563047185  0.51166648486
0.491772601602  0.490025606472
0.432571515921  0.475376700639
0.374031217764  0.570322419591
0.61876791001  0.647019625213
0.575761798311  0.627501938635
0.5467150572  0.435657586035
0.262775812838  0.468908947013
0.634297880742  0.412078680336
0.552042502862  0.373524056417
0.556888383149  0.610847607723
0.477043463409  0.640533912431
0.620267718666  0.42225011521
0.435787521726  0.597356296004
0.392005850834  0.33726669257
0.579747498567  0.629664547883
0.439200382576  0.628390420234
0.516241269299  0.380633057493
0.478283935849  0.443544304
0.32469394876  0.37380258594
0.394455009476  0.563535027503
0.396404911186  0.384917504118
0.370240144156  0.601603515943
0.54011518419  0.476567505788
0.672788774058  0.474147253876
0.380437687447  0.468221004295
0.38609370198  0.474110488599
0.654866686685  0.485879209279
0.473360165242  0.40555760128
0.407189252044  0.496050337686
0.449091035775  0.361129992675
0.643676439073  0.540960159939
0.37504900671  0.508420081855
0.516826999302  0.576647591633
0.439811152733  0.362287939193
0.559748442337  0.56361913732
0.533478798491  0.303382511796
0.544005021112  0.540091279166
0.549505567536  0.464271152914
0.495500074907  0.392367369596
0.520664651646  0.668747034918
0.449734817491  0.83402329179
0.55666709251  0.541029070322
0.505791590403  0.529958260419
0.495181286342  0.476515268307
0.611247246542  0.367070187969
0.444467637768  0.587308513602
0.424608635832  0.440486608945
0.444330175902  0.405258380362
0.511408084945  0.53848846497
0.539100450214  0.401088182078
0.608649439863  0.600750641833
0.447872985106  0.47161585304
0.350900708851  0.508258317499
0.492219448594  0.523587806202
0.575911993748  0.317931469731
0.580912920449  0.541478124893
0.653435210593  0.809653713645
0.563356467612  0.583624782613
0.507831446681  0.393924431255
0.44430411447  0.374693696246
0.509332594984  0.602556419615
0.430600056337  0.363966293876
0.534950987521  0.294225630178
0.613593715209  0.387230872614
0.488872298651  0.586741915157
0.441781175481  0.493569144913
0.395781101532  0.55814154997
0.796418756506  0.596119239122
0.438100190363  0.371909236719
0.355490115183  0.419636774438
0.619308801699  0.467051265105
0.423523740164  0.589734429111
0.363009615776  0.580728161958
0.47388566249  0.577905334955
0.469942854308  0.472722577683
0.414803880297  0.416314031456
0.464655155351  0.491948051828
0.516660246999  0.5054076971
0.564920132153  0.429533793449
0.24864582329  0.574242551635
0.521756707696  0.505698996293
0.645220777929  0.450543722388
0.433358435537  0.441727726233
0.625980706842  0.633583957785
0.554540980374  0.648519581502
0.377972946499  0.50262738148
0.507115264757  0.550263577158
0.474479136486  0.394528502127
0.651245893289  0.509924865871
0.4982773495  0.841889094594
0.418128617554  0.414855296387
0.449532803942  0.537743634489
0.332809398527  0.485817544378
0.505589531065  0.54547038397
0.356762575365  0.664883060559
0.686473955777  0.561846821144
0.598576462584  0.425694500767
0.374506911951  0.493882256643
0.704722368467  0.568606475177
0.531376010503  0.588311459652
0.476955382728  0.460660518162
0.743228142679  0.436364260713
0.555137037366  0.542454994294
0.470917093995  0.527319548097
0.505517930427  0.405553249689
0.490736412664  0.482606568206
0.529179303096  0.44660698522
0.434222692538  0.548950082876
0.629937929104  0.467406681765
0.512574282098  0.55811324222
0.604611653881  0.539494182863
0.508293369397  0.440902756487
0.616766934175  0.434167174891
0.679272933493  0.498583027132
0.52973729992  0.56686490752
0.492239739915  0.55647951377
0.391348567005  0.520773580971
0.657087717168  0.635664703493
0.582164653158  0.750658885646
0.421410920059  0.637305085758
0.553005787252  0.425741940564
0.431116894728  0.49535934168
0.435387270079  0.546917433975
0.52065918249  0.542559986075
0.670526857656  0.39591631947
0.390948339323  0.432981382154
0.494248129402  0.466177266403
0.384205816118  0.48211505203
0.450112020942  0.675491435766
0.253561506465  0.605405515696
0.436417570144  0.504162543732
0.523654870739  0.577694735919
0.559379304088  0.35853229501
0.353260951538  0.505794267493
0.534583272996  0.521299707706
0.542696353799  0.328285754846
0.423155103787  0.527414529135
0.63233134925  0.390414628933
0.508780553102  0.520925550416
0.448484184952  0.531969300614
0.519717425821  0.639862816784
0.298356994929  0.433043021348
0.525103887396  0.452030362058
0.486312588736  0.641255281898
0.461998117236  0.518337873764
0.354066749076  0.463017951538
0.549547503227  0.418808904512
0.657725946916  0.440843825679
0.442117220924  0.371423366715
0.415561578526  0.285318473181
0.552488643796  0.474675653767
0.604274327961  0.661889445377
0.412140023051  0.601886809082
0.476850038918  0.521131079073
0.543431436417  0.488647169364
0.596750983436  0.576915834498
0.611622313664  0.587724041105
0.422359911802  0.670346364858
0.444389590655  0.292144627204
0.594430072147  0.454952720583
0.448042343986  0.405119409815
0.539062221978  0.604051668033
0.616349204463  0.295546013181
0.585995586617  0.434090029794
0.331976213824  0.595267030273
0.269446804906  0.38526436366
0.662499869087  0.539864062188
0.312105319533  0.515157511082
0.481639249414  0.400466744143
0.434538750959  0.385965492203
0.624525604524  0.410227113054
0.475143797456  0.485280954354
0.245586530934  0.556140532105
0.607060642564  0.519403345859
0.360628905381  0.383548388992
0.468006079413  0.632941785162
0.412627636407  0.387368817868
0.530155450125  0.415603510379
0.526096021633  0.464981081446
0.690926440116  0.551412727892
0.513133345823  0.362942873412
0.582191241287  0.474236828128
0.508582705862  0.453732677011
0.555012176483  0.492368978469
0.410306473981  0.628951473373
0.557133130159  0.395110302682
0.46163608209  0.40985023574
0.821184904353  0.458399930795
0.705181033862  0.621869270331
0.550178859116  0.475814226005
0.587534104457  0.377852570886
0.550700455316  0.638757792193
0.515157239559  0.517333456693
0.519790586587  0.634958604082
0.589337890207  0.467410125445
0.476515638625  0.543422201678
0.36022806273  0.558959588133
0.388714390924  0.433707160987
0.475075541002  0.367764894089
0.497569903145  0.502507114898
0.627531894784  0.7234475776
0.489690686931  0.413259958617
0.477884240961  0.463532436879
0.326719335799  0.317748913668
0.469672010002  0.385452527531
0.468081583785  0.479183762492
0.458830146626  0.390997866062
0.582566725017  0.534463078281
0.36116706675  0.600621364905
0.452430486177  0.690393258166
0.319099359267  0.381319622944
0.57621448388  0.364763517253
0.582903879799  0.588690167117
0.652671238833  0.454000911483
0.47874790281  0.437954097179
0.529733533559  0.446358918071
0.400358288291  0.495268101971
0.732976669104  0.551771195946
0.545953016346  0.421686014244
0.42388099377  0.610817413496
0.433520354558  0.636855451738
0.560883722338  0.555861755847
0.621292834452  0.560339472069
0.326426849466  0.512368460941
0.546285257979  0.556985263454
0.625120302082  0.525086695398
0.497941593578  0.454113875224
0.602720060274  0.422873469542
0.416565567733  0.432386088858
0.502976245447  0.607653143031
0.468740327589  0.441976626018
0.565682708449  0.551532265571
0.52516070413  0.50114522597
0.457853216366  0.517437600486
0.6118121676  0.523452427908
0.507421009778  0.380984336448
0.521048978601  0.526544477408
0.456240968755  0.548433233521
0.37305453693  0.575422611409
0.7020367441  0.415511990421
0.542449533059  0.452467575542
0.644675648507  0.361933487007
0.484800706544  0.377862940533
0.470872713775  0.588419081382
0.408052570245  0.450093420004
0.59215067906  0.539410046611
0.617445698751  0.440307498111
0.566420985169  0.430700333058
0.623647947548  0.578174313511
0.463493993068  0.617123862455
0.431335628776  0.379731455391
0.453220346359  0.514749935588
0.411340402387  0.469485276281
0.5186577879  0.524846565396
0.496529343067  0.456287630376
0.529830039787  0.492069324246
0.561557523388  0.329501364976
0.613862095612  0.436039289422
0.402081535789  0.534221920537
0.440649526319  0.598063065889
0.64680544326  0.501593735771
0.547264470182  0.412470093029
0.623399694011  0.526728803206
0.447927645123  0.388759967911
0.466447971719  0.511811675947
0.620506400594  0.611019122477
0.661158790196  0.400741087902
0.4868801752  0.304859531238
0.5897919879  0.599189207173
0.495587971639  0.469556843405
0.647696068876  0.529633600785
0.579936197096  0.507173433401
0.323847775117  0.50681800837
0.546653089903  0.523739959972
0.512263156905  0.473140197263
0.50869875423  0.508749954784
0.255070238906  0.554247511586
0.449968267034  0.395034989504
0.377207553644  0.5744572855
0.48793643269  0.460890872395
0.598244379013  0.36833397494
0.637290450899  0.622620934692
0.640244424608  0.545176585138
0.433196760136  0.410404511267
0.520591519968  0.628576520314
0.586358318645  0.439658945102
0.337810612818  0.579813457858
0.475467913801  0.393808992682
0.44553670951  0.4911710181
0.364474893426  0.661686629656
0.451288277752  0.517725478942
0.48948345454  0.635187602916
0.429821721429  0.433577732755
0.406983252418  0.432140814222
0.517590654941  0.610087231033
0.357249380953  0.485550519544
0.540667362384  0.668719078134
0.695765890792  0.51929229715
0.51393179727  0.6369250731
0.317767300292  0.298214997813
0.563393851867  0.544416959307
0.495604216197  0.511924341218
0.554995535922  0.473328836906
0.567250473288  0.365213107304
0.432461315001  0.404595857916
0.551167800142  0.533133987562
0.363369251343  0.453001793726
0.353573659418  0.605256281963
0.428501453552  0.450031966763
0.687272795213  0.458494138938
0.456942191531  0.550942701478
0.397299831843  0.509743732621
0.423074121748  0.574349161562
0.468084888237  0.526164511561
0.552661583129  0.482916736526
0.677153072988  0.601905713002
0.788234300692  0.355836469669
0.740154193173  0.559881799177
0.538837108655  0.524664555414
0.480388660907  0.529739807165
0.447553967611  0.466314375676
0.566834482442  0.629123366354
0.379062947161  0.437665223514
0.406864017347  0.575584505513
0.436549566672  0.609950780899
0.247901044942  0.506925960645
0.422130028433  0.572345222759
0.373485646492  0.493294375302
0.386010128  0.496988674104
0.617511284375  0.520617098781
0.642168073324  0.502997498583
0.505539537763  0.418634289088
0.345179802929  0.568572379107
0.582170264118  0.513717367781
0.604488287644  0.469113224245
0.55907653383  0.400340102154
0.517466375612  0.407201231501
0.595716644585  0.516714564935
0.569387868039  0.575261123887
0.521516983724  0.620993011227
0.374987825688  0.489366100762
0.373221366743  0.568626585396
0.533921251434  0.568089380596
0.76684866818  0.462811364441
0.486311170832  0.506754132592
0.594995458525  0.452228603427
0.49393485985  0.558353497614
0.463021724071  0.569796990978
0.474870085438  0.544539004836
0.370936746003  0.345828932273
0.561514346065  0.447125602749
0.451530578321  0.642666430904
0.368244619679  0.377675935923
0.508956179725  0.405187813359
0.360556305493  0.416699371873
0.508648164413  0.615269943865
0.618487850587  0.457527082076
0.636768946774  0.465890712677
0.507507355326  0.600426980461
0.362311872896  0.62724423982
0.462948058869  0.502979999696
0.462164340279  0.598885043046
0.577537909004  0.368455212492
0.585515207508  0.318960805946
0.560854676981  0.636808349926
0.473011071486  0.464604590509
0.37897050527  0.373158496165
0.77333248217  0.660829206625
0.433278671123  0.651953524196
0.460727879778  0.332660581139
0.631162862156  0.592467487219
0.438343208661  0.516304386757
0.447801355515  0.501029809157
0.624519818784  0.327972587843
0.421244837862  0.594299041494
0.710576140159  0.646295559809
0.399692546871  0.592396711996
0.509933371193  0.515644880557
0.541766978184  0.427070987708
0.439144875615  0.454741325259
0.618873748578  0.441143955321
0.605011636987  0.342555331951
0.531131111275  0.528306271368
0.541934494648  0.427288616744
0.541537179706  0.667004423308
0.416775327181  0.519599711621
0.548332814403  0.306956446773
0.542598135194  0.45419687292
0.469132217999  0.453479920224
0.624177136519  0.453825002494
0.438726500536  0.316758978097
0.471203036426  0.480427781649
0.353935925694  0.577377926228
0.456054118795  0.408645770568
0.285338033945  0.599907570581
0.500291727268  0.563258792608
0.723598705064  0.586066957532
0.527072530146  0.505391619104
0.550758082632  0.503497120955
0.421601381577  0.614066484961
0.372256916066  0.335329609495
0.532160215072  0.425469413939
0.512548423016  0.425295340539
0.582047770945  0.651847603024
0.516969498433  0.474469371378
0.599427771696  0.469846723358
0.528605759213  0.423628640123
0.477752763085  0.623403829547
0.770750184932  0.547531481571
0.506262574487  0.587226540359
0.411872652376  0.494164916972
0.587301361728  0.308971278887
0.499110499652  0.510463907033
0.479138605573  0.501988435106
0.360511680341  0.426551527298
0.501641480484  0.455406915853
0.402853899677  0.453927580012
0.372743212148  0.285915547383
0.513016162877  0.316539279054
0.522533622683  0.599836716009
0.602153790707  0.446624714835
0.450500702214  0.489734955518
0.444712916547  0.507707798848
0.38141670406  0.464031322589
0.651491257865  0.470917261359
0.229945167623  0.298372739136
0.456952216209  0.376930208157
0.452123575854  0.471015066721
0.54096160981  0.560464669593
0.501269266475  0.707611799054
0.590463963588  0.461666767893
0.48769885516  0.540446406854
0.322322118879  0.43013156363
0.675060509114  0.422441549336
0.516543250471  0.63638125542
0.557009860292  0.526682256868
0.437433796965  0.548292050893
0.666023963314  0.544260963675
0.574566504956  0.494760349642
0.689928816813  0.718709970477
0.522300533347  0.479801854475
0.639003197292  0.625521181336
0.733002465208  0.373383197761
0.365723478112  0.22974356201
0.525706510853  0.501724342295
0.526260863872  0.519417079039
0.626122094628  0.480288048245
0.496665047054  0.761835069747
0.618286757125  0.44880246656
0.399644340643  0.530666707307
0.410707989911  0.535001747738
0.475625247289  0.466416925944
0.320230658141  0.332881448081
0.553068732192  0.487405488409
0.555876396787  0.525852908729
0.481256310404  0.516644248218
0.538472252299  0.533320038753
0.420890154644  0.485189139008
0.429802194781  0.413264020096
0.477752818696  0.458573031078
0.510450910048  0.448019679531
0.374531234501  0.447046921874
0.670238743699  0.485540146644
0.393682451085  0.52211002409
0.500488111825  0.175397633689
0.490126876355  0.495823937732
0.383339178193  0.456492378922
0.410572749551  0.600786491571
0.426952512022  0.392481684818
0.361689074574  0.494120617881
0.337116839402  0.575475635171
0.553506153469  0.676386643911
0.519273348501  0.51647427262
0.685022129154  0.348738467669
0.634370428507  0.446757005982
0.38861481945  0.534682970956
0.483492556939  0.46484353834
0.602206814026  0.455031972144
0.374672978828  0.333697844192
0.643410008719  0.445571640717
0.541137959575  0.537854777834
0.51764049785  0.542191044159
0.425404563287  0.392509038349
0.366531546122  0.55655793237
0.503168710191  0.39828269312
0.549319841657  0.547422911708
0.35682738712  0.656274234993
0.490750766336  0.775576474458
0.555355759258  0.405267363463
0.509137163152  0.35789797206
0.616084310335  0.418411207802
0.426383013103  0.344412233407
0.407376942084  0.438996324099
0.427148444448  0.775368174897
0.483435546107  0.448542378161
0.512848896231  0.490508847517
0.562778200703  0.432187018964
0.461950710468  0.639348348244
0.636577512245  0.455847916271
0.412123413464  0.309119471832
0.471245970347  0.479318010698
0.374923140341  0.533865404681
0.479957634721  0.582282371079
0.629551998597  0.466927037516
0.503287664781  0.557056581901
0.422106102857  0.545000678181
0.436795502176  0.563331837949
0.557950795756  0.572354880955
0.411134970458  0.348840129321
0.418665477061  0.36789790347
0.57029405715  0.354831955029
0.596840281049  0.467568628034
0.40763714525  0.603761962293
0.440152453013  0.617800089919
0.505125861741  0.415800453375
0.435964339101  0.566002285809
0.634663134419  0.45138558039
0.475621288986  0.56373584046
0.387095277658  0.43969222436
0.459021881201  0.606719665808
0.368457199035  0.280737800092
0.437813473258  0.500310468356
0.388592216378  0.480077052192
0.460023587001  0.49947828589
0.447200935822  0.381016205274
0.693465173685  0.322783279499
0.373029072856  0.381362965811
0.53825869913  0.476190221529
0.461978437064  0.587976479915
0.570157156876  0.47389843479
0.489996031124  0.683548830015
0.422309820037  0.354242208401
0.398087189669  0.3819934769
0.448436969889  0.350615206977
0.715993830855  0.340564719079
0.409782531489  0.36787535626
0.368476111856  0.54314339656
0.384608009669  0.721779494715
0.565668192813  0.368163853229
0.632829828892  0.517598157638
0.413105112623  0.555474382462
0.470534188735  0.19961210044
0.450655612314  0.613576445892
0.542383194567  0.533889969005
0.277893815197  0.633156354805
0.544355623403  0.517720047835
0.349363820993  0.722901434792
0.528855468401  0.445620850104
0.470151031766  0.485082310641
0.385698918141  0.751510934276
0.844039212702  0.653464412297
0.434510186865  0.502025335811
0.555932236388  0.331948512045
0.457464528814  0.530341882337
0.384633590631  0.424878861454
0.477981561671  0.444231579561
0.430993971088  0.498087778589
0.408859420367  0.530157384698
0.509982617767  0.370588934617
0.632179113307  0.487415977919
0.543009969995  0.537306475955
0.564262937671  0.594828938956
0.577050703178  0.342882961979
0.722176012506  0.465657405303
0.394001889791  0.535461477937
0.472427271057  0.517748899697
0.621840839124  0.586840313027
0.520945412224  0.419761116406
0.508874147523  0.518120680241
0.49816006152  0.354519488692
0.469988587741  0.511420337666
0.668478373451  0.401403472592
0.439713559724  0.370169622416
0.619074694674  0.563724694617
0.408044791266  0.537959347287
0.646896176557  0.284554761103
0.549290643288  0.454425034608
0.496207058782  0.526245468662
0.46997017178  0.48506989853
0.576906916966  0.467897445137
0.359547620404  0.602026038601
0.565011661195  0.638679064971
0.468284182485  0.50380594871
0.537834954647  0.502509275212
0.612149177314  0.501427765597
0.554895028873  0.384663960345
0.493137236617  0.614564436532
0.36178593924  0.618316825018
0.452576109962  0.657476163437
0.643074869902  0.420753175714
0.318950395567  0.590936409216
0.562718063833  0.571245724546
0.443280126371  0.362586550145
0.576458442899  0.388917828783
0.55631689438  0.514075058221
0.319279891239  0.496611108466
0.518010192374  0.464560450523
0.483107644607  0.497251189961
0.303091770294  0.415307304752
0.528435250572  0.635142591678
0.50022709628  0.56783657734
0.494447750257  0.555905214602
0.461028265219  0.503152264395
0.373499406279  0.673487844582
0.480123149137  0.451367509507
0.488762417767  0.630079638167
0.493514096102  0.483818771121
0.448649844907  0.444305467954
0.525525005806  0.668488278772
0.50851296887  0.55887031105
0.548535139907  0.517002206362
0.360550538092  0.4689348198
0.580336942574  0.456791299602
0.680032689803  0.427941063271
0.4275123009  0.296804368211
0.730330157201  0.549244717412
0.530978735323  0.510138874859
0.541196637737  0.399187653377
0.399289056381  0.483099182287
0.42048008339  0.496032092189
0.543920924686  0.652984551017
0.462281299633  0.582762490256
0.479990503946  0.674046668895
0.542528410484  0.40102700359
0.502033389639  0.395372650802
0.423236679211  0.510365452658
0.474264116865  0.610124642844
0.255392801016  0.587327968208
0.384796805332  0.474073676931
0.62381435696  0.353774656218
0.425461454419  0.461138375026
0.362175927661  0.519073968464
0.546506352534  0.378604675409
0.480650369776  0.447619203326
0.70153825063  0.589959059238
0.440362196508  0.402974269339
0.479084275637  0.673171310542
0.457939382982  0.476508320247
0.475060245848  0.354054863793
0.561915027972  0.389895950311
0.552303567235  0.4296015881
0.499347960502  0.651713074184
0.497367058547  0.436954403054
0.371866815254  0.527053621602
0.432823290207  0.452886787106
0.424467461384  0.512437348905
0.463030294297  0.573013735897
0.409564119697  0.446064644861
0.389392123532  0.317425413247
0.569357527306  0.63101536625
0.659552209623  0.577081944415
0.641929146202  0.446013801516
0.392580175411  0.415527177704
0.55096464358  0.472510345145
0.336051738982  0.54190309757
0.653244601167  0.597198889958
0.380981156128  0.684593695492
0.562359098971  0.649927207067
0.5489013574  0.601500511869
0.411405987543  0.319860487794
0.783342468268  0.481624171141
0.567104362377  0.434816564252
0.552831695158  0.444330967204
0.550153162759  0.563198785281
0.557034675614  0.216216962146
0.498994442262  0.464218234511
0.383556763516  0.490571831174
0.41993468837  0.424220706826
0.442276439975  0.518376044003
0.446253344341  0.532200376591
0.50237863272  0.470505663439
0.652767298944  0.716364541047
0.580701611735  0.475290395567
0.436589524309  0.435892839131
0.629861536787  0.406336923838
0.482739464032  0.570323439366
0.481476269348  0.382803850531
0.453001023571  0.671459797428
0.580734698136  0.471368913627
0.518224753162  0.306748657568
0.521194036895  0.274397330504
0.703335031959  0.430648839713
0.591008544798  0.627504630704
0.486281541442  0.69107305326
0.503840944476  0.357053799715
0.585740393292  0.393958717853
0.514325644603  0.254961311667
0.576029150476  0.442516016674
0.323503169971  0.50765207567
0.488817123222  0.572556431379
0.644489479601  0.59166088281
0.533447791731  0.415598946016
0.39194620409  0.465285583487
0.597678121294  0.531383633946
0.5214087565  0.54973187568
0.468667751393  0.465426119753
0.465318582433  0.597808911235
0.607471812684  0.352259077546
0.581037833264  0.514759301138
0.538222581445  0.516887424321
0.396645522028  0.56697599793
0.609495518669  0.487405569869
0.314384445226  0.408873305702
0.425883078329  0.403527478226
0.551576084485  0.57586098159
0.669428094731  0.423365385014
0.475725054415  0.419462844434
0.406093552995  0.636614994704
0.448804933154  0.308915573838
0.48560401721  0.565710162215
0.533628468948  0.403756289058
0.413903413829  0.507697571792
0.708884059027  0.493678705623
0.444955615902  0.472112104598
0.528094189971  0.452027651243
0.347701602144  0.588460063728
0.440096842292  0.525947312904
0.380344688665  0.517180391536
0.526547830578  0.619022749733
0.473533869698  0.462111065305
0.419875163536  0.72290982166
0.40253769946  0.579981885652
0.460898534315  0.425296762422
0.429162573681  0.498039717399
0.454808100212  0.476034358343
0.46192847604  0.483455599491
0.364357144281  0.467814470308
0.30444651525  0.558775202212
0.550143813482  0.596578297949
0.636892940869  0.585775873566
0.457618264034  0.363660796904
0.557594001293  0.55387892263
0.524341113312  0.631156810457
0.464318858839  0.440281786394
0.539391526046  0.393654342217
0.293379783894  0.508863613196
0.397216853809  0.445737180252
0.612938005258  0.379280434363
0.421333085057  0.634529874204
0.371741746994  0.581226522311
0.539882281873  0.463684299826
0.373806477317  0.560636325287
0.349324073413  0.532140284588
0.597268799748  0.503692192591
0.337225820949  0.377771568145
0.411735005027  0.300564205599
0.361241513742  0.316044995814
0.437989594809  0.562023248993
0.640052333812  0.44874514404
0.458589128522  0.473179807075
0.461669518635  0.508118799318
0.545479836145  0.579042800142
0.478036755797  0.567086215247
0.533422081321  0.38311566871
0.599994066676  0.379885210072
0.468352215889  0.551961277583
0.549698020102  0.453159585319
0.481996567562  0.488618249998
0.659779399415  0.686198107099
0.455110632753  0.499426267276
0.582460121211  0.356219770592
0.410549273466  0.481672430052
0.358240940971  0.404571148273
0.500680193375  0.737853799021
0.440437111837  0.519382902079
0.445445046402  0.525205359089
0.385799553827  0.433353775953
0.230002544231  0.432151377936
0.431669370376  0.517941359808
0.44191023078  0.553779871885
0.638091147453  0.445653536627
0.527080058436  0.466529552447
0.677866921889  0.434639073913
0.530971418599  0.430729273374
0.633811953519  0.484504317522
0.492641210421  0.478435889871
0.51389420408  0.457427841993
0.424736240302  0.5463271922
0.694877280327  0.498424173881
0.569209133842  0.56342767336
0.552192387618  0.456118267325
0.489612740326  0.531615377038
0.521190405363  0.74067308761
0.588576663828  0.606434143355
0.593725743241  0.467920580048
0.395606877803  0.509894691653
0.514408107027  0.484168988996
0.631663326862  0.435927199347
0.611902718618  0.558479122223
0.541216294629  0.389551665372
0.659764314556  0.508650705168
0.597297076002  0.334157483141
0.637684053215  0.531680038006
0.543427556386  0.507715511949
0.469314990669  0.719587615529
0.426423112012  0.473244288595
0.497447221482  0.477124238381
0.509195506441  0.536705436323
0.401933712862  0.323825434527
0.601599217934  0.502022301273
0.538768131547  0.40379715287
0.546542637011  0.492701995392
0.610204779366  0.565076095981
0.568177785542  0.532431800724
0.427121997251  0.43271985651
0.42610320199  0.50674191294
0.525475776329  0.491068301405
0.538789449299  0.618484722745
0.519592938213  0.573298520414
0.454764517515  0.319616444477
0.380716798038  0.641875596921
0.590907336409  0.567919896101
0.57599937411  0.405066677806
0.595334668779  0.575591507774
0.505654379729  0.41010941345
0.365183707205  0.396108047254
0.455891164394  0.543968937279
0.528284643123  0.453272510789
0.533762514671  0.628285231204
0.398395010555  0.206461446763
0.494365338384  0.502380700922
0.524581268127  0.42699194292
0.37731381062  0.286507215553
0.574440090365  0.307058592531
0.592260519198  0.50198036687
0.573332558571  0.344073177435
0.462499994752  0.483544662767
0.440106755386  0.561715532806
0.39077117566  0.590502201007
0.3007454334  0.441634178123
0.556316171031  0.453829137088
0.712055230608  0.405119504947
0.537384412139  0.6331833983
0.544800938577  0.572416094534
0.364988199713  0.605304690888
0.505795101182  0.435363174454
0.479671008769  0.62998057483
0.499235390325  0.633555391809
0.386797071757  0.630794682619
0.451938669279  0.367668918157
0.559336625223  0.55408577351
0.578452499862  0.544563056898
0.495972454294  0.717872931496
0.447683052312  0.568500271369
0.514918265971  0.543721464632
0.45524875117  0.582650268901
0.512163040281  0.473312295767
0.563612026511  0.44422999641
0.525042971446  0.314781008236
0.532302364584  0.304097950696
0.462855500257  0.426284266379
0.388168765505  0.533706788059
0.480073931089  0.433518809805
0.599523748601  0.533574634434
0.515246962233  0.482953888035
0.287575153354  0.547339277644
0.550758047323  0.485069333568
0.43743929939  0.431914661092
0.575928891105  0.527730864453
0.393456157919  0.593746075
0.561017135527  0.458465957833
0.440364232241  0.672506805533
0.534117209543  0.458976171596
0.503868513023  0.395528695583
