0.501513465533  0.411806020998
0.49948935981  0.716816047372
0.693468997798  0.338560157482
0.41178927186  0.526817162178
0.346050590893  0.545438328137
0.368450117355  0.545672957482
0.545604907988  0.413920433164
0.478622114154  0.48930039832
0.576852061082  0.497161837697
0.363306513845  0.450920238642
0.491508760426  0.490470949887
0.368381020426  0.55911685809
0.468000676858  0.484391110889
0.491256501909  0.491273407877
0.450328077563  0.494357826971
0.461384285752  0.528032613315
0.605483692942  0.484114001438
0.787776060137  0.50214010393
0.359279839097  0.551335615587
0.465335400797  0.448535766255
0.492078955631  0.353852429629
0.393733761177  0.494412980599
0.646484506881  0.507962333589
0.512564588013  0.586282262425
0.429240962311  0.485979878296
0.318134290999  0.57515872087
0.394898911491  0.588427456403
0.471278248279  0.548671046601
0.550079870498  0.598376418109
0.596816661021  0.484845738569
0.453958522639  0.469171878127
0.410170176183  0.456239785915
0.35884835426  0.587830815568
0.493005824884  0.411805144373
0.651382561883  0.601292301326
0.494775597191  0.317835529351
0.355513653225  0.447325280592
0.383399148743  0.381921566067
0.42829236596  0.492304319238
0.482667652836  0.450088836425
0.5249126174  0.4574440282
0.558332438339  0.533007573113
0.432063066059  0.541628124811
0.552018518267  0.447645580543
0.55666528249  0.402431726184
0.323852074725  0.4796234808
0.468689717798  0.472011401725
0.600052014866  0.455838153183
0.589898675404  0.479951476752
0.804072930869  0.367064575451
0.35549919052  0.518275171472
0.537611320863  0.396153165788
0.556364219677  0.583678818702
0.463012733744  0.30212614806
0.451833328262  0.456668062117
0.504222033826  0.430994461221
0.560537645941  0.636106118812
0.436509840664  0.59177545706
0.66276479902  0.550755455478
0.322200613975  0.338534479798
0.588076561115  0.415381047286
0.448449596554  0.600798351503
0.404864125293  0.454205779208
0.403685343928  0.604359071831
0.660301681371  0.522472807125
0.414034287469  0.617658640785
0.453611692801  0.54092472888
0.528388096796  0.563857328534
0.404321766885  0.59539953264
0.417348791493  0.552097110228
0.449359703567  0.467443871257
0.606552292264  0.35305091259
0.428578670078  0.313877362752
0.363181520354  0.553951766272
0.499214732053  0.354443325431
0.518467080872  0.592341953621
0.389759140047  0.318397054615
0.363262615477  0.402578995802
0.421580059718  0.596505524879
0.641879791379  0.621314991382
0.425864738583  0.555002047225
0.46404123302  0.32555092189
0.324815264993  0.601069101744
0.461276834832  0.675565286376
0.582696574996  0.508342442165
0.501638087276  0.454369271585
0.48795899982  0.260311604826
0.497599176029  0.651684795043
0.474624119774  0.435023374684
0.467254607997  0.399853636112
0.673754482588  0.458414220672
0.592227646735  0.722341148748
0.574537032292  0.504537420086
0.521667660521  0.538298083447
0.374460791619  0.381607836125
0.640019094164  0.453670212814
0.374588839109  0.412385752245
0.482593656304  0.549153784532
0.488374948572  0.61001170269
0.3957532576  0.525345752894
0.537229253683  0.510735697357
0.362286733368  0.320312838741
0.472419054914  0.633676197198
0.425693338242  0.392572447186
0.372555127925  0.588144355325
0.282278115055  0.474977232839
0.439044795715  0.446979859264
0.483995919316  0.30753761248
0.41953737936  0.637848355062
0.498389766143  0.532130839588
0.605298442738  0.502730005812
0.520916132915  0.626813822386
0.528123716145  0.321322735567
0.445141115962  0.598605464613
0.42273316179  0.297086285982
0.356391767208  0.541653852002
0.551538787624  0.583417125029
0.337906481984  0.52893536827
0.407501174077  0.416658848356
0.551425034009  0.719900547542
0.508050029965  0.488967388956
0.418602673135  0.628946520811
0.418735031854  0.466762773786
0.263580067399  0.25968501964
0.512373073107  0.391779642439
0.517569717342  0.447512920976
0.421445905087  0.426189865841
0.597952010159  0.553566822883
0.339797586514  0.587649632102
0.586368849044  0.451387390009
0.413653510884  0.429020599786
0.31950457477  0.53778135448
0.363835493078  0.441545140959
0.337295304535  0.539306023431
0.452838699899  0.45289275425
0.513956593526  0.451525650787
0.650212589072  0.32662738656
0.344076752559  0.499408492274
0.380887836005  0.489763344873
0.603266883735  0.474155626981
0.438636950817  0.47264656041
0.451946767382  0.457690247972
0.427250057488  0.362646195049
0.651479384006  0.574111386964
0.497394589736  0.404076063685
0.685007899984  0.397727907966
0.603120714626  0.498868148022
0.286185884422  0.396770748307
0.36598994959  0.462939096243
0.177117024338  0.577435722362
0.554194111493  0.458047646425
0.635504168347  0.485005394666
0.665435992767  0.465301997106
0.267302620944  0.524163726911
0.485672274531  0.488781235848
0.477636725389  0.553032327824
0.417119429045  0.58189939968
0.217544237575  0.427858561966
0.340546947609  0.582503618567
0.389433614842  0.425876422364
0.450392666673  0.591131296365
0.466476523343  0.583951845961
0.615050175724  0.620778672222
0.449028557664  0.334944215092
0.293484566782  0.311472378929
0.40979176915  0.598871609089
0.535343376294  0.500041791803
0.629486729047  0.50472520339
0.525897780184  0.570032517429
0.254935810934  0.351741564066
0.568908534206  0.398574770645
0.403217285459  0.299210339994
0.60216334273  0.605504257199
0.427703001446  0.259222451093
0.364984990955  0.506622353487
0.35148827001  0.454266607817
0.587495026771  0.525370444054
0.498796439845  0.542865641029
0.532025755098  0.47841768819
0.460173379758  0.487969418435
0.596462813238  0.595812814034
0.515001575615  0.505561786972
0.618234692287  0.561815073979
0.439352190595  0.474812752689
0.358608889181  0.462220393377
0.491390923549  0.524700995015
0.619853015053  0.342640146716
0.437244940011  0.416876511913
0.351506363707  0.738106768224
0.394979933174  0.438814985031
0.570525221638  0.501590871716
0.512890282951  0.522190923944
0.498784167038  0.424183724591
0.564273615493  0.654763689414
0.548344356705  0.342642346289
0.526942836302  0.694385002374
0.758667042688  0.471489683339
0.511236404185  0.529964320203
0.261269679723  0.43457382721
0.468352482588  0.515277920732
0.457087919485  0.427683894006
0.50820440905  0.479041265513
0.365567745685  0.520637336966
0.452698973076  0.55105112169
0.543770744038  0.553675668249
0.554462699767  0.571877953824
0.416993220096  0.403537691585
0.561703949571  0.381018456671
0.454947070684  0.562666220393
0.561315705279  0.43040921179
0.556428365891  0.417235328247
0.336016103375  0.498657064088
0.631726887704  0.671861005166
0.487539773288  0.527316128201
0.558014025148  0.590127957599
0.411128694338  0.583418148945
0.247254113796  0.579495447796
0.440610027142  0.549299902834
0.468573778675  0.409412585721
0.502893664085  0.418515849673
0.54953194626  0.369140185422
0.42463859116  0.334765208392
0.628261180424  0.552423540584
0.483250574163  0.494459614474
0.535910325199  0.361186831436
0.545564901123  0.477690750153
0.404596910265  0.490055397905
0.569609493512  0.562005969573
0.466229983545  0.554766186088
0.607697414896  0.644663214533
0.609629257459  0.447751946508
0.505012302527  0.61979440059
0.434506184857  0.557184645509
0.499634426871  0.322234962932
0.523654667606  0.463139634486
0.327459613085  0.402094675252
0.534603249869  0.479038496434
0.397263564513  0.458239855281
0.447502453373  0.576751356687
0.390979722425  0.41166813362
0.537331753969  0.334741957767
0.450071909292  0.291825575389
0.485729865979  0.373306422785
0.612587059781  0.389881037786
0.48556468559  0.531518722059
0.29731850738  0.581209352511
0.604545898892  0.67332849155
0.431251627095  0.475393621258
0.415826180162  0.362791344106
0.517151824065  0.193028150005
0.659341641967  0.59969438672
0.76349910629  0.453162394055
0.590014843694  0.416757663295
0.43203918299  0.467505722248
0.503328812443  0.594942749699
0.549669789218  0.39258224987
0.239718345354  0.408997928067
0.51941237104  0.447925492928
0.368547346208  0.538687466953
0.700667656675  0.573711932004
0.489275590094  0.450201649665
0.455866934223  0.452473794472
0.502870490917  0.662838775224
0.416071050351  0.411842400693
0.495647021049  0.276579291397
0.183628604424  0.480604408417
0.423155280134  0.508323707886
0.333095072634  0.532283667462
0.446138025252  0.518740916279
0.598200744306  0.453293861754
0.568568935021  0.334366143773
0.437354876069  0.42702059712
0.390655838007  0.331076064411
0.371269051489  0.499041539622
0.522664923807  0.564693958568
0.422983451986  0.327004028374
0.420485624738  0.544315611635
0.575462951356  0.521939070946
0.630067399346  0.415324239101
0.432811358104  0.507743401896
0.450432520397  0.323964424213
0.629850454502  0.478253337952
0.559904870083  0.540142934544
0.438111808432  0.363063109895
0.495453422279  0.491986930181
0.318879808315  0.285605306434
0.283587399865  0.339346814755
0.513286323622  0.361860682041
0.277753043626  0.387568708957
0.547293825011  0.631424102864
0.501361788554  0.402710482405
0.53460641616  0.58028765737
0.534091492035  0.458311287592
0.519664441046  0.53102209787
0.624132399119  0.311996900819
0.459270437985  0.473934043347
0.249991494533  0.527344631593
0.327974395214  0.632720121333
0.394568286315  0.469827768733
0.473876403882  0.44643267158
0.6069034156  0.346745671619
0.584545675943  0.571468166767
0.5642319144  0.590319410562
0.546108821873  0.412976067419
0.602468923452  0.459893931871
0.508083533908  0.420301076195
0.583299473242  0.397379549267
0.550522208374  0.427930797852
0.380900054577  0.504578869173
0.693233620025  0.577039823872
0.436374346192  0.585236706479
0.415995847923  0.483246371841
0.57846426629  0.484009924764
0.393856952028  0.629413842126
0.541240814603  0.350376630502
0.666659076994  0.304497377919
0.418217876909  0.386524932564
0.458801568492  0.589723571347
0.533960408656  0.518615154917
0.362780199268  0.444694768054
0.409855847381  0.458914369032
0.605897823959  0.360874347804
0.390833336966  0.464896720387
0.405413610333  0.538024885512
0.529172923926  0.357000118192
0.599377151469  0.416975732042
0.576826723816  0.493459478675
0.495508938014  0.451408061585
0.591163233865  0.509542388044
0.38086262585  0.432092552021
0.672508072617  0.402901316949
0.478172394858  0.351373558782
0.488074718175  0.375656292918
0.524625609185  0.310445219029
0.57818561159  0.496179176331
0.603893505884  0.476179195265
0.64605569961  0.365817073954
0.469872538528  0.482175802469
0.750512298782  0.534575223016
0.387926754956  0.457351344112
0.264923375673  0.498209936537
0.60774268504  0.562684776998
0.462497463393  0.444070605154
0.359000619494  0.326367789467
0.525354926548  0.46517336437
0.583586258397  0.427192584622
0.551075963109  0.558265572291
0.497217959256  0.485701331554
0.589215203251  0.410432610345
0.23515700291  0.502106103109
0.447800050797  0.554687713782
0.475574677735  0.56784144154
0.372604648954  0.452253682128
0.572706137331  0.403972002985
0.251072604177  0.419576673548
0.48539202284  0.541385785517
0.628117238978  0.465404456665
0.445329513366  0.349588320081
0.594833751446  0.389086326972
0.544686701801  0.588130410553
0.464625251588  0.352266471838
0.481951658861  0.625894039635
0.41524156433  0.471614014943
0.620640236576  0.654978195283
0.424088051812  0.574510513587
0.764791650017  0.467101059463
0.460476601158  0.549613468957
0.41201711337  0.543661217247
0.51545213829  0.701303573937
0.285698707077  0.544357230685
0.530753244023  0.330134583119
0.512058380285  0.386162093612
0.464794135482  0.380177902885
0.495807173817  0.56729224132
0.622308439058  0.459718250567
0.478709960298  0.594148369179
0.478925633972  0.449567482707
0.453435198661  0.504263070689
0.52716977554  0.527231049547
0.650253357626  0.59188932572
0.577353478605  0.437107217597
0.492401795124  0.505184642074
0.50206347567  0.502565520887
0.418480011974  0.56987598909
0.432289228874  0.621719309873
0.549842108611  0.426075605063
0.381869223323  0.600138586468
0.4241426398  0.376722171192
0.426478722414  0.315853796863
0.416418634416  0.456956864377
0.637952196203  0.525293295516
0.382629618172  0.425675766507
0.570590297348  0.535923799784
0.614063761287  0.534529950409
0.618433343917  0.40230351761
0.49710635229  0.442908571344
0.333780222886  0.458575231339
0.429757054139  0.530513264567
0.394386711231  0.725477410341
0.619534294666  0.428623416717
0.391295886865  0.397574944161
0.436421980745  0.559986447874
0.404303012926  0.497075349435
0.485489474914  0.338661661434
0.560863631097  0.412016151065
0.482063775569  0.554295480571
0.725081088881  0.378371334282
0.596690833169  0.424827083662
0.638675675137  0.410295483471
0.438796807377  0.437549282782
0.426194913324  0.496729283
0.497631168491  0.431811895622
0.509754691069  0.397832724498
0.427038273721  0.593896895527
0.524363165107  0.671351813281
0.39479575081  0.615424641269
0.228117962655  0.490559331453
0.398332458057  0.601116291726
0.242849960528  0.368952128065
0.52000652056  0.436316903116
0.332949105277  0.292542270822
0.497444455852  0.460825576987
0.314421662685  0.39218220364
0.480775289008  0.546434366362
0.461250009848  0.429194546148
0.483960004021  0.636968962762
0.444508832285  0.367857123586
0.539620246381  0.591630982667
0.653315587569  0.573056808041
0.599437144855  0.476243803094
0.626960466449  0.402964256241
0.43888151899  0.490140064811
0.424279916996  0.39975050554
0.464792729586  0.443498879732
0.355743070439  0.692399372443
0.430940530504  0.334806927599
0.593579457408  0.480236251965
0.550353926314  0.48669490916
0.558897554887  0.415285344542
0.65005173535  0.552839729181
0.434393519466  0.503877327701
0.563390231926  0.633119744943
0.488922407576  0.491377460489
0.508761708857  0.445384778101
0.492431854473  0.628196751172
0.466657354854  0.293546329821
0.583138443081  0.342864668087
0.289788705654  0.504719044183
0.464866124683  0.613215208117
0.542340812272  0.411588646279
0.48176670753  0.603293091229
0.258300550958  0.537646764682
0.287334100747  0.516867855495
0.563093176735  0.357892889711
0.403954438071  0.5607594046
0.480475117904  0.415415826914
0.444198442889  0.520011430106
0.270947801936  0.444103334213
0.451402172357  0.374771658722
0.458218258187  0.590581346144
0.477904084879  0.513789408046
0.565421206722  0.382956259303
0.613948464842  0.318692074472
0.467913316017  0.404137710938
0.681587838842  0.501056015249
0.522327161289  0.52826588343
0.434992268006  0.599533313766
0.463947309481  0.510688673552
0.614047708679  0.466462119238
0.349934590128  0.518887801024
0.314407679225  0.444580596235
0.60504692674  0.471064637028
0.442447560764  0.46409279502
0.410892206528  0.439051177406
0.519149312211  0.470020861852
0.284318812205  0.405655660948
0.606001266239  0.336604270125
0.495133528515  0.478982301918
0.404657695067  0.62128932404
0.489027337174  0.795973860992
0.597732083818  0.649638955548
0.45331768604  0.359266726047
0.341291930401  0.317818140975
0.3488244732  0.61410526402
0.479123169274  0.328560046903
0.555119913054  0.46775087337
0.311840120924  0.421919597884
0.427956369009  0.594184409476
0.573335534792  0.537716746175
0.482437324422  0.721182670264
0.54967699105  0.39399174232
0.372517026307  0.421291265412
0.672560712742  0.475811924694
0.397060395384  0.596472196222
0.607291422136  0.425108953446
0.39254718847  0.64599538877
0.463865899225  0.35030508033
0.70963621844  0.418401869952
0.699044981857  0.589529253292
0.50966082023  0.591416159719
0.383792975717  0.45215043881
0.725254266722  0.428751190491
0.421838467121  0.646897692094
0.410394810542  0.497988781165
0.49307109612  0.48463676053
0.468134871254  0.456576264963
0.528763715923  0.440983768257
0.609030053381  0.441941386741
0.456508155896  0.550516571784
0.435443649609  0.378954959388
0.595699035064  0.489619810514
0.518718811503  0.478838230909
0.436106434198  0.631212523715
0.600744363556  0.410780507444
0.522251730047  0.636464595091
0.453243341  0.448861810498
0.286318844505  0.486154761348
0.508077532122  0.499714724566
0.326701693848  0.56865051985
0.372707409075  0.493062068349
0.625842776831  0.518486990608
0.521567168835  0.571802286434
0.346445260507  0.40961249683
0.33358724975  0.527018664342
0.382773955728  0.450842934613
0.582189213519  0.519282635774
0.4620276258  0.346374775482
0.544900111656  0.411323819449
0.475353539026  0.534672953351
0.52059990641  0.463573740079
0.453862521757  0.573811084643
0.482863369195  0.589257943123
0.489706402844  0.424219718438
0.317609161244  0.517899006567
0.441124759806  0.552999044578
0.614827833152  0.31552634375
0.481827311003  0.653024812644
0.378798568635  0.65382005028
0.664135160394  0.419447995561
0.525669653449  0.313540131568
0.536098215478  0.599607738191
0.387233864413  0.516697496623
0.672262971367  0.523273892322
0.332554481829  0.305639185363
0.476709119271  0.415719996322
0.631515174853  0.447944245016
0.485685109628  0.476765810623
0.601395033461  0.47463915121
0.587739921429  0.676140181846
0.48580870832  0.597551698985
0.64359902895  0.469224610677
0.554656937023  0.469160133653
0.435263129178  0.34516727074
0.453616825415  0.575014733538
0.505043112829  0.56739347649
0.578524750709  0.434148029157
0.379183935284  0.371179127891
0.477180124197  0.458720662993
0.428145936294  0.491390331801
0.315511195694  0.421150623933
0.69112323096  0.487245055721
0.503599642015  0.536207887535
0.212071066147  0.524207821308
0.534407895075  0.56915211568
0.298901949948  0.531888698828
0.57478063171  0.643411873451
0.464071720668  0.275007822902
0.360397151582  0.672341929706
0.565454030443  0.501463052939
0.42875890437  0.4690793791
0.637684160168  0.470990255962
0.247952609115  0.659481803706
0.513141768833  0.547845627625
0.559844308131  0.468010201686
0.336501110264  0.497683582355
0.435005048643  0.592098783559
0.580578888656  0.379745186028
0.389302457307  0.543731344153
0.498193211917  0.176130593094
0.47946151562  0.658834546239
0.405849098558  0.418488910285
0.593549233596  0.556124339746
0.455740636489  0.430964587483
0.578247158309  0.398324874353
0.515713975627  0.454950080687
0.381597421825  0.492131451538
0.668863889614  0.638910226275
0.541112100894  0.241599808623
0.446814235908  0.377414381039
0.394833627168  0.329196951853
0.570257951766  0.523289411179
0.418123332832  0.687728271741
0.645100032283  0.501505318896
0.366955541268  0.599016097051
0.505842023046  0.454329181002
0.427183933807  0.567011455051
0.583249342012  0.561853043195
0.405120002779  0.587550875539
0.599532966987  0.573037512478
0.63402844028  0.42405644653
0.505957129668  0.452592480843
0.468727770566  0.550235615477
0.310798352412  0.434599101551
0.456119255502  0.242168604752
0.448959406109  0.508190034797
0.556295125005  0.51998253679
0.395607834798  0.431267085491
0.518070451815  0.53686759953
0.452254937911  0.69731891395
0.3861984383  0.409804486072
0.412044896821  0.393838742806
0.519855420013  0.489467695736
0.535752647176  0.298285249499
0.443414104068  0.367065238923
0.528958084462  0.471190684626
0.551925044877  0.429193382007
0.439619824826  0.534747847911
0.461923830621  0.244083391912
0.656595893666  0.39818136663
0.446882175105  0.409100696188
0.415416751949  0.440224074271
0.528709899198  0.289343958452
0.646537031442  0.440894172601
0.426882988288  0.502249347569
0.461069019239  0.734040943257
0.45495472813  0.606764957403
0.475923162626  0.475823324418
0.470627868165  0.471394222352
0.381448024364  0.440138701208
0.381151741072  0.447227055256
0.503668712766  0.413973043101
0.413182257379  0.435632566122
0.421979912373  0.340939494336
0.562214326372  0.595872569914
0.433933620601  0.508711696883
0.643565162193  0.681591136039
0.430310314747  0.324469991901
0.538755726423  0.432041202286
0.497778487331  0.58990068169
0.360304961703  0.554306733985
0.410517720423  0.260463223718
0.4670068136  0.48211804799
0.500609535113  0.501200020951
0.482291306146  0.4806655249
0.443577582921  0.334847112762
0.475360853764  0.637704791608
0.476109699747  0.377782122198
0.243907199942  0.554437397125
0.555748119335  0.485695662342
0.380792179111  0.450511018803
0.585759751272  0.579249565292
0.533560467547  0.780574702505
0.576709816795  0.543599983908
0.631537042177  0.485478464949
0.567261198113  0.512499271751
0.507653809791  0.385355335029
0.393687021026  0.561894449243
0.528587550201  0.534524213134
0.50828051572  0.309979032634
0.385134512138  0.449053580137
0.435414910325  0.384203167223
0.706511965697  0.328674033097
0.541208434809  0.466863937575
0.494101974369  0.310111995904
0.395248920246  0.456461355673
0.348365455613  0.431163803798
0.42686003944  0.593059512902
0.257721348495  0.458454171198
0.425625455199  0.395570181376
0.359175868457  0.307958169438
0.573943646806  0.428920214723
0.468294667538  0.435818159622
0.626599834256  0.292726808044
0.356892638562  0.411807694361
0.538187341666  0.538681318795
0.398179867234  0.557481293546
0.387375010147  0.49522765602
0.413942263152  0.367592474315
0.410859205603  0.590761085482
0.380469819327  0.605802254076
0.415139064191  0.480952961289
0.432045148891  0.602606089793
0.474177958673  0.460802459636
0.503828612186  0.422975205903
0.576568267957  0.528916062196
0.46094973673  0.621876627833
0.494294897352  0.494219224104
0.495947796688  0.577874339168
0.446684451651  0.527153388301
0.374188103432  0.514239198913
0.510215819392  0.596882204991
0.538486102379  0.546088141506
0.484267707639  0.427020348132
0.366654574259  0.584422585853
0.362940361001  0.459931542131
0.34068334899  0.516382566167
0.495988415167  0.425588545796
0.40867913223  0.613008265613
0.313900823191  0.342355138862
0.671528858985  0.518406097443
0.422485744511  0.486632926525
0.510996653984  0.436421567931
0.516614263687  0.41082820599
0.529571469393  0.646199444925
0.616384955763  0.451065856217
0.395575580542  0.442483265945
0.510414018652  0.498727152858
0.466008665088  0.464499029922
0.695726817721  0.53492747994
0.492187184606  0.501458203485
0.610878584357  0.467048812684
0.468030423091  0.528263941816
0.366750487878  0.654294247239
0.416183809995  0.444025133098
0.435954939382  0.418923867056
0.401806239093  0.565920186344
0.424012543734  0.431303635209
0.434024060132  0.607022736593
0.600381326833  0.41184456368
0.590622765131  0.307764349118
0.357709772262  0.562159483413
0.40036696871  0.619954348879
0.549053198166  0.466484199028
0.429414759899  0.542156139165
0.424851643031  0.420913726513
0.599481715835  0.577385767831
0.55790887108  0.367885463716
0.465194966428  0.422856291997
0.429825596183  0.685510946986
0.457688612582  0.510023181238
0.376658706641  0.432300261625
0.502360734639  0.432979192667
0.454479363495  0.615858189927
0.536967376396  0.362251911801
0.518228532014  0.442033565723
0.297712856953  0.39147793643
0.331420457458  0.556782237221
0.460321751734  0.757160753847
0.533409093633  0.409865807328
0.379453108246  0.470082999982
0.674982974222  0.408456922226
0.470422812893  0.589007193565
0.484986489607  0.396489783915
0.54351369075  0.755363584103
0.652628574414  0.33518907163
0.484969175349  0.455471199974
0.201244749016  0.394496355018
0.470678845056  0.545198878019
0.419030289705  0.501489936642
0.370018586992  0.718570860282
0.207310956852  0.492975747859
0.520823328574  0.640153068699
0.463806026438  0.388361216276
0.55313341084  0.443325851931
0.481777964637  0.387040769692
0.576699574579  0.518976358026
0.54956323361  0.468074716933
0.329596060259  0.529144736766
0.570435282564  0.330976598818
0.475716203394  0.48950299331
0.242333352664  0.50602111658
0.423978638093  0.350807451236
0.45970677142  0.509313186717
0.254149267971  0.475695352887
0.558285565585  0.44708661652
0.447084621426  0.295605292578
0.459380913904  0.411888300681
0.326079823742  0.386861860745
0.565495734168  0.440800096098
0.545589078049  0.546911982987
0.526669724524  0.532310021267
0.566722863476  0.578167445516
0.274242507687  0.484346800848
0.340692555866  0.358914791955
0.305860338106  0.413512174344
0.534474773575  0.702626595588
0.312272601302  0.520021127205
0.518010030474  0.307648139978
0.545970448114  0.386742584018
0.49306082824  0.488093804922
0.375053318752  0.504462448431
0.286251814071  0.621219053835
0.351075661195  0.418149781901
0.70324281414  0.264243476804
0.429111912059  0.235791981902
0.477627939511  0.484961800787
0.325189022884  0.530287082103
0.329380235372  0.535158170343
0.592167108394  0.575806591296
0.442805921516  0.555089431187
0.496982534546  0.426238062314
0.446867905547  0.467718301983
0.436060920562  0.535495021341
0.390621820147  0.427046963933
0.551621264165  0.528508661978
0.462969922185  0.368028038621
0.46158937586  0.53407022081
0.617550158985  0.424555434784
0.345769486121  0.58566083764
0.496228582158  0.445198914552
0.795275286275  0.50307416692
0.425759981782  0.543194621014
0.550452494151  0.58096332123
0.475954470958  0.429274555732
0.449696184191  0.622171916304
0.34892002345  0.528480503117
0.529832684389  0.530164028651
0.518527709421  0.417615370019
0.601613714075  0.357006318888
0.501857882576  0.574531321715
0.548218345541  0.55065872106
0.418174861703  0.297868695904
0.455003696641  0.365837246882
0.581077252379  0.522187074134
0.561504425538  0.455242432408
0.385088937685  0.638302411021
0.424934120563  0.386988678311
0.48769448046  0.426746024533
0.54906780007  0.56201883668
0.446374352503  0.562926587217
0.591525618839  0.415132704035
0.538000426905  0.500050757797
0.356551214335  0.402137502173
0.493379374585  0.518737514908
0.451990833018  0.371492114499
0.387586687327  0.294468740295
0.628861274067  0.366646092275
0.449744944499  0.637558668578
0.431761420136  0.372611409266
0.661473997812  0.607986396597
0.572328507209  0.562945221257
0.27128510113  0.543700785378
0.621113673862  0.581643039118
0.555956457549  0.675281497324
0.552810058425  0.564356668848
0.442071995147  0.457184825217
0.71568268513  0.478077131599
0.520182492526  0.523082531158
0.583503785497  0.535411812078
0.315150541417  0.484583405074
0.441438501297  0.460145111196
0.565053231128  0.566184036812
0.403951897515  0.445244845414
0.357636716669  0.462185707851
0.372260036376  0.610933846139
0.56303069265  0.361052059653
0.634929543767  0.470402218466
0.549492582821  0.610902894217
0.602480874919  0.447466105655
0.549518024128  0.410297602377
0.639399415936  0.421653177651
0.466907755373  0.569981158108
0.497368553372  0.527297953814
0.42854236852  0.525853329365
0.33051017981  0.457934180113
0.489600989291  0.544613199971
0.49225249763  0.498590211972
0.479992098904  0.444688326016
0.502056920233  0.676056399731
0.590481427005  0.411365091914
0.485530338213  0.486555150423
0.473073110671  0.492755675955
0.483072142992  0.582797589075
0.593588895903  0.597605723492
0.480047349112  0.562254075443
0.535248397965  0.46663915207
0.396674139772  0.471658419797
0.553498071188  0.465681876054
0.633382935211  0.471674317446
0.551518837626  0.387119297275
0.395527639465  0.587033309781
0.261906139736  0.413748739814
0.63547963442  0.481424993754
0.32208693926  0.501520397536
0.430084739044  0.491385050849
0.597948002782  0.480136716945
0.387631136581  0.497156904269
0.547680787973  0.755206885138
0.488122514156  0.467199884922
0.470205734619  0.455916977634
0.572283016725  0.395762137053
0.383533782425  0.375783623909
0.430231039555  0.548793835911
0.395844404081  0.359838211526
0.509919818492  0.320189888143
0.342043585871  0.445503528692
0.486676450866  0.48522400942
0.471979482487  0.505838763821
0.573885662985  0.47332680242
0.597495995369  0.62866359203
0.539929172404  0.493361226194
0.602185212096  0.500859851106
0.506587979309  0.550418088332
0.425821146198  0.40518681646
0.379174845921  0.502638412722
0.576213046011  0.406495545097
0.386073621401  0.647116146069
0.445838677586  0.415090157995
0.349565988178  0.3840223617
0.507787892547  0.322697061146
0.540416913262  0.296761466494
0.522941351398  0.435296769133
0.405047688417  0.679171603144
0.590315398641  0.385734079652
0.648342461935  0.542636282085
0.432108213249  0.406187143744
0.435059318303  0.446707256554
0.646626657868  0.564197691924
0.485036347479  0.639779378876
0.614714829922  0.555575340889
0.255776006744  0.478749380613
0.573304890307  0.406372335665
0.45949120994  0.370205025526
0.417405378029  0.552486569951
0.677475686799  0.457964471035
0.366796086369  0.419461844529
0.635123667492  0.461350061225
0.494738279942  0.619551734315
0.44951075214  0.229988177824
0.279204418813  0.225244200219
0.450891868959  0.533722375624
0.432280300028  0.445705754628
0.456839363522  0.479423506309
0.444880991581  0.536156093879
0.514136725423  0.509136385108
0.348443342605  0.467463357447
0.556974170354  0.508696252745
0.411104872346  0.537858705605
0.526888790247  0.565065111985
0.434775545604  0.422488259205
0.489947631675  0.612153851855
0.462637470542  0.5334118265
0.597310037143  0.435192047176
0.37947099609  0.536113921728
0.572129255396  0.398867049903
0.564826766599  0.596813729661
0.490132543378  0.639242061619
0.549850135223  0.511607853253
0.310599525997  0.411004824386
0.560867825151  0.485132055103
0.347504468521  0.426486965802
0.490486028053  0.311365862456
0.535710790973  0.600577301283
0.521175047409  0.476923271305
0.353300433061  0.621779471181
0.438535380654  0.545759838145
0.488802748443  0.444467359065
0.617866456706  0.454194954837
0.568112787165  0.511130772163
0.443337523053  0.446144268233
0.520244849463  0.497355643741
0.508505668617  0.528769035636
0.559122398615  0.378087550858
0.545815377122  0.53198035564
0.550897385653  0.613924912616
0.683873118149  0.502841271744
0.326886394117  0.580851825913
0.529732841676  0.602258935448
0.53847998583  0.311956581265
0.550791583041  0.333178233914
0.395152487409  0.401057122538
0.317193930854  0.542273375496
0.655184664988  0.562904279085
0.480028623463  0.643190212485
0.481134194047  0.573400698798
0.387233032534  0.500142515941
0.583085166434  0.462194625594
0.467860880407  0.450787817352
0.511870766786  0.564482062733
0.283770068523  0.497261581425
0.291300145975  0.496698555529
0.501111511943  0.644605553687
0.648880737779  0.431069975387
0.513399415746  0.544516714155
0.427588043966  0.386343687099
0.392908554471  0.621363308298
0.660187346623  0.556577518249
0.564561437859  0.655973495239
0.521593492727  0.701161939689
0.387875304183  0.394142035089
0.630732734226  0.593848081318
0.549987989781  0.581523779072
0.52474695857  0.492025768555
0.40917356899  0.467577918512
0.392330686003  0.414367884556
0.421914959134  0.483461146969
0.535534586158  0.664241289168
0.514935983854  0.448762909622
0.408786904758  0.58337281105
0.474138372995  0.630637290975
0.589785165677  0.683570442576
0.475853141184  0.529540791231
0.550365546225  0.574907735916
0.351831725645  0.457864936008
0.450347566904  0.532967793187
0.228612736896  0.545531531739
0.405301454114  0.592220891055
0.558838644204  0.612392758245
0.48527308267  0.306955325655
0.43023576408  0.530490761691
