0.343372578524  0.544634579123
0.490527036002  0.478665656966
0.514941869779  0.37036260817
0.660771926346  0.53672367126
0.64936025546  0.479798439526
0.380061278346  0.419811418712
0.349390638912  0.540337159119
0.425394397055  0.527679173274
0.647475089732  0.573137614325
0.410512710849  0.567234880787
0.689634149192  0.479318589132
0.566958922518  0.462094864172
0.56511170862  0.520220122818
0.629418297636  0.548947884539
0.563963889295  0.556395096986
0.595687120113  0.637988033346
0.481705461045  0.443306374466
0.487128758438  0.406622236579
0.555759906343  0.469621572713
0.574572320996  0.629941820485
0.389942436029  0.501399819435
0.553438013901  0.388056239127
0.420278694481  0.591026310883
0.471799825109  0.568025523356
0.515613518955  0.45127330404
0.543915251572  0.54927615682
0.595621546352  0.389448403252
0.864526235523  0.597371277663
0.597498243409  0.525998611212
0.487324790219  0.443026229561
0.451153440786  0.504065053811
0.416794025735  0.424511918827
0.419301859913  0.576118161134
0.398173210924  0.349064258095
0.526283150538  0.560526070971
0.491807035682  0.409810713297
0.359234717706  0.641561327404
0.442049775327  0.672990058437
0.391483683062  0.431631043082
0.366417908342  0.410592089874
0.623583680174  0.434141184209
0.485087923155  0.595358876498
0.444416888154  0.439317365032
0.327490275828  0.521185586679
0.629797588915  0.396321335915
0.572575332357  0.50525697708
0.408943759634  0.243412858668
0.450820664036  0.611344834809
0.632328300725  0.568130109157
0.548243511738  0.546690757967
0.623817258165  0.518229103426
0.490298615707  0.557877177841
0.48654659713  0.691849673089
0.612613930323  0.520790110193
0.411645099683  0.406778870506
0.576360377377  0.632569253389
0.543602590853  0.494769752248
0.563636801609  0.398452707071
0.49292316141  0.478079184256
0.609158180473  0.452078890211
0.431646859576  0.519691092342
0.542266225767  0.64179006385
0.678162397814  0.607046536326
0.403980606686  0.654470638449
0.37059120774  0.495863378919
0.376346436533  0.501761304144
0.498378437112  0.278959902846
0.542936594655  0.530664982669
0.428953388108  0.536268784731
0.687760685524  0.303559231096
0.49343138159  0.265055071632
0.401517220515  0.420393957812
0.510446121775  0.422216859107
0.549460338051  0.573428749096
0.504023106253  0.40794560121
0.49805544701  0.551312887063
0.538320051465  0.617545955016
0.396126232389  0.572903502444
0.649439087192  0.433124886953
0.470734756946  0.486045283904
0.571867727316  0.411889926048
0.585125576027  0.540550733061
0.625167970315  0.406520700902
0.431731284146  0.558738495386
0.49574410483  0.389010988682
0.678286480822  0.368208242015
0.513934777172  0.449857433027
0.554189953143  0.577679357503
0.530993410564  0.400777616482
0.516717022894  0.491278820112
0.418993326743  0.716649081953
0.347458815084  0.338074111056
0.548637121567  0.622929181097
0.585293351013  0.4208821683
0.645959300491  0.387695341944
0.459753156123  0.351935756357
0.504781660768  0.317983483794
0.526090515259  0.554164726855
0.452815379442  0.528327051546
0.624265326961  0.5240056073
0.50477117867  0.534051501043
0.498566695938  0.526804423745
0.532190809301  0.555506896145
0.64828129483  0.523294233434
0.519536215206  0.465827019357
0.581890523351  0.334955448976
0.702678138049  0.647902922253
0.413264022686  0.531528186705
0.533764168094  0.576608985347
0.447103147129  0.625299020909
0.579684545754  0.50854342152
0.567987983255  0.47682982406
0.535581418199  0.530676685196
0.514890493433  0.500075507394
0.567761729883  0.674548941085
0.4348286505  0.454036713633
0.607092135429  0.602237443345
0.321949987973  0.367619712729
0.44959065219  0.447526560975
0.560316160433  0.529904354459
0.348202946605  0.412715408736
0.568294645503  0.528500711092
0.376507509884  0.575182188347
0.585666976921  0.537275000871
0.464007959788  0.453081258867
0.492563466066  0.275058568711
0.375529754297  0.530571811154
0.478485484333  0.505545302522
0.422673523366  0.395830313549
0.552370952259  0.534272381093
0.487006422038  0.385369471694
0.375693348814  0.575936438437
0.440130880701  0.411936621728
0.592793012774  0.41539179368
0.612502173414  0.627683423366
0.486332468314  0.63556258173
0.545100967877  0.46652586867
0.468115111771  0.443239818623
0.538210912112  0.551827162542
0.604269191829  0.459819580411
0.307827670365  0.579481752612
0.434443212014  0.516997831796
0.484646688504  0.473526559852
0.648735499606  0.447687058565
0.48894167115  0.523437312131
0.603855673747  0.544480045019
0.479180869361  0.360542093431
0.585028362967  0.419534219716
0.4712404911  0.498191260892
0.653740735458  0.417140853545
0.512712185724  0.534173583055
0.455817640832  0.617577709678
0.416788831791  0.617292221196
0.522550210371  0.527741046682
0.535536051538  0.328943624848
0.525974454812  0.546220195171
0.5889602259  0.488684677608
0.340941709272  0.484215527027
0.406844820405  0.527033765609
0.681763292629  0.416770644136
0.430539440314  0.428318456988
0.584629000792  0.621916801333
0.435474221013  0.401053703376
0.505256213807  0.499194586973
0.368841106938  0.686809222392
0.564929629227  0.496288660689
0.447506903562  0.40466653589
0.411119701116  0.442030595761
0.378818994156  0.746298803949
0.423382359475  0.647319505851
0.42470774233  0.407966912942
0.497752533614  0.462745232341
0.539852824267  0.502684110012
0.700965998827  0.595111759884
0.431196188072  0.632558646072
0.383791378312  0.442088827754
0.549418199824  0.529053123385
0.519764834821  0.59257794637
0.512195338159  0.453786811148
0.425607914288  0.479188682731
0.631868943674  0.474131240581
0.466602033998  0.48345803691
0.538118831766  0.468474131023
0.398949856419  0.547483555974
0.575963396783  0.483532856424
0.622763843913  0.402566296987
0.527493033411  0.440075075133
0.556920792465  0.513344968246
0.638872129458  0.426646889002
0.411367978551  0.570681972617
0.530018533664  0.510309386868
0.471731456109  0.604025931201
0.622759071665  0.431825465858
0.399907617314  0.643674898663
0.399270185303  0.553484385607
0.518433890498  0.453666488046
0.642072397734  0.35261558176
0.410079691071  0.487033095191
0.390072232131  0.438353003155
0.472622667089  0.441697181627
0.597770943785  0.565716140725
0.497252465195  0.805060541993
0.375165812733  0.575378621248
0.596582509746  0.575440320489
0.739180035641  0.450443240912
0.453104672313  0.499103093747
0.292489083241  0.471617323552
0.537010899627  0.559287613667
0.498872973887  0.361206616487
0.550564760266  0.454725198268
0.441432471645  0.568034424263
0.571651609014  0.487094509624
0.355073858579  0.472740247115
0.468304933644  0.367305385818
0.488673253233  0.551300764107
0.540637142433  0.411199397316
0.320450481157  0.467716441871
0.607594816136  0.486667706777
0.669372389689  0.390192661998
0.475294738381  0.443215487133
0.674898889457  0.384312366906
0.685013263629  0.563010653007
0.404433316932  0.517837885627
0.514568526926  0.48996189465
0.381508203534  0.443835914374
0.589414801815  0.359331165129
0.576524076721  0.433667956354
0.488177204374  0.627376353087
0.514998811415  0.436574507643
0.675084830109  0.521854080475
0.258056392029  0.57552785569
0.424731414262  0.54892595825
0.53453067776  0.612192832384
0.447234314191  0.506888907704
0.628788001873  0.318666322775
0.285078294842  0.382001093982
0.491377743232  0.448572991809
0.579841085902  0.509019719047
0.521548752244  0.443397271036
0.490858458367  0.541060198851
0.5479219321  0.373508131898
0.397362429811  0.428753080816
0.489427924417  0.665755774009
0.416052284502  0.628404617979
0.638797801596  0.336150354694
0.468697838204  0.512791756325
0.528128579289  0.468834601022
0.377399005916  0.719669820118
0.477853451917  0.371980565417
0.713014663772  0.711545620264
0.609025429449  0.471744771263
0.44158913437  0.517772615703
0.495284816199  0.516661873203
0.619133644029  0.385009640201
0.465569815853  0.435949476767
0.589358277667  0.431788794136
0.534966894323  0.626662676249
0.575165031396  0.320385471753
0.532396157054  0.432849774096
0.532210433668  0.324862181179
0.486256823299  0.481340426165
0.460434360009  0.689558289414
0.419071279506  0.386654580623
0.507166163101  0.596491521188
0.428283404301  0.474592947868
0.584088039836  0.47117580018
0.437403137388  0.526291767874
0.634226861627  0.55988335187
0.555430775732  0.52976503388
0.579433270475  0.493903267476
0.659982121951  0.413127997876
0.392625351648  0.25488143645
0.351415319695  0.390081768577
0.343980242478  0.451742437362
0.551959523654  0.609036133569
0.481618349167  0.543687489498
0.655928951077  0.452885381812
0.376584276539  0.512375318044
0.455661151941  0.675917925839
0.500009763829  0.401252067786
0.567699931062  0.333958688375
0.485631507777  0.309641441678
0.448867834746  0.469587952273
0.3899266312  0.442110179555
0.369499952708  0.572486694479
0.386050462617  0.60358122131
0.425810136024  0.552249478028
0.649732949889  0.445482754207
0.42469895308  0.488535414358
0.636092222239  0.601251544609
0.489687378281  0.557676361003
0.474054212254  0.494382674964
0.601901650495  0.501218506362
0.771188105761  0.600069841056
0.354699590217  0.368649445499
0.511615964116  0.478344726981
0.374879458723  0.533496675229
0.446421646817  0.603763984957
0.494672032759  0.52096824106
0.571714726418  0.596244246055
0.640151308678  0.501688668599
0.608696848803  0.482756462922
0.590041524925  0.368863443077
0.449011676994  0.392843334281
0.583220013835  0.530422809438
0.564866716233  0.430484401806
0.424638136033  0.37582230638
0.555674503848  0.743741612533
0.328998164612  0.467530587377
0.624029997516  0.526341030195
0.710226370632  0.53485053624
0.380773472299  0.441167175944
0.444638882682  0.397197280254
0.619556300386  0.507617717076
0.264615795949  0.538407074842
0.455100103113  0.664896336205
0.588074787556  0.523938856241
0.314713093847  0.415918892088
0.562728150131  0.27390492412
0.501056651684  0.377961873858
0.353606521053  0.521417333998
0.469710483428  0.585690305722
0.593091469335  0.45103269774
0.397143447085  0.75496506434
0.488570440476  0.519392536909
0.657135471748  0.546379705975
0.527262141471  0.547826004704
0.448160123691  0.482514880821
0.355392763852  0.486773505054
0.410740487343  0.513137163334
0.633597015599  0.620136289378
0.582788639991  0.545943816461
0.51944327131  0.550566896009
0.260804373175  0.419941190244
0.532689556062  0.433858163846
0.417556041958  0.441417802283
0.589522455597  0.397847240942
0.55962627282  0.413103409918
0.566787002377  0.504055723254
0.539870519173  0.56664814674
0.558025858463  0.585988307462
0.489021760182  0.533391237568
0.483991385491  0.679821880704
0.396005765098  0.313332458934
0.635661871105  0.510398771773
0.421759185747  0.389884708079
0.498040672695  0.451999223904
0.59077118795  0.518171278388
0.582521592374  0.566178473253
0.426971952832  0.563503023322
0.538380648092  0.512081374639
0.368484344059  0.502181546903
0.447651354386  0.330603766322
0.464704935408  0.422072336585
0.657762960325  0.551633822404
0.363999118871  0.396439869647
0.447069793683  0.546577516731
0.591433980654  0.447512488423
0.5078166862  0.470238390592
0.486360377149  0.452032160926
0.752375494921  0.565761104037
0.475391310539  0.607771140369
0.667508606396  0.518892863001
0.579331265177  0.504797242586
0.689673597185  0.621367118186
0.287238749467  0.496373217326
0.414513457787  0.568798770281
0.653493348762  0.606383730422
0.603749170701  0.623468890273
0.30190546528  0.51952233961
0.646696158309  0.497191611735
0.437731210504  0.463687594107
0.389354378946  0.586064263518
0.560665352472  0.487709414773
0.405613570697  0.585786863022
0.504884348434  0.32502474102
0.535404317766  0.533080257135
0.373091152839  0.723057617064
0.351317116106  0.490982112437
0.531694337157  0.481741649251
0.395561952922  0.526165233688
0.594947376485  0.680977753058
0.305473694002  0.645857005936
0.50067559125  0.56535436734
0.498962934495  0.564424890851
0.508953771385  0.649143987651
0.508812912254  0.507834697962
0.279302971382  0.596134821934
0.587429459438  0.532651084715
0.477600861823  0.309406501616
0.420816246527  0.629121540287
0.383363123481  0.401124293888
0.575837575513  0.499476012746
0.707255591759  0.582367474366
0.491489680489  0.422241045531
0.462328376198  0.551563971971
0.380124073507  0.471264393855
0.572176001303  0.369618395686
0.449328494014  0.330764310432
0.663453481236  0.299608591258
0.621448300894  0.495378901373
0.315733505092  0.526910837394
0.401458894369  0.656239415936
0.49502773515  0.643135811794
0.595115451473  0.655603658334
0.375773995829  0.638068584686
0.44632767211  0.580939817396
0.522606661613  0.651824014718
0.653854343515  0.633288133743
0.756231261919  0.65154272509
0.491711036949  0.57877972253
0.626927304917  0.48170589934
0.41334301484  0.494136012405
0.33316278157  0.497589773652
0.393129329992  0.362187642574
0.479697186407  0.382011256138
0.47930773089  0.376899565407
0.527980287911  0.662337779355
0.241731036514  0.442428408767
0.315249479348  0.425209395062
0.52411880266  0.597412540733
0.424882009982  0.499257823748
0.581818642105  0.502255295953
0.350165755792  0.592812524967
0.256538657869  0.315601858375
0.532991969683  0.448120740172
0.490946989311  0.38335013706
0.428503458746  0.582313899316
0.396711212552  0.607379150773
0.512623410222  0.469290730939
0.314838661136  0.535163836161
0.53122904172  0.501203398585
0.396585981211  0.461062160234
0.55600649512  0.486169511392
0.461376284716  0.597347980029
0.588808090161  0.525411454246
0.381595259634  0.677184696425
0.371390954441  0.558424006192
0.537352809373  0.502515598642
0.504306509938  0.498470378823
0.480601058864  0.534142424082
0.446616792314  0.409481746522
0.394395651028  0.539582181268
0.529017470566  0.19054101432
0.341011368813  0.518145834385
0.651577473638  0.428126837889
0.472732449028  0.687427928714
0.424572840422  0.458173382924
0.438430888703  0.464333224079
0.450337596372  0.313397284898
0.600485942264  0.419012018624
0.482099041705  0.352246262347
0.307821781353  0.481062009024
0.620587610522  0.646159108252
0.3696045032  0.46691979268
0.685188006266  0.531315344356
0.468204658248  0.487105886198
0.522897097603  0.57536470552
0.465915022875  0.511185378046
0.39352125371  0.481424341741
0.624856697198  0.524089856252
0.57708220227  0.388808404528
0.329930198303  0.423259197409
0.51071408416  0.425842462154
0.502977694405  0.452841845163
0.460955477018  0.593137561026
0.498876657048  0.37715051872
0.558853208284  0.540921917846
0.579261921757  0.594046331763
0.611133460996  0.323734555223
0.386843590485  0.504085518132
0.487252374128  0.371149437443
0.458117388253  0.45955291891
0.334480030339  0.498439134212
0.499534167402  0.532463341545
0.512406266736  0.428406556215
0.605737106212  0.419391248309
0.566331547441  0.714668447565
0.324196867266  0.403195376664
0.543732997521  0.310115092371
0.466593707521  0.474666414649
0.454692229298  0.515388585297
0.394750531555  0.541898717339
0.630514859154  0.490214076086
0.494537656316  0.403513303683
0.543825151415  0.607750779571
0.26498961214  0.463578953618
0.514190252949  0.673030922968
0.558324551605  0.368339103611
0.371707906792  0.540860421231
0.593537237663  0.595445975728
0.577935228516  0.581350740554
0.453387722002  0.350120008244
0.456414421662  0.359323744497
0.646501176354  0.399103575236
0.584520424375  0.550147016743
0.525392562046  0.387534146601
0.331173765863  0.429714115322
0.650051926971  0.319236602597
0.409309387295  0.352009516763
0.566420289109  0.402311787008
0.552901131034  0.593451721514
0.533834904422  0.523912832898
0.409270446477  0.516841626116
0.648414366716  0.379345449972
0.560825579983  0.293355316129
0.398258348478  0.53671325661
0.538832485624  0.53613786367
0.533437457936  0.468559022706
0.538672793119  0.550073309892
0.359142147317  0.544842801853
0.423222652167  0.533208202108
0.441156453938  0.622250338948
0.470602849775  0.429742396706
0.593188974432  0.496078363555
0.48258215079  0.571258303662
0.620345864116  0.558770407777
0.336698310004  0.642684902346
0.333610793001  0.588737483831
0.321816238515  0.470467030112
0.686337629765  0.539134880236
0.471080109828  0.53286655127
0.52178949979  0.668742901995
0.60222452961  0.467246763639
0.537728423693  0.655150656156
0.56077204044  0.522603891972
0.451325488735  0.411012222323
0.39155647254  0.355596247819
0.408561628883  0.320164381874
0.668435211331  0.519630682845
0.528944113219  0.545433193804
0.475233162134  0.515182091799
0.284772954923  0.472102718222
0.349064984815  0.40059862331
0.648909425589  0.440080107823
0.580000476472  0.302486087664
0.387832508087  0.436466574198
0.485311988454  0.468518896149
0.580185205119  0.347760412429
0.723383218169  0.484247060698
0.57738334881  0.693061305045
0.486337682521  0.580004030652
0.483509543694  0.421344071414
0.620078344807  0.544490565555
0.560137948151  0.576213869376
0.363640345455  0.377304008259
0.485188713966  0.530841874753
0.579128849437  0.667845614892
0.368059991497  0.450235421828
0.475279796027  0.559172960436
0.479735628819  0.591938516452
0.555703130956  0.441670079088
0.442371422641  0.555783867068
0.547716188831  0.27109577463
0.435070545371  0.535141988204
0.62547012177  0.581775707921
0.505556210572  0.526009227009
0.604131550049  0.6352802929
0.495368656462  0.549485647611
0.527915641924  0.540722875964
0.529289413468  0.306790148121
0.495847999214  0.519480199494
0.570680432286  0.550789289905
0.407393954404  0.524959718992
0.662270375212  0.516662421061
0.494830540975  0.418688857712
0.422211883596  0.56881020351
0.628458776511  0.553066452689
0.386539717042  0.30684461381
0.644825498132  0.737104475627
0.649381699929  0.527951701755
0.593073036182  0.479097606123
0.361423051391  0.488320753945
0.520212579262  0.579356379493
0.598746115145  0.515302951327
0.293501557343  0.33101620742
0.573859732343  0.440796390996
0.467262335109  0.588756754302
0.71340419487  0.469567574729
0.4217914085  0.503017949541
0.505185604638  0.460468539686
0.53668964386  0.524160475083
0.626797269742  0.728966126586
0.611713190532  0.530357297078
0.451545939184  0.640116681307
0.597515612349  0.337351576248
0.434918771742  0.587587038573
0.591917373751  0.518804632145
0.567772361634  0.504045722593
0.462247908279  0.522384834006
0.619414128476  0.272484887458
0.502287569839  0.329537721864
0.436382870585  0.45293803821
0.524845439168  0.329253734513
0.41404783598  0.568452172059
0.385118556933  0.629328997783
0.702658623319  0.629385412306
0.349266990643  0.527828858644
0.659309458401  0.333226418229
0.549372065643  0.563354989287
0.460297787821  0.364311754258
0.488085192451  0.315683726356
0.615680873248  0.481121256296
0.35763363301  0.57762093242
0.546368423003  0.531452700546
0.556791673588  0.56814175471
0.517833566872  0.565334203149
0.695734391354  0.406282121843
0.419051155747  0.41901255061
0.451099342459  0.548829309967
0.560693613369  0.532160093125
0.448773600321  0.580070020036
0.655113913659  0.344704551263
0.573203506646  0.459246671449
0.427454156275  0.742674393045
0.471895404259  0.474614975434
0.56290138694  0.37729271398
0.525523213123  0.438136881131
0.383999516432  0.478711682679
0.544833812201  0.392503786332
0.46652241714  0.616703403525
0.491937383095  0.375655229893
0.559427820436  0.49872951246
0.475749962168  0.517697022483
0.42737004531  0.577444684349
0.517333844258  0.703223289743
0.550351391781  0.43711666393
0.524507627409  0.383261457217
0.544149906407  0.38296757825
0.599547394029  0.710409122172
0.685808232729  0.491091254252
0.657083682689  0.355190697586
0.59033867592  0.469425922935
0.276206037446  0.436923403405
0.388579391635  0.460038713842
0.451001727834  0.427839367384
0.486601459129  0.307410827115
0.661170815348  0.34371858137
0.419692372523  0.521929278055
0.721803957321  0.541394127234
0.562265198643  0.371558402632
0.281993299305  0.508115533142
0.370870655652  0.528808249979
0.585540166398  0.411645755573
0.342748060089  0.52694267193
0.603498365349  0.456198886477
0.493187090098  0.425240374507
0.627263159467  0.616982283823
0.519450103055  0.437897804951
0.499052078508  0.474253527854
0.592079597103  0.679645589425
0.481758524822  0.530854413159
0.362764054778  0.601390851664
0.386816403845  0.307174194584
0.385526496701  0.275222168527
0.652088021073  0.388221556609
0.344602603974  0.504218665205
0.606179025427  0.436013435831
0.418607783885  0.66506712533
0.506385732252  0.559845684043
0.413083620934  0.608253283993
0.530437926912  0.484139888592
0.62572190414  0.40603846259
0.52106916989  0.382759504221
0.504387761013  0.499960947338
0.486380881492  0.545380810997
0.466696248982  0.452915396058
0.68322328508  0.537147887666
0.543253776895  0.633913407365
0.652482582164  0.544613029892
0.662269169923  0.477180876347
0.530769570932  0.358560239937
0.492276533274  0.633953840021
0.521088870061  0.437196394331
0.386423460299  0.325677864245
0.409747568376  0.282192720271
0.496269336798  0.378834262777
0.50488884235  0.472451475664
0.566643559684  0.420166932019
0.530532270634  0.542465480767
0.614060384672  0.419876783484
0.594148715066  0.629378172717
0.775378072883  0.417825883563
0.497246590675  0.442742108585
0.476406033421  0.469033761993
0.718306922202  0.422025290106
0.408956393055  0.448320584385
0.176010660866  0.640184460553
0.424431549059  0.620071247933
0.702766168999  0.550683254562
0.705620813887  0.528919566273
0.551768465385  0.620551333066
0.533336900758  0.523216121001
0.419327877777  0.431456663614
0.340087636416  0.488398107396
0.503730184732  0.490340707358
0.489805088886  0.544060241466
0.466055462822  0.594963467859
0.560261586731  0.422958595364
0.557084253111  0.691335872163
0.540369467995  0.530297722828
0.400361236984  0.40731388883
0.459738951485  0.352484099062
0.589913342166  0.450623304904
0.446796508915  0.441040879122
0.478198539907  0.405243473015
0.665388559818  0.471977515704
0.458829816541  0.545440957276
0.403467689448  0.358020837194
0.450620468607  0.397347902289
0.543825897096  0.351278517734
0.685340159249  0.410809411943
0.316513104338  0.683647927235
0.322586131518  0.417922250096
0.463599986998  0.48753281829
0.575669692859  0.39690591994
0.462426569715  0.267833952071
0.293402220382  0.550299189479
0.594235944544  0.467200647001
0.296659479572  0.520318086242
0.432838364804  0.371215389512
0.720783733675  0.506905303038
0.593087115628  0.590621849805
0.435879590436  0.383919290071
0.528159459185  0.659963102334
0.428750041953  0.524943573887
0.576777818313  0.562000600959
0.546850056482  0.742071742563
0.519799895994  0.499676076953
0.608085020167  0.605526563892
0.419681932674  0.490507674229
0.575724369953  0.532327641073
0.512164846034  0.240489506731
0.368621463205  0.551750010965
0.601958667179  0.666108275649
0.384142368614  0.82618524233
0.69571736104  0.632927089514
0.290216918424  0.408647577634
0.635623119945  0.39516464117
0.408698788864  0.578228006913
0.454664155238  0.458149369251
0.479960220509  0.370039891034
0.521044914659  0.565979156321
0.511644334121  0.33279597088
0.567708650721  0.422972497765
0.493705110186  0.49799689927
0.583536357327  0.46351760985
0.259720999073  0.617112347717
0.629945730024  0.246384873506
0.327329485077  0.247644175718
0.619778426747  0.323857315699
0.577510877918  0.546479470098
0.542203648022  0.486407890456
0.492709868421  0.691660926816
0.466232397711  0.421795647145
0.459733519332  0.531505611259
0.555322750905  0.511584177578
0.416683256599  0.527576494235
0.47141090662  0.364040858293
0.494865063986  0.782245227524
0.437009736252  0.440061213979
0.227754719785  0.50910973641
0.546295129815  0.520913264786
0.563620386804  0.432530570722
0.436053421056  0.3791347049
0.696102193503  0.375583580368
0.556340785099  0.50368046516
0.340156391429  0.515417233741
0.637887384944  0.531714990324
0.459075884186  0.580858681429
0.330582655167  0.58246792815
0.523973236545  0.608434970509
0.61914043857  0.520138818003
0.640215517423  0.487897777025
0.273599008546  0.430588849941
0.519392920656  0.634048102705
0.478835991272  0.379511914271
0.624359264113  0.38479238763
0.519292007445  0.528108356232
0.287250252193  0.497236883995
0.652246977032  0.576228673594
0.362107163492  0.399685605246
0.390461189207  0.537957182214
0.708590379429  0.544240151016
0.557043601002  0.427720718911
0.56252450226  0.488539808669
0.551557859704  0.361785685988
0.54298769738  0.582355681308
0.62946029711  0.469882822727
0.434048847692  0.643635816491
0.43578460726  0.489142154978
0.378676822536  0.516028752521
0.419733263262  0.40001714916
0.675806268632  0.191061260429
0.57891057989  0.340564944949
0.378378136263  0.430168001804
0.523102742525  0.490599145848
0.553120632447  0.283296887724
0.342728936805  0.252886151659
0.550863851577  0.553613368496
0.480048184785  0.380570041528
0.866699020365  0.626892129518
0.668063799736  0.522491248846
0.506181061901  0.465603656633
0.590671704086  0.250317943854
0.55996445661  0.570450332068
0.397265848486  0.554876325594
0.743437252971  0.474267198129
0.550600867826  0.573172720269
0.454743451995  0.515007312249
0.46083473993  0.533562471661
0.481740725839  0.605771734233
0.610751491645  0.336344930024
0.580878696815  0.637286566009
0.396356099144  0.598359920552
0.601539779873  0.564199061538
0.61534898455  0.595163649735
0.576005215361  0.578758732819
0.44687306747  0.505945432196
0.57429112503  0.546226012651
0.605085486246  0.451458393031
0.703557846985  0.601568340146
0.554075007471  0.36463765733
0.517699166151  0.399764867329
0.480901484579  0.542282885123
0.394300018454  0.582695279946
0.485111985003  0.512907812008
0.546795118745  0.531595127617
0.539359669238  0.438153951839
0.721448115199  0.695787093283
0.445188327533  0.590699305054
0.558248737866  0.39319444972
0.599094574668  0.303344627823
0.451073267524  0.511987003924
0.414114004703  0.499462042673
0.472782868936  0.385015438887
0.494089780017  0.638481808173
0.624935776171  0.480836812262
0.334246191019  0.448237335645
0.424980733008  0.594888389777
0.589628539795  0.335072927494
0.320607033399  0.468624549411
0.483905603203  0.513363694975
0.480875880035  0.422669092234
0.432901642982  0.447370884107
0.625643337643  0.562030656483
0.558210711072  0.542340669408
0.280773737658  0.501791015395
0.526999146174  0.35521410388
0.629061090381  0.43404391227
0.484894307142  0.455770563393
0.369487787782  0.712290144773
0.694048769992  0.578263161168
0.507113741931  0.443917299099
0.425659194334  0.36655422063
0.409690980464  0.470258451597
0.380474847421  0.298578335189
0.639382440562  0.410271859441
0.628622412477  0.383250831008
0.731444116248  0.357816814671
0.454053305147  0.549023703564
0.431841633777  0.612856238647
0.510568326726  0.41092178547
0.544274827048  0.415549609043
0.583921912928  0.496613611997
0.565328194739  0.395929530785
0.633218235177  0.476259191986
0.454831990822  0.503961463636
0.551834872896  0.439281431408
0.445874892154  0.535814753254
0.405073323622  0.410906492709
0.5923044394  0.472120278391
0.430886071544  0.33076591366
0.272107847762  0.568494098077
0.402144013375  0.458024227992
0.58484975639  0.497786902602
0.550426114327  0.403159713422
0.514570768731  0.38140340038
0.64544025833  0.49656481983
0.432299967437  0.644831414444
0.445431810545  0.434619538929
0.481936265124  0.417075076889
0.474486528879  0.492871980761
0.412587766082  0.449919748229
0.469591505558  0.513401780299
0.464412042311  0.413380734385
0.551270253898  0.453688578694
0.437546046892  0.645950079535
0.441717902697  0.338882878396
0.524908992829  0.789863145923
0.546027622948  0.498599951374
0.691993963613  0.419854068277
0.530371451346  0.408011494013
0.454565259222  0.564394690242
0.451144937606  0.498625794728
0.346925903082  0.397611352727
0.538438983971  0.532692438343
0.45034936757  0.560008081233
0.516095014653  0.566205557391
0.439647919418  0.496196511394
0.600939072664  0.535777797975
0.607357856478  0.500205527842
0.613180215699  0.717614690624
0.421198049747  0.635813183431
0.469413366647  0.589884403916
0.452433414119  0.446258252295
0.608323644857  0.364218271777
0.35486448057  0.200409855893
0.518422716591  0.499279164764
0.388500807026  0.492021916929
0.496094503491  0.273448396841
0.539238954447  0.580837960722
0.384881452494  0.328504556374
0.493142887637  0.573215450221
0.537916820657  0.485977121256
0.688998271236  0.52237380473
0.559053363077  0.496579925452
0.537152261616  0.54137125617
0.445456566729  0.698318037301
0.556959043364  0.370258409012
0.482565869243  0.476406518901
0.540810622142  0.712879579495
0.459996455174  0.601284652352
0.599298701192  0.372763321903
0.56843007869  0.528556361707
0.611646565972  0.702536872945
0.473819720874  0.472481312415
0.398389620502  0.568549399364
0.648311383345  0.37034902035
0.453201675385  0.601869784439
0.562184553994  0.61973856573
0.462707986566  0.428876506512
0.472128609528  0.527194049673
0.449293460534  0.529507518393
0.339748878855  0.521814034239
0.48710080119  0.784254071895
0.414463736656  0.393892549095
0.706283910063  0.518675750875
0.499268599967  0.472473347703
0.50359659274  0.379835766976
0.561179084701  0.38314767662
0.543779567772  0.354303711573
0.547503627799  0.479208231511
0.658754162391  0.46755489717
0.479497552318  0.388277445522
0.576753035977  0.451262327731
0.554759927364  0.446816380117
0.375444696535  0.513761891274
0.503887950711  0.357155072845
0.429676849788  0.489019079225
0.405806522861  0.549532333812
0.66555385411  0.470885953325
0.554218209953  0.546914377987
0.537758886299  0.436737421156
0.614469469409  0.653386183468
0.544656239993  0.552451189452
0.423054998407  0.54385370503
0.383272113321  0.590598342442
0.540868279153  0.445964972444
0.365139135521  0.538846697819
0.455059325111  0.62123145334
0.552357196005  0.446809089879
0.627155451733  0.631020900162
0.431663136918  0.49221833248
0.511450508759  0.653643269572
0.366961025733  0.400291573568
0.503714966045  0.359664381894
0.571551484855  0.472050725593
0.594527339802  0.479866025011
0.478737180784  0.553955188883
0.609791650947  0.567707990495
0.659431402698  0.560530429137
0.524773662697  0.383052637364
0.4234082273  0.35068310778
0.339033335641  0.342375505762
0.519043010711  0.551538260964
0.600676019265  0.488688268197
0.544295104371  0.448090056665
0.465916700766  0.54298813537
0.434539322304  0.458070162852
0.48052733105  0.439991809225
0.429885583352  0.430786210646
0.58584463487  0.391302675811
0.426423312651  0.452806338965
0.594436459353  0.513710814062
0.643220488735  0.41318997183
0.616548765469  0.628232525882
0.623495460216  0.433914072499
0.526776632162  0.496742065023
0.589846133136  0.445195848764
0.650850044786  0.445954111441
0.663890784809  0.479084794484
0.452140239279  0.503450423633
0.448466123033  0.775147709112
0.478354324689  0.632023068282
0.577421705364  0.516989987294
0.577445301983  0.536634700172
0.441475744148  0.623438529054
0.520828213722  0.450307183651
0.303735764305  0.477284194421
