0.523443429915  0.339607412178
0.472575018212  0.400564956995
0.456642576658  0.332267302668
0.591137871576  0.688904142999
0.180792111665  0.483436618993
0.532833680739  0.640102061227
0.494724426965  0.555043144647
0.467400410659  0.387458091796
0.508174028477  0.582084270347
0.506943138306  0.57392240468
0.471825733759  0.484009886941
0.54294033174  0.531283629006
0.454747295171  0.433526719034
0.534243431914  0.562502435482
0.467085215215  0.533557017956
0.321639324607  0.554264832193
0.552330061527  0.736754170183
0.64817287346  0.350985347195
0.523049582069  0.446800186114
0.593490044379  0.43825098882
0.653511327501  0.485736578027
0.579722255097  0.530453758299
0.603226931889  0.641084538861
0.535358215623  0.580890153806
0.598185657837  0.307119738077
0.794435055614  0.292041552833
0.7560804944  0.598559370587
0.67134001238  0.56517782293
0.543937638666  0.481065720784
0.500572837964  0.297760883229
0.292652357773  0.385753910474
0.487572072372  0.542052546055
0.493751622366  0.599942756556
0.602126474346  0.532134020598
0.377966769062  0.50991375049
0.553801344733  0.300817238812
0.444150226977  0.605274987155
0.444480971485  0.555781697485
0.526679234358  0.449598924597
0.427082038922  0.652847893572
0.574454866237  0.388180715081
0.503190585666  0.3189970451
0.497700750349  0.64344673921
0.542646342501  0.407080711236
0.615079856965  0.455026682481
0.414593480817  0.535321053155
0.304345983162  0.441123068772
0.413849317202  0.667794186566
0.575305689601  0.284499417752
0.461821238132  0.365760755606
0.548507962504  0.707569706389
0.412619366072  0.565610297651
0.437589460876  0.57906206112
0.272414942451  0.499167452389
0.717126481069  0.513867132411
0.599861229795  0.576951849561
0.710919647954  0.55507129969
0.617978038007  0.398763505191
0.485651678285  0.696537050657
0.566146108446  0.589450353842
0.678526587083  0.519478193448
0.50774385021  0.427000108115
0.576644856304  0.416473334701
0.663842367695  0.575977051516
0.486238605721  0.505366681672
0.314068817794  0.54053845741
0.443842191431  0.540857318251
0.57450232331  0.527593727773
0.331152867406  0.5183390706
0.646217143992  0.617602477408
0.483110247484  0.565011063384
0.463404009112  0.426059744131
0.50597665502  0.567114738786
0.699792391602  0.324933940728
0.501778134793  0.50175192455
0.578641119625  0.559440819087
0.542163940935  0.378992079729
0.421046434752  0.39814476444
0.39176454564  0.489565568881
0.478714008486  0.490770526662
0.528982351084  0.57667825254
0.512181910553  0.636802402608
0.433841010199  0.489718894304
0.505552053214  0.505835112087
0.374569204045  0.403959750248
0.46934286879  0.574266075351
0.409894497939  0.644384330848
0.59571333643  0.550179438647
0.609327457127  0.249547509317
0.653791761007  0.433883651415
0.429928308124  0.368801166953
0.540789818962  0.422855636515
0.382737560134  0.491277069349
0.5976428399  0.640533974215
0.408628886481  0.483231359317
0.448932675024  0.391038692727
0.48350077712  0.394329140182
0.441168313355  0.435388731036
0.320865060201  0.499450813807
0.459650488508  0.58679692229
0.546782577195  0.412954805316
0.523871121156  0.632393420633
0.456339502914  0.370062155662
0.559254026655  0.523992379569
0.657982985868  0.390940820535
0.36805528525  0.521854701457
0.383040334862  0.620715717704
0.62847899947  0.586496760483
0.610052332592  0.335371633103
0.610000520148  0.596563590167
0.40678376589  0.264778335481
0.389309968878  0.371928560282
0.300405004448  0.593448716361
0.562545254404  0.428398345872
0.318888771241  0.737452680847
0.378659742348  0.424648888596
0.288881510005  0.520902343773
0.506460973773  0.399844323148
0.460808837127  0.54415418337
0.451337364181  0.36226691647
0.554845173313  0.535882612562
0.636326144597  0.492821769829
0.509554808302  0.321611648677
0.427528583424  0.582466200763
0.462332280734  0.301247103853
0.591399713274  0.555876520971
0.534449367691  0.384360179793
0.483284446186  0.556531251366
0.593321169766  0.470886863574
0.571954105435  0.373184962409
0.434608924781  0.545713925464
0.330394148229  0.496433908965
0.387668281909  0.468309664522
0.568664125975  0.341439880957
0.712659430992  0.627083604103
0.521584377102  0.479623088205
0.519951407422  0.417540524814
0.532395097155  0.42673096978
0.549162653256  0.585646222701
0.481019565075  0.449261554547
0.85786028844  0.537364638747
0.574832292597  0.463796090045
0.570433180796  0.62967539414
0.503377652514  0.540627192435
0.41966589298  0.564530155588
0.61054136293  0.502707100778
0.719805791796  0.374418308721
0.498330313119  0.458132317569
0.609575923876  0.476352077748
0.541606475424  0.450883835528
0.466361396038  0.525194585903
0.35632868548  0.49759578695
0.71745701732  0.455835094206
0.560861821761  0.332667278656
0.432326313727  0.495162020546
0.176826535425  0.550804895352
0.703056720638  0.612714079138
0.533531873879  0.58082786582
0.332668276128  0.631498118347
0.521387193761  0.485402515417
0.443213959844  0.664058744189
0.34800389325  0.623949143735
0.539450097441  0.343534310128
0.46094106011  0.511654472569
0.374628825965  0.701313683284
0.471153665582  0.595853432267
0.375646422811  0.565621339419
0.388463003438  0.440137884654
0.61734641129  0.292819257472
0.474580720745  0.541394444271
0.265779168779  0.581059714983
0.406998677705  0.576967168001
0.466444224627  0.486555476233
0.598849415584  0.578053651359
0.560173781929  0.766190436338
0.164632023874  0.414601228641
0.41475665832  0.767721122387
0.527695365014  0.45292540548
0.51360938865  0.538395150431
0.568960922904  0.548064956165
0.375391690433  0.352663085776
0.40259570151  0.516321623645
0.559283434664  0.4246191149
0.601077857366  0.579089836742
0.578504094958  0.258814725033
0.520032133786  0.334319357881
0.554666795194  0.483399450116
0.223583712103  0.437837401072
0.355641509518  0.490660827611
0.543785508656  0.507562797339
0.461365787231  0.603125714095
0.616503841651  0.524822213592
0.454331675562  0.55088942538
0.520759858751  0.56203526243
0.517605845687  0.401378595432
0.602307939124  0.433212835607
0.370690589586  0.452101157417
0.590533307741  0.511149748051
0.287580319728  0.487788484878
0.427636864658  0.594308594874
0.594940278635  0.497931895618
0.415574422273  0.538349287977
0.437693720506  0.525051909574
0.44743869528  0.597578660669
0.505628207171  0.479139632905
0.538506493196  0.361043940178
0.393085494381  0.579875596469
0.420943209042  0.482729948674
0.493758391469  0.300289323633
0.462430472759  0.547579322354
0.522968984528  0.648218099549
0.381186615329  0.594949303631
0.433247049864  0.458633346492
0.498268903529  0.483701416497
0.586137371665  0.604240013239
0.285172362891  0.471677326572
0.472731253429  0.390549374333
0.471863447332  0.543345511017
0.593830858653  0.47522051626
0.585920957323  0.683098351365
0.434406525866  0.46332304527
0.413165507453  0.418856643936
0.518854409149  0.377587155308
0.366283046702  0.542224427277
0.51940730514  0.334937799034
0.589236117624  0.689441029176
0.614257599307  0.392012771918
0.609904892576  0.321460688387
0.444115601954  0.769164928549
0.285333831749  0.629198765901
0.551336711013  0.495362680417
0.553758829413  0.462855428547
0.486006048578  0.404595869476
0.601976581612  0.429086226581
0.38477095462  0.381906857236
0.658697491255  0.449255241704
0.436883196328  0.349449380806
0.574417676664  0.534376094128
0.359966150325  0.517320110026
0.560913660532  0.595662854582
0.483261017455  0.569795909201
0.50144524482  0.474384189105
0.471401936891  0.351648748008
0.570680193038  0.361763115639
0.386872679602  0.591851271863
0.347768701713  0.541338780507
0.607578493754  0.651117140467
0.288805216319  0.364996586708
0.577394313584  0.816925758403
0.537148443728  0.400394399561
0.593304231997  0.478041461907
0.412899686509  0.504443466391
0.656019521057  0.505633498784
0.564907666025  0.457499565074
0.399777112613  0.500492943434
0.40867265028  0.627442118169
0.516988740989  0.44243921207
0.54669649218  0.445659886071
0.532735745027  0.644089719567
0.484778416183  0.448789998322
0.615847878035  0.513063691746
0.426375117021  0.678063464377
0.498924029124  0.392440717497
0.424597951996  0.55189620333
0.433593044201  0.640912428672
0.503189735268  0.52337499236
0.638228236948  0.558995118098
0.466438429801  0.54679080896
0.547777355094  0.651957240639
0.308535242552  0.549956208066
0.478270901253  0.468483505254
0.544617440882  0.457413333109
0.490131150185  0.553233917466
0.509823636666  0.525791024555
0.450149169742  0.424565381412
0.42047662914  0.451586917215
0.468439335691  0.39085098773
0.435371720704  0.572876887371
0.528167468504  0.452040577455
0.55874164547  0.511958071601
0.595165603956  0.496158750794
0.510653145849  0.516400025174
0.534730572367  0.452683727239
0.47440055626  0.427550979493
0.582572088586  0.304729571137
0.585262660806  0.543341028212
0.526247379252  0.505490166722
0.501287342107  0.465538378937
0.544836638965  0.305496767419
0.585696581959  0.566215507832
0.600068878606  0.467446354998
0.519471971946  0.458819823356
0.350452260989  0.53969296645
0.28799732826  0.517254318734
0.446824676223  0.41354125644
0.562891318512  0.347992152951
0.554146987399  0.39541705496
0.543860191765  0.311154071684
0.385214554487  0.497057833584
0.338808557721  0.592380616952
0.691235088758  0.58110339593
0.546321535322  0.393943440712
0.400026508448  0.412128476179
0.457627113813  0.574784154803
0.517481932485  0.492433175509
0.545302534743  0.552538095826
0.448498982445  0.344619342719
0.573835722897  0.520961277469
0.508564923928  0.399383889144
0.514725189134  0.48278759053
0.690206588853  0.487600978403
0.476532351383  0.518775362131
0.428874840548  0.439207486202
0.589520872831  0.511752564781
0.464683051308  0.368651843618
0.623868768079  0.535172683775
0.672586355988  0.620364740174
0.561311082397  0.460371134668
0.62548736406  0.710040232532
0.534274259805  0.52630451735
0.487384446341  0.654300602999
0.337317248421  0.535847645568
0.586573876334  0.425588019582
0.409766023736  0.548863193172
0.535869860989  0.466635726581
0.516603539922  0.508848617789
0.468255252066  0.384463664093
0.330898066699  0.506408066084
0.615980890652  0.57651510692
0.69478571855  0.590514576132
0.50626553778  0.353718537867
0.522400997528  0.312187347595
0.359520108777  0.54658821728
0.411502177428  0.614781499752
0.638251239391  0.483120710603
0.473630257167  0.257451081855
0.424010922287  0.301271041536
0.505383963397  0.535170004998
0.599890087689  0.550770087227
0.483313397498  0.484106002075
0.504915689922  0.797159301424
0.620878380518  0.624056036016
0.508944523974  0.627272401742
0.559291773333  0.384949228491
0.463330321289  0.610474174249
0.47588783892  0.63308869935
0.528513143333  0.527827644282
0.602985811915  0.4795008948
0.65935781504  0.579052579142
0.644200055174  0.563505788063
0.652189914795  0.663044918012
0.457596476079  0.492953675506
0.597194610386  0.560874869411
0.349227724187  0.592861699851
0.34634563299  0.487447543851
0.4694404749  0.363176205916
0.400019577415  0.541435335968
0.447924224118  0.590655344693
0.483121141347  0.487378622673
0.592890412778  0.582262928959
0.566397475691  0.502956878075
0.429424034237  0.537475172564
0.420869249984  0.579877781183
0.761793849044  0.474190290624
0.665702291339  0.398499855543
0.508646381062  0.384824847884
0.643356277436  0.682838968507
0.590065925699  0.568868998361
0.377308004476  0.472865066913
0.524751186298  0.480937017756
0.524680778818  0.595742779208
0.436518218746  0.55697430275
0.444295425306  0.584100418798
0.400466973846  0.568818703761
0.72126751119  0.602724502932
0.487854819085  0.300390386446
0.455484053435  0.509505983035
0.599033774663  0.448218675357
0.667798063662  0.416166946325
0.710160184732  0.338461134173
0.487001922862  0.543631126997
0.514249125154  0.602067774806
0.629272031786  0.363922098102
0.420656953448  0.551852742103
0.472603701482  0.474320225498
0.571137095237  0.533522268624
0.428734052009  0.550950215048
0.264757473343  0.566736805089
0.389730038798  0.702102323909
0.485243522258  0.443154649164
0.325725652315  0.472984049453
0.677515137283  0.41504514925
0.527372613598  0.615920406176
0.330614270572  0.643251282724
0.507005910271  0.415748101319
0.496921002986  0.593085506407
0.588751601157  0.546881700606
0.365187129989  0.761813621137
0.333014565817  0.428452307343
0.585190940581  0.473032525501
0.637651242607  0.407402370643
0.597315028774  0.420299399657
0.62560687605  0.53537497329
0.584331328694  0.450435586879
0.36807453778  0.717932915376
0.456174615022  0.548485573835
0.436479301302  0.546135660649
0.537264654379  0.604492560481
0.689394095587  0.582845422081
0.38431780991  0.700579875451
0.565122650901  0.662960371131
0.667499235796  0.429562261555
0.299941830064  0.443876920306
0.555494894752  0.539580764122
0.377746826492  0.626987257259
0.365263919037  0.425205430951
0.488561360752  0.311889688674
0.515222692812  0.585430598135
0.552529957868  0.57889884452
0.538377690633  0.540889555108
0.473987711824  0.436905764227
0.668013990032  0.707491685909
0.298836939633  0.448477781293
0.644438992367  0.505571776777
0.593863341739  0.720190742551
0.617674663464  0.536905344714
0.274248203375  0.552557487054
0.624078081917  0.585451750167
0.594241627668  0.609930690287
0.543661852695  0.663300488941
0.592228634732  0.467485783473
0.336763498293  0.310134104597
0.530666503497  0.606122883757
0.476969223599  0.39522888399
0.530926352991  0.534651319911
0.424654553124  0.462770710795
0.549029376446  0.350264811801
0.366799545879  0.399505223765
0.519182896304  0.614364683005
0.318754340055  0.627878157933
0.356631606267  0.386420278878
0.392718717295  0.544448344735
0.451288187364  0.504244503026
0.451155534393  0.517682650067
0.354487684615  0.593049362614
0.509345466042  0.255508840041
0.435465383014  0.384442030451
0.351946203216  0.525877898657
0.568032790604  0.470582963807
0.571208235361  0.407867649179
0.448425650755  0.538732333634
0.547897788217  0.427915518231
0.648636500212  0.450494895283
0.502014123052  0.586171447044
0.512976769201  0.376747524685
0.560741748918  0.619674204326
0.517331620332  0.567626822807
0.587981009208  0.437880914162
0.646373283525  0.614529286544
0.564147619016  0.613026835034
0.482752624968  0.436028112516
0.541617461333  0.48773908437
0.483985661523  0.546053632399
0.434815673271  0.647842998923
0.461257986498  0.434799682747
0.55354194774  0.421451524851
0.57282863993  0.44237028138
0.6208895934  0.385237427125
0.460803794972  0.654405738045
0.414154891948  0.341506695003
0.557253511533  0.620131275548
0.608869920127  0.549333415498
0.448370933363  0.506623579699
0.410899895806  0.540751560418
0.440394576827  0.499573253803
0.494743760531  0.530511240318
0.584337533939  0.403070578909
0.584811284324  0.600986230697
0.66644541699  0.547723875456
0.447903855347  0.657699541699
0.588710501034  0.480432686687
0.424675809104  0.541788888202
0.541971245112  0.68654782109
0.378679729693  0.367858995861
0.490855897999  0.361059686601
0.67968864834  0.519108504483
0.530940508471  0.431193794823
0.604236814189  0.561917583113
0.409248044546  0.512931887734
0.551203794147  0.489744038653
0.539135906621  0.317516411452
0.495943866278  0.39480295952
0.571928261423  0.65494303639
0.70870419016  0.619358580103
0.560728468788  0.679836664051
0.441465123179  0.37343970742
0.448652682712  0.533382456643
0.478538374087  0.5591328793
0.433550821655  0.352884710889
0.344603546747  0.524143359566
0.411942591023  0.556625752056
0.411300353222  0.546196845054
0.575839794056  0.558260184035
0.603781517209  0.348095270487
0.397446369287  0.36768176719
0.273347069672  0.679918827339
0.626630759047  0.493871224936
0.496009774225  0.325827676267
0.642949129683  0.581725837337
0.408819337293  0.356840517631
0.42836504617  0.48679507345
0.721932738465  0.563871847588
0.472662821072  0.476752616113
0.532083528783  0.404031478696
0.481367759502  0.467601143907
0.59237142547  0.813822892057
0.626430577069  0.423253253251
0.545896201705  0.566697351228
0.503614572359  0.564847721459
0.433319016069  0.721640763077
0.502713111071  0.686070697921
0.6505816617  0.495979198443
0.556049600241  0.467191704858
0.66060903175  0.519461204833
0.495932961562  0.609022868538
0.275677944436  0.557961875144
0.365223270329  0.419699098682
0.624019374903  0.636793851123
0.426846812691  0.486920831603
0.47134153952  0.579494727704
0.507947083883  0.383483934068
0.459501485971  0.627067126156
0.446142837514  0.493729845202
0.60181641384  0.504209035752
0.523398517111  0.558496373478
0.265111521463  0.563637875455
0.439075127441  0.587101560141
0.526272945287  0.5227186319
0.519977328771  0.325254530424
0.501024338559  0.274501254681
0.462147817878  0.602706615916
0.606727035394  0.272182539426
0.595643872686  0.409234405794
0.672768937757  0.45162381572
0.472931457046  0.687193114827
0.357318971739  0.51401715449
0.568257076869  0.50013346442
0.436545440199  0.604078143868
0.485911824757  0.617645217804
0.61485736346  0.435424047886
0.487960949307  0.385791608238
0.593941592008  0.398524799483
0.512149660754  0.603119600108
0.643398010325  0.559745897296
0.757890759476  0.405604957598
0.437770263698  0.556827324432
0.613425679227  0.560331621119
0.476883493217  0.617260442089
0.384589647924  0.504878023722
0.404162040617  0.416478702506
0.489265077296  0.416793543947
0.787578526418  0.534541374232
0.560252337508  0.529042669728
0.47889783819  0.417940730351
0.449179631362  0.533071829468
0.546439801264  0.53604377417
0.597809353837  0.541434583229
0.461645565715  0.607202232105
0.459184000466  0.484461399071
0.527084383037  0.381684157237
0.566612077063  0.424181842335
0.325174322182  0.632219541333
0.572372529679  0.387501464054
0.58191846868  0.561176208926
0.518419033841  0.56615900726
0.604677494844  0.633152358898
0.396983326961  0.42309192198
0.607531703088  0.549173448675
0.583262991715  0.799479280501
0.479628022993  0.502130717875
0.329971916711  0.348717803901
0.330187105001  0.592369524603
0.547162949838  0.592865641119
0.75763904723  0.517937263285
0.628102695493  0.430308674672
0.580845929607  0.561195646517
0.5284637264  0.281072231955
0.57666409623  0.494386651835
0.414551879314  0.230896917446
0.481470035567  0.415663588454
0.527482805646  0.263859422294
0.473587890545  0.438684018351
0.48303826202  0.61066516988
0.524639584916  0.477685992509
0.434902437074  0.632800911778
0.553985691614  0.537652699947
0.38757431406  0.479619634176
0.583221732753  0.619673433081
0.384800673683  0.523088316672
0.482586286733  0.481050903405
0.584853668634  0.471314172938
0.654379028217  0.523585762396
0.585461810659  0.43055171954
0.413273572227  0.429241750852
0.62371296524  0.64793385021
0.542637772857  0.557728963
0.504543171235  0.439336988965
0.64939270603  0.504873201692
0.40275379607  0.6216755851
0.332398086141  0.630387196659
0.671954829596  0.520966814016
0.451604456519  0.574240685552
0.397279520427  0.464168295178
0.302585221459  0.483825189117
0.503884148407  0.549055553314
0.501761036364  0.54434992469
0.464334394975  0.380694880893
0.483031742455  0.39728390086
0.598390360029  0.232143525079
0.456361330738  0.370298535447
0.53776706222  0.408210428233
0.310968271663  0.506985943337
0.678513947373  0.461705907719
0.435605690615  0.454338748186
0.368124696636  0.534675715064
0.418206520661  0.667635480495
0.319055114696  0.421846452769
0.593273546841  0.41812827164
0.609430448673  0.466859620854
0.453101761726  0.32452036821
0.526215341258  0.394441007541
0.544005128482  0.555599083161
0.494446959205  0.449116540944
0.628052651626  0.427871451427
0.499274829878  0.386078578215
0.500028836404  0.670502959675
0.540551057793  0.410971600495
0.458586410853  0.664255037453
0.488348858805  0.412691778443
0.708611953416  0.499699579365
0.420529188506  0.587760365031
0.531694872353  0.616795835933
0.569736451933  0.239876311477
0.431312425423  0.401583264467
0.431056475342  0.490364693773
0.431799918448  0.548339450513
0.4937639872  0.373636802559
0.425750684541  0.488347236392
0.577627904193  0.433253855075
0.436242123532  0.587586140114
0.521507356511  0.545544228123
0.396768085119  0.555927374346
0.621971224644  0.43537261896
0.57706246524  0.543694135992
0.427919242332  0.420308672934
0.732909043583  0.472024622747
0.552174577974  0.482918015305
0.602952555802  0.515615481721
0.538805119376  0.489854655022
0.462715687597  0.660593857736
0.450538099959  0.684802721617
0.723493446996  0.560626952118
0.511627138135  0.596560483892
0.474361716758  0.643927828749
0.482055402513  0.613893216721
0.52644554507  0.621903813741
0.578435297378  0.624330242321
0.491768779827  0.278929464862
0.380234595347  0.367725956277
0.425245867169  0.469473098007
0.349783505625  0.431301957089
0.418303293263  0.495444592071
0.549449586472  0.719242057216
0.594217460299  0.501302218132
0.40891773206  0.674701624167
0.78452648724  0.517192103899
0.810323298112  0.498191787095
0.382566290009  0.546121388474
0.538244875934  0.63197292445
0.576998154012  0.590954121991
0.605418948426  0.643387028604
0.409536688003  0.44199113743
0.54809522801  0.433080360986
0.559371852422  0.519522551574
0.358515314558  0.483342458608
0.64209888884  0.446355457272
0.616888097038  0.562338751208
0.628241840404  0.559077456907
0.477393699625  0.525894645138
0.644826519739  0.596251237787
0.374066271839  0.489045699067
0.410797758091  0.381977236148
0.455953663388  0.512396752547
0.498768176472  0.619814258913
0.398188645879  0.683401211365
0.520857013534  0.570025149921
0.391212738493  0.529166412151
0.670452049257  0.655644816725
0.448584845139  0.52903249302
0.463931184069  0.468136369059
0.420543684598  0.57106134853
0.502288027591  0.736065440092
0.735557901118  0.418004500053
0.440663612299  0.350788167832
0.517107323578  0.530560650887
0.45986248681  0.488981266908
0.394191535047  0.156027425908
0.548608350765  0.543907235841
0.427997045248  0.292972191561
0.574265664993  0.536632419048
0.422090762394  0.441202469553
0.537765940839  0.388904730644
0.339827479668  0.476990514116
0.504345257953  0.491731382827
0.543386151503  0.281525805866
0.702431142864  0.529558097816
0.430581694203  0.587116558631
0.501184064797  0.50679499652
0.578349349679  0.496084758934
0.452271176995  0.480991775951
0.625541233568  0.512161299753
0.345179045098  0.494470484025
0.461089477964  0.716556514014
0.420651605329  0.479943846289
0.630820782565  0.510394308066
0.406273191428  0.509164846073
0.585276531622  0.575703433429
0.386590371548  0.473996267602
0.344322236127  0.519227879076
0.467790182451  0.433163525695
0.369547241911  0.616330109144
0.479107545367  0.347453837584
0.458780335803  0.514291608344
0.519732183122  0.406238096436
0.592634433724  0.48203422045
0.601840200383  0.50945076339
0.532359086462  0.588061574668
0.390848481653  0.531822126614
0.649479607142  0.486082833573
0.584564927866  0.55010156725
0.595019343812  0.526021191445
0.447872733207  0.379054523789
0.481383751419  0.477113911907
0.389049621669  0.669200661757
0.401593795674  0.421423065556
0.346034632051  0.394055665111
0.466874724206  0.489420173414
0.545097514435  0.492056459063
0.52247672901  0.454415907719
0.452143366869  0.414930810064
0.585165406007  0.352758095615
0.2884281125  0.583161053845
0.487505274541  0.519055295667
0.384205117242  0.371179220618
0.457316115134  0.545106871826
0.586069494729  0.639132700645
0.577515070276  0.439343321011
0.516199452957  0.417124118308
0.225678476786  0.650741647678
0.368462259308  0.572942912801
0.480022797851  0.57235327735
0.509739977711  0.678266953923
0.597706493239  0.426433097047
0.598456017811  0.496073152187
0.429875404386  0.531811152747
0.399050477893  0.514323385202
0.481386045456  0.362853357389
0.413136411519  0.378615588543
0.42397566127  0.51909232052
0.691569203334  0.515364857464
0.453194436283  0.483931724662
0.403873864926  0.642117918336
0.295962116404  0.4122738354
0.263073720926  0.458850061925
0.50631424789  0.577444204054
0.559842178774  0.540350065106
0.568127999588  0.524910793582
0.451619942398  0.404373605342
0.238828870927  0.551971815771
0.22728319385  0.432976588189
0.566247828627  0.481135585844
0.437753314019  0.601140447861
0.496707990464  0.518173499421
0.542992606803  0.655283431333
0.397867939062  0.420573108823
0.614890705819  0.548102643902
0.422718075287  0.400824889453
0.60120107781  0.353652151542
0.402494154847  0.497364084777
0.452187524238  0.478452232047
0.620385059405  0.542912057622
0.49291935844  0.63515105652
0.495721710196  0.41820951144
0.533506867197  0.45239395105
0.660295703491  0.65960779397
0.444729882734  0.744329824342
0.578505404652  0.444397748267
0.51261283713  0.541679177662
0.532320696785  0.494710295376
0.485212920719  0.500668007314
0.437376832935  0.39126526982
0.764428748894  0.614013024806
0.431944576192  0.45283273948
0.508810165674  0.440496268941
0.369011644204  0.388306526544
0.48093589415  0.604823704759
0.444234788827  0.506648778956
0.681674506328  0.614838402946
0.511722852589  0.586873340567
0.27194873205  0.575760100281
0.408075847646  0.454039424401
0.664173493275  0.56382644822
0.424981738569  0.361496037034
0.597915934269  0.646745897374
0.413180790281  0.475501448873
0.678282897782  0.512288036198
0.481529645917  0.531768702452
0.63673998666  0.67523183767
0.496653763449  0.384036644799
0.538430639779  0.573748010019
0.463632448615  0.430930194671
0.38046794885  0.551698980897
0.455419737024  0.468397179443
0.50828322042  0.607655992527
0.642290584825  0.527167520058
0.593777971698  0.557170274785
0.5320465243  0.510775104449
0.261693751139  0.461812968747
0.458604617037  0.472835635077
0.496746900279  0.522463662529
0.383879447871  0.489208344472
0.627359901397  0.501240428922
0.475122025168  0.493994165557
0.544215573699  0.67260338157
0.531398448941  0.566059402463
0.402688415841  0.407671114956
0.508301389715  0.667785616957
0.495067032799  0.580618815596
0.529085169394  0.452271033903
0.42667885336  0.459973009103
0.447426195586  0.64437374537
0.434643343947  0.332982344838
0.481035877039  0.512201400641
0.434081833692  0.471316692555
0.5024624208  0.473135963077
0.679452980928  0.595624638687
0.603992893779  0.43648580176
0.553736093068  0.657750948622
0.418529536426  0.399914490265
0.59527264348  0.515889459197
0.647926521673  0.271727033563
0.636441191476  0.492762534641
0.463404420488  0.48510749051
0.590794307991  0.516348324933
0.472295694828  0.502740283384
0.593492466372  0.422085891848
0.46269910368  0.46548056932
0.510935677794  0.465086137229
0.483985306412  0.640872922634
0.48894901753  0.519810091047
0.630438305964  0.410764942697
0.520997690713  0.633099591026
0.566398873857  0.434588125018
0.472713321653  0.342152406887
0.56812409528  0.402115467802
0.441905482815  0.420012352933
0.395206113908  0.514889158136
0.445130820619  0.533787866527
0.5161999279  0.460562844853
0.556155682472  0.669522608669
0.635010414116  0.499500392642
0.520127201267  0.529235730575
0.604569603278  0.498993327067
0.56459761997  0.405818517014
0.577528450378  0.570108764349
0.656752635829  0.334258511758
0.475873328086  0.421869688603
0.553785263805  0.557928600677
0.384655740445  0.452970185904
0.554394520293  0.359394596929
0.574318208058  0.436678380339
0.676713325947  0.663255361293
0.566691470189  0.610096701155
0.535926801882  0.333060251147
0.407154555813  0.522293108543
0.467134041215  0.576427130341
0.393754625255  0.476844482597
0.541511914777  0.442866427633
0.629865446681  0.494994748426
0.439261550854  0.482678970264
0.585363204898  0.469139685345
0.579424670545  0.41194005656
0.344272719043  0.627761126491
0.377968170708  0.726413399206
0.25200145872  0.470514539319
0.458503503169  0.485150877662
0.592337086409  0.523721062956
0.426312002255  0.456134970727
0.455004565882  0.420336916698
0.480029145991  0.432586159596
0.399267556128  0.503084338439
0.466448113113  0.581462318967
0.590642375403  0.511779576694
0.653944567782  0.243190106917
0.332778684597  0.376887113067
0.588363630673  0.644596397782
0.500006802905  0.446424179577
0.519719518474  0.767693910477
0.48426088893  0.370238618218
0.515752714278  0.305968913064
0.551929193769  0.620491645714
0.444350228684  0.436106535394
0.677597348393  0.394754280704
0.454033613016  0.481062524803
0.589995746745  0.409859229738
0.514325919235  0.412874777972
0.365428076268  0.363270345506
0.554800419698  0.518422877681
0.322727607242  0.390706829539
0.414540151615  0.568142126227
0.350573729284  0.520612813782
0.501796229582  0.39117345787
0.515532689003  0.574281542853
0.584223144899  0.583491943428
0.469531446455  0.43185240673
0.580715566348  0.589708779108
0.361959879376  0.474918492097
0.635649114052  0.414103629744
0.396771731089  0.333021761678
0.461527814411  0.531194060153
0.540618263665  0.583686267862
0.523478357935  0.572210272592
0.49953877083  0.414149654927
0.401924323658  0.456042187244
0.339332368472  0.593357890517
0.532069942016  0.351813546017
0.533871939778  0.759132011521
0.446063436742  0.433268344469
0.518860794833  0.458153176982
0.581048461292  0.49056791343
0.335175282464  0.55101370717
0.578633719883  0.415598676806
0.633835695888  0.608896877612
0.553708898789  0.544778946377
0.394254583046  0.563378512432
0.390085313205  0.536512604105
0.504335513316  0.448602002581
0.417741185833  0.486151560305
0.617210955766  0.438429325059
0.354697468597  0.216611486644
0.511178747715  0.524265663842
0.31885184301  0.429366637543
0.473069277851  0.693062534361
0.670623748612  0.612358598635
0.595200714697  0.612815904033
0.444181643523  0.530943102075
0.486615148614  0.417902578859
0.552479489673  0.303376042909
0.543760325117  0.474258685576
0.446491367247  0.396941905832
0.649676964029  0.466365423397
0.686531734725  0.397773161438
0.607021989293  0.458597468431
0.464769766734  0.492413088533
0.595281773529  0.333230481779
0.605339919616  0.498495721805
0.537286245609  0.210852153337
0.355321531648  0.434728324544
0.413637089434  0.357167815551
0.702155398917  0.476170262737
0.499500181348  0.538021501337
0.548795078023  0.450631409959
0.438437636635  0.534251595422
0.413440555285  0.465700487391
0.672226378069  0.533640000788
0.514435942539  0.279057013744
0.563198733711  0.511075128659
0.644931566225  0.507406697052
0.398869396764  0.624576801428
0.392359863531  0.340732374216
0.555691955658  0.395732975942
0.516200112127  0.513879657282
0.657496904778  0.335269917942
0.78267465115  0.582232187125
0.550210064208  0.615402156072
0.540136282185  0.633542719506
0.62264940563  0.356205649406
0.400492179636  0.717465716586
0.58034959201  0.435888177378
0.739312547551  0.416349674238
0.544176396315  0.560753653549
0.404108522988  0.639971622372
0.414657325102  0.492063237788
0.549672669027  0.537015486215
0.392894036926  0.321440253681
0.44675183936  0.395453110936
0.654456597183  0.466917552584
0.527771308015  0.537000790588
0.270500124109  0.542742751514
0.604150405435  0.67325431026
