0.442120862029  0.50972257272
0.537996828462  0.478415577918
0.551032947234  0.391607882159
0.379531739518  0.400666685471
0.618366599594  0.28116380513
0.506034976029  0.396001150056
0.544360027929  0.469882968975
0.650928178322  0.480362705341
0.558558257299  0.571380556346
0.569847327088  0.439760596739
0.34248810682  0.378298034624
0.543953643824  0.562177521058
0.385309791874  0.409695129508
0.537801659332  0.560040008113
0.65713588938  0.274150209148
0.484270626763  0.299549175763
0.56025984441  0.451636449514
0.518457206783  0.319938078509
0.389253592371  0.494635600871
0.555055923525  0.599209159891
0.467945848596  0.515432768031
0.376393028873  0.389168510319
0.547064833678  0.476834360139
0.423861928924  0.447649858386
0.489334954431  0.582809128662
0.488512259155  0.606466307415
0.306683737879  0.555077355982
0.605237498519  0.45825931669
0.43618984063  0.55257390838
0.545043609714  0.537064003863
0.681185582761  0.350327578508
0.565826200417  0.413965196977
0.479569197982  0.554873826741
0.431438050948  0.217723891712
0.604451841537  0.445049374353
0.497287350757  0.390646191453
0.561725101295  0.31807364112
0.530275677761  0.544819365328
0.588443498825  0.499631278028
0.607304513197  0.462101839042
0.404551084229  0.347890771535
0.545807953863  0.516491304576
0.370109048401  0.35758314824
0.309599986303  0.417088813322
0.305410352992  0.433412651653
0.486548554991  0.553423706174
0.558304464269  0.431961689451
0.431860465497  0.419173110556
0.685541325287  0.549894055818
0.591937740621  0.406605207069
0.276024833947  0.53004205577
0.637931749655  0.469528980122
0.494738449688  0.653423420176
0.623971601187  0.372784548988
0.53621689259  0.537882528643
0.531288479715  0.491061013197
0.53820151387  0.471967220369
0.658403037949  0.302720558506
0.632627887767  0.429626773186
0.525681869682  0.449324078941
0.444391241808  0.582486946662
0.468196320489  0.378077751853
0.595634961303  0.480179513301
0.596226082746  0.640080005736
0.688869349115  0.529667518135
0.58437670692  0.494607113791
0.453502272283  0.36765077027
0.690684351614  0.499807115482
0.571329012361  0.399539944501
0.482495803512  0.431902015096
0.573928949708  0.609134710442
0.347986108311  0.415676423964
0.765631611551  0.581082333022
0.503843445848  0.465762482982
0.382836676875  0.653217486246
0.550392996538  0.501612768384
0.459605658183  0.494119904309
0.650861670254  0.550265818928
0.43031277525  0.553695200203
0.382342084227  0.610235735567
0.592452484642  0.390528092497
0.483735951885  0.708768642452
0.453878475495  0.606207943877
0.619203810829  0.602766648287
0.413126052992  0.389429870243
0.45058263562  0.617677020447
0.53196035748  0.423139081191
0.439742527855  0.584390765659
0.658919462209  0.597073390402
0.379162021063  0.593414046026
0.478234665912  0.580060391146
0.418541376798  0.475224263423
0.738498419862  0.509150360915
0.557105820696  0.571097803394
0.534430012096  0.621131873815
0.360945039472  0.378597606719
0.520213714529  0.511916983872
0.510382815064  0.256103060738
0.493153683318  0.398104637175
0.250382918428  0.484284644785
0.543956692081  0.468626724149
0.428660090725  0.366796283499
0.548477810809  0.61875069384
0.468670461211  0.439429061111
0.616878292617  0.50295755708
0.305129852275  0.449234328812
0.71000394703  0.411952195535
0.57049673644  0.718650061367
0.551563162076  0.507287803608
0.489069684764  0.518518107128
0.439081685791  0.594433357541
0.534229665991  0.474889452277
0.507132597624  0.336235710405
0.618585114499  0.668437879141
0.605104770873  0.44590636424
0.535264744652  0.348237360717
0.364629221778  0.567283438311
0.389931870473  0.559874395974
0.448009838563  0.373505220293
0.587633470979  0.546725889491
0.542543359938  0.484400942451
0.472656675751  0.546552458897
0.566585426091  0.54351752386
0.484642051483  0.524033762156
0.648127585988  0.394707362866
0.479015876925  0.623928347816
0.54977732385  0.565111863396
0.597897887144  0.374126117124
0.63738870955  0.61640200749
0.435969152035  0.40223512862
0.390841252658  0.416914518948
0.497267361904  0.469740761336
0.558427446641  0.404604351454
0.355034538279  0.624806082045
0.557534566664  0.385934731553
0.569341822477  0.423586147319
0.366385046606  0.430102531319
0.529568824427  0.695504220933
0.574726875747  0.499603484292
0.527123624575  0.389367346419
0.508588666721  0.491158990576
0.427242880175  0.304967865609
0.561557896907  0.444738832093
0.372641242592  0.387495496892
0.318933464097  0.412402130571
0.441018164016  0.441558998393
0.436639833698  0.468296712707
0.580550061358  0.390019237239
0.589261421919  0.262039154788
0.527620798317  0.596959716955
0.3601578598  0.301463153567
0.603908435412  0.346847298853
0.481155236074  0.651786712424
0.419861482573  0.69667465906
0.533669626028  0.367450398359
0.508800266875  0.452990604949
0.651319914172  0.32351070907
0.443512526402  0.57064050477
0.505924657737  0.683714830818
0.519370249124  0.671725949009
0.54472717207  0.424866737742
0.681310390054  0.470212412145
0.551822233284  0.45184236862
0.795812015377  0.459411922081
0.615411888469  0.638181323652
0.584389105023  0.409465064682
0.379064884198  0.463251316598
0.503428418145  0.508118522812
0.514420444953  0.456186627095
0.398303804981  0.489045925378
0.590371750603  0.517726942919
0.398002206181  0.595523322161
0.645067891829  0.618770082783
0.434979623037  0.287446229139
0.621244862185  0.506707215449
0.507855907029  0.565228417612
0.482346812106  0.565006003224
0.551036903696  0.466391867471
0.519257644088  0.464857834054
0.600096061144  0.456435126004
0.47671743305  0.44641227791
0.563521725518  0.336346872756
0.403873549817  0.4566094394
0.591020600553  0.534323967158
0.60800267178  0.526367198106
0.507211211827  0.346989198249
0.536089631056  0.418414061998
0.457711361062  0.36209370107
0.479750838256  0.373256662451
0.50672413067  0.533435680783
0.537376053448  0.629806966229
0.534040605361  0.46421299725
0.555401430964  0.422302271415
0.518059339251  0.461779289645
0.457977872887  0.520145638198
0.475905151629  0.605227127708
0.400827498172  0.334735595325
0.57738916887  0.414724948282
0.602641643637  0.506548838246
0.547964421682  0.630744583133
0.601873843327  0.55582551192
0.48953727488  0.378365073207
0.546348655649  0.649855800299
0.400346212935  0.39026795399
0.390543041898  0.531028793389
0.538906270032  0.427359234144
0.685601519557  0.344765842808
0.461265604146  0.509808027944
0.505358049369  0.33784396062
0.637344267924  0.57674536892
0.504015189315  0.526023330568
0.431521282729  0.567402158858
0.450096481016  0.584065307141
0.477463290347  0.315018245831
0.339500456261  0.403035668848
0.650728821532  0.413622446217
0.354782207157  0.531350567877
0.52508693417  0.401012160501
0.515152177132  0.616563437951
0.485502825164  0.457022089518
0.408174924595  0.563626124219
0.552384808354  0.443990156343
0.407026415552  0.425024720848
0.427463890724  0.553087613073
0.466503975345  0.410408946473
0.500076576525  0.495791699831
0.442549363304  0.497126177481
0.438249393972  0.683342244231
0.478208908156  0.475501072048
0.494770586023  0.593680718518
0.411251274248  0.333877449112
0.432091398083  0.414255707274
0.559733488691  0.527753082176
0.56633314548  0.656721994493
0.554589432936  0.681102080539
0.341259591108  0.512731110899
0.542390176459  0.605099296835
0.660652163955  0.609530688295
0.384694243185  0.549607490488
0.489237311034  0.280983842591
0.593102377177  0.364558930038
0.457868187628  0.473790347469
0.405152597062  0.628030862462
0.513187758736  0.588794729202
0.52401198201  0.477136183054
0.559192839344  0.548227689723
0.592056169427  0.60436325169
0.523052405765  0.613065000434
0.262429218107  0.508769996493
0.346124996751  0.453848746436
0.586998640268  0.559690458157
0.515231480265  0.436545221776
0.447411494756  0.687689229606
0.434093505781  0.682930183228
0.563454313188  0.366002013675
0.522535546509  0.401419713059
0.45582018455  0.667673423307
0.377723344115  0.598491274245
0.602550033383  0.305294340965
0.41530663882  0.415441599134
0.440251233965  0.530909376125
0.499667199816  0.530704367244
0.547942119426  0.524287106684
0.299821006031  0.419517188326
0.620787294243  0.521032359774
0.371166719564  0.571406325076
0.61917199859  0.480461969648
0.365065258446  0.465589603702
0.475382923867  0.447020579192
0.529873772388  0.323345096098
0.366390912843  0.436994534824
0.335429457369  0.561138757245
0.478029151044  0.498106154006
0.422423476485  0.552648130356
0.519909604567  0.271739313769
0.545605575366  0.301233446639
0.466310200461  0.518191401423
0.525508652321  0.424967794846
0.418682231409  0.467871710516
0.47030615649  0.432299541749
0.583624759948  0.371159117149
0.451825022987  0.499335415305
0.405686241817  0.461063275917
0.569096610192  0.398786385885
0.470571024499  0.578191900765
0.464080320726  0.403383965443
0.592284498859  0.536231654056
0.594756663039  0.489808036456
0.470361409392  0.454839833654
0.391153576372  0.436578403218
0.594406711993  0.508014993187
0.420471539099  0.63380411727
0.456344212837  0.302171037514
0.580978702953  0.260722920158
0.653302706626  0.362721428208
0.409116412453  0.561265795891
0.433044940575  0.624491957924
0.548701166443  0.481888161153
0.549450603902  0.62163822443
0.44356067542  0.583799102164
0.489102200952  0.475354240993
0.61279654355  0.703036016512
0.526763559146  0.467106431276
0.545496255106  0.413286166971
0.591400814175  0.412161632089
0.609147563406  0.436814987846
0.625395451749  0.482569661537
0.591685248365  0.684067211123
0.47361775944  0.622938065991
0.624149862863  0.614753003694
0.647844449803  0.238345008649
0.619244431013  0.51210276312
0.492005405899  0.542312514306
0.675982517398  0.532784653907
0.482424268063  0.22745754352
0.770816596949  0.421541155242
0.538967065855  0.620048890614
0.651163345736  0.541863001481
0.555891280222  0.460369792154
0.504833741664  0.566643393024
0.394610223766  0.312930377139
0.464242951576  0.338193791152
0.526262459129  0.520196252892
0.37399297201  0.422559298095
0.529303374434  0.42223123351
0.30554743567  0.677853255037
0.632649259823  0.448309378585
0.325718740797  0.415603827469
0.447462114584  0.523241038265
0.511109855803  0.495715672225
0.4504888353  0.587684933578
0.464298946139  0.644876494513
0.659343509455  0.510607488102
0.644510625119  0.380475799608
0.388687028129  0.632016733714
0.312709790753  0.568177178398
0.522872804379  0.422944579893
0.577900175496  0.475453133172
0.540335744103  0.437718834934
0.289704661882  0.351893635589
0.450195716163  0.564029706864
0.537020889114  0.552873703708
0.316057164673  0.388029821836
0.4644817989  0.514062274993
0.529394924505  0.462988817964
0.240550899237  0.33301267658
0.427200819796  0.662392957167
0.496027183771  0.355428824066
0.484890009099  0.490263440583
0.499670118106  0.573593504704
0.377824982526  0.428309408742
0.53444626416  0.457987788341
0.654875925894  0.518943656672
0.509414758982  0.447496007338
0.384358339389  0.423182251309
0.486643742077  0.438126714391
0.535373539092  0.246218740785
0.490381017247  0.56200254605
0.479473131659  0.429899545304
0.641247743084  0.480271622084
0.64782079179  0.663016104472
0.454737893656  0.434597516787
0.361844426237  0.468808137363
0.457286327095  0.428036956876
0.590612448741  0.429086589882
0.445316078443  0.59261808568
0.421797295058  0.587818773465
0.615012731734  0.399643257616
0.435450345644  0.532004836272
0.5490124188  0.235199735547
0.445884725463  0.446937134142
0.546649986142  0.442152220065
0.326977733272  0.589601528625
0.487469134065  0.625857517764
0.521143676169  0.553005329396
0.500002648313  0.532712261975
0.56991463679  0.630158975033
0.499707532583  0.401249880886
0.604272902068  0.496508255075
0.473883380409  0.534832373461
0.540742382661  0.430599237568
0.581276759921  0.564052113107
0.406761220178  0.522348050992
0.504724373277  0.477466418547
0.60168472645  0.592390961233
0.352630381013  0.372066236108
0.449668807596  0.570306483819
0.413076468089  0.449743391873
0.507909402223  0.418909030388
0.608331299993  0.451824045149
0.583392664222  0.48550957108
0.56288575227  0.515686557938
0.383149671525  0.409846489649
0.45040373432  0.5291941769
0.555488077889  0.463516038355
0.623576736178  0.49238271397
0.389813180006  0.414467507516
0.428607289682  0.309731139699
0.613366792072  0.488808581337
0.589158267428  0.595034630986
0.483833310337  0.422078623246
0.535835124387  0.500481027217
0.496752917837  0.395891992106
0.485903131464  0.442815316681
0.284172890459  0.534179904598
0.402184518631  0.479790134695
0.551554390375  0.398189140153
0.513692486742  0.49227062637
0.555572832254  0.639527961968
0.509613993748  0.351786441823
0.498782240216  0.51002246691
0.482882701362  0.448014451067
0.71019038505  0.35106595254
0.435142228914  0.533919016546
0.701476618863  0.430860319663
0.653317251198  0.605583705843
0.648717731196  0.403844751782
0.377234822238  0.32244929993
0.503810221156  0.57777387014
0.538058994693  0.403298364986
0.462846266514  0.501660028148
0.456063329482  0.358521171021
0.367389151017  0.423646182743
0.612315237544  0.47343627191
0.619472581411  0.518132426502
0.456157504164  0.316707839127
0.560880197802  0.547059554091
0.600754284505  0.442941602394
0.377392610475  0.397324322544
0.397345850738  0.365944518385
0.426711988854  0.46208544456
0.351745492314  0.363176820518
0.634947308058  0.485505750313
0.545344826178  0.293828677433
0.277035383235  0.542282191876
0.571280936808  0.608261313347
0.669332206167  0.459234352931
0.341404789292  0.439601579071
0.411249958221  0.4376500023
0.631497142673  0.633737524516
0.673224202785  0.179714215938
0.472733232207  0.417282873898
0.439254620561  0.493781400548
0.531978548306  0.433347023668
0.513934977385  0.384727082137
0.685617504243  0.672407581777
0.52997779092  0.439229331161
0.468533640316  0.516643580435
0.412416737557  0.360079686559
0.509549392633  0.401127672689
0.392972981867  0.537772709063
0.548259021701  0.420613454968
0.527628652696  0.606304896092
0.4306477584  0.443502044926
0.686802704489  0.423332740879
0.430262502781  0.569353979873
0.432480805155  0.547719693486
0.536680690455  0.53793726156
0.521654514957  0.553131986967
0.425517746822  0.543147527372
0.313899831725  0.502739863621
0.425874649768  0.378435596992
0.437375585285  0.526233926083
0.387283680379  0.446190181399
0.590230408121  0.506757262769
0.422993790726  0.392284438766
0.382380068045  0.430238297486
0.506315357035  0.368137279421
0.699418090025  0.52640244067
0.453265864999  0.629040112213
0.658091565834  0.636438201822
0.515971769879  0.513138117624
0.62898430556  0.551606174557
0.575756473502  0.455383867293
0.448145560464  0.465198355251
0.565175720586  0.423751584803
0.512111502979  0.593988205091
0.236622647168  0.399065972524
0.713484116759  0.601065243355
0.395150791764  0.324091715473
0.537437133878  0.544313190054
0.485571507057  0.506324644059
0.466787899965  0.404611877293
0.567891137192  0.422309432417
0.486782337514  0.527922550984
0.346131546797  0.706144831462
0.616561250406  0.377752111968
0.572904501176  0.505545203971
0.601546037052  0.360638271713
0.383335219725  0.501419668383
0.55638606317  0.53530201362
0.380415442462  0.359219461863
0.340279017074  0.362917181168
0.613297343326  0.314320379931
0.493099390423  0.631013686277
0.424319449814  0.525735129238
0.585683030131  0.501340692852
0.382145607161  0.480513394128
0.426905115821  0.428376523911
0.432446188768  0.602267227342
0.382067865526  0.41506003552
0.447461186935  0.44911294642
0.372358335488  0.663371833049
0.604262934079  0.473960018208
0.560223874146  0.294242829749
0.697146487784  0.483931558113
0.592537966793  0.423051597565
0.451415289694  0.599819910671
0.443559507353  0.338529123451
0.539609634498  0.497946809116
0.615293602926  0.391601779054
0.261807575804  0.547998245169
0.6575309958  0.425782430178
0.515690856602  0.45018546711
0.624705351543  0.535490276226
0.613470883375  0.515883675922
0.574952354405  0.460681360345
0.484870198644  0.445512861941
0.638269029129  0.297898737327
0.408238221282  0.453027034989
0.411803367066  0.342448397973
0.465794138415  0.469126516791
0.561612081498  0.663726629986
0.533851199345  0.653548995696
0.506127060489  0.381608466202
0.47288341574  0.486055641522
0.316541577751  0.380286750344
0.55226649171  0.468395611893
0.491954557517  0.299145712865
0.245447006056  0.380700603436
0.672055955883  0.582447354696
0.57816457763  0.704671795749
0.609947678245  0.463003345539
0.481812235915  0.506811859678
0.52538055656  0.474074718791
0.657629030239  0.49213035673
0.6666428696  0.438934057631
0.284597449735  0.589089365457
0.553169602709  0.366745448981
0.347563404529  0.42985277477
0.674973763657  0.644023122588
0.521048238738  0.444786030693
0.47528283841  0.40701503662
0.529743491148  0.546373275084
0.517912551171  0.492351211967
0.456718017095  0.573720213412
0.468754260563  0.557162749831
0.520629138729  0.571358174112
0.553978363525  0.423892853381
0.408588829642  0.708075206596
0.437947766131  0.468828119288
0.44484987466  0.4418208049
0.672479340373  0.666600335215
0.363780458354  0.471493111159
0.472164109797  0.74151973962
0.529204012285  0.391081348192
0.468876509125  0.466716545614
0.500769478421  0.579523423459
0.526184785112  0.39437855512
0.620324484498  0.472632606283
0.612968994348  0.483055312385
0.539830073734  0.598029627888
0.456342519064  0.487392231094
0.401507904731  0.337453683756
0.284881248745  0.6795584117
0.514478395606  0.483347754492
0.456358431514  0.54667592308
0.558755090937  0.456993929609
0.480635495306  0.71651362491
0.461128113085  0.568246546855
0.706476756858  0.197379830938
0.560869433022  0.614866910559
0.354772045983  0.483828226211
0.564525402613  0.35746401087
0.529027497312  0.549273516744
0.546873954961  0.481771491388
0.5764014962  0.567922930025
0.365568293199  0.558518321961
0.554336544274  0.682827024434
0.40410256925  0.571475162181
0.604951801332  0.505680023291
0.639928345541  0.575191842751
0.534392077603  0.389361278453
0.616397565347  0.614675092115
0.408212887178  0.467793799649
0.329700077238  0.319291875447
0.523522473856  0.569454709884
0.602334497355  0.465102773197
0.636976945375  0.415578473419
0.560601766627  0.517433961599
0.467630457552  0.425693833157
0.293512075365  0.295772244396
0.465178060789  0.433071552338
0.519539943334  0.540564995688
0.376432879955  0.434917734492
0.514467450453  0.640106774637
0.314928383407  0.437254320771
0.590878816805  0.354308061863
0.464233101441  0.614646732139
0.541356201194  0.440433800382
0.565866332387  0.512941085544
0.551732774211  0.467111254842
0.404814935515  0.614105013021
0.56489505514  0.422086954995
0.300664057908  0.479718981411
0.57029066378  0.415121411107
0.40748558847  0.531585852081
0.394625123671  0.491881866952
0.646285153504  0.556111679937
0.594356675636  0.353470749581
0.533178601443  0.373679051342
0.454585983117  0.52580129703
0.570307136623  0.454779742459
0.681628932389  0.371201404812
0.414658386739  0.419241048844
0.559683273231  0.610992138331
0.50245044894  0.381473606514
0.349823537715  0.630807874648
0.632671303081  0.498011929973
0.464818376063  0.455022083838
0.659032194964  0.455515748664
0.637771126852  0.491731517699
0.490497991029  0.228372941955
0.5282788345  0.597055181361
0.429784418391  0.537419402563
0.651105628174  0.503390575806
0.345611256987  0.503243531423
0.620365638115  0.414537790268
0.367092357131  0.39477395826
0.513134921129  0.472328248312
0.491980435405  0.704457488189
0.639522488867  0.542246443515
0.351839623927  0.391772464671
0.508410571765  0.466335743769
0.503830609455  0.413805174707
0.677940602185  0.325498028362
0.411402393566  0.411745502964
0.405017811801  0.508584879583
0.406887527158  0.393667390543
0.490210821237  0.479427984033
0.535436429767  0.44927138374
0.635549756929  0.415998287774
0.498541868475  0.581663440372
0.572722997197  0.487360315029
0.428767547622  0.467718084135
0.633029666377  0.414120583124
0.306992132941  0.573057115237
0.715915242391  0.452395694628
0.556586293887  0.573458852749
0.415848791466  0.610561841146
0.511350718115  0.333996065618
0.392378993642  0.361788838155
0.695265898885  0.600391209878
0.709236346518  0.478587581424
0.505260845935  0.255793150986
0.429613248678  0.414462948382
0.509331629155  0.429515824285
0.41503612865  0.292387194162
0.39572238943  0.487483265795
0.525070612268  0.594268473662
0.556735523144  0.339776156476
0.431127335751  0.307060518352
0.521515225246  0.516244296031
0.593786421853  0.360679583254
0.530419797288  0.50935140516
0.331423409333  0.466659251354
0.630967239116  0.611758171101
0.485160747272  0.407280129203
0.379928993344  0.482959820572
0.447874990193  0.227882394549
0.696760728483  0.541642372407
0.466491409535  0.598579073091
0.548519919637  0.578710064699
0.524700233993  0.517005103059
0.535797830534  0.378598046291
0.493548942432  0.544067501589
0.514108894754  0.455372142279
0.624489047726  0.480978248728
0.457353209112  0.499988738211
0.570013068018  0.598358320575
0.468499721393  0.503984183883
0.555056128295  0.461221474008
0.347097108457  0.20175108257
0.404687080657  0.443110376249
0.403142614993  0.604603070707
0.584416223329  0.433957081152
0.442507112404  0.368053707611
0.508373691138  0.529167935961
0.508598388165  0.465828826214
0.547881907618  0.530809485478
0.415791291921  0.26961507425
0.517277367865  0.443990784574
0.538554664132  0.254624743418
0.564302700969  0.337816419887
0.473455048303  0.482831978513
0.559121396619  0.516879073283
0.58493958244  0.439427708296
0.450754550776  0.403856374382
0.606274800102  0.508321084536
0.58586362844  0.363776730111
0.632035725905  0.531605860296
0.563303328314  0.424705794528
0.463548239848  0.473767425949
0.575417775489  0.612963631727
0.318003140581  0.339882940182
0.466408801575  0.475065642795
0.331970769171  0.371787879933
0.473544738426  0.511125213152
0.62960647233  0.693183637388
0.437840572844  0.380334777975
0.451468459404  0.45647827549
0.532461074157  0.484612623305
0.730620367102  0.509905961144
0.641112149875  0.565467000444
0.554149695679  0.491928706791
0.474886386269  0.452528146677
0.502902454685  0.477100987101
0.562148754743  0.413116448812
0.33921331685  0.607868471442
0.547202603433  0.603981790394
0.504132820956  0.463003698019
0.632386674876  0.742701740628
0.55668184506  0.440862961491
0.395092380518  0.378122224184
0.566688926037  0.54562579511
0.423708823638  0.496690064108
0.538745711838  0.443715520158
0.606471246658  0.453367243309
0.409943463686  0.597304620129
0.617378366046  0.337614312438
0.627296728842  0.369755145915
0.480234863691  0.440125677373
0.434166359659  0.351938637138
0.529174038652  0.404673158085
0.54339389007  0.423908397249
0.516953550098  0.585420615534
0.532229870668  0.647200937286
0.404336494043  0.485939861967
0.580430621794  0.660875284124
0.461592797493  0.618994017611
0.580193941372  0.532681124649
0.325442394948  0.317160462774
0.37790035737  0.505124158015
0.619805665614  0.504522039568
0.383919424378  0.328108051564
0.534801104874  0.407575787426
0.562251417461  0.466503960687
0.483637377696  0.479547636544
0.408861210878  0.279808967363
0.384184084837  0.586721475708
0.533789869832  0.492674385572
0.570772523248  0.40365877186
0.606274257626  0.4398242153
0.504872335877  0.535430424896
0.463914820479  0.494848123045
0.447681951302  0.389698199319
0.448200481415  0.469213125404
0.505987017033  0.522470116374
0.468310860212  0.45503924219
0.502893718425  0.545503193751
0.473681193127  0.377794297964
0.611029088311  0.50441071699
0.421318538378  0.344898257667
0.488380870078  0.495193416213
0.597473593458  0.433202359521
0.518363280532  0.471135670108
0.638778688658  0.538028043389
0.464665122154  0.522493796472
0.5028413216  0.437376178414
0.503382259553  0.365509453058
0.66444700082  0.485428305334
0.399888649876  0.566588071322
0.251412060278  0.512847848364
0.503366925926  0.582474170018
0.571791256402  0.404428122932
0.578505853638  0.388119562717
0.520015195432  0.63022727933
0.555861732353  0.658683303891
0.340580645801  0.545522764823
0.55027441473  0.471687614438
0.533741787357  0.45121251986
0.401450934887  0.427748780042
0.29827610706  0.56481097401
0.653472321834  0.416505349434
0.674033338284  0.470925257441
0.352972452259  0.408585325858
0.376422015101  0.413696161944
0.656711278139  0.384673986966
0.56280197872  0.396698058917
0.536672987928  0.494415535614
0.636601435757  0.606036628122
0.438057396094  0.350844016924
0.365713006089  0.384060395623
0.602746469621  0.532046481288
0.370874077943  0.611427314779
0.582197762685  0.368011486067
0.703622949742  0.557293491723
0.659288037415  0.488038163995
0.546154034571  0.441543155132
0.446670367258  0.441817749338
0.614685262634  0.420981264523
0.483336108609  0.394981768322
0.450199128646  0.244229410089
0.461205378324  0.608150880746
0.425991232146  0.599877372061
0.310735333541  0.459508905464
0.46314431141  0.439308641252
0.457939903152  0.341319992193
0.482489810474  0.348539017507
0.660612194083  0.726432263277
0.581843590834  0.387826904002
0.451885752888  0.459929059204
0.603555605602  0.308250834211
0.494580207505  0.608368524098
0.475172172165  0.57880578173
0.38582540975  0.525912572128
0.467794258261  0.55812986838
0.480847040469  0.615870383576
0.487991429772  0.58941389407
0.474683293044  0.745249832563
0.580163385879  0.439361045864
0.671198711552  0.452172627962
0.487569251712  0.473954938254
0.459012541135  0.528509124405
0.49892579842  0.669616250978
0.502663474569  0.576102077403
0.35911664541  0.494711104787
0.683871697477  0.53036349174
0.599449417754  0.433924091663
0.560359895839  0.300645179343
0.539531525214  0.392498944595
0.452222481386  0.555454807677
0.377844954859  0.55272367585
0.511492364228  0.544712001221
0.627966781509  0.366560232454
0.431859603516  0.569460511396
0.46761479121  0.392781265663
0.356980331566  0.475057402539
0.55994098718  0.382945367973
0.410799652217  0.433599414927
0.362081229199  0.558938051272
0.424147994892  0.356341288252
0.518371978793  0.38763426321
0.464287257373  0.454000273756
0.505327229661  0.506770316665
0.632734041891  0.485900536282
0.438753986063  0.478620980278
0.456662421219  0.477110073195
0.273896642612  0.600558456616
0.583227964621  0.395873575311
0.704060886528  0.611107353664
0.43111696152  0.30379565742
0.630874954025  0.369732555226
0.5767056556  0.525775885529
0.433672572337  0.382381654142
0.489396572224  0.544228848213
0.30871159833  0.614641657418
0.454977189671  0.392815235284
0.505647245596  0.562680253537
0.493994906788  0.432305545239
0.603183192634  0.525452665384
0.617562402519  0.482159131232
0.471688052809  0.566275704334
0.610124032441  0.494130692196
0.499950452567  0.559127274534
0.444564186014  0.354122061193
0.604339157383  0.449542596079
0.455880195161  0.541496697803
0.55509790493  0.633546897801
0.625361685756  0.493252990833
0.407287264763  0.389561691466
0.525144252831  0.531113193001
0.491776449375  0.462372167736
0.51420233694  0.536124064734
0.500977496233  0.328161757442
0.62002930626  0.392036323288
0.551917212681  0.551773937018
0.522870769385  0.5001885357
0.543087891675  0.318183232396
0.551288627704  0.541710717756
0.590355208192  0.326210915471
0.333991832296  0.521841933158
0.415816505454  0.518564931005
0.264647366229  0.731354212424
0.592109037446  0.372005785414
0.593710108553  0.452544805852
0.669063057621  0.522284956798
0.637169464265  0.318426601216
0.438850928832  0.574992239456
0.619091465231  0.458111201515
0.565720806857  0.600412263224
0.356665521662  0.555757172452
0.385734160204  0.519701506559
0.521195392188  0.483282346498
0.626489540909  0.415986610523
0.525851686274  0.360936261715
0.521124009096  0.439894196238
0.435586419459  0.204185194231
0.725129089859  0.308897840966
0.370567731346  0.445521018328
0.527029278175  0.51415954919
0.485638395084  0.48522632583
0.27448251595  0.333484768108
0.5147227699  0.48869625311
0.448536528821  0.697956602022
0.727138591736  0.328372256101
0.604506126319  0.683665615455
0.586258502835  0.326621170552
0.4676703495  0.356475044334
0.591850365357  0.515216163548
0.290805805459  0.445946572769
0.375992656713  0.521267786804
0.294070295063  0.610796053368
0.465202450279  0.553593749063
0.384319820435  0.464394927051
0.388704485084  0.413644687909
0.430885875302  0.405655293254
0.556215911179  0.468726914444
0.569899440481  0.463031888753
0.518848030003  0.50269389701
0.505701276033  0.607198412807
0.628951566869  0.440649560117
0.547190654737  0.474398824844
0.347685359939  0.4459814462
0.44583522502  0.371806035032
0.357141690014  0.412730256153
0.544309027901  0.510919960004
0.437583070119  0.344094126839
0.602932998456  0.533860634941
0.478705894654  0.436348013479
0.600390122934  0.427076527534
0.505154579768  0.408588894045
0.558517134755  0.468747903587
0.439660401933  0.506955909794
0.371635784123  0.379060291938
0.475104726723  0.515103783988
0.568140858059  0.530179879417
0.505237982671  0.418082489741
0.346830640823  0.442738036482
0.561265011874  0.545655521602
0.507193198824  0.399589467749
0.456164592548  0.314242871258
0.593766471563  0.646644602825
0.249412296831  0.603275155974
0.549727286524  0.618144088304
0.687031693445  0.440647405675
0.510108063218  0.487533036518
0.431244881682  0.587923477547
0.50654479185  0.369259024399
0.57824068524  0.393050297826
0.436260735184  0.381169202532
0.419427767747  0.570952650013
0.390862300621  0.585875049658
0.533848561245  0.48058161153
0.578763729357  0.507084778187
0.657313800385  0.363009011237
0.363435013287  0.512270920541
0.434345375527  0.496387812929
0.424599123769  0.440202052035
0.258159742779  0.580493818368
0.481807405342  0.584343308537
0.695390244549  0.393277776617
0.530159274951  0.645574300186
0.281699802832  0.459570133843
0.513336304165  0.444525539371
0.5460706954  0.495861500035
0.444084334399  0.383077061755
0.669261598062  0.517662328725
0.357839017965  0.52159525458
0.388044915879  0.244592835558
0.342515070574  0.359384631774
0.547596390015  0.392521158246
0.49509686652  0.362274296428
0.76468294813  0.341883599931
0.541612150633  0.51248106938
0.409078692469  0.345027546787
0.632133396209  0.528158428502
0.449469039422  0.511371483031
0.557055418444  0.530500350372
0.626884099901  0.411346723684
0.48098301364  0.410797260119
0.566196688995  0.673659177538
0.473000852336  0.223910504383
0.563032595026  0.505189883629
0.393764576356  0.198387521558
0.585574919067  0.537737593304
0.276216154117  0.520318357369
0.492258120272  0.35032619204
0.329482850727  0.530829551632
0.427658403952  0.533473505895
0.284102821165  0.411291389282
0.512803025549  0.587320258257
0.394138002745  0.382117838896
0.411346668433  0.452843139282
0.626717357323  0.348198319916
0.63443435529  0.676461666253
0.5099346161  0.570361220236
0.526205373486  0.511101671524
0.315589958071  0.499833279398
0.60902716497  0.440063650163
