0.426528622528  0.362804137638
0.405037077131  0.361274955283
0.498574863383  0.456225278212
0.709986294366  0.437803294923
0.379959879325  0.278456229188
0.726416369913  0.319610617697
0.523480883934  0.430836744926
0.471186138652  0.451419605455
0.588906960137  0.534625159858
0.444929137102  0.339962521915
0.433344296322  0.467297537402
0.555750832946  0.487345090424
0.400445247431  0.534061178227
0.53461836957  0.578269511629
0.543195534449  0.573622666607
0.494422344109  0.395750861627
0.49832354866  0.460930162339
0.431571891386  0.435768819489
0.411686567908  0.431767655022
0.263614796616  0.629266784805
0.345717492229  0.381437212156
0.476494011156  0.347593698602
0.58638165981  0.44635953632
0.377135783208  0.425186858656
0.509113677012  0.478251244779
0.53978671541  0.390035819313
0.490058988615  0.425979880262
0.274019252928  0.505219072216
0.503792922891  0.508676857593
0.485901476769  0.499896776546
0.484662018603  0.250255917565
0.473060732005  0.653002877613
0.434662526865  0.461413687955
0.618082398319  0.425520971735
0.38729431074  0.387763040052
0.503670634855  0.449076465999
0.367919402252  0.431627323939
0.514799882031  0.400545632671
0.410007412342  0.360509353891
0.59123884832  0.433748066628
0.482684776275  0.424785148052
0.488517186732  0.352263196146
0.592591768298  0.301301557197
0.625253097835  0.677337002883
0.563491165737  0.408630695633
0.330731681354  0.470738980458
0.511513780176  0.341631726953
0.518880819932  0.524351766855
0.523562811051  0.39722037069
0.410665490696  0.390997081516
0.354246495349  0.576142453355
0.395799767174  0.37957765055
0.413165920269  0.432839483488
0.422044842068  0.407928856192
0.525673628928  0.501813217609
0.435447964533  0.429438211311
0.592154272174  0.497435218676
0.497826792578  0.422661039088
0.709672235877  0.361130134778
0.653455000183  0.396864031297
0.5602042048  0.455498892814
0.616262310202  0.541351784057
0.48467107045  0.383343328079
0.363990710392  0.53568358316
0.528385582257  0.512042252906
0.524483232521  0.309159123378
0.365681998668  0.319642420755
0.622356078585  0.585719984815
0.549292850446  0.366018191351
0.717285243374  0.439690481092
0.459245697259  0.363296171569
0.420085319763  0.542790649309
0.637618055239  0.484422846824
0.403044761699  0.409206283539
0.633030324497  0.728945592852
0.494321904549  0.644747931359
0.441078717048  0.530660768588
0.424881770093  0.264317007848
0.373175827796  0.457371980953
0.385945942666  0.561247550426
0.54180139836  0.440584379744
0.473757902708  0.329826155255
0.437518321736  0.506641987946
0.496190315492  0.624005934205
0.3943118455  0.652633374253
0.602628598397  0.411805305798
0.432220439427  0.408135039013
0.449193359991  0.571940879765
0.451813789904  0.559834410251
0.402504029258  0.443984742461
0.618094466728  0.443018929146
0.318603907923  0.276194686518
0.525684654607  0.588932066615
0.478672403869  0.45768029818
0.534548681369  0.388358810824
0.451164540877  0.427936312567
0.641475671005  0.414758196077
0.430051223498  0.494252117419
0.48810288177  0.430192690113
0.482066079959  0.480191322756
0.559863184911  0.47194565992
0.358809775544  0.504063588576
0.36992207772  0.55257502862
0.50481881348  0.518834392435
0.492319743044  0.371387997343
0.468348750899  0.605035199088
0.495704427316  0.418475139855
0.537942551829  0.441954473448
0.461875429924  0.457064489288
0.3804216048  0.23878227941
0.390290309672  0.555668566383
0.488518843244  0.41818709644
0.40307134997  0.458917860254
0.333006024723  0.334864623648
0.368267390094  0.53816312744
0.416821142504  0.576518108964
0.271620842329  0.621045151823
0.480083124237  0.52218037244
0.329413549539  0.632607269318
0.511657300481  0.437519572576
0.584900790788  0.496197336774
0.595841185617  0.551216838026
0.488119800422  0.415633787005
0.501555652336  0.388880267845
0.534082543666  0.551317789795
0.40085414808  0.469412866775
0.421833655784  0.439778316927
0.515012785039  0.416121577674
0.394797012973  0.537852727152
0.541494229154  0.551798734131
0.354744633761  0.636485273871
0.486969221593  0.679894247035
0.417265333887  0.350046902703
0.432868700077  0.371112333814
0.446930052418  0.498427814749
0.599576482602  0.535518071297
0.460703561146  0.417111679385
0.377026935329  0.401184107759
0.533662554644  0.405298617412
0.206430255309  0.372711791229
0.416296492916  0.732172611798
0.545021432947  0.489042943264
0.421109442642  0.361820767696
0.528983471639  0.498355724387
0.323521613187  0.247714695014
0.394143000574  0.569647427978
0.332309654705  0.236561158812
0.586898028644  0.490264568514
0.292946005466  0.579408077056
0.518065915292  0.400439815957
0.720042180242  0.500341557496
0.466828851424  0.563032629207
0.456609092306  0.664306804325
0.308358621837  0.511714412158
0.467141731288  0.308202359989
0.497772225005  0.623134275504
0.430370554595  0.354009417166
0.601320206904  0.347733614629
0.435541446264  0.606537854447
0.665905075297  0.447833939325
0.459227475087  0.371890645736
0.312742320686  0.203272909825
0.44557484848  0.510697682711
0.446004557215  0.460646033375
0.502431335931  0.554280925643
0.469309137445  0.403872507622
0.361533716629  0.524506315695
0.594175351661  0.312818023497
0.460801805829  0.483377025268
0.407323448209  0.698946242162
0.6740227828  0.395856150293
0.563200509862  0.341711258628
0.479994557171  0.487055130117
0.604340587654  0.410472549607
0.589958700813  0.427490964282
0.590123011163  0.413993204341
0.365858510957  0.385071563126
0.544915646543  0.611164532343
0.478437187551  0.608196627443
0.614835181145  0.452821487435
0.45536985254  0.516845025552
0.41632927599  0.389891944554
0.394033642593  0.500768804846
0.627989190204  0.50974618585
0.630517887645  0.56560093469
0.563905859118  0.418687046486
0.513280297846  0.526266602863
0.502403501733  0.599198220632
0.628139139968  0.574677535946
0.561752494217  0.605025546671
0.598207136707  0.606017552988
0.447946486154  0.471114965308
0.472684821205  0.417305075047
0.577994653444  0.508459196641
0.387086460389  0.44043543467
0.498557711484  0.560908418811
0.436875011134  0.348180149028
0.469841184038  0.459576390209
0.457207045803  0.446393712822
0.395479775559  0.451413519265
0.409643721024  0.500187841509
0.363095641936  0.420059030994
0.501154566728  0.434694822921
0.70014757578  0.34550367026
0.462109938883  0.361373575885
0.363341331368  0.515803468357
0.520552159471  0.441356911736
0.427750923969  0.371905281126
0.608167457169  0.573657158144
0.509226611834  0.53421332843
0.522822153697  0.547705812448
0.452915609646  0.410443147957
0.585707836538  0.549375392448
0.470777105719  0.483954147112
0.388277810398  0.493874861378
0.43966918029  0.48608875563
0.464926714454  0.611054876795
0.556669078218  0.412493514179
0.475946530794  0.516380963724
0.600177073683  0.272969144847
0.432150864314  0.362525001536
0.56655867181  0.450381131504
0.444235359553  0.497537477377
0.462180194173  0.507232670759
0.520918003326  0.335870641181
0.405422308631  0.568277157118
0.574900435521  0.481810625672
0.562541622539  0.603288591823
0.307322822297  0.510495410743
0.406313354454  0.653254090818
0.361304991402  0.457715682439
0.464600017632  0.318705813457
0.504133155314  0.431270788863
0.542066960576  0.300782401674
0.49845673108  0.455150884634
0.360314839586  0.524309853081
0.460852174687  0.477189387379
0.395380068299  0.496156069794
0.531640544822  0.479482420141
0.400824469549  0.514606615701
0.374840672058  0.414893675175
0.578059969032  0.530193528979
0.437461477754  0.433831843965
0.461217190772  0.441773684136
0.379391427809  0.508525585301
0.512383955845  0.518270169339
0.402375202817  0.653903806267
0.497874556571  0.559868345849
0.512319005456  0.456260899392
0.386351077147  0.454729451003
0.655056647788  0.661646316763
0.564412081991  0.470383131565
0.444732839712  0.42334885399
0.432768471895  0.425357146586
0.69326210186  0.455748527181
0.550905469576  0.4545426747
0.56664420411  0.348215712346
0.48775004395  0.331108653152
0.543368107923  0.521268814427
0.497700376432  0.342522346457
0.419739359024  0.460162878221
0.430965510534  0.504052524126
0.546376874581  0.379438913156
0.56424885498  0.592068986879
0.504947661408  0.320941538066
0.765248760517  0.50032767743
0.4764097111  0.389997720711
0.461124056828  0.471060328875
0.493883170558  0.393135541733
0.60774745071  0.53887473386
0.391716398778  0.454677496432
0.46001521126  0.590830569883
0.513031286163  0.516569124238
0.312446364319  0.496933117733
0.40343570538  0.408930241589
0.461203397048  0.462363206267
0.641468186686  0.539054427149
0.691451477858  0.294720175292
0.454668512012  0.427668721727
0.569928216969  0.37527502
0.489134371841  0.425712192193
0.551645982753  0.600959462272
0.239486370491  0.540312360127
0.454794705812  0.464572816148
0.418061612469  0.390251803032
0.544933233472  0.373510995609
0.497958304045  0.533692608172
0.552374146686  0.477593001311
0.456483654491  0.335098771296
0.439771746185  0.473595403177
0.410485154367  0.356685658845
0.506212101181  0.460391571159
0.529021838564  0.413193624219
0.606322696423  0.518328839577
0.393600668114  0.828851822418
0.285256019984  0.310593852401
0.600795314794  0.504071135503
0.428163686316  0.496413238869
0.609312106861  0.487095862479
0.379385126601  0.538055299487
0.489553930769  0.563523887426
0.420264994293  0.577702051622
0.635201098317  0.482866753773
0.506647898121  0.45527582029
0.360019977689  0.521710844495
0.325117934741  0.365732947602
0.621839973531  0.482034689918
0.546460987243  0.538913418839
0.326839616215  0.52124914098
0.632936883756  0.520949723842
0.522710445903  0.493679632795
0.474845597473  0.523423788531
0.475430430575  0.460941308103
0.607245798906  0.497218307073
0.484828629722  0.586167215419
0.340032125008  0.558941581981
0.591506238712  0.469236661177
0.617397661939  0.492905911445
0.432052412094  0.535789228256
0.525905248839  0.677047448937
0.543307445493  0.595785382025
0.397659454748  0.39534154156
0.496870188747  0.268316376537
0.489630183355  0.455455510269
0.267953504863  0.542147610018
0.492666440927  0.521209908891
0.416073603008  0.346538943726
0.564833466693  0.391562936888
0.371553202438  0.3644378887
0.680159022698  0.457065040844
0.470744074082  0.448165983815
0.708700038659  0.642093321989
0.501718477124  0.608727272252
0.592735672937  0.458742540906
0.577225882053  0.428925464599
0.439543855413  0.571278954158
0.444448512657  0.322108207666
0.256867752943  0.334656818935
0.426461766823  0.554237423627
0.384514193173  0.567990145965
0.560371584764  0.389464381768
0.501663046256  0.586017674531
0.671282453935  0.563203573633
0.482576170399  0.551116591214
0.459162360698  0.331998086232
0.416783377696  0.410917150549
0.511012833517  0.51949205946
0.501335334087  0.487187259092
0.431318160084  0.364383794576
0.476138301583  0.51689966684
0.507034653701  0.350086270111
0.344468110432  0.598523309927
0.52453491262  0.495805733858
0.348263328758  0.408358509699
0.433383488854  0.308117301233
0.40424699409  0.398148913035
0.568260968575  0.376890557019
0.662721130516  0.418293837508
0.511155369969  0.626431248187
0.438970570837  0.522856264817
0.542403610971  0.567653271469
0.380517230789  0.461799500616
0.413761858059  0.39793158521
0.499256327966  0.467783450931
0.354577108034  0.45899744191
0.506052981305  0.477797072796
0.426579664991  0.250385573676
0.524345314147  0.523932220332
0.586244049607  0.566787662809
0.404530579965  0.532365364927
0.455663390429  0.528470373624
0.352834341874  0.342186704152
0.335783137777  0.653266217719
0.614040620434  0.539463986503
0.514798403736  0.519565298752
0.397512621845  0.4413670853
0.31207952561  0.506697347405
0.465263880097  0.545612473516
0.560657898076  0.510913293786
0.485874095628  0.406064408703
0.601051123587  0.489957619806
0.413271021942  0.352643232634
0.613120336428  0.479440190473
0.608716582317  0.522332677422
0.459026165633  0.457737941868
0.401208246063  0.502271865015
0.434495123605  0.594250530693
0.746977786473  0.597506389176
0.450347174338  0.383616300789
0.583146813036  0.442997455455
0.440688019158  0.39319404203
0.437130273978  0.413267499968
0.539016727525  0.536282360149
0.358759821696  0.686882110311
0.456746386145  0.556785538323
0.444706336732  0.533331716107
0.423959162977  0.446090720966
0.332731779018  0.371261239636
0.386896015814  0.462414496927
0.552438807367  0.696588088237
0.559777055323  0.539204310056
0.501505423804  0.41998848914
0.561401560851  0.551906360436
0.491664824788  0.488704196163
0.473862670107  0.388234821452
0.431260516853  0.405318587033
0.578983869767  0.655366032357
0.455483150118  0.420373676047
0.626970595707  0.35297892557
0.461661140145  0.476331067509
0.490185354399  0.447036952178
0.490489663647  0.459564688809
0.523342363073  0.49133479319
0.518623945706  0.500759280937
0.449777237719  0.394413164898
0.662688788834  0.561230789244
0.377876784862  0.501071824827
0.439037513764  0.328890111744
0.502529643423  0.41149027516
0.370696182499  0.437551094593
0.344111871495  0.481930525383
0.496196095255  0.557343047107
0.535693313233  0.564343166923
0.488057085484  0.609025662855
0.552418185154  0.51583553365
0.615068589736  0.534493998301
0.478619302982  0.625781099217
0.500650404058  0.539489910158
0.373472515065  0.404879377879
0.591665643251  0.401421889367
0.388618923031  0.502869650606
0.417109495332  0.624159206593
0.37294787341  0.464723628742
0.541855511131  0.46808672731
0.631995361093  0.532808502591
0.519362366571  0.571782735137
0.66894328087  0.695658009422
0.31980126947  0.48452144017
0.392676821967  0.466978288074
0.520455143101  0.46215642066
0.379670438084  0.479023158768
0.557590486654  0.47529617934
0.360408218388  0.497880171593
0.515626006138  0.555010358003
0.463851090813  0.618698109814
0.433464077543  0.68195439083
0.305004387355  0.693679133655
0.340953568099  0.495887606217
0.342492961433  0.472930827764
0.636466260535  0.46687360199
0.509720757004  0.387961527853
0.48016779996  0.629402365864
0.416227261686  0.546144507419
0.494502350233  0.544846465427
0.649464871335  0.588161233216
0.505291038601  0.582739978589
0.428485507833  0.307656648012
0.373452763747  0.624257614951
0.650536971852  0.469439195258
0.489549207889  0.372718581827
0.523048520346  0.45308441357
0.599043404831  0.608384059573
0.530197831322  0.422654166726
0.3928075365  0.469861375493
0.610135763555  0.507388553575
0.530807193588  0.427754993443
0.495143710883  0.540538086039
0.537149117819  0.493053360666
0.491341877749  0.470937561852
0.349261456699  0.497931885292
0.577232929111  0.396721668479
0.691376624239  0.281370525204
0.279906803273  0.660415557802
0.350891423013  0.705147997184
0.642874730072  0.454847125843
0.444921352225  0.509370575279
0.496032975141  0.413387031334
0.510985934504  0.518498777761
0.510276037874  0.520304265913
0.430937752048  0.477726408891
0.466188658196  0.407981764257
0.269898175375  0.443129931527
0.440501975189  0.435273955037
0.626901248875  0.487489284256
0.5043240484  0.490444733146
0.237871438861  0.376971029255
0.430127277178  0.557605567128
0.561409588406  0.424321617944
0.562085125596  0.439644471251
0.550716453337  0.439304678765
0.4511385034  0.506248216022
0.680888822923  0.7965153605
0.357939732231  0.53533357311
0.593405124794  0.486448216531
0.42124932043  0.550813691774
0.496517680715  0.528870386719
0.582552285606  0.463954666525
0.504765537795  0.431612549093
0.477369640352  0.503313780237
0.362985321156  0.418788349139
0.471055078547  0.590911849611
0.460968947962  0.550774053441
0.297634760816  0.388436082206
0.741057517983  0.474085262389
0.401387356729  0.495602860086
0.33233233905  0.43913257446
0.463772625032  0.527954912467
0.528491922566  0.422445548255
0.547832787048  0.616713754134
0.549831302042  0.554679534008
0.597376056031  0.330465593393
0.446184857553  0.443138780015
0.382283075026  0.472038122713
0.323450015314  0.427093304137
0.637826941242  0.418239016665
0.466665075968  0.33259387528
0.513989264087  0.507200898498
0.471825875601  0.418345484226
0.439782964467  0.444197812696
0.458304867713  0.336612518636
0.450629274619  0.712645220833
0.455362093827  0.648562717736
0.563471797584  0.370932970392
0.522920312879  0.411466667758
0.574496919397  0.475847012157
0.432893507157  0.472367313924
0.409408105018  0.677682977196
0.336229519998  0.283535131491
0.291141801189  0.666858354501
0.383296276416  0.489887642661
0.48282177813  0.4705531789
0.443962869231  0.481697131708
0.575931074935  0.627301947811
0.448753151914  0.354807680739
0.560043661662  0.324345679945
0.413742943789  0.449770379233
0.638652536922  0.644654453469
0.466875450122  0.531495027548
0.397490887329  0.455379839573
0.498277374537  0.599156068434
0.428680911332  0.671195311347
0.373767035337  0.598659385231
0.481272840662  0.533178798422
0.472191523459  0.537229935622
0.410785706646  0.243303946167
0.635798592092  0.461003880152
0.530760614404  0.466145013069
0.402294616968  0.551081416719
0.553133780262  0.321455567559
0.591051408894  0.46573252567
0.511520746986  0.687167654882
0.582464134461  0.526520873907
0.444135454494  0.596249975232
0.37485957606  0.682895386721
0.646554663337  0.677980939212
0.257224153599  0.654810251755
0.540729876032  0.53433009885
0.39379830901  0.400971855602
0.425508740454  0.468321571753
0.416005010343  0.403437719905
0.626981990246  0.473077434527
0.512404284655  0.388857002818
0.523447388831  0.431824870408
0.5149227998  0.628603110215
0.507217481325  0.65152408838
0.520413249633  0.554235623498
0.509029698159  0.485363573494
0.588527262209  0.41583031205
0.463206305407  0.456869131775
0.35702624468  0.50271709387
0.584561680086  0.423325747247
0.529414218154  0.431440197891
0.567416085478  0.491643921543
0.446527352142  0.614199705994
0.343555267827  0.619546410913
0.478135374888  0.488008866457
0.390914036967  0.683780161941
0.437872402122  0.455584745954
0.354476427734  0.368775097226
0.336253627369  0.477614687979
0.479787299132  0.578801666668
0.360409237769  0.392851781784
0.583729351184  0.472473652422
0.25468570747  0.380208326369
0.55482200293  0.377776184807
0.605235014826  0.385235963211
0.585795537401  0.40808139151
0.64485131036  0.477925313866
0.489368962679  0.57620408844
0.547863388378  0.530344371451
0.459264598437  0.615936300466
0.479829330529  0.429382357261
0.319713999134  0.391760737247
0.264635844689  0.259109844396
0.341864345942  0.465386581148
0.500907135562  0.323232977519
0.413070267292  0.603258588538
0.449374657641  0.463022583878
0.613181382946  0.566628711601
0.513542593791  0.349062188577
0.420780871213  0.554713987259
0.431656397901  0.476322764276
0.561975455264  0.520329478886
0.611624864535  0.399277691096
0.607885114245  0.384464652917
0.364798037542  0.433516597088
0.500463631811  0.363771073112
0.577005690071  0.541783457979
0.533259658775  0.512408036353
0.45098831521  0.397444694175
0.497985767486  0.444875419027
0.483141078999  0.319157645013
0.549903133286  0.600720703753
0.606328755605  0.433802677324
0.58884783007  0.525954440726
0.403070498027  0.606249814017
0.538738583447  0.59447935115
0.386758457211  0.501975741299
0.374079162175  0.502879515638
0.315898089352  0.411240134938
0.761866822717  0.266493886843
0.473100705618  0.523178808475
0.503935042322  0.555244956254
0.366453387916  0.406045145155
0.385006171148  0.454962095429
0.563953939149  0.529127867129
0.549904332564  0.684810034446
0.432669358166  0.696071275789
0.479867544958  0.685185164576
0.459430266033  0.397272939792
0.302266855641  0.571686050661
0.499244000523  0.481889102627
0.460445665705  0.517076596161
0.558008755383  0.424825770606
0.476276170332  0.44027204785
0.601256290008  0.555622190743
0.480180725454  0.522173927458
0.376808068047  0.41812306841
0.44189478844  0.578088316432
0.62903914525  0.36815658824
0.548254552668  0.302551753623
0.484000686194  0.567406601177
0.36755712066  0.568429782404
0.327708256523  0.533330901448
0.524694592451  0.443086564702
0.290904508951  0.50396581234
0.318985956071  0.524610588353
0.488180300221  0.590654998204
0.171851098056  0.309918536419
0.465622673938  0.387887828378
0.621481149514  0.432198517197
0.561943062615  0.380568466529
0.24723960651  0.698810061266
0.503228757307  0.604067950514
0.413477522561  0.444903580947
0.44149450681  0.436176891634
0.506111891272  0.566181081181
0.534901009856  0.556487664857
0.360407638996  0.583915273213
0.619863387391  0.60494341051
0.518089724036  0.465371040556
0.572258442114  0.405691763413
0.403893482482  0.434610598556
0.511376659785  0.307506496853
0.248710224776  0.359495108458
0.265003405939  0.466962012891
0.355888517838  0.471124633829
0.554775148354  0.601359503043
0.507946020058  0.421603087385
0.445254937405  0.366519511116
0.670946771991  0.515986374175
0.522609109468  0.500435954429
0.349039010831  0.5747298837
0.444273646477  0.612137209791
0.478513239149  0.51869823946
0.616839648121  0.617396844465
0.289790590747  0.602144019332
0.472314688705  0.368489728136
0.344765967661  0.392874049226
0.453786068432  0.397446723218
0.513712210869  0.503291173407
0.452288604245  0.542093550943
0.618672619184  0.586154804381
0.468971106607  0.249821033233
0.292800655626  0.419271031403
0.465779356814  0.541958387908
0.423300639604  0.451362276492
0.35733444344  0.69846963067
0.383166625951  0.501303530784
0.415849113264  0.310877110534
0.480287494485  0.625449567212
0.398807265322  0.414281098399
0.645093151362  0.428603132578
0.562568539041  0.290219897457
0.600914128539  0.646107300462
0.491650178801  0.490204695747
0.556352114304  0.398830276197
0.510703032602  0.482568873132
0.56677295476  0.564050882266
0.603536904053  0.486208161261
0.448778399946  0.46302429705
0.534549982139  0.368333843024
0.624664808429  0.483421341877
0.436166964703  0.531705811692
0.469064787799  0.520766065762
0.418854459975  0.400505665649
0.536234598703  0.422557268072
0.444704163326  0.495931463064
0.640341840745  0.664792619396
0.45310435444  0.364780383585
0.576176379161  0.423783710011
0.354373371899  0.513777157299
0.54993730136  0.419656234335
0.445420161845  0.549620782856
0.585670866201  0.37859818753
0.466139880235  0.408675261264
0.430273734106  0.622371141227
0.407813331687  0.396119393537
0.554157150811  0.451302023507
0.507318604356  0.455392511056
0.527223758993  0.323892496375
0.630048754236  0.421757120089
0.322924302159  0.456347957651
0.402460145322  0.461189136545
0.732092036507  0.514684518405
0.272450855782  0.500676150658
0.428887963739  0.491357769143
0.422917621176  0.392761312024
0.486459200568  0.403229901677
0.355679715732  0.605803908383
0.600251450402  0.343391482141
0.387952622219  0.517772402155
0.682268734514  0.429105924067
0.490063295725  0.278197463411
0.499915191627  0.719629579884
0.668805596515  0.473041778424
0.505624498845  0.557426071108
0.447883368094  0.513923714272
0.391780423353  0.546632904192
0.268488359543  0.445183771208
0.307317233409  0.46146648003
0.481088135219  0.435555890921
0.526381723574  0.270864773434
0.557200880546  0.354979824298
0.634235077305  0.545846872447
0.41783688244  0.32712666987
0.571478796464  0.417485387593
0.445953542957  0.487862800782
0.4534547059  0.353377218424
0.374799194409  0.459287590482
0.482608399897  0.516374882845
0.560571788088  0.434133076289
0.6461710039  0.493746051755
0.632285308645  0.534546478422
0.410438961865  0.620794598065
0.421469324212  0.51132474451
0.354988286768  0.458554306897
0.318788076996  0.403223297372
0.520628826277  0.506648427248
0.283539263557  0.373850446681
0.498582202944  0.308753927334
0.3501619398  0.449915956748
0.549194517649  0.415371244973
0.535316952383  0.70928714705
0.415079777559  0.521405484749
0.551205555452  0.515181415759
0.374957445839  0.441788370554
0.518982533967  0.571373944104
0.575993653248  0.464031709347
0.554496907241  0.464835091519
0.484611343496  0.482388663676
0.45361203008  0.480876480509
0.470047482268  0.537531089309
0.435433775967  0.435821372824
0.444496969712  0.433418596733
0.285563693732  0.472543991736
0.31388253582  0.439928954543
0.324561206694  0.261742563984
0.474766295569  0.483732931974
0.533186178937  0.617233095963
0.512048979068  0.624271893767
0.597523719347  0.335601351107
0.483716013403  0.523332456279
0.446097883313  0.773436055222
0.423253164001  0.424654258288
0.50014779461  0.548676504195
0.548617209166  0.487843360406
0.204035128859  0.443667314573
0.557886882128  0.641532094708
0.538653742836  0.55991979201
0.494778713599  0.487651982562
0.419325746584  0.58191807017
0.461143003071  0.361077222766
0.443657993275  0.543256565745
0.6161285333  0.45608036186
0.437221848496  0.687438311021
0.481113287683  0.585018302578
0.394527900907  0.356235349435
0.592527844501  0.622663430021
0.426087406411  0.414106228985
0.480149524625  0.564785132355
0.501138635991  0.38905128126
0.459637058417  0.453884134719
0.500489644194  0.484957007805
0.36986075261  0.355374380444
0.46878227939  0.435604103394
0.435309612229  0.444155516938
0.425537176436  0.41730638893
0.514394965378  0.459942556757
0.444208043824  0.548961089559
0.575176138172  0.354257465108
0.500483328908  0.563810376809
0.371337642221  0.374280080742
0.411980275881  0.586128807632
0.311173810641  0.50413111009
0.35708647675  0.432411206337
0.652825591561  0.660266706353
0.449602887711  0.32609596988
0.602466272146  0.659789175974
0.37140147915  0.402960095207
0.450472669333  0.523383913322
0.482165816207  0.474774763338
0.399224217053  0.478946231413
0.510639044871  0.559556642762
0.486133958805  0.531990377036
0.548297466963  0.375594738803
0.377049748567  0.427019239532
0.504430127936  0.487103663351
0.459457156747  0.605087596237
0.571067066883  0.605420745999
0.450641927405  0.587011992883
0.71734227444  0.470644713254
0.597186071187  0.328784052776
0.635064423701  0.504843920907
0.454272918945  0.634523904536
0.538364769565  0.546392497222
0.490529646236  0.548899946805
0.530038753159  0.488739693556
0.413592505521  0.576900530348
0.583139237022  0.449006211674
0.365903296756  0.431665297232
0.438190137613  0.440927476745
0.410727811631  0.506128259325
0.444139535138  0.605730950465
0.392350628116  0.596286521931
0.467046362307  0.406654845208
0.482397136694  0.524827803519
0.429096351883  0.426346052149
0.678822332889  0.517125703214
0.357192774565  0.496540146288
0.416597075181  0.692571367275
0.485985963645  0.451979715138
0.52904122289  0.311348326716
0.467689175266  0.466776703037
0.514351140111  0.401943250281
0.57993433097  0.546697458945
0.456457841037  0.395527166021
0.273979702966  0.568835515328
0.560252068462  0.321906474269
0.523246307184  0.510955249287
0.447776620842  0.387415694018
0.465501977231  0.413402680825
0.571419075021  0.509443504907
0.618145028771  0.406564458682
0.600066576137  0.506898964703
0.371195877281  0.563349630584
0.48227120597  0.419120143068
0.63923852372  0.535345514763
0.5773868575  0.456250245309
0.500584550026  0.463121195209
0.687913911557  0.526689784425
0.604509391992  0.633619172663
0.525049910723  0.514237340276
0.549364539313  0.335379083621
0.514451937126  0.415514632779
0.606475498373  0.571943327346
0.722136802026  0.527485270729
0.655943175766  0.281830614724
0.423549647298  0.435692328792
0.418480962831  0.566084261972
0.453849226413  0.534043744579
0.487758462615  0.573780221179
0.23173427401  0.394645147979
0.59975685845  0.432169899472
0.603096702637  0.318785369582
0.510651768495  0.542531103335
0.473327103481  0.53583265498
0.510962765153  0.470939536392
0.603938937289  0.398088416706
0.462856141546  0.550425761185
0.502648012153  0.390067390001
0.573078359662  0.489781961763
0.363799454381  0.334236411134
0.717126080004  0.378010797026
0.33433656276  0.513895547195
0.37705996015  0.620322554729
0.43891862055  0.484603066926
0.308314110964  0.3163491367
0.325788250056  0.444154216582
0.447443610529  0.316664813648
0.617059749078  0.57541085399
0.512659392901  0.331500085458
0.60036106959  0.427359223742
0.338819347176  0.530727360866
0.378993982679  0.438505009662
0.591276037657  0.4129387792
0.256495192352  0.513725414639
0.51228215338  0.466945578862
0.285673788449  0.743793718982
0.564721080108  0.407279339327
0.469718131423  0.420763854252
0.707758977808  0.47151271996
0.316896972821  0.445003888041
0.380172601534  0.516030182867
0.396885494919  0.698193928184
0.419615164445  0.339390583852
0.647509659061  0.421330565996
0.348610420838  0.510835923837
0.513194221725  0.341418969098
0.429210082116  0.511321216885
0.737052520225  0.395078698785
0.39080686927  0.737224465211
0.451279516122  0.41519905739
0.326669649423  0.405132566334
0.602860687285  0.3461802633
0.39589687066  0.436751382639
0.398822627733  0.4981982746
0.336689731498  0.449573784425
0.518443300332  0.620299573399
0.550016444351  0.51140935814
0.561406747684  0.537108081304
0.478119511805  0.461823588216
0.373717082663  0.444225183246
0.633040332683  0.550284260116
0.456411715525  0.505136556301
0.615519767556  0.509831388825
0.40819711073  0.580821267243
0.522585765131  0.496957702406
0.749861858785  0.579622566637
0.59048654061  0.425071881514
0.539128231646  0.493023872995
0.530639461503  0.446081749258
0.446849185846  0.467568081462
0.584081586303  0.389306341222
0.427580835181  0.393618211225
0.549276639658  0.406427301136
0.449841282792  0.458550153321
0.572511586141  0.58440133572
0.407540431191  0.59330324471
0.569598070175  0.488050611037
0.558120154519  0.518219129779
0.518441207196  0.479513911515
0.34536205101  0.431208988795
0.70141358168  0.420890782164
0.297203447368  0.300614625882
0.324336474703  0.475641920348
0.447678764502  0.410644196691
0.542265475971  0.385175062485
0.472608457498  0.306658527464
0.459875322345  0.478889236627
0.398755823815  0.395514368688
0.478268246795  0.459816234274
0.35198799008  0.466378383524
0.388434906504  0.517544250441
0.580490699685  0.390388836839
0.394188928574  0.342811965932
0.480193441136  0.516859710891
0.437743417154  0.425021572847
0.469576582869  0.288660676081
0.349621026374  0.453154246313
0.600263176361  0.745664740148
0.428130204191  0.566342363157
0.651071527755  0.649717895162
0.427931383214  0.466589289094
0.204332741225  0.509211613882
0.582443515252  0.536640949714
0.283873099875  0.339533535815
0.487893073113  0.458759342954
0.597574063957  0.316599786588
0.409368025166  0.55725683986
0.472445939609  0.43227762371
0.399199267143  0.357689859245
0.473644878172  0.336590851469
0.43975458299  0.394075970148
0.630107061607  0.599339978471
0.472699834792  0.447092295084
0.487475082125  0.430017369599
0.605971752266  0.576619132221
0.614606705017  0.396746901759
0.336352517869  0.513748164039
0.427502798625  0.677864295075
0.478212782153  0.443999388258
0.442109344105  0.491602815636
0.455766753192  0.594828634427
0.537745869707  0.277776592507
0.371098753049  0.499570953284
0.384601793111  0.549608121496
0.435554783009  0.452254121939
0.663686457067  0.585769386688
0.440516705252  0.436322467035
