0.358576766395  0.533470635564
0.589670870655  0.461716225227
0.414874891872  0.240454272453
0.462437654453  0.35897257433
0.530789461268  0.44947468218
0.262773263889  0.290688930766
0.421897968576  0.571311285658
0.491309935258  0.381372400067
0.595619307864  0.391556118439
0.469298288403  0.480894700905
0.3800128912  0.626568309375
0.349313981375  0.315188859621
0.330955416711  0.556543549768
0.400707327116  0.478207063367
0.431504563905  0.523235411872
0.575127145965  0.381060333273
0.557680961225  0.386827922993
0.415654278766  0.425014224582
0.440163881372  0.473943447376
0.556885598747  0.396203195695
0.563385032861  0.439685173211
0.494101459567  0.401651320673
0.544165100229  0.366937273628
0.42061654135  0.427629104366
0.555943936373  0.535682424655
0.426839079423  0.482228729622
0.476220102836  0.502479707084
0.555213325046  0.586320778401
0.770750283531  0.531553218145
0.436952412293  0.41851141088
0.401995231441  0.556007311266
0.479749870494  0.487110362376
0.497831256174  0.702263812997
0.466022877894  0.563622445269
0.574810382698  0.555965316402
0.509816110679  0.580386854312
0.339101135637  0.598443810311
0.481653956177  0.504388682644
0.552143758233  0.408854574578
0.616056861073  0.527628968046
0.682787757407  0.626469227541
0.4933175961  0.523233365413
0.36364683907  0.472255976577
0.520184924333  0.512291319827
0.482206330748  0.41086775347
0.596022140034  0.568561942675
0.342539366419  0.545218203005
0.529191103371  0.444802422271
0.537557372697  0.540566483672
0.470199050743  0.439232155252
0.531966384079  0.458883606693
0.539398877026  0.506536495462
0.554474015209  0.508302227525
0.608733081171  0.601191385253
0.401877119664  0.456824422568
0.392029816017  0.649841676256
0.520534815176  0.615307306883
0.515994926391  0.559608807907
0.69648517825  0.355291238553
0.509052223623  0.460177928554
0.605983936345  0.422977036013
0.568863904859  0.376983759127
0.660329292715  0.471099136551
0.549305994341  0.584943684794
0.537325897496  0.434416726398
0.47000518099  0.59605826269
0.616941905859  0.433603726755
0.355494245887  0.52042537288
0.513086363428  0.397057236365
0.455912881233  0.668035824364
0.698869773134  0.350783986418
0.590914818045  0.407181672693
0.454392801582  0.392173605951
0.534486751179  0.414101544456
0.457948026887  0.503251810524
0.481722306885  0.396627143213
0.307019391891  0.457414997765
0.161670262916  0.527799123319
0.473156017704  0.399182248395
0.499657728945  0.618448501103
0.555924979  0.569993261585
0.499845734326  0.40727099389
0.291164309621  0.515245236138
0.489305773567  0.378483305797
0.623153927457  0.553344073007
0.609344243488  0.271032477348
0.494916525572  0.529318974796
0.451746266979  0.429188623245
0.541347315011  0.580183024216
0.437831373372  0.483625449596
0.462948494475  0.452252406389
0.544066968946  0.415057126942
0.652602849393  0.560087592563
0.378431751378  0.540842473014
0.517593322141  0.677854127303
0.430772219453  0.751328604676
0.720625205916  0.538545756974
0.584142274243  0.258008655193
0.420428794893  0.418380671675
0.577741581847  0.337330519153
0.55731828901  0.592102689342
0.355642199642  0.384877153237
0.753217531318  0.397860999527
0.338135480296  0.647678523374
0.511059386499  0.589148551164
0.512970721806  0.551935879182
0.508444501216  0.580150660449
0.501884234588  0.584882307098
0.491233578342  0.321250964437
0.503420628235  0.471640295808
0.486095080489  0.519374063687
0.500717040142  0.406521570781
0.44016759768  0.564450707507
0.486792667012  0.621883508719
0.529459661679  0.414239351522
0.352781570368  0.651697079578
0.377469878507  0.540788768412
0.531977236904  0.487492483449
0.439124920124  0.24903228092
0.484962264118  0.5357949601
0.403470531967  0.663366006916
0.463746155891  0.415619863239
0.676789411874  0.270849075856
0.406999803073  0.513990155773
0.465216639509  0.412766056085
0.479362410042  0.398306977341
0.584714109659  0.550580047019
0.457673410544  0.510426602521
0.579317607209  0.349163413602
0.457410524602  0.515540992621
0.486726760102  0.60281126054
0.44417022002  0.34812840138
0.474409903444  0.561983132501
0.494097594987  0.584129965521
0.617935006821  0.679628363504
0.490373994616  0.357574280172
0.378280189183  0.322074993739
0.530305403276  0.479675810994
0.462674672697  0.365789075693
0.490297682556  0.476254360699
0.528161710423  0.593952903116
0.595344624967  0.548014064165
0.386000830071  0.744891220154
0.569849879404  0.514986075237
0.39515769505  0.470731437709
0.489908962644  0.594781686499
0.519485965619  0.689322619165
0.493969687236  0.550941264878
0.433073139647  0.594340232924
0.444815183871  0.479710121096
0.445597729876  0.601023040043
0.490741574962  0.304345670238
0.380118473092  0.411820979012
0.660344549438  0.45950539355
0.285465224856  0.562323031343
0.453815197728  0.431454738191
0.377294775768  0.37323276003
0.522263747545  0.375431189682
0.435029768174  0.486702611488
0.497565254338  0.407085334051
0.350462181873  0.444980806991
0.495710556023  0.379064293374
0.499075818098  0.332470579842
0.50103143428  0.462625863658
0.276789473866  0.422975260168
0.392910615697  0.496350869426
0.495499434997  0.506770271126
0.529468939231  0.524540208734
0.629298996453  0.494926094961
0.457801018249  0.492211594477
0.645638689068  0.594054782585
0.486106261215  0.415054707896
0.534442296745  0.370730591411
0.512631503936  0.618339818598
0.607097141127  0.445434408012
0.635951010241  0.32193877391
0.545739926408  0.484483055688
0.58668371403  0.360177570541
0.405407453208  0.539173842212
0.514496243561  0.452045591626
0.468371882247  0.573110950328
0.470082055343  0.637699408742
0.40109656087  0.611453359383
0.400098296365  0.368771164502
0.523015804668  0.403286718537
0.557921950574  0.40016005168
0.489977088432  0.467496574851
0.469166742414  0.492562092864
0.470123931066  0.428107578052
0.248501226461  0.474869392894
0.347939889254  0.537366439628
0.393701507282  0.589546613131
0.61235937146  0.540505529838
0.475890951383  0.818156424212
0.571991600955  0.252847213349
0.48082833706  0.406973662916
0.813232156192  0.460250868219
0.520065998572  0.483811356
0.364824268356  0.484610407361
0.638880897954  0.483129462759
0.348864820027  0.592855643132
0.556531311605  0.51051363912
0.628155793784  0.456026524403
0.463679732708  0.175672773618
0.62896392455  0.670848088771
0.521226201284  0.540341554924
0.396574582581  0.421298995068
0.731757915103  0.474294776807
0.199911432006  0.437286652816
0.48754035519  0.549273673173
0.453179410059  0.55452135241
0.523314172662  0.302673894949
0.512146717099  0.608535327448
0.486911402715  0.399652347605
0.553827499091  0.591992855776
0.613393264339  0.464257625639
0.646559711561  0.502355653353
0.57688960574  0.587666362675
0.552432692433  0.576721032441
0.517576489313  0.351701697745
0.598170852025  0.590156743984
0.445418337882  0.428417229678
0.59107374441  0.335029342956
0.589972737977  0.628937756413
0.522377995369  0.590483961392
0.681203408588  0.484828559912
0.460121339513  0.529454502717
0.371378138864  0.568619495511
0.491181279287  0.346034118223
0.431448563601  0.489413724402
0.351918068181  0.176017111876
0.499195694542  0.332347221048
0.675072683204  0.524550473298
0.537201002226  0.461996887028
0.566600299635  0.417232291597
0.362973279396  0.412589071473
0.422868187596  0.688416945375
0.406657352384  0.332861498869
0.58427484216  0.609163325079
0.530019340548  0.448098172336
0.525629230035  0.435366388198
0.58459237222  0.533798965398
0.532330595033  0.584101749564
0.583057696311  0.324825742926
0.56804734576  0.523560322724
0.656344477359  0.520221744303
0.545094904221  0.556348123654
0.491023777251  0.376195551108
0.714809575071  0.536082955132
0.491530188833  0.488629975868
0.55255234318  0.574423045287
0.565037099893  0.506218824129
0.547354764432  0.526671731236
0.425058196101  0.291157461263
0.462019144714  0.476003137799
0.647647886312  0.826448447221
0.476060396022  0.478412178986
0.519135031882  0.433167982764
0.444110021641  0.362577057935
0.553537795843  0.570559697244
0.499286038542  0.575027663303
0.512833250059  0.557014842811
0.570822800702  0.204179908636
0.650318748906  0.526339183415
0.424400477719  0.551610085594
0.543613636471  0.539593881128
0.609603062958  0.346788767517
0.498905776651  0.517801637562
0.43216520573  0.494346787499
0.668944877971  0.245429114193
0.690107892037  0.453299941053
0.328014868147  0.35584441309
0.577592074907  0.515101363302
0.505294152783  0.479523574735
0.422912386114  0.366031793587
0.614985749043  0.312217667891
0.452022201207  0.442054030241
0.685228585476  0.603386500932
0.519518889068  0.59028600412
0.547459426182  0.519805471965
0.535096686848  0.371022901347
0.407393697994  0.481133187749
0.471864622392  0.458956397873
0.642645966538  0.530910889735
0.46790038213  0.58669634307
0.546189968973  0.533221808889
0.520413106459  0.392098651198
0.420889620595  0.515054999501
0.485944042526  0.369982326352
0.534181624184  0.437110416711
0.584827948865  0.684085087262
0.415740684233  0.451805828868
0.639546339491  0.560688255475
0.381410929965  0.453832673208
0.526987109937  0.51035711908
0.498802439049  0.554290299156
0.474502263696  0.377936544109
0.564067461284  0.565311578094
0.478004352733  0.458590374646
0.377064946878  0.416682830448
0.513951108783  0.423912213111
0.756372677094  0.471838766406
0.588495397037  0.496921692583
0.38410100283  0.562417348624
0.593361645952  0.281251015799
0.438081332681  0.477248907668
0.530871065176  0.414106907084
0.557960199365  0.543035619556
0.593678961772  0.512261142954
0.379922640681  0.643998892421
0.541965852358  0.415428658525
0.390813608976  0.52457320503
0.774305523144  0.497998913284
0.525377123597  0.435576942112
0.558871743389  0.474278276548
0.38106062897  0.340423848593
0.626573347689  0.403180606333
0.599594667963  0.430102512693
0.522264221484  0.618265945756
0.531284762383  0.446040008717
0.52172964821  0.571346459143
0.409108827778  0.575167583654
0.586087542312  0.563607870271
0.321114267134  0.36663869009
0.569293540366  0.516712048961
0.480231588981  0.420358105828
0.411834095611  0.377661112699
0.421796421804  0.410207792518
0.557120671914  0.399433143939
0.490288066668  0.395580698638
0.525935993285  0.553576799159
0.549640846946  0.403554791825
0.371036450985  0.416865630241
0.570757146615  0.309462708716
0.492681452794  0.425939962603
0.472068217859  0.585657790996
0.508974645237  0.408320543236
0.587943340974  0.495778014233
0.479775626427  0.361330465575
0.303167083976  0.583059790645
0.583923476396  0.364645783363
0.558602780688  0.682194330879
0.534251605439  0.473345264042
0.460692752815  0.473061389789
0.330045986112  0.378310762859
0.454288403387  0.555921574002
0.388931053365  0.62642234461
0.521081337028  0.520928196351
0.506039629307  0.531030287246
0.35767483028  0.467409186868
0.512563325248  0.689076938303
0.453850499983  0.536370716681
0.648529424533  0.521180321994
0.467335468606  0.504089129005
0.571652625899  0.537726174694
0.518612306878  0.395526353851
0.276888713454  0.534704488692
0.492581529237  0.420742106604
0.686520092804  0.657848212399
0.414881490412  0.368396999257
0.329737543758  0.539755273507
0.507789176368  0.55821577525
0.628656242211  0.593973359331
0.490633612762  0.673187268158
0.506221234312  0.447912596942
0.259443842124  0.430939146184
0.447220631463  0.587186040088
0.633647969809  0.307568842469
0.351371123828  0.50779169125
0.524806824384  0.492805046498
0.549969212158  0.494035117389
0.523271900537  0.530102741155
0.521692978045  0.422361726212
0.588433937703  0.476207219978
0.63572868539  0.504633586837
0.495954600668  0.590409244315
0.474482307733  0.589055907747
0.480593591225  0.502022873688
0.517607652533  0.445424435193
0.287059647797  0.552008697817
0.479079810006  0.315675451688
0.469685681332  0.417330787046
0.713004631115  0.438544163486
0.514800720776  0.659761515786
0.481066498893  0.565646998829
0.331694806956  0.515650234827
0.521465522547  0.522635186445
0.458395532624  0.601847671576
0.452824778039  0.527430694909
0.463071036062  0.438855453866
0.466325204509  0.528820268751
0.578254775995  0.575480818695
0.559933742663  0.663094005088
0.567144179607  0.697932391344
0.472163724413  0.550595333524
0.367091024334  0.504143643759
0.314202524552  0.386873825709
0.509485275545  0.578648261661
0.354936637675  0.388963099962
0.405952301658  0.481236153946
0.597999017047  0.644847949164
0.580707777009  0.528302144196
0.533884817132  0.380567035139
0.48567431827  0.562629345048
0.323243745169  0.423319247827
0.571656331942  0.43576903944
0.558911530311  0.554001788005
0.460422813016  0.636824742117
0.444127679569  0.511136414679
0.399591171909  0.549402779835
0.407635269004  0.488204901013
0.641329658008  0.522175930194
0.423957021428  0.47673176618
0.522610874653  0.458491344251
0.368105162153  0.469256823949
0.49078169874  0.527656797517
0.623345717216  0.561212929923
0.522711467444  0.699461517102
0.564249277532  0.444275827668
0.390014109703  0.475334202956
0.588399213528  0.644247215891
0.513873470081  0.522173434028
0.328715936525  0.564507685843
0.538642442231  0.428427844428
0.463133290364  0.505165731241
0.616414556018  0.581773214742
0.392563520267  0.329593484187
0.464150236775  0.354327948043
0.725030607882  0.672471708054
0.475292725245  0.515574321178
0.447737062  0.708004952558
0.574660741425  0.372631496844
0.640231785048  0.457633850125
0.556873102434  0.396547296727
0.537062994686  0.539501460557
0.613086756848  0.526226340586
0.470813683495  0.309678264172
0.521832776825  0.613290763459
0.447210537629  0.578072262656
0.603697184162  0.187131871549
0.447181099773  0.466108686164
0.522794385944  0.515819981949
0.620387661161  0.552466939679
0.491977656774  0.437439032096
0.450136769563  0.336113848631
0.593775207961  0.640885549039
0.420462409974  0.496496367945
0.539283069842  0.552764303514
0.33836232822  0.479156953011
0.638747115273  0.435464904007
0.401680505053  0.440250838752
0.366449975898  0.645750556603
0.512091049848  0.440361580665
0.472522622533  0.578098452351
0.437713079817  0.505467802918
0.475762513058  0.319088987966
0.470415809628  0.437340525268
0.531962727201  0.379988747078
0.434332514789  0.413148837749
0.612434937988  0.550978430741
0.559610759768  0.474633802042
0.408344466882  0.616461222869
0.300379426449  0.534789429194
0.46303115613  0.478577218256
0.432602051265  0.483813077858
0.473602792716  0.317776429692
0.483384938772  0.501282543784
0.631718317564  0.619338089775
0.48039604268  0.520773511182
0.610240661482  0.632804373066
0.583979012816  0.603857875299
0.344047162431  0.463404563101
0.508773435615  0.395739534174
0.487281891686  0.617179082048
0.503291992875  0.585566520901
0.454599070929  0.542138356217
0.627361319214  0.516129169054
0.591730092416  0.601360876033
0.622311525905  0.423868656965
0.320805798206  0.322892684857
0.487443948541  0.429669027458
0.525251253501  0.552388803104
0.561461354036  0.455606027336
0.586031460246  0.531326165823
0.407108777172  0.479346249147
0.59809485032  0.47790055295
0.557160286589  0.451520832955
0.513850416009  0.584643495347
0.516615342965  0.562936375422
0.390547481369  0.353758193612
0.479817597567  0.426917427974
0.489996492316  0.464120821287
0.544827507729  0.443422516589
0.511573154275  0.553622473027
0.395218939626  0.499968044857
0.445190309384  0.367327348299
0.467629478664  0.493989801732
0.393547115551  0.514645938987
0.374386571351  0.298436654855
0.623000688804  0.615588359271
0.496480379019  0.476130474772
0.600473867629  0.529417634672
0.550814332176  0.35208288452
0.553917693938  0.45589903262
0.637654611876  0.555530758294
0.479926851666  0.461461252818
0.499200393798  0.476303225329
0.349910392915  0.449867877627
0.584884919444  0.706233382122
0.777419156236  0.643109873951
0.568260081388  0.424787243763
0.593066426024  0.312044437433
0.388110641885  0.675590688018
0.627715841771  0.504869410536
0.650943220841  0.371652135472
0.463387033526  0.492103920686
0.415330641141  0.539431334345
0.459909820388  0.514429728223
0.397842859009  0.431350525208
0.589610969301  0.480118566581
0.428834464182  0.370731439388
0.610075030877  0.581703641523
0.384861287983  0.621344421851
0.465329130869  0.477222845441
0.472556352583  0.500938974786
0.499803659665  0.41819739814
0.447109905185  0.657042773707
0.407815001322  0.46902096798
0.463730251502  0.603009291528
0.419225638386  0.525957342222
0.593949431028  0.755838725922
0.434937101239  0.423244504711
0.398224495868  0.513334440308
0.481327106895  0.459218203037
0.527003911045  0.297195371813
0.635031496262  0.567053949946
0.455135451898  0.43959411583
0.557567916827  0.373948506307
0.578881624204  0.437856330221
0.617293966722  0.436727717435
0.387251534865  0.514181570026
0.531324600305  0.314494172135
0.653366846379  0.578541838796
0.502376518556  0.571790693311
0.37061024004  0.597485858286
0.593301185601  0.387452747415
0.466773069319  0.380634470376
0.702706451223  0.606708753015
0.517695130269  0.657948934571
0.347943821181  0.444999377096
0.463893607221  0.434576363334
0.629390001448  0.511054348641
0.207342874538  0.470434883706
0.30404291353  0.620056523301
0.445059920227  0.544288203938
0.512270411675  0.563494927769
0.516586856326  0.70242073745
0.582169204906  0.395578385678
0.553491562787  0.438958913828
0.520580681177  0.692918498273
0.585030776891  0.271161812429
0.35620002989  0.591961597773
0.547028228717  0.526293469778
0.379519750573  0.372122628637
0.387706320772  0.765577739789
0.579598670853  0.493245008366
0.504390109715  0.555783687382
0.391348995488  0.375918465846
0.563658716991  0.601070895735
0.435117199383  0.541204388371
0.374749291552  0.433246146058
0.525344460933  0.411185575368
0.296000582948  0.521457581505
0.328111224706  0.55975246067
0.693192018649  0.327324104228
0.394394918708  0.556535215753
0.411379840788  0.52521572104
0.766988800017  0.436851641704
0.538013293639  0.519632663491
0.443893806809  0.633106400853
0.579535172876  0.376601872169
0.487399012777  0.587519311673
0.445120206608  0.517137140918
0.496579544488  0.355632247686
0.508992398981  0.448500744281
0.639285644728  0.509577530464
0.545290755438  0.466933045205
0.67230782835  0.511747347256
0.459301496224  0.287454047005
0.52639366391  0.53316365103
0.54694055168  0.44849875679
0.458502643731  0.355301598666
0.567481993095  0.359035784292
0.505631931991  0.564214262413
0.531839389664  0.531935232115
0.36991081655  0.554345417847
0.657653264443  0.473863450344
0.627105734736  0.535816847037
0.645238897007  0.41428114673
0.431587437109  0.557370130794
0.590057115689  0.337083367312
0.540367243433  0.487818233924
0.651143617439  0.425263320189
0.410936723775  0.501293589585
0.347724248344  0.484980890496
0.534111702026  0.563472090326
0.574174687445  0.361941767672
0.368434690738  0.374815463143
0.41246439693  0.49799815416
0.56235630367  0.54935176423
0.635652867211  0.59147973634
0.605638706773  0.419278480982
0.527465743349  0.57112362536
0.622345187242  0.455832009833
0.535231963399  0.430139856526
0.544184167115  0.61775629687
0.585541719997  0.585627396603
0.510522237339  0.413753328143
0.587223816039  0.468103309791
0.421879463932  0.396335194022
0.360516406245  0.5240405441
0.65144781564  0.471789460806
0.595800310233  0.60419266389
0.518242405182  0.429051495625
0.364447427189  0.564699203604
0.513891423921  0.514177363144
0.518058100921  0.591213658206
0.607634674128  0.31997101775
0.54146496543  0.531011799337
0.635543900886  0.59354520417
0.54564628904  0.546842982651
0.703587573621  0.325607019813
0.727538803993  0.364264447406
0.440229860827  0.483032553869
0.504540065403  0.413939434091
0.423122654942  0.382828820387
0.577608910836  0.530587374005
0.621431339419  0.439933269082
0.428198779804  0.415545472803
0.440363365393  0.503204998451
0.599445801477  0.361620198577
0.509016466708  0.568927331366
0.343170251869  0.484669333423
0.412905549888  0.369846842133
0.484716367089  0.646746296966
0.582070922136  0.598428677252
0.433056477636  0.419651471206
0.649933942834  0.34563277099
0.678069202874  0.458142057476
0.488228256393  0.451416437189
0.555546591661  0.343700294599
0.491070144725  0.493271235377
0.494986949597  0.570227639691
0.618059575913  0.445863751092
0.379030488146  0.548166654811
0.428038423587  0.511283026316
0.44078031478  0.541360061635
0.388193857444  0.739391556125
0.615105968818  0.527949983086
0.605859333068  0.581933827581
0.3781220273  0.689487909597
0.495764439973  0.452150958751
0.57067327786  0.362179057833
0.495004136648  0.535608928979
0.544527083932  0.405275481573
0.34711879887  0.258707418745
0.760843955706  0.409120651896
0.447931950403  0.583648601686
0.524369065551  0.424755323327
0.649699889222  0.336756064387
0.346596181628  0.503134898973
0.410415165857  0.426645391889
0.632270678144  0.403436781986
0.647136540326  0.432045764683
0.399265709772  0.398460078548
0.33889318995  0.567879675457
0.639327101639  0.260943000431
0.487407312934  0.384514559355
0.644492346886  0.537259997261
0.44037936212  0.575821907001
0.506209186541  0.390565017324
0.397368957579  0.342452289306
0.203005630836  0.311484189323
0.437800011592  0.661598686396
0.568944371275  0.438676490147
0.583062830594  0.508442703686
0.493331214336  0.463579400614
0.52078732699  0.421183783497
0.573339101877  0.390020909481
0.35658689234  0.586289095329
0.4487133326  0.430609845036
0.653656131795  0.731731606498
0.385797653629  0.364399269319
0.435082197575  0.553220246447
0.443129540878  0.612832705314
0.496671382527  0.400267215145
0.498149654966  0.478022986517
0.460218929642  0.423608427587
0.405361184766  0.630758478397
0.538997090089  0.54125699651
0.400987874434  0.472141482955
0.634890110138  0.593070652133
0.48362732673  0.458541403635
0.500663098591  0.432487441233
0.412701401613  0.45404327796
0.657781160713  0.485463236139
0.512059141393  0.41282855265
0.606163989497  0.553322734405
0.45036575637  0.485372112133
0.269716946413  0.372632660268
0.516659388805  0.442960392682
0.378232964275  0.461386840395
0.493399280273  0.431871401326
0.528939077915  0.387834980435
0.515672649261  0.39067620274
0.371245903731  0.414311963739
0.534077469601  0.333889364275
0.631250922037  0.428990799153
0.550478422677  0.458694981598
0.468133632008  0.5868914726
0.449017826291  0.426744760779
0.440018219957  0.415759773643
0.574253707811  0.400848753196
0.600118804544  0.35725713446
0.557210202037  0.492440796764
0.535918442265  0.43046950077
0.345989984516  0.487874899685
0.589920562193  0.561525140643
0.349527517297  0.622721073462
0.450502786831  0.338345594199
0.45582086578  0.558671035014
0.582597072371  0.486023968258
0.449672683899  0.555842537682
0.525744714869  0.458245637044
0.69847634664  0.481069515829
0.515725483821  0.614858876623
0.512919333141  0.696727230088
0.494920294329  0.452509103851
0.409062740042  0.464006820075
0.478634476355  0.458384288441
0.586503529558  0.476571588536
0.560649358093  0.674315327007
0.594931527345  0.422033885924
0.515576476471  0.451652181542
0.482776491308  0.386448613336
0.406384020159  0.418258848488
0.502942482807  0.77213188307
0.618877797389  0.593899589878
0.327772109081  0.447566809669
0.476252743831  0.574184708523
0.578476129247  0.467150384407
0.486352440233  0.355362040872
0.417843904156  0.562501680735
0.345689206446  0.473746112723
0.472708792134  0.289863597158
0.739871539609  0.405272790217
0.558171498615  0.513552506574
0.601185631541  0.264380339446
0.582580631381  0.434087303062
0.486457707261  0.454112260928
0.44179090726  0.564637339429
0.598926192236  0.436577123095
0.666545805063  0.402477044077
0.538572894084  0.618645395398
0.423846759027  0.563253873922
0.509831628488  0.508647353769
0.540574619945  0.415292289346
0.575949357775  0.421182571568
0.285844571074  0.476946786197
0.51126939852  0.637177506573
0.548851302038  0.445905141469
0.49040113884  0.478781529252
0.387073358276  0.548210256956
0.471639290676  0.45923762709
0.586141957341  0.695269627976
0.453804550184  0.517083725626
0.649854440075  0.437515985729
0.432453414984  0.485325795322
0.626443359745  0.359806967739
0.593533985816  0.587626310168
0.499215177372  0.465342795368
0.535447743163  0.50090475935
0.427212164524  0.484754134396
0.461730205643  0.335078389007
0.385884739749  0.510682316114
0.440521081657  0.513785987836
0.366099360026  0.538518071048
0.550664535594  0.535006057015
0.462783623168  0.386018240261
0.709385308021  0.430943302384
0.578324854516  0.518091527943
0.406037943275  0.534272651997
0.374502087578  0.468912936304
0.362141234608  0.514661633463
0.517188587816  0.624520031741
0.539464757622  0.595672951672
0.45274765518  0.30083897481
0.59158975319  0.730826299189
0.724083195578  0.462235851774
0.543417883872  0.455233392584
0.446737897745  0.476416466008
0.487514099628  0.514272710928
0.512398077981  0.539454279015
0.698055265842  0.450004016722
0.434474580362  0.390990225699
0.419117174999  0.338173041979
0.424942089226  0.406182664273
0.449468473998  0.363120638008
0.586004050866  0.586437891642
0.387213899869  0.415872710315
0.524614394417  0.412243861654
0.600034831656  0.468886775691
0.598116516644  0.323222052304
0.637237174952  0.585142277016
0.383706157181  0.46537379984
0.568555356382  0.47720340878
0.626902070578  0.374119082856
0.543587866703  0.633505471816
0.382585830128  0.550110215571
0.459883010239  0.471673336341
0.603848361781  0.479969192718
0.41336741984  0.645884372373
0.537489522095  0.55435565108
0.474983872178  0.462759654238
0.636648821078  0.608970613403
0.700770357186  0.400278708354
0.633478199304  0.483425639662
0.402443036292  0.355998955061
0.485064423921  0.359842014338
0.472201073644  0.411980205568
0.420296067365  0.408148617519
0.537429581003  0.352665390191
0.438884882871  0.660693034031
0.375798405014  0.471917365951
0.409091927512  0.393843364808
0.580279637163  0.331550932089
0.50159359287  0.57209218216
0.451427662865  0.513999383627
0.473769647773  0.408421105009
0.40345816962  0.58330404922
0.457007277798  0.673985986034
0.47825298249  0.453850820194
0.547733693624  0.622561659013
0.551674387805  0.495305998929
0.34188279882  0.648550322423
0.503417490249  0.281895922996
0.56389227617  0.491274099952
0.460736343878  0.394600933901
0.435798216086  0.453531022734
0.308966598651  0.564102895238
0.54068754302  0.223871059929
0.422886365571  0.618960891357
0.361926627598  0.586421113418
0.489866009895  0.631547488673
0.479783231122  0.624028453322
0.601117315622  0.530522397296
0.498823886814  0.472374002997
0.374977417477  0.463453316427
0.437429007062  0.473357380146
0.463752194953  0.505104167967
0.262281176174  0.525805531151
0.292257648072  0.584179962058
0.542358144442  0.472654445429
0.499927573088  0.550898748482
0.505060084246  0.383455911217
0.567167245033  0.505001176735
0.283636930306  0.605191317611
0.379218065263  0.654551454912
0.580632828855  0.497161388829
0.641863010413  0.381073766464
0.599067104435  0.393365814379
0.341199797615  0.360362582024
0.652976232194  0.568898017721
0.465974556253  0.530267014384
0.586249346983  0.619535487441
0.425521653361  0.551303942661
0.430065479402  0.373768440476
0.492261777713  0.387487760428
0.403238362924  0.479933261714
0.57394761772  0.652135733046
0.508572085242  0.487517456023
0.696628578294  0.541867441459
0.576701781972  0.531212897981
0.38301136954  0.528719828476
0.601591177966  0.466857094316
0.439266758144  0.51699818413
0.420416754647  0.541970838391
0.395695312395  0.583252105941
0.395093770127  0.602055157286
0.503299446507  0.408293487672
0.475541154309  0.418948738264
0.613429060707  0.410259924296
0.477217235611  0.452327543473
0.619113063503  0.532007540486
0.435401258698  0.393931444403
0.545124466477  0.519763487773
0.566310863688  0.42026441322
0.482130547797  0.232002005885
0.735881266062  0.416228854687
0.424976588522  0.463958357158
0.373461735341  0.319242125611
0.441003936919  0.506952131571
0.611185860831  0.512399580768
0.504790983063  0.387411397292
0.430354919329  0.437480991975
0.422639053477  0.406451112202
0.418934176094  0.437163029346
0.320924294035  0.444195335865
0.411448299467  0.612403018438
0.440303555058  0.53732417185
0.472789942587  0.37225947923
0.530147706877  0.588182145297
0.586378807797  0.571506401238
0.665961381012  0.480827110437
0.391094105755  0.383180017502
0.211789149852  0.559735437811
0.550628129167  0.64505822111
0.568981133045  0.397148162185
0.497290751197  0.527449570821
0.476548691887  0.634292778115
0.473806449271  0.584875792424
0.517836624275  0.706690407668
0.741953504662  0.411330369672
0.675267289057  0.357771976084
0.368731926894  0.470809644878
0.512891664758  0.348951123769
0.449719340874  0.452357104352
0.306659175248  0.459624339703
0.487616929494  0.638756183447
0.542886558203  0.633856282959
0.658650057621  0.465553967785
0.485564626861  0.547456787845
0.574068909414  0.407338457397
0.480741546196  0.409565252749
0.459587778705  0.499005369594
0.475276884814  0.556719341691
0.414601333797  0.44529018336
0.367438084954  0.577696848289
0.52501709811  0.34825806552
0.502535735095  0.472033346327
0.486089415056  0.538240112064
0.543200882702  0.352466854631
0.593587298372  0.633441652497
0.462492223708  0.369462568153
0.427852433557  0.517189957706
0.622180431112  0.433297232023
0.494747068037  0.577371660621
0.575739088984  0.353147122977
0.489219219772  0.476627810816
0.581079631194  0.627780279511
0.367501597469  0.282870382813
0.563003161784  0.606773518384
0.542510035271  0.421986317747
0.557058641126  0.503157274374
0.611051076973  0.493441207657
0.622732987398  0.54908027505
0.36627926629  0.577252501683
0.419160221551  0.487189795177
0.624292573751  0.46043653578
0.478178355723  0.278239158166
0.462707948989  0.468420262215
0.344746186852  0.53592130203
0.591516251455  0.578063352817
0.302057974509  0.508306244074
0.433334852017  0.409917099379
0.316501764391  0.574231495151
0.529585296899  0.585679762501
0.336815951598  0.372765291438
0.538366836821  0.394565624971
0.582836928775  0.199046131677
0.523871889707  0.568563213276
0.453518630315  0.504106359069
0.399242375717  0.519560253744
0.45034520361  0.541706193532
0.38839958288  0.359191808484
0.437095170707  0.450406856189
0.513424923807  0.445857422057
0.489688532331  0.490564592848
0.611551909415  0.323795574611
0.453941060775  0.48226798159
0.42924548745  0.440276394834
0.383528247224  0.307869513423
0.322759434314  0.506051993193
0.366089666061  0.501618463123
0.385495930753  0.512241967278
0.63209455941  0.533953741329
0.69066668336  0.529206498937
0.619822621648  0.344597906232
0.606117944885  0.455974730531
0.534647533725  0.518700907956
0.428126119734  0.42157506812
0.613184169156  0.412082013936
0.590657135838  0.58092454837
0.405911679921  0.395845866042
0.48454730095  0.314083172264
0.547967803513  0.302431864107
0.467243667549  0.211440000732
0.59867585449  0.327574303587
0.474833755146  0.516464943787
0.465338121502  0.447538153833
