0.506713094608  0.29882708411
0.577038800445  0.574231078015
0.49922862699  0.47456027008
0.556720739173  0.417701885624
0.264435264058  0.496607961528
0.527851687966  0.345841722687
0.372127469003  0.46544047961
0.49829260939  0.580984676863
0.579854905213  0.455942731174
0.527691072094  0.542518607752
0.411239965318  0.53174531476
0.587403453583  0.381040645802
0.526752258646  0.439097567267
0.675423315403  0.312146890542
0.412539550532  0.511804187435
0.488752302984  0.524775182849
0.486031152872  0.56822485495
0.487227331628  0.495431380118
0.281881928726  0.341161420092
0.396570589589  0.580251678626
0.429752206449  0.639490500412
0.570171971611  0.437075713649
0.389622553177  0.293586716428
0.536140086448  0.552240767472
0.499991517988  0.44588340948
0.459106672893  0.427700515446
0.550467800176  0.50666740345
0.568143281696  0.334421666342
0.338119225639  0.404061433319
0.366853892487  0.531479892146
0.509705746963  0.503822838321
0.484520734288  0.311867477783
0.309599874636  0.555452869867
0.650696098088  0.587480264297
0.362859824494  0.320735144599
0.505502373245  0.39229310416
0.831361828541  0.478940424102
0.523271601044  0.501105065943
0.485154095664  0.380882557197
0.499104205427  0.322611974745
0.487761330018  0.331890799586
0.533933380049  0.640475918632
0.573190057048  0.365595378861
0.354507143371  0.544586264636
0.440275545612  0.440135763491
0.61250284114  0.440580551695
0.592228334701  0.276060757734
0.586076950386  0.424665467508
0.5099428542  0.384726369292
0.528986808318  0.427371553473
0.546883577867  0.216268422254
0.496462294124  0.572186249917
0.692998226586  0.563644010177
0.514266781117  0.436255028261
0.384672230316  0.599945687588
0.605143078967  0.478878172813
0.554262137772  0.508166099578
0.373972994677  0.492447937934
0.403019306073  0.486563120402
0.379227045875  0.433959107554
0.377431329551  0.389390339617
0.493056986459  0.528884748628
0.567404115213  0.330437752337
0.4430642803  0.673951985593
0.56804462015  0.626461906903
0.412494062879  0.401422839347
0.457395788474  0.353716191951
0.683484599441  0.655028025855
0.541862989974  0.447284354273
0.462059034839  0.441281123508
0.610368737726  0.301271383887
0.393458417082  0.477223646417
0.427606503375  0.414311975883
0.575311076299  0.512738159982
0.532609078989  0.601338231508
0.43835006748  0.381083125505
0.476033891219  0.556938248116
0.50140292238  0.552539312606
0.368199660433  0.444182837422
0.357795216731  0.368842492021
0.496039378973  0.366043030459
0.407056202359  0.498412534004
0.528184900979  0.505686421489
0.534538906758  0.301814547672
0.494012060397  0.535211433695
0.368313840704  0.543413420386
0.447705982596  0.644643722862
0.395458700916  0.659949958718
0.513834049716  0.427676290862
0.683429593365  0.562730839145
0.387207540694  0.475823137025
0.529972732787  0.457606181351
0.564748105654  0.43338301534
0.5373610237  0.582161564654
0.566035678505  0.350558757799
0.436456364813  0.544450033118
0.615112686017  0.42368129383
0.320342978425  0.562725438524
0.563488516986  0.395358248882
0.36346482528  0.490272125944
0.439991447143  0.41130160561
0.696077930092  0.341321367011
0.415636988978  0.395419201624
0.493518234077  0.414736659738
0.66432870954  0.428283465735
0.553170283674  0.528856363744
0.53537542124  0.470912048735
0.546569086082  0.500531000257
0.414022093777  0.503322165222
0.454355432922  0.530456807817
0.518508103132  0.474696089032
0.506874425204  0.462711908527
0.555629368208  0.417327452867
0.64048333396  0.597371901348
0.358561569686  0.452243596149
0.322267033042  0.517209505716
0.566657754114  0.39871102159
0.364875652916  0.589858993
0.428864853388  0.445209548097
0.374699296206  0.449024341626
0.585593289  0.412244631938
0.539916397775  0.539603252618
0.599681370095  0.363724802887
0.5652108013  0.526380776111
0.700071333409  0.407860923127
0.387556397472  0.57121547163
0.484722968963  0.260410161939
0.543374977534  0.511275555999
0.408277046295  0.633522999087
0.622073764689  0.582287102841
0.38775098691  0.289371930219
0.602360051438  0.53841506195
0.447385573848  0.519214482571
0.241269698969  0.552888279555
0.460302999971  0.43478092187
0.467442628651  0.485834257388
0.689158873393  0.487935701563
0.397684579701  0.536408223018
0.590174888799  0.277117983587
0.436038217049  0.454981684282
0.266286392518  0.375692441823
0.528860867339  0.492157219202
0.564064269055  0.414849127312
0.434130751257  0.464622156171
0.497007975652  0.488739272545
0.35041580365  0.431277499774
0.535493985258  0.408445502531
0.490668468766  0.432023271276
0.564639576012  0.654778389569
0.460226401025  0.435362489296
0.240981189474  0.48668298114
0.43455731205  0.451228719448
0.653525836554  0.541545345742
0.637018648997  0.601499246052
0.443903473423  0.395680913871
0.489009256221  0.392647514306
0.304903928153  0.386365660395
0.467087416287  0.344633022167
0.709780288697  0.420515813244
0.572508573779  0.561301499235
0.513264979693  0.520455314913
0.331761151531  0.552204982812
0.414109110471  0.459349457103
0.611309081416  0.574835454622
0.619457033685  0.447995996977
0.369152729016  0.531814163485
0.393559930091  0.360057469027
0.498640661978  0.366634911704
0.306451633063  0.41777636254
0.650163324486  0.51107115578
0.468065419355  0.29827222838
0.513020190624  0.540238003697
0.438162227346  0.420132144671
0.484965722865  0.225357556426
0.540736202988  0.481490095328
0.568584343237  0.538897123574
0.576184408068  0.48733185637
0.617282874614  0.441676117739
0.332140021403  0.383135405357
0.565332668053  0.382964609702
0.356526306255  0.672400738934
0.332236677679  0.470064143779
0.305924177011  0.568185961529
0.548575647605  0.428784755613
0.436144158576  0.633462627517
0.196847804993  0.462534940265
0.39910576097  0.461115981592
0.42145988557  0.585358668365
0.33888660113  0.559372778666
0.428553316738  0.405142481549
0.523719446933  0.537017386086
0.592780413304  0.340600382202
0.559236876776  0.491850077724
0.433686118777  0.524644177046
0.360696531054  0.4983734326
0.563690983137  0.439599977956
0.751414023809  0.597801359374
0.520382674041  0.328315280311
0.35220783818  0.560361560637
0.479232555745  0.621812648757
0.56344631665  0.54893826024
0.539283147506  0.478108326464
0.498620273287  0.52993707228
0.494351606022  0.441726773707
0.470725505123  0.534799785803
0.53927905887  0.410252791505
0.602909493001  0.562559096171
0.457936433944  0.587587910429
0.570390366283  0.451343497229
0.497367710556  0.360562558939
0.528321743283  0.372971280323
0.546036967249  0.386027716878
0.377694439324  0.583578318259
0.377180544605  0.369533865014
0.442310481762  0.446432372186
0.529289487198  0.592185808744
0.391646635118  0.47830640311
0.411988435956  0.531064074386
0.347812212397  0.685069212434
0.571757689877  0.603006246514
0.543142495188  0.618838502658
0.510047343313  0.431478772026
0.413800142451  0.625921764428
0.381789860029  0.32008886011
0.42031250154  0.496748660159
0.473506275567  0.466515425303
0.51771571898  0.248529675487
0.361083663387  0.363819385185
0.468518797114  0.57723633131
0.417089641362  0.483063013221
0.4421179702  0.435618982608
0.489545204125  0.479925493296
0.666586258681  0.323055078987
0.538037240356  0.394549500938
0.389604737401  0.502103597622
0.480352822608  0.534317205158
0.454152688083  0.528575461992
0.393640277737  0.426947655549
0.462105260194  0.398758111538
0.605097102586  0.482757066268
0.382875225208  0.448971061252
0.625286875011  0.432316440505
0.407346106896  0.508845068126
0.533275941466  0.479021703892
0.474730807868  0.566264409873
0.334594489992  0.58226193549
0.531203686328  0.567882180779
0.653861126122  0.584835676731
0.602406859181  0.426448013866
0.20022361213  0.618318763375
0.480215189515  0.586989570743
0.51128233446  0.519640505604
0.537536308839  0.460931294808
0.384407956181  0.612100928609
0.444575679034  0.30748447337
0.561448735787  0.466349174487
0.515781282519  0.347756029357
0.670524740111  0.263042637177
0.427313091757  0.555325375234
0.682609835098  0.422012546867
0.560217679863  0.348976664947
0.691401829428  0.535716957029
0.573452842546  0.322100930447
0.471105856736  0.430990493056
0.638870534317  0.488639631563
0.640616300762  0.428948415701
0.445560314703  0.611002714646
0.313239190323  0.422114585563
0.520745382489  0.40829367442
0.346960144826  0.486092579234
0.587518861279  0.403724703648
0.502573180917  0.470922362408
0.434604966554  0.400597553406
0.535319618976  0.606331488057
0.378288371782  0.388058001263
0.381472576734  0.527753170734
0.41023287643  0.530542749397
0.472438932629  0.424833955364
0.51110008578  0.569890615127
0.532950874394  0.592962802123
0.389625834618  0.585007658875
0.571473233088  0.596248912485
0.348369221992  0.492431867026
0.428885316761  0.480186638381
0.61684287237  0.481174588768
0.56123948231  0.554173447275
0.522848032074  0.52722043705
0.486039777084  0.462311144261
0.488636240932  0.392312038202
0.409871495997  0.495442267822
0.661594165291  0.469167938381
0.543945737984  0.230669854367
0.309234516795  0.531856843951
0.379852827077  0.255306381098
0.62043695382  0.509980555746
0.313077277114  0.411161154035
0.405288726562  0.299406219442
0.517701151129  0.439103462143
0.26931375228  0.540565194757
0.527901291705  0.567702815888
0.416870756572  0.556696185754
0.473435137769  0.439903581484
0.419239892086  0.518027467096
0.34730912948  0.49393311959
0.529717116152  0.473658075911
0.524253180749  0.402489381985
0.302396643549  0.474896276556
0.456492593572  0.441798795441
0.515929275723  0.473000221694
0.350436202661  0.586632034259
0.416571687515  0.513307017004
0.535538636122  0.412177054904
0.534649953414  0.497984516416
0.622214402137  0.663210964277
0.531344416907  0.37152012878
0.47798303668  0.609770043517
0.361416210614  0.426416772682
0.505883600959  0.399700205734
0.365783777429  0.493942891436
0.474147205147  0.521040824954
0.46117769858  0.262623405425
0.511498108349  0.405686923628
0.375730907229  0.63342615953
0.450708926842  0.426358061074
0.429840182478  0.546873090048
0.754885064409  0.496949523231
0.568480930975  0.535912560409
0.475795964748  0.480694029498
0.329024313097  0.384071998229
0.516423305246  0.469097095945
0.385702189239  0.425319724335
0.407598612325  0.50432922718
0.49252286487  0.474258493522
0.544012540119  0.558345575791
0.44099346028  0.51376667357
0.604070917228  0.654883546375
0.485711014627  0.503347244188
0.415046718976  0.360380565877
0.425182886187  0.570280600076
0.373745762997  0.500267818891
0.447169998291  0.470031707261
0.596906417518  0.513851622776
0.483337628022  0.381849312151
0.495973935364  0.393908913518
0.353819677756  0.451541005783
0.335385838239  0.522521183308
0.37969775231  0.598737304961
0.604079827683  0.579159596899
0.365764047669  0.571236384815
0.550463237429  0.600124405779
0.578276034064  0.446431134917
0.514469789391  0.594979282559
0.610292144266  0.517757836161
0.329220884887  0.379104060834
0.464891303509  0.424106673873
0.65212162337  0.56112712007
0.477427001252  0.452324196341
0.516093450962  0.542456537127
0.530453369181  0.483715025417
0.602594638891  0.557707767875
0.5662270006  0.344021666538
0.467195348659  0.638042922017
0.448497967232  0.347227246457
0.563050428759  0.352328034241
0.514461384326  0.440931894848
0.463421571986  0.331496607414
0.523324605379  0.494654528539
0.357795294472  0.493736906268
0.545648104635  0.606031653839
0.385838133891  0.581544224832
0.447654679593  0.542049969285
0.560966415977  0.427636058341
0.493026035751  0.462406993366
0.507150931463  0.403281211288
0.405739833965  0.243097626977
0.469611459057  0.526359556175
0.552813072082  0.460523175661
0.530072154603  0.366889663202
0.572490015433  0.403662267593
0.53865095838  0.465536267003
0.709369223342  0.589309280261
0.549055406814  0.525104870078
0.573106272753  0.564753839553
0.34452663546  0.419175849289
0.47378839994  0.628952657679
0.430308249923  0.419485505841
0.360577844358  0.525911822211
0.53133609128  0.598740127962
0.455240464353  0.388241086076
0.811967632363  0.404793741987
0.408887371381  0.579026741698
0.531218840813  0.565044714706
0.591363329135  0.593544645353
0.303242439453  0.576030882082
0.388357855436  0.505248630905
0.484404169075  0.479234555409
0.313675215343  0.535050476953
0.506904651519  0.554306274102
0.462592235208  0.496921285896
0.508390492215  0.416631892239
0.532990782687  0.590645125516
0.467959828731  0.440763520366
0.268903994028  0.681624765882
0.727279848494  0.602026299997
0.427760517332  0.490599075887
0.554438001609  0.455997128284
0.315878877382  0.425340817196
0.61874693631  0.450108366046
0.438492926925  0.673134190473
0.488759890177  0.390002512847
0.790515872235  0.539675921906
0.501392472602  0.420588847079
0.368206061996  0.52305906622
0.402385496118  0.43197858618
0.395985758723  0.515148195106
0.272415751007  0.302094443445
0.509294238585  0.490828250348
0.543164581108  0.399278295381
0.520866335194  0.468144123019
0.474402797226  0.496605611132
0.547814185175  0.529140222898
0.383920751479  0.350693754067
0.438805677695  0.487196570892
0.346255677521  0.420645072384
0.527720111182  0.713186134543
0.409648497261  0.530093007632
0.284489222592  0.369247587477
0.557505846404  0.383126398194
0.358647279838  0.710721044177
0.653330689836  0.34285412033
0.455565906785  0.60696917894
0.664576343626  0.476590540797
0.539799206341  0.505045605963
0.600374573515  0.551334570055
0.408803106668  0.326076356954
0.450251925666  0.516121822986
0.569208599017  0.665298042787
0.504209138762  0.538528517837
0.623032677249  0.532968702501
0.626600581401  0.426544404319
0.402854996135  0.522980482908
0.353228434358  0.427608380798
0.493299161657  0.465986404735
0.410289166702  0.516074165362
0.430556455314  0.484153363237
0.596470008957  0.563206230377
0.506929197631  0.489718516266
0.513947009665  0.664428771368
0.4778216827  0.451044027836
0.6899842534  0.528782615658
0.487416044346  0.626130323971
0.347537459395  0.282896965242
0.26596760121  0.349939842108
0.583253677588  0.473688817539
0.365339568269  0.675561279928
0.46464451586  0.453081307565
0.491691390243  0.375403553315
0.518943380722  0.568696618107
0.56565639913  0.370782419753
0.504200559233  0.578826035401
0.446007718997  0.39507546211
0.544085767296  0.646994965543
0.523809951627  0.363319291529
0.439078048231  0.546511260734
0.463926242385  0.451186109327
0.477625515325  0.582702464887
0.554634115267  0.433429090106
0.515391834912  0.736649032529
0.535556918197  0.446291947641
0.444122082977  0.415666200433
0.401266856884  0.516860715624
0.663875999196  0.322803398151
0.535002255028  0.446300806077
0.507842017565  0.641959112477
0.631556469231  0.481857195637
0.557403521585  0.40482917249
0.217489206279  0.5188981148
0.484250341177  0.551244259122
0.590647031976  0.504040507986
0.529802699114  0.338638378118
0.551328121506  0.473915994495
0.455008566673  0.45128034273
0.483243130344  0.59417039548
0.592364050561  0.426682418568
0.407749207435  0.540194681905
0.624080910981  0.538964046987
0.52257824673  0.36713142627
0.486138980913  0.442370966252
0.487155439974  0.522472841064
0.52627526886  0.518487951432
0.404518215043  0.446349121382
0.401114357749  0.573789059177
0.502930250146  0.624019973397
0.728966249498  0.428331491434
0.41936795525  0.478766551878
0.506108041444  0.424957454989
0.342035904664  0.43050319474
0.413466864728  0.584715138049
0.756313656731  0.558651315023
0.503419114032  0.533449119207
0.395050088758  0.488408057317
0.480174551218  0.621200614208
0.546308586128  0.620461156068
0.438774904412  0.512426925569
0.311415316924  0.44538210865
0.450354964031  0.542295825636
0.446873373568  0.54493977569
0.428661757255  0.782161019439
0.737388907358  0.337836686805
0.351174833421  0.399654428576
0.507581576618  0.595543617211
0.378835583498  0.495519556243
0.474108947932  0.451097416366
0.466602375508  0.619709590259
0.511474768856  0.425802921648
0.567275019016  0.339014342247
0.438523758033  0.40747874708
0.482944391427  0.621928902529
0.283170193356  0.291565501123
0.568366616996  0.443492304641
0.496263492697  0.57959380131
0.395925199346  0.566205109935
0.492197131499  0.400655881329
0.372707900421  0.583437170307
0.547435628386  0.379929973114
0.41869494985  0.284819609065
0.639774864747  0.543877847459
0.591040995811  0.432661156246
0.680946585691  0.389144883732
0.520076766949  0.504733953075
0.466545406901  0.384916015972
0.558427341759  0.318215634225
0.487926620654  0.471509182811
0.424901782576  0.371872596295
0.577571513096  0.338570648617
0.333549100286  0.349639303278
0.580209153671  0.529569764811
0.332233642743  0.422116693445
0.40510998244  0.491841552635
0.630634316518  0.461155628044
0.601684704533  0.542762834299
0.554977060395  0.28440343597
0.427512090683  0.443281377899
0.472780121796  0.558357311861
0.453160119288  0.486652064026
0.425067570456  0.370706693391
0.499110307125  0.59734505479
0.459898616093  0.341153922129
0.517976073887  0.451010269605
0.566667202244  0.3943725266
0.388760380974  0.416164953635
0.609915217338  0.656559006677
0.471750937939  0.53949649463
0.467511122628  0.465160646972
0.427794779881  0.460001638962
0.605609175926  0.540994194101
0.52888647148  0.428077657545
0.450016585314  0.359437255059
0.341800421248  0.479458503239
0.476781802024  0.678622617303
0.269750313361  0.604101556545
0.735015971193  0.490186644683
0.593741520904  0.500291417565
0.497978357481  0.533039248392
0.476593852467  0.622827419248
0.480217785548  0.367784332197
0.591324618034  0.466268378527
0.576331510775  0.471417626967
0.522996314773  0.520837740797
0.365423893099  0.592366782951
0.76538659198  0.449663392917
0.348112836602  0.430595591042
0.583205747592  0.36233887606
0.505834039528  0.447352841537
0.422786706724  0.435949367567
0.535818594225  0.456424777748
0.539028728119  0.329280710186
0.584968025136  0.438210093998
0.334067438353  0.445749404466
0.378341579861  0.486662884309
0.424832393541  0.488360085529
0.689378058409  0.642089385983
0.506596622108  0.421739198991
0.52427999154  0.592993687635
0.407497046124  0.450531290374
0.526418194605  0.395415717441
0.417975797885  0.63353061918
0.538187969064  0.397025836602
0.477757744597  0.566560973676
0.578051594887  0.31457453379
0.284795361633  0.349873522066
0.549423898022  0.52207420962
0.368052045269  0.404204784383
0.513266099332  0.510102656672
0.693885221613  0.566781744159
0.582931139009  0.453166412297
0.564589726866  0.536510008636
0.458203553978  0.348831414833
0.519302960884  0.643325128381
0.636645333921  0.539524766663
0.393740737781  0.517643683299
0.530086303945  0.390705921971
0.36701303557  0.493382372703
0.526714940121  0.537052972937
0.435095983239  0.472495493268
0.461173141474  0.485552128088
0.535946089602  0.563911390742
0.499321810312  0.279572409232
0.707131977229  0.550713940134
0.32198618836  0.534413017519
0.491669383541  0.527773020958
0.282991564879  0.555712959894
0.471457671711  0.384494254309
0.533129396819  0.445317053323
0.449204410525  0.380542723948
0.556279773129  0.40755666657
0.574056341144  0.529872872406
0.42925416536  0.475938159733
0.538041644605  0.375521546016
0.514437728625  0.460603500457
0.606376299594  0.509267365312
0.525163448763  0.381631146501
0.585715441029  0.591404415867
0.496351089816  0.466016632605
0.407974920716  0.361561627175
0.43882472868  0.52652630661
0.46721244429  0.677907159761
0.426362795583  0.396180958344
0.503266534864  0.525139450424
0.433360000215  0.393179062399
0.590466833797  0.453876588855
0.420958931396  0.47262818102
0.438313645428  0.453910880982
0.443226807611  0.651761348863
0.611570881207  0.64639974466
0.543677953234  0.515164923217
0.406527800732  0.330520634987
0.44733622711  0.518684732838
0.382965192502  0.619459411741
0.485577121493  0.414035124492
0.579180838991  0.559878494926
0.52546388774  0.543989267471
0.393404117995  0.584664775263
0.561925735051  0.421687372073
0.306001710647  0.425907660619
0.49085269345  0.548533409935
0.39970071503  0.542508188737
0.586724661694  0.407827170077
0.390242287615  0.542671420016
0.568856583872  0.451961706029
0.449946188454  0.701041092747
0.5622055395  0.451275433576
0.566838130022  0.667822485338
0.49335501146  0.442739614514
0.441827853696  0.511236129692
0.5379000141  0.505973092565
0.503711855628  0.537994015311
0.458914999996  0.535244391105
0.464655210546  0.299524951128
0.442950949533  0.403104377843
0.452427121352  0.324745410588
0.457859510423  0.293515003017
0.462952683835  0.565502267751
0.505024628613  0.512561671107
0.743949820356  0.498214940579
0.436694184755  0.44598599258
0.461015854468  0.372534383659
0.425702310077  0.38723506927
0.552614253368  0.541099611696
0.473756429829  0.473282883226
0.553748315115  0.410495393831
0.53836133892  0.39612878335
0.443290203617  0.495720431304
0.357059887316  0.533369877074
0.498298874088  0.550074665378
0.483469034948  0.51188667293
0.44169620371  0.593776807269
0.464939292487  0.43584118951
0.57955483288  0.474007609694
0.574042034053  0.461958777373
0.473019975308  0.331319974695
0.308720342466  0.468306197988
0.380172567634  0.458739490269
0.430293440295  0.507021292638
0.462954547362  0.546086545815
0.412109050489  0.639706864776
0.46086389169  0.377260089416
0.42911407234  0.624894081997
0.682783571928  0.477166979808
0.382168778306  0.499094586064
0.434659404159  0.49974773494
0.490329965069  0.450912751461
0.483462424875  0.323154972749
0.498510854303  0.532736940549
0.461486728031  0.463126145332
0.477331595638  0.444266360779
0.546267588412  0.496416126563
0.375902295637  0.299336953209
0.458789034733  0.599519614842
0.350086675354  0.481077627177
0.439398226396  0.248571083724
0.438709592087  0.434823387996
0.527452798153  0.308709986899
0.531747073918  0.492323222964
0.421111436968  0.472323256312
0.319620812653  0.542193844152
0.459727306098  0.450751189828
0.444195010616  0.43162855619
0.765171627571  0.496351026434
0.491136881368  0.601582654614
0.465884866639  0.657688530932
0.732107310145  0.545134273806
0.438251509557  0.525311982378
0.581022524433  0.478552450656
0.362950364076  0.644626894932
0.464395580517  0.54191756178
0.45713408566  0.489489569932
0.658198863519  0.555862389728
0.495674686921  0.49826253114
0.428017565681  0.498780982706
0.389200807978  0.501474551413
0.303304169719  0.349972633934
0.548332531263  0.331275796025
0.52130746576  0.530045876742
0.338869714625  0.700769878814
0.542387459875  0.380860958881
0.440744041006  0.529548720247
0.55671266031  0.43797789486
0.344891919562  0.437352301753
0.583109529381  0.546249572985
0.440393189978  0.548989296543
0.434532054136  0.460759253894
0.391718026454  0.619367768533
0.532617409042  0.479136133831
0.394054942167  0.608517876812
0.477000676221  0.692324938594
0.416266200993  0.441024806159
0.551995627756  0.52677233965
0.636765136874  0.629658835792
0.511064403585  0.390902444359
0.620873846457  0.369040778775
0.514150302877  0.479436373622
0.495445275826  0.604015872215
0.604673124594  0.402596818267
0.46489604398  0.4880662688
0.563018529751  0.484642092008
0.446280189552  0.479236386149
0.342272267199  0.479449666243
0.518565114743  0.606337891884
0.565137269199  0.222148873824
0.52660228316  0.65547983808
0.624479324934  0.496563782011
0.448061087742  0.523965610076
0.437862481382  0.36917092422
0.301955056365  0.555984251039
0.369827091525  0.419422602936
0.642291855781  0.576953283403
0.58854315295  0.485525569029
0.416156819992  0.51452544072
0.492418908645  0.501643072788
0.563277603388  0.553460288134
0.483158425873  0.413182214971
0.395775007247  0.51614703712
0.683952947634  0.62488287504
0.301078271656  0.350531661865
0.510255891901  0.388798347126
0.209105518268  0.505406529746
0.528043020925  0.436985618252
0.393999957937  0.376699066206
0.478480130395  0.57964358012
0.475999538558  0.578112546314
0.454496887474  0.391150998656
0.31946437001  0.522975728642
0.454190827287  0.585950656016
0.486112622701  0.401474916272
0.589907293671  0.555015042513
0.398301290922  0.511719179602
0.342977893931  0.546772832852
0.711315945412  0.482946586203
0.524572684527  0.407370699929
0.490404673455  0.442683412352
0.330981560143  0.610428741659
0.48379419655  0.481670882819
0.505495624548  0.390422875139
0.512220276871  0.50474031642
0.417576597711  0.438667486795
0.469569666445  0.610177584287
0.554565338484  0.575180297742
0.328637483018  0.55020958869
0.409239117889  0.482711958955
0.517661416021  0.523354938522
0.314613584088  0.394003150785
0.617204873694  0.530149912027
0.53494347481  0.591636988209
0.526812750327  0.523456328093
0.461753842693  0.395294863038
0.478229161475  0.459502222476
0.498983057433  0.227272981118
0.515767377989  0.530495265239
0.590983558115  0.630370359449
0.611907697743  0.49866966243
0.327364592531  0.425101408979
0.571613579268  0.48245506482
0.429078042405  0.647134738729
0.637788308966  0.520096269114
0.616054026836  0.325780297525
0.513001494629  0.482768261958
0.376592771347  0.433935706735
0.624144203648  0.516980950945
0.474539173905  0.400182370836
0.465027701685  0.548748115162
0.501254707535  0.483818572864
0.416150746966  0.397914889814
0.463226109301  0.683871777387
0.475143700642  0.448853764336
0.469517890984  0.399983965855
0.646051182857  0.378602835542
0.471503874295  0.591561804139
0.441565240686  0.432566063916
0.522150825439  0.535307000066
0.444064070122  0.592424104496
0.474191163909  0.558824819504
0.660388640728  0.354213533665
0.275323134608  0.532430709501
0.303810721826  0.531275299985
0.629956953234  0.54008237664
0.437381724212  0.54567030822
0.405156106622  0.593390840588
0.395053320036  0.526130881648
0.475035981066  0.603606224062
0.358690672911  0.613130957262
0.664974380376  0.370022568217
0.381847711989  0.461486563272
0.347552448135  0.518324140778
0.413032408105  0.63626287134
0.567953742551  0.45082135248
0.365063753561  0.471481880958
0.586677132977  0.475671768133
0.514737511635  0.357208967625
0.578858710709  0.493426733064
0.635444526791  0.288250364038
0.290591794184  0.529915721706
0.483810346179  0.443331528345
0.431680576482  0.492018990572
0.418805966546  0.425491672955
0.483807732452  0.441036900525
0.16892867006  0.446984730558
0.474218354631  0.536443179408
0.359539844115  0.405436833483
0.487040859809  0.677818681808
0.676128549879  0.554407109286
0.439607274334  0.5243447262
0.438456645996  0.508737871344
0.471517710781  0.655272626552
0.630428916242  0.512367703845
0.460232721582  0.397744536625
0.459074677769  0.36561214525
0.30282081168  0.471471374145
0.56323530687  0.52409061175
0.352509408136  0.274262119999
0.494548739198  0.419180495413
0.534002221506  0.376882326292
0.628856975059  0.401688457924
0.366457800659  0.49859823403
0.612958692494  0.474813190632
0.396600195088  0.528558219101
0.72282768781  0.582865538628
0.352426077355  0.605322908658
0.536228624243  0.586737677032
0.537346513179  0.530488985135
0.596352690835  0.431421965125
0.486636745471  0.524321471707
0.478454264086  0.503097529759
0.476712431499  0.523969975507
0.394882089273  0.586629236077
0.512288118854  0.516484807975
0.382631256149  0.493801522518
0.374694643971  0.501733186235
0.557469828881  0.36974627895
0.587565893652  0.582691892834
0.532562470764  0.452538263783
0.402594390945  0.480872547501
0.514969371966  0.514226231771
0.444290161845  0.38848995467
0.537855608885  0.642153151775
0.423806586477  0.398360768607
0.527656242938  0.535330406429
0.486236716944  0.534554592085
0.57475634915  0.649617021744
0.523190533357  0.535491973439
0.654907628986  0.492246575952
0.761395009243  0.43378454491
0.331768295584  0.607854373079
0.333666276624  0.429905144008
0.510933317372  0.606499579186
0.359960135194  0.412381208051
0.5343160689  0.374025606511
0.363833352406  0.573987496221
0.485050564969  0.338088389914
0.456565980807  0.377154415129
0.480548969883  0.378733382584
0.469825588548  0.391585602637
0.714079187086  0.597893190882
0.43420326612  0.426952295346
0.484998268047  0.520392097162
0.602869028664  0.627755681207
0.520727357455  0.488507620941
0.489394528129  0.482472619559
0.571734505214  0.521579628915
0.37064753613  0.625365325599
0.449328277846  0.474580523856
0.430045353249  0.471204954495
0.415818354494  0.483932013448
0.523654300524  0.604808169159
0.413909529159  0.507138788356
0.51512051733  0.578646210374
0.501147786368  0.606761499888
0.569061943974  0.53536944265
0.535518076413  0.361671634049
0.437708706711  0.473208033083
0.381247610215  0.529276709408
0.48149237155  0.382504109839
0.392224156237  0.497443871436
0.437013089364  0.511589153896
0.370157429145  0.60194577325
0.493201744523  0.485658062705
0.45725122339  0.629604491183
0.387720493519  0.583990538306
0.58200290618  0.424869036588
0.525434661765  0.385159868842
0.684545810913  0.447750964329
0.330673424971  0.453242880022
0.684746572073  0.473808183478
0.552322766321  0.368583944144
0.360436740777  0.407912492985
0.565705335493  0.270541016181
0.584762335174  0.450350756215
0.538660042496  0.632707933508
0.412915315075  0.620243566326
0.449438594912  0.524201034054
0.452908647519  0.394004558583
0.647337554919  0.476612864897
0.364736770377  0.497140304507
0.598574769668  0.580564504173
0.524766471917  0.508091414021
0.493170196152  0.326027237774
0.596766150717  0.509310214692
0.397904055343  0.453184533627
0.645874397539  0.378929122313
0.506698569688  0.503982165885
0.474580350004  0.480295870749
0.478254518081  0.518131934652
0.534753915193  0.455314960115
0.451180152261  0.728825423587
0.381337695897  0.595358953106
0.593328129908  0.462081103991
0.479045901263  0.3899727167
0.496928322653  0.446690020356
0.505338372065  0.460349809626
0.671652740693  0.501620197168
0.370405092546  0.533941104508
0.464659309215  0.356541934861
0.431334846261  0.402519137547
0.564311015357  0.399647848167
0.305945809935  0.336271667691
0.304159708896  0.540556877113
0.627133719304  0.522916038132
0.6798775871  0.221036881627
0.49848518481  0.482399804384
0.622675341538  0.577069676989
0.432948289637  0.370634011834
0.575911560878  0.511750535301
0.347343731915  0.518360615414
0.504922572795  0.539361522284
0.43021872051  0.369574360953
0.3520143362  0.696907267796
0.394427545969  0.714418151957
0.607517358053  0.531389026682
0.490874829662  0.637903205548
0.458713864035  0.358294219336
0.515118495883  0.280242053845
0.344299377797  0.475635397393
0.493077610582  0.475853371925
0.548702055748  0.449236311231
0.473826417528  0.503089746775
0.283750258448  0.29810585484
0.577459944429  0.45700959255
0.456610878198  0.431949289552
0.594119559569  0.38810610724
0.355595682433  0.357231637278
0.448788361161  0.458298009906
0.555145650447  0.469984047905
0.617113868879  0.458349458428
0.528058836644  0.477634554577
0.236991308434  0.441287028406
0.524418895881  0.425800774144
0.488427845123  0.613413200393
0.485672814645  0.461483929855
0.391639697524  0.450162994731
0.472626413312  0.452912454027
