0.385967650142  0.496851287181
0.496642718032  0.493766274764
0.528649175967  0.473599878548
0.468461462665  0.608815684298
0.521603684681  0.570724670895
0.641820573532  0.491657422901
0.603934564467  0.375835696473
0.644839730553  0.456753388617
0.444148157445  0.670792849457
0.532225922026  0.583822953312
0.419052297348  0.533460867203
0.498700354876  0.525466569344
0.604043779174  0.401599013108
0.459364698265  0.662488063028
0.512680495129  0.195240002519
0.534173988013  0.743929757999
0.529397476744  0.513439030588
0.645570080041  0.428748323591
0.557616154573  0.499954818027
0.243803810862  0.642878643972
0.746189926175  0.261344251687
0.512138195555  0.459902712151
0.616995147973  0.671437489501
0.508008586978  0.540738075638
0.576533169728  0.552454650251
0.576628647542  0.58210870993
0.659112482367  0.449642391536
0.563994094258  0.410859528359
0.549086751682  0.517016444712
0.396669863356  0.422997441943
0.510399716992  0.63345464765
0.638913056774  0.493681633684
0.596479525717  0.39851680407
0.575263361058  0.410854981249
0.604951001766  0.411971368617
0.365378909024  0.585822908261
0.548102165142  0.712339648441
0.297082867469  0.479702884847
0.598610230103  0.302921299889
0.500893313739  0.56603715148
0.277970417819  0.415275722183
0.581981236293  0.60638739773
0.403157204729  0.578563922755
0.402580089342  0.294598656376
0.397574897913  0.353659594039
0.548116152272  0.449262850561
0.569792674085  0.508440678823
0.584768492387  0.575320446665
0.639980270805  0.474519613078
0.483708255332  0.569447106546
0.349570840183  0.502365121778
0.470222457323  0.325400820787
0.388787015545  0.654250917809
0.583394369699  0.440480280855
0.499050426436  0.330745365071
0.615789474306  0.562437413258
0.50601485715  0.463397480136
0.441312153606  0.482252261689
0.545377312854  0.589590346936
0.388774983902  0.561154181776
0.49475228466  0.702769452799
0.717195162064  0.478684175568
0.664862690115  0.507807999617
0.424521930334  0.752847707543
0.487682292326  0.426751401571
0.412087426309  0.470221284661
0.561370142341  0.500159419657
0.561469401148  0.668406876426
0.297019085878  0.536541294309
0.488125809148  0.487882265028
0.665236523607  0.557129602194
0.482447677141  0.406619554597
0.672503133193  0.419272926305
0.554575112739  0.566990099067
0.406527269198  0.53184055298
0.578524354147  0.482081294294
0.428750518927  0.572299035749
0.576966964975  0.52584111466
0.412878141721  0.414632911412
0.496088006277  0.569184622473
0.472514832908  0.672248569745
0.612268145009  0.397739253308
0.43821346866  0.321284649267
0.386730636424  0.442667464392
0.592936092588  0.593028923559
0.461036591247  0.589212677329
0.716103185466  0.451155352635
0.470677229013  0.388880509536
0.66103575425  0.604377961458
0.551237216128  0.420417472066
0.632424673658  0.539874174011
0.40331411852  0.426584433068
0.218308794076  0.349958527265
0.583143204845  0.35193007207
0.402757993612  0.350244865784
0.795359914439  0.519329169891
0.501217967628  0.497297025503
0.533549760266  0.640330890966
0.538210623242  0.517740547055
0.403038360275  0.532966657666
0.684642123337  0.370581041466
0.432671417582  0.712308078981
0.394067070619  0.544137691834
0.675086235172  0.586997254934
0.413731074696  0.6098868034
0.419335991491  0.441407938244
0.580418018257  0.822290856286
0.591780242303  0.458502998725
0.5995444948  0.4911675937
0.569282362073  0.597326755825
0.614059384596  0.392097664513
0.470348637401  0.511656588828
0.607472180373  0.475930004278
0.538678376424  0.581918649791
0.405224870067  0.423860689773
0.712812450687  0.515675000979
0.558609406967  0.621582994042
0.409757885451  0.385788416196
0.515940637472  0.389150361121
0.436705015133  0.40422633856
0.476888089008  0.586936360504
0.35444189843  0.402779131997
0.514299143679  0.518570724231
0.362807770278  0.570006673465
0.470109612642  0.447520852884
0.476093691039  0.373005329881
0.460707238307  0.586314708998
0.40059332072  0.3831965528
0.556944215567  0.490335970612
0.487848438038  0.620405625094
0.442852505907  0.266005019591
0.584306478276  0.495362527174
0.592479391263  0.576261587535
0.699451847262  0.403295043738
0.525486497069  0.425068293515
0.623308663847  0.635519539784
0.677556476359  0.705805215243
0.451991440768  0.512265737636
0.656231464435  0.562580929461
0.622118789527  0.587124757308
0.430219861228  0.477259431056
0.50090174804  0.534909403834
0.456768381856  0.296540348843
0.466668631042  0.502611252734
0.578107891765  0.430546079253
0.715178286668  0.6377294286
0.264459675954  0.50390311998
0.436888298547  0.334317775967
0.448736873319  0.465474765749
0.413308803882  0.456060345077
0.450746579999  0.595842686845
0.552150643251  0.466165540295
0.519596652537  0.654841040432
0.387042220965  0.502119259735
0.486935327996  0.71809043595
0.443994800147  0.411342712108
0.505582680924  0.701661572971
0.494142645939  0.52523252487
0.521867457915  0.592799066732
0.58458145545  0.402903771357
0.577057905333  0.36921851202
0.481356529502  0.395756452208
0.503272248874  0.580645855105
0.649615739476  0.277054652025
0.327190404378  0.55771575072
0.631959423386  0.494322441589
0.631254870525  0.301471379572
0.409721983251  0.482313057574
0.43663092888  0.479202590425
0.524715254074  0.454017785382
0.348400840932  0.556832693309
0.557823617917  0.595279268038
0.423343144769  0.499672867971
0.587330311396  0.547587623044
0.346064594531  0.478705874057
0.421524132117  0.53572636678
0.575518485004  0.371984820279
0.527716922288  0.634729804746
0.555016207655  0.371994386329
0.252458268338  0.432282686757
0.573387616184  0.484756960761
0.492203451239  0.701868649953
0.55160246745  0.685518654779
0.448673236057  0.540991569402
0.529213613614  0.484438756792
0.424016554153  0.570681572534
0.541832099099  0.450846678056
0.545502629596  0.492047482385
0.52015344753  0.543992329595
0.567316406602  0.605747766567
0.578599227965  0.500212650341
0.693416345483  0.563914411014
0.532430218614  0.681321571049
0.679450689152  0.452673761681
0.509007668264  0.375479833171
0.365913549566  0.510063445358
0.483796849969  0.478685093669
0.433653645479  0.471034079836
0.29678234884  0.419303683707
0.51449199771  0.74635658754
0.455463822796  0.450497846886
0.526788938042  0.531446831337
0.707963149356  0.536364571924
0.599807956176  0.424637982568
0.471434852486  0.466834247476
0.586599391529  0.427647799189
0.542426546998  0.328776859774
0.572466356991  0.512430706333
0.46844804619  0.423526171887
0.35466619831  0.343935412743
0.441246243473  0.408548899507
0.399458752197  0.603454980259
0.600860893955  0.606775160819
0.390193192425  0.447634533207
0.346401493448  0.535712346615
0.636753387643  0.489714790186
0.543935656058  0.554385376517
0.364847443379  0.390978802901
0.465077352988  0.550140282898
0.354519416221  0.71655369581
0.465785750154  0.352098685647
0.596585456699  0.336563407771
0.656681816524  0.497902801808
0.640201110875  0.57541109939
0.628805646045  0.489737688587
0.414943673109  0.540739151602
0.530300548002  0.599687276846
0.482527471828  0.66210901104
0.548428013484  0.570004121797
0.427014847484  0.312534563946
0.603420739743  0.413719125141
0.447683240555  0.640725304226
0.411976033344  0.556697738377
0.688260008339  0.413508997754
0.601609979687  0.640239229411
0.385157409675  0.663619107302
0.489972511004  0.525727788843
0.44880087947  0.556640172496
0.456232074914  0.510204622731
0.585602000929  0.406607128966
0.843364555427  0.385096890018
0.473921685338  0.296327717179
0.573697020747  0.522401716308
0.660126382966  0.519614567538
0.512953004991  0.419242478129
0.472774783389  0.532754137702
0.443639765472  0.524360598358
0.564173200586  0.552509930498
0.413889274407  0.267615121134
0.656347952966  0.546267244678
0.57969620144  0.453106911625
0.516716392079  0.42155075965
0.611869651961  0.557207292947
0.34975873983  0.600889789036
0.341960714544  0.540371846889
0.530410383642  0.526107490093
0.416039281063  0.519575946141
0.55086037447  0.265785054239
0.669220044663  0.454766302013
0.497369535219  0.401366443182
0.60120886673  0.376409519993
0.398157979498  0.555518899957
0.577568534356  0.409115475502
0.603056486011  0.532030419213
0.545008842481  0.406085247695
0.435323361436  0.551021168034
0.442180565895  0.414915448646
0.407703002988  0.491039224252
0.542370138282  0.369978031004
0.513353055806  0.439760923409
0.518936256828  0.540188152526
0.559602900764  0.338176911485
0.43728758155  0.589021939797
0.716195649508  0.480077594747
0.431042042448  0.468194259556
0.562356399069  0.504415758598
0.462066267992  0.446106845454
0.467960878022  0.544367297058
0.499351245062  0.458362210408
0.428260645586  0.568758925515
0.614016277773  0.337154177505
0.655365565803  0.446119991968
0.454341410421  0.427468714986
0.544540350327  0.556494052241
0.406525031501  0.338630000938
0.389055502302  0.446751799117
0.418249650316  0.602080330697
0.487506012807  0.522754833584
0.370342655566  0.595522042189
0.421802092109  0.436422048716
0.531702311038  0.449426315369
0.611703065068  0.449283622865
0.477630137379  0.628576722841
0.524152959203  0.379105760735
0.568975951197  0.508063305654
0.336704153576  0.563150671648
0.590586428705  0.460957630921
0.517512876314  0.780881594454
0.325263516094  0.541887547135
0.498079914066  0.581589418152
0.504358680028  0.449071225117
0.663293736376  0.462167319216
0.511449681272  0.521726181289
0.395558236989  0.652179065498
0.56229780892  0.560668092739
0.365648539746  0.500367345582
0.685476142487  0.500143797351
0.380779073556  0.563555336303
0.506883624984  0.491183089426
0.472914614661  0.637816756868
0.387773630596  0.566128457759
0.267394551858  0.344901391819
0.420807300837  0.495914465111
0.7122710576  0.522955791789
0.824500131523  0.378201389012
0.464489034551  0.375451350566
0.339314728317  0.453187398424
0.52773231489  0.505069654014
0.45971831763  0.373319390786
0.422805658643  0.556717831524
0.628960965887  0.521917221633
0.397282780493  0.537101028139
0.606189651784  0.673866406415
0.446696439837  0.460482871358
0.523111778135  0.385987580439
0.448564465899  0.722604973223
0.564970915465  0.503396902465
0.564825650948  0.551778159843
0.544556516766  0.471930175039
0.463881636769  0.648820562557
0.380430071291  0.642846340543
0.629030219171  0.458402542867
0.460597946577  0.277162065878
0.365646843452  0.455880490708
0.380293640174  0.457905607142
0.619365408418  0.494820796782
0.259587513123  0.615369594259
0.398039691962  0.562636011796
0.500975326446  0.622078295956
0.58424703237  0.559443766446
0.48298157924  0.488471593176
0.453372805599  0.390805044359
0.381454858338  0.632763493655
0.482465867487  0.614467925817
0.415472192712  0.455380537695
0.305074574464  0.397985841351
0.534814123732  0.444356496064
0.445282781301  0.475921091316
0.417975646436  0.486109123643
0.468464180976  0.498744200281
0.392378745448  0.322498746868
0.443508547919  0.362218632406
0.593856983628  0.369642213863
0.48492303076  0.637699728568
0.522169453793  0.465820892435
0.410578812573  0.56713877916
0.662655575772  0.591895866059
0.463567412513  0.524281112189
0.557495214763  0.450847613284
0.665313340695  0.477105879871
0.579718366794  0.459136887988
0.604682505219  0.369067342675
0.532327187235  0.489463795553
0.471505148667  0.5266264174
0.638064374603  0.408164083525
0.463245779334  0.51213415375
0.506374654707  0.375119470131
0.615957066169  0.693899259099
0.38499535493  0.558629430217
0.540601739253  0.534269907893
0.524258794023  0.410529511985
0.423084140148  0.524091572583
0.546728673931  0.518113045255
0.575837760502  0.358816869121
0.476270710725  0.491070737162
0.499672613671  0.482302342478
0.456148526861  0.405899978065
0.555028324499  0.561840404585
0.491850399255  0.240692274133
0.53720003065  0.498281520486
0.533658654496  0.706490338027
0.511435027611  0.545901959209
0.509514476881  0.531940321601
0.616504067453  0.479814120213
0.536640119043  0.691194117344
0.65566867002  0.423861848391
0.377072345406  0.368665418624
0.232610349117  0.432614709407
0.372481713398  0.51375155897
0.46407199479  0.374908827959
0.546165237837  0.519324119852
0.406384874772  0.442622353999
0.559110138961  0.447263011577
0.526951286679  0.409617277444
0.709537662134  0.466361006444
0.549287452402  0.449487486591
0.456013276664  0.525156228033
0.328341946779  0.528135183054
0.620835271055  0.494788595887
0.386517265276  0.50309351665
0.62182020832  0.480853495802
0.523602019843  0.42239064631
0.39488917794  0.565421504823
0.578049067878  0.416783826374
0.365573768046  0.610218405933
0.465050890769  0.557563200073
0.409833090012  0.450340684271
0.62409456187  0.556776358509
0.575414166311  0.586946846506
0.458767368638  0.484973701681
0.653981825094  0.414531006896
0.60871940774  0.445769522517
0.378964684643  0.648024453089
0.577872211024  0.607522105707
0.660838127755  0.342341246306
0.284331723544  0.532131537673
0.391536666958  0.669723341005
0.445725753991  0.451188513276
0.47448749261  0.565292827416
0.479187584968  0.700230024817
0.364864220251  0.386895224564
0.43895651315  0.390818914926
0.294379300917  0.289475967951
0.418348877832  0.705942460543
0.462403210955  0.428097505544
0.548959480605  0.241383907336
0.52878656726  0.654396249211
0.487841798447  0.624546721734
0.468958412833  0.723103478669
0.491797685102  0.51604089357
0.426367948262  0.396402415991
0.556164115061  0.419381020278
0.63099004484  0.444110732072
0.448657452849  0.466011746048
0.521762096271  0.26868169043
0.397681596025  0.542981706791
0.446651310136  0.518358737031
0.577564428156  0.445637921195
0.388497169717  0.612625314873
0.285761202177  0.480195892112
0.50352728297  0.48285706857
0.5828186103  0.464450721276
0.743233627671  0.468621517015
0.409684180989  0.695435469054
0.593441507859  0.617653459759
0.353847478784  0.683096738315
0.762355798228  0.529448593265
0.565049057525  0.527548804029
0.446312862832  0.380730945812
0.593855255227  0.512912062392
0.66699488198  0.367303945778
0.578381891421  0.504223310446
0.467622642565  0.552991047941
0.321971777421  0.357993355149
0.546778535939  0.390834249168
0.463540291667  0.649131542357
0.5374376999  0.172189425239
0.526080218317  0.514320709838
0.309872346825  0.554539950511
0.479636472644  0.473712350091
0.504185029427  0.64108285341
0.580136258647  0.496058348949
0.569019880168  0.518836243811
0.681302349842  0.510278313879
0.403076643175  0.512944166231
0.482538791958  0.485032894715
0.637917498621  0.62441813892
0.328243136767  0.424250149576
0.756284235278  0.34836547059
0.571551306464  0.449828160352
0.486559569684  0.449734446286
0.609830139755  0.394739755396
0.396818308938  0.418644858315
0.5581595221  0.514270118714
0.424856179094  0.628001054875
0.481255046424  0.444119460718
0.430159304685  0.497424045343
0.435925743356  0.521430093173
0.581118636869  0.531054806481
0.557742507566  0.548681319766
0.504250148296  0.427436051051
0.508505453112  0.395275085788
0.583449081734  0.470724268581
0.515542963139  0.551660246927
0.720993911359  0.431575983649
0.71215744509  0.227052882172
0.38953382953  0.517903962241
0.447752003663  0.68996464042
0.604553780347  0.607565514867
0.693159675401  0.438877292545
0.622546701516  0.487212720261
0.323775035168  0.338447988157
0.728089129751  0.483112271421
0.438233984351  0.51583632509
0.464904081157  0.611767956275
0.595176426362  0.588858539087
0.40124781109  0.513639356053
0.512953009605  0.58203380613
0.421948861039  0.418886263149
0.511853660015  0.517138396472
0.528727875585  0.544746162328
0.62475770581  0.429116539483
0.407019345323  0.426699785651
0.498296267722  0.396461381889
0.484284274527  0.481711997772
0.677998214256  0.512795457211
0.612582249119  0.450465321629
0.457195485962  0.561154088611
0.481526561998  0.462334809259
0.692840852179  0.545872415376
0.40995232287  0.279513141714
0.461688057603  0.446819714737
0.357416446279  0.441901575839
0.445312432745  0.484866941578
0.510225958965  0.37613987446
0.571643717992  0.586607316552
0.47158367797  0.484048501739
0.463860281351  0.456954492418
0.59914812249  0.552057506546
0.545850796931  0.46706949917
0.385987616966  0.553333192933
0.590462449285  0.348685916065
0.554511603764  0.70174798341
0.577535171923  0.577066830976
0.527364885715  0.371280254359
0.502386429983  0.484642199357
0.322077570424  0.486361748298
0.371239963995  0.449611209757
0.539807583159  0.46551885315
0.644961976556  0.332001827706
0.341574832053  0.434378717267
0.749273561432  0.599364235847
0.453686359499  0.458632446567
0.441383253087  0.480711394972
0.45286018899  0.550998348176
0.57347104571  0.481030819134
0.484285484661  0.459028094377
0.45423076865  0.535805150553
0.451958356598  0.415242089424
0.631489837248  0.497258827855
0.651184352029  0.484092361621
0.499070834052  0.421391537257
0.546006403156  0.46871220639
0.298642640657  0.480000115328
0.406603363021  0.420139605793
0.501087575257  0.346835567525
0.613438082452  0.564216073144
0.512858725834  0.589981099521
0.511053659435  0.725250541174
0.48873710744  0.666848698803
0.491582632394  0.518579685826
0.46199913809  0.535535469357
0.355479668758  0.481956953116
0.638084447194  0.404873994492
0.581707403087  0.647963796123
0.715388073597  0.687468567921
0.387277639358  0.523537271312
0.5794355618  0.46789808527
0.45277892658  0.589119438352
0.356202960046  0.400610056336
0.592184806301  0.534436375309
0.558997333111  0.510867682063
0.402396355654  0.428827799845
0.533339301245  0.455222313856
0.406999006684  0.523818943629
0.405686553913  0.635762948398
0.444226998508  0.51838607041
0.415907762406  0.464733860337
0.545249453504  0.729451146172
0.578480706709  0.493419673213
0.535684829342  0.360327123283
0.557490195212  0.597695270474
0.615539628083  0.652667289777
0.320924933046  0.668418274342
0.389161363302  0.597991752897
0.513839948141  0.489361293518
0.575401360308  0.677415771495
0.47074502254  0.414268570898
0.48724570685  0.528441168172
0.643064997379  0.551109657539
0.525471001054  0.569472046186
0.48092539797  0.54270431174
0.603603680901  0.515478836899
0.515103041937  0.503934737845
0.56426200897  0.652164803161
0.431002165261  0.429654185235
0.526963867963  0.409290448609
0.558221637937  0.442775082914
0.556154869342  0.581219788645
0.381317982544  0.481342787156
0.508036307146  0.576925595026
0.51691364505  0.365373483532
0.488306805217  0.412619483984
0.288652770189  0.562950463146
0.644065022094  0.501552655263
0.392498251866  0.525308266326
0.328574813662  0.544062673567
0.542613979226  0.514833048335
0.382065146892  0.445083127508
0.522600529238  0.493101821669
0.428597088582  0.480355576304
0.447941773304  0.451394242518
0.576427482991  0.186689770389
0.674743119102  0.428884440598
0.377512817055  0.318249205553
0.480018592433  0.383949176936
0.616779192165  0.561274931663
0.390781354672  0.379541679803
0.310269095055  0.248409130651
0.457371221623  0.465077929205
0.508340279473  0.520473275486
0.449059533833  0.448666676581
0.442132774762  0.73543152297
0.376469870584  0.386617643872
0.476868121224  0.401578256385
0.630925251106  0.53327877441
0.571206857323  0.357658420973
0.355375731251  0.610109697821
0.436314337223  0.378212797058
0.358130304305  0.471925496694
0.566410115851  0.366090903702
0.481387379188  0.618395905529
0.326016389226  0.691268869071
0.365726442548  0.388002287137
0.480760352028  0.496382248478
0.44793586701  0.533048371663
0.644397580945  0.423533700314
0.373957089702  0.532541111862
0.442312586236  0.549792598726
0.459277248359  0.583099130437
0.585908060469  0.439469786762
0.450419606525  0.326621837703
0.488787109027  0.515608429049
0.515220784208  0.484964383713
0.390844206829  0.573221462845
0.438420786518  0.533210106929
0.349008094599  0.449766145548
0.361701892873  0.396307994447
0.409089509924  0.504633574768
0.317079909497  0.479365845065
0.478362055863  0.437522386462
0.490700350538  0.594794849317
0.479516524692  0.390185643354
0.565359651415  0.447673339045
0.676573967821  0.563784948684
0.452859787072  0.708685618543
0.570088517397  0.50703547088
0.646733885344  0.367651831025
0.484965133622  0.444325174516
0.441815518147  0.593229181805
0.573967892595  0.39093740958
0.535668607702  0.589450849597
0.547888979417  0.519145786441
0.371005961503  0.440855148806
0.349226847019  0.713686922353
0.551201854996  0.343574167041
0.451411800067  0.621113273791
0.536689744968  0.353690678574
0.522898179416  0.536905025578
0.459285903264  0.570690856885
0.346054587695  0.520319621725
0.474024779035  0.338609484873
0.677795591869  0.537300320362
0.538523105341  0.635187756027
0.531073751674  0.486404246487
0.465645100798  0.66495396967
0.615517918223  0.518138003505
0.539283134995  0.623014031786
0.663020060795  0.406198978213
0.484379235098  0.539763286091
0.302330289312  0.452498709663
0.45867596804  0.574464128017
0.517444737455  0.47337477581
0.488372078471  0.589788616561
0.745797651743  0.510826253349
0.560277480598  0.463150977762
0.390735386301  0.406047702396
0.39192704368  0.491609990365
0.487648681236  0.56678359377
0.475789776771  0.390054310081
0.473951467385  0.491553800584
0.323295450651  0.290119812836
0.547711290191  0.419593278939
0.55701091739  0.489030755125
0.70459050943  0.324906244669
0.42265992822  0.482616095062
0.615944420386  0.477209579533
0.460828369224  0.524780522149
0.583250477817  0.413926242267
0.360807425017  0.459057474455
0.480624855175  0.459140177139
0.687288058466  0.529616511683
0.604497643164  0.478236037865
0.508629737853  0.470111712654
0.554415505806  0.469052887664
0.503793801634  0.527554343911
0.52975110998  0.566126114116
0.479327860444  0.711572138578
0.335438523207  0.485471728163
0.494634936959  0.358366560296
0.461450513179  0.503995976304
0.303017432667  0.375328737096
0.635319396366  0.493399102618
0.460681664939  0.541259764491
0.449993374778  0.485147441631
0.442316651501  0.327885932777
0.488161561613  0.386335356104
0.35761929168  0.524336685868
0.443476597928  0.382658723756
0.544513841769  0.520619474592
0.407925637365  0.538398362739
0.183543397254  0.454760564947
0.386338389511  0.527515657792
0.400574193111  0.371208068579
0.518658371843  0.484757287971
0.539887771401  0.565495149454
0.676863591416  0.577338674178
0.547173638889  0.457905868735
0.503097950067  0.645957889871
0.516982341617  0.468170693368
0.473512353102  0.686313412319
0.396607023292  0.705228785159
0.518192557772  0.450698129499
0.544755691296  0.421690569926
0.423790266188  0.542077808387
0.489687323218  0.596591965117
0.523990926998  0.422420116385
0.58565618483  0.589139348513
0.499680765392  0.551574884063
0.590331611929  0.395498356905
0.407885432086  0.583300746239
0.466797186525  0.463632466281
0.628338987196  0.445927084073
0.480565044208  0.412206095849
0.31481336303  0.521180540769
0.534001279291  0.493257102405
0.612368740695  0.439161598058
0.656655713452  0.660826616559
0.412152239143  0.494752744
0.577398749151  0.558528759761
0.533647143305  0.479080616646
0.751672110737  0.386266192269
0.363959990539  0.44494341056
0.438766566689  0.532143889882
0.466338635521  0.538472672806
0.536102301498  0.347437154656
0.54948487095  0.460861334961
0.665520778738  0.425597519421
0.581101297902  0.497241517924
0.540461748587  0.520254576248
0.576120915716  0.40442890342
0.576154528526  0.554504943211
0.512736176637  0.459736544078
0.442659772176  0.561024392302
0.409714689723  0.534874563642
0.49496351117  0.532155160274
0.572046678051  0.370617519884
0.389498645111  0.425397573606
0.515392854016  0.639508959089
0.275153744626  0.427174199407
0.558090517258  0.46965785684
0.48658738801  0.614651288476
0.640293013723  0.442587687999
0.499707790371  0.481270669155
0.526584041975  0.410443801016
0.405880418436  0.486829032302
0.325600134562  0.493793172329
0.378159555083  0.523101797885
0.537834775278  0.654802733743
0.622741160659  0.493974681436
0.696444263238  0.390468928122
0.575405482353  0.502929478946
0.481152305903  0.573596670089
0.424806461882  0.460697581248
0.296755646204  0.425381602922
0.545759812707  0.696986622155
0.546814097612  0.367240142554
0.756248903584  0.329149681218
0.39236682895  0.424549068714
0.417467268186  0.430294282873
0.452862461203  0.573009150443
0.37215082003  0.595865523116
0.511926139586  0.67119710112
0.616107453858  0.593514305849
0.473156613858  0.524397666096
0.486371001885  0.47160850218
0.534950862041  0.361250858234
0.508228283254  0.529300482583
0.425800308922  0.551561542148
0.463201898379  0.371485541466
0.519936190531  0.415485442982
0.511510097958  0.4612327982
0.482724519087  0.496734018046
0.512667398824  0.59503892445
0.581532259107  0.369136938979
0.72463270183  0.437961528771
0.61405556136  0.433926981826
0.471255227588  0.439567837128
0.4134644186  0.323254235283
0.39644989454  0.474572566328
0.57047442579  0.393666773266
0.630254605097  0.431039980966
0.491890308699  0.65229217114
0.685837805964  0.530896733515
0.615364233059  0.509357447927
0.363254950615  0.645348749939
0.642156262716  0.525678421773
0.600576841968  0.491793259239
0.49987131225  0.436158470762
0.430726424573  0.47479562946
0.531883071556  0.596823177817
0.491925160948  0.467535251392
0.571660831593  0.56748397371
0.321549403457  0.596096688177
0.543190303641  0.461515162752
0.596274830432  0.486716663739
0.584704940695  0.553366400956
0.473177633173  0.6074433068
0.470732170361  0.553931131028
0.518765430115  0.543373369603
0.441593984962  0.398774309883
0.647121693738  0.581799311748
0.459642645145  0.575188137191
0.465634802054  0.51208511376
0.497928021923  0.507789247917
0.470236895461  0.597512371515
0.604494399735  0.442555984965
0.607638982284  0.517830830856
0.484204806195  0.433317852529
0.486915792835  0.761558499327
0.662940578741  0.402805751525
0.416755106525  0.451080526127
0.491838223704  0.578286235598
0.557633656143  0.401090399122
0.527480561054  0.441390076219
0.509201754647  0.608404549762
0.693143915864  0.473374822443
0.267969753855  0.422680943506
0.487481398831  0.380795908428
0.339779309081  0.555495000085
0.487605413755  0.516238883371
0.681174153188  0.402592607551
0.415353014728  0.322308126889
0.517611255382  0.487246337072
0.586136169952  0.455495905073
0.554350398895  0.468267886412
0.520307268357  0.552227588801
0.369381382057  0.411156374592
0.536480054261  0.4456011135
0.391117231612  0.629189259656
0.403594350518  0.591512218158
0.375538448928  0.443761736662
0.397237011869  0.579826299021
0.596512493587  0.658752910085
0.414792765566  0.590604545209
0.34410832718  0.344993774135
0.51366124774  0.330630432673
0.506089160963  0.502690094622
0.374560538312  0.61875009956
0.509010167603  0.542472551291
0.779845464139  0.674712082917
0.378326683406  0.53838983402
0.408545320585  0.490688899499
0.447851618684  0.662823145254
0.573642704054  0.652826237495
0.496492773515  0.582494748073
0.535481135507  0.49846425204
0.437729315152  0.529402921193
0.451612754076  0.470049369769
0.396952056982  0.46711102436
0.580204153345  0.620294679923
0.501734591611  0.38703404358
0.362552658594  0.613844012512
0.420576668517  0.444033732476
0.431120934197  0.544964642239
0.427311316697  0.418495892904
0.442049336798  0.447771782884
0.592247782143  0.426960566232
0.422292779967  0.500226898922
0.541328664641  0.600063933531
0.55199680356  0.587087449307
0.353014205261  0.700195540747
0.385853586824  0.619892441057
0.632914543489  0.448637146391
0.60953898034  0.642141116442
0.423471348904  0.422460886996
0.372123000664  0.415795180039
0.439414842527  0.723580859907
0.621456910421  0.561224248355
0.500648491026  0.322277028738
0.306244606287  0.497476848371
0.542501053851  0.556298117118
0.589794716183  0.572205990842
0.601455159947  0.551490968578
0.579151567298  0.444364427039
0.555512416728  0.505202766552
0.436391287482  0.53564967803
0.598782976359  0.376775716595
0.338153982232  0.478565801567
0.396187217763  0.48901823062
0.47994861655  0.565636449472
0.486036183725  0.521892614331
0.529478252324  0.510199588098
0.566458006077  0.533826197101
0.581758688156  0.547668568127
0.378944033109  0.492097453633
0.474186163309  0.39459944016
0.563545604526  0.495808821524
0.526368724791  0.405089996798
0.557161702004  0.479420251153
0.455957473441  0.289950949676
0.40126672969  0.45564542696
0.32135636353  0.281760118894
0.392397621861  0.321285947739
0.497568321479  0.420459737063
0.420877006906  0.491979707844
0.681873528315  0.475428693328
0.575004308943  0.370535045468
0.63837620038  0.419813749465
0.408127194563  0.614388150277
0.617079525483  0.429174373423
0.582706984023  0.493526361603
0.507660593713  0.466872204978
0.452539918092  0.422387936619
0.544026859328  0.663239766069
0.634090242443  0.638154285203
0.638594213738  0.496707129951
0.277599065592  0.495433762194
0.392114999437  0.529091759539
0.670548358752  0.636209357181
0.286677217991  0.414545078954
0.636819970093  0.621298016721
0.520026331024  0.683873170145
0.518878503352  0.370856424463
0.403133101991  0.471648184174
0.439817526433  0.238505203342
0.434951307803  0.496041603038
0.601160202664  0.312632094759
0.508869042413  0.535472459765
0.636065880473  0.394384851089
0.51371859638  0.58531172771
0.373380479735  0.630369188104
0.513851938855  0.479279159123
0.585305658938  0.482934164227
0.534417269094  0.530876229102
0.577453483969  0.539662674875
0.581185339572  0.555474769967
0.617153304563  0.50242339395
0.517168117528  0.624173470873
0.728224316349  0.510823037748
0.376912132303  0.378563122339
0.549170155327  0.648041141386
0.607097478425  0.442610450072
0.583636976986  0.498707071014
0.399156559825  0.425190004121
0.461883863523  0.485910451484
0.438769400489  0.415955862124
0.376670037404  0.572934002638
0.543256265497  0.602252909173
0.489943595552  0.490552804206
0.714305360186  0.508235313424
0.579887701955  0.424728602446
0.261978545936  0.481689409376
0.648927849889  0.402746689861
0.368767248955  0.504534164278
0.461534040353  0.545208621579
0.484109057586  0.48235771718
0.569394944645  0.403617614902
0.570948969413  0.73282568205
0.449983782304  0.43310271427
0.371203840068  0.478933615126
0.563625664456  0.347667202769
0.492103550216  0.710469102014
0.614812588277  0.51036215987
0.65383931006  0.545460874877
0.521026165029  0.730036580278
0.478220918457  0.455272518409
0.647958558525  0.513668619435
0.493706216548  0.5904873626
0.348130241249  0.447529472227
0.627129903841  0.44797318466
0.51564430522  0.349120533555
0.334805552112  0.582128539175
0.52509845934  0.64406189763
0.345797319386  0.433365595063
0.474039035971  0.670131395036
0.581463005114  0.632895413678
0.523126162332  0.297482963567
0.405735053916  0.646220744873
0.711797233948  0.514951483162
0.516642747711  0.318112601823
0.380945722062  0.449836041872
0.608948960615  0.41266440633
0.319419128675  0.47370887171
0.484549167892  0.432994932776
0.479964429759  0.518577663436
0.353424310023  0.263760395213
0.643988371524  0.638448063583
0.33331370108  0.543623549446
0.503168522171  0.273821739518
