0.481958710705  0.481901609721
0.626808544312  0.348479132927
0.474456416281  0.477619464542
0.500867095948  0.660405304989
0.345167624144  0.573481649358
0.424183558289  0.629040091521
0.487914189955  0.439441248865
0.533973916876  0.481058248244
0.428112075693  0.530835465379
0.456267491936  0.565765240156
0.450238214669  0.425834993584
0.427838077612  0.553280611551
0.392257220356  0.495500086873
0.435292427457  0.258266979158
0.590286020447  0.326827987261
0.51803739971  0.732592460304
0.476260960134  0.489577394229
0.402215617395  0.658889676023
0.57740953476  0.408443642279
0.443538564005  0.54249205384
0.462674290558  0.453041410767
0.649769930105  0.447417623852
0.32334077061  0.466419696081
0.346147926963  0.477999792411
0.498609741883  0.703016282824
0.507763078669  0.416647088038
0.462048515199  0.448645538591
0.460344042153  0.50853070167
0.458084545041  0.4426376058
0.472098461627  0.51357817651
0.553859163573  0.480978202043
0.582499907793  0.338529294254
0.665815859288  0.56095867355
0.432499263104  0.534452187099
0.418256720176  0.590567457581
0.477515850376  0.449029055424
0.451425851922  0.707769488835
0.531639802605  0.51291989933
0.593016502046  0.346015982301
0.469995403363  0.486444310504
0.566063670301  0.651354676631
0.553966051323  0.454480545473
0.651242402059  0.511612998068
0.422339977207  0.534073141245
0.507995074631  0.497807152636
0.469321935346  0.469952207068
0.460080334248  0.402633088434
0.435320428136  0.453573159063
0.505066661217  0.389473609937
0.423491583005  0.580883759844
0.558097306882  0.453411548924
0.561682657199  0.408033090526
0.492327858802  0.325431424099
0.477433432057  0.597374743424
0.497138572347  0.501813949898
0.562425241543  0.470676788934
0.545833903608  0.324455972131
0.57521960306  0.458334409153
0.414737342095  0.479055664647
0.555140840019  0.568131700774
0.471548691799  0.504488806451
0.454465586259  0.460450929427
0.453315436568  0.292147941916
0.60729762182  0.389687671619
0.35427052773  0.510784672545
0.517150461466  0.442133676001
0.469420768205  0.327533443006
0.461377753301  0.498228399991
0.518585893202  0.493742611196
0.441130968063  0.615913446111
0.562812177086  0.439803275983
0.404031583717  0.626655454076
0.366397825961  0.561540684194
0.603195667059  0.398087017209
0.608582408723  0.520673438011
0.509777145156  0.643261060828
0.332839995459  0.653296124108
0.670650888061  0.436571937088
0.45519871991  0.525718481475
0.643042839668  0.493430796938
0.312346969024  0.480842315234
0.433037777426  0.636018554458
0.531491156968  0.430233777939
0.423803090914  0.50895094419
0.372022974503  0.650045498893
0.442791180851  0.492050913237
0.549819101999  0.389254839077
0.493486568473  0.490873191577
0.584373885519  0.428074074742
0.583904253577  0.693531174646
0.535706189143  0.514580347669
0.388450436169  0.59259569154
0.43127525  0.50011546435
0.604352639694  0.403383676541
0.344702285044  0.418091539318
0.48715535166  0.532143512043
0.579681724599  0.490342889284
0.540149449319  0.497075251343
0.421781057181  0.528173246918
0.478394652829  0.492764875519
0.580460947222  0.608949338903
0.501995411565  0.509311486263
0.653771542492  0.672221652431
0.40190598283  0.418989993675
0.507675264166  0.384464344342
0.440833601141  0.48038955521
0.523093257825  0.399541754497
0.519080842036  0.599150582755
0.360439074096  0.589428336362
0.518673914603  0.498449257679
0.40692052094  0.395492451234
0.507729339574  0.405100393908
0.586963520347  0.439759316351
0.488934437633  0.505873760831
0.422574975753  0.364377374827
0.444364611248  0.504309185385
0.537643882163  0.413005320731
0.55229601171  0.45965371547
0.433169437229  0.378008433696
0.541804744297  0.505042884629
0.443030499452  0.401293038877
0.506710681999  0.412193010829
0.336608563223  0.493243809316
0.441157415633  0.348127422877
0.457229725216  0.514992915253
0.482379691883  0.441739631264
0.303926314483  0.463236274924
0.400055684054  0.47800692667
0.642221923737  0.493261777288
0.40252996671  0.356533565087
0.589136476598  0.384517327834
0.52723116571  0.545036568953
0.50427700368  0.657594426416
0.455302992953  0.334716674956
0.457621020774  0.399349658169
0.567525767086  0.391073354969
0.651343620415  0.511988551579
0.665614091405  0.472805131963
0.549923216778  0.40148430336
0.445955770935  0.436239481805
0.468616472272  0.425287410062
0.413488492786  0.441619250979
0.624225919836  0.547150198192
0.540826780822  0.426935918085
0.375585657431  0.334032457475
0.555928427531  0.468485338497
0.638093128421  0.365172833814
0.59974808238  0.401469600344
0.557235966928  0.632087307739
0.276403528042  0.4833310141
0.514648735427  0.568307051061
0.709411163202  0.635470883624
0.398248300118  0.609779952341
0.411040761231  0.494418953666
0.432444958734  0.351139351089
0.499638155732  0.541927607839
0.6859017675  0.525360703783
0.462287520573  0.589213288133
0.510107188729  0.511966146672
0.54303190473  0.529426064235
0.444223593215  0.439818207104
0.476238281416  0.651481633766
0.499638437679  0.349685449364
0.529770519929  0.537055842478
0.459696346624  0.551566748663
0.270973010293  0.517956067364
0.58118377754  0.426377896363
0.497468219806  0.412810942083
0.351131645655  0.540781812478
0.535548747542  0.459062761997
0.542829643993  0.340258139402
0.497281702921  0.541264420103
0.566672477303  0.522159045283
0.441203161008  0.530964238697
0.565852031546  0.487050973227
0.262827842334  0.639271220418
0.50535216905  0.599889340029
0.448751184277  0.457066596437
0.372847786229  0.312888753138
0.411281282457  0.504660607895
0.455818861729  0.617071099695
0.64937061017  0.53954571895
0.394323029887  0.618573674081
0.326557984219  0.411400916561
0.385683491257  0.676382434583
0.578512994998  0.603470927841
0.408202788559  0.460337865511
0.56747548614  0.489982465241
0.339188225485  0.471383854031
0.775396355631  0.519645510403
0.536040408311  0.475450241704
0.494259104031  0.597869449711
0.599069275198  0.342393764753
0.593788201725  0.439870623498
0.597566811118  0.485789188288
0.314225330533  0.54909235728
0.487749052215  0.515136159982
0.279162164857  0.417795301
0.443348657437  0.470830125056
0.497822781241  0.644621329335
0.447558933197  0.421809170139
0.45295782036  0.552945808453
0.645391763178  0.608228678284
0.613749298666  0.492278562401
0.452420341149  0.388647833702
0.340361208307  0.575624178034
0.450281701145  0.443252230327
0.375676049898  0.472067297627
0.63663669954  0.46031346777
0.444274217097  0.457823976013
0.622772338512  0.324274257789
0.38574632485  0.456488840747
0.585468742819  0.4647380624
0.645868239211  0.446748472051
0.581778764922  0.671808412131
0.535547085688  0.341323296317
0.517527869034  0.473776163897
0.616974440176  0.396841086088
0.476512881542  0.396974269282
0.292128013196  0.516776427226
0.667827958173  0.538035846715
0.723634852868  0.392271276476
0.436921905418  0.433146797729
0.374680572963  0.567501027658
0.47901290674  0.431625468008
0.446454143681  0.463399081917
0.582110445266  0.448058132154
0.716014496624  0.388186270293
0.503842149356  0.469243357605
0.360470524638  0.64712199629
0.379080073016  0.372393083109
0.557820651509  0.444961847993
0.414770434919  0.3902582406
0.419900284043  0.407151092818
0.370906807329  0.524403297878
0.491736014468  0.518760589469
0.626375539953  0.452261203673
0.532761279486  0.527887711593
0.518332091472  0.484662224113
0.453953407472  0.316603882614
0.599565255491  0.371953145653
0.520816982623  0.329915115784
0.690394967817  0.431061958646
0.624362864338  0.579140826771
0.593072993474  0.472248685348
0.404638626654  0.480287941615
0.474952873832  0.505766424433
0.529356673587  0.38030050296
0.355715535832  0.619653286451
0.686645230695  0.401156955264
0.62697933804  0.6859272098
0.676004377301  0.42426129141
0.449490645755  0.584581471795
0.424239245671  0.440832538352
0.559248908202  0.52447888019
0.501223907423  0.576177059724
0.601783449673  0.297432347406
0.378504333283  0.613738433537
0.448915290668  0.322663403453
0.447215365913  0.610147419903
0.650782954403  0.727286939266
0.358916365511  0.435557971609
0.397109456585  0.54435114721
0.772803986893  0.598909831315
0.608394577204  0.464058420601
0.443807541341  0.511752966951
0.508518846647  0.369070536932
0.398633907031  0.319117061532
0.596713337608  0.436025319515
0.362193661086  0.354904664769
0.454469351453  0.284893574316
0.374852656466  0.378710207239
0.510317189393  0.483108246904
0.633765493286  0.327840143201
0.558553378175  0.405842715083
0.508840999012  0.473858818719
0.566522921995  0.534715235236
0.404488985161  0.447948030494
0.375575041313  0.61022598977
0.53495572976  0.583802224068
0.413896621408  0.642633207715
0.435713954461  0.490799327193
0.673079058873  0.349558342211
0.406692160636  0.317837419735
0.291117233073  0.547001713783
0.60159207824  0.553731140677
0.53709986725  0.440789983801
0.681642217086  0.422457170618
0.470669261316  0.424252504386
0.546295636774  0.366848527925
0.475041540461  0.558327396541
0.67473188487  0.396746138041
0.479891051894  0.597125363544
0.512780102549  0.479296774534
0.400778953234  0.548483766639
0.604362345866  0.564830802686
0.34667999911  0.354815875353
0.484630569417  0.540959411212
0.445375715862  0.396823155982
0.452422861964  0.351775189001
0.491928888126  0.290120703321
0.409240748911  0.410342317047
0.394854581722  0.376325745738
0.31762414735  0.636433492008
0.482767139945  0.522157691917
0.310558188356  0.59320613396
0.580950364548  0.29541531847
0.538376514682  0.375164485006
0.435264756995  0.35010342944
0.321129018425  0.568821576522
0.623214580931  0.312494419375
0.564340970833  0.335461016763
0.427916021638  0.547125543843
0.246198416463  0.499047885721
0.458253172736  0.533551436147
0.51074213119  0.292693999906
0.365838741942  0.534761074678
0.396049938495  0.294399651493
0.526820020115  0.565972129328
0.652533258932  0.471422505945
0.464533800794  0.500629789933
0.3372086691  0.549611135388
0.688051567571  0.574108678125
0.507791532952  0.354190705752
0.493025372759  0.399720311636
0.606300245436  0.548424301705
0.33529571376  0.476359224595
0.566840711239  0.375366483383
0.329781675243  0.498238770541
0.443876985746  0.522052277245
0.434031957198  0.524825998582
0.704670065583  0.543672615079
0.399439051996  0.373815568571
0.359735878712  0.349066446739
0.5859742081  0.47991904207
0.485164061088  0.522370783267
0.626253465078  0.587768901812
0.505425724525  0.465071200268
0.432271684265  0.44630385443
0.674986256523  0.562596960664
0.623810364508  0.541276913322
0.475979894659  0.575039097712
0.470217154654  0.518264830286
0.525071836033  0.400509141506
0.617232177043  0.473700939608
0.460352896236  0.56510781706
0.602078956786  0.509026065041
0.562306930305  0.435796880704
0.548067746604  0.638090943573
0.42240813279  0.403016565715
0.390870748551  0.545070691909
0.488967657065  0.482318322147
0.497483072905  0.361119569214
0.522965646402  0.405405046377
0.529905466146  0.58170204922
0.599024893266  0.537764598702
0.458340820262  0.69774693754
0.598111179697  0.474901039184
0.372343751699  0.420384211256
0.463635935391  0.538224656798
0.497353010328  0.380069743513
0.371837079418  0.463208464277
0.383492823875  0.449291896838
0.61139502838  0.442746245328
0.660250307417  0.438027970367
0.591462025813  0.347077868899
0.664683964699  0.372817629909
0.563934639088  0.239861613921
0.518403007808  0.505636419784
0.342224998375  0.215920499003
0.600360481124  0.342452659944
0.558228715502  0.535393455139
0.56070291379  0.374370734473
0.450360356631  0.549308226883
0.445208338535  0.569384237727
0.654901774615  0.440317122556
0.381898496179  0.495941338208
0.46077144118  0.64109904076
0.416307627152  0.458582961661
0.533974354529  0.326485047244
0.346916672299  0.395911603763
0.652798070274  0.594942770215
0.457181982666  0.560062425411
0.694960639222  0.343754918818
0.619900363881  0.480216073156
0.485461131049  0.491804807726
0.411779177331  0.463753424779
0.246329979751  0.400558063655
0.596269570768  0.349586459904
0.378244095365  0.579341093179
0.390260139262  0.46444376622
0.34736816674  0.442844303666
0.584235368521  0.447441272365
0.438997999539  0.487811504311
0.584334841013  0.486514321188
0.631895437663  0.29291279497
0.509466132688  0.498193558161
0.553257773772  0.678910805466
0.511303178832  0.398822377078
0.492848456588  0.45719020348
0.438296165539  0.512636431422
0.525891654711  0.419329038882
0.410316622574  0.456646350527
0.41996507903  0.516770295376
0.425710825835  0.556737886001
0.599266890246  0.274363280807
0.622234438895  0.336083249062
0.45595940987  0.396875275648
0.414229711666  0.58862450184
0.465263795944  0.432319403465
0.489616510736  0.466865084079
0.470702177237  0.473497302632
0.436798928674  0.434689202119
0.641556202537  0.431974937926
0.457282664336  0.370319509806
0.641222498185  0.52233215489
0.529943968381  0.509419256843
0.459972853332  0.422489285022
0.450905702496  0.663897077589
0.324790143885  0.454068289884
0.604267390888  0.49239861652
0.406420930601  0.422062580615
0.557671565734  0.433280668428
0.30054118898  0.529944348204
0.388241429974  0.309570264179
0.57669414155  0.592660234563
0.342084414934  0.532363086747
0.550549821293  0.352893640187
0.591843593333  0.462569048853
0.667870633435  0.627406206554
0.60751556792  0.512711385371
0.565049518517  0.679320842178
0.371008017072  0.394664703244
0.565707207655  0.489622150513
0.480051716351  0.132089869843
0.538752995501  0.577217458897
0.433139976475  0.366889152121
0.350220180368  0.489753606462
0.493207937218  0.501577993725
0.559516636226  0.458889183056
0.528599038392  0.778027500777
0.52824610292  0.538062980744
0.531383222963  0.44569191
0.419171068791  0.422620389352
0.516803938207  0.337140855307
0.656023234323  0.639979397943
0.437489998401  0.615833251791
0.425258940939  0.509517388389
0.4904085  0.430477141303
0.460310692305  0.514166683562
0.573606697618  0.482654222317
0.505101220979  0.344602716271
0.18100443425  0.395728260389
0.422334054812  0.502922553545
0.530937358591  0.646402214894
0.625673888366  0.52469667526
0.45158556653  0.541172249203
0.629949121469  0.446529469807
0.608723091556  0.486632239226
0.645509195739  0.61081751016
0.748083441564  0.432216123528
0.389341894423  0.536579869246
0.42974670452  0.39141458796
0.564178389784  0.546275669056
0.531969000541  0.430748383634
0.487111326702  0.387577148088
0.507649360088  0.531255132002
0.594985202447  0.587148398036
0.468417834664  0.461514629237
0.504049084655  0.534003148093
0.586228384863  0.29626076986
0.679238182245  0.547789733606
0.586902538526  0.518290700045
0.415698723041  0.428032274049
0.536413206094  0.55746515228
0.571445107187  0.474437076807
0.644679830896  0.519754944347
0.37617619355  0.502133732911
0.577622308422  0.607397040286
0.474622698559  0.419522598855
0.406508807335  0.677149426303
0.50552998056  0.604301463138
0.422307295218  0.605284325439
0.313802789264  0.547406773643
0.622668984722  0.487592177881
0.562803123573  0.439362725607
0.343681941411  0.483792352162
0.539505294147  0.430444276811
0.367759985966  0.52568924005
0.760165148569  0.460401138164
0.462512914599  0.283120098121
0.538313534542  0.279200691983
0.566168131496  0.400278180505
0.49402650885  0.561125293375
0.473095649633  0.595125751005
0.605424008969  0.755735989884
0.377168782347  0.318001059003
0.484236706688  0.293720751393
0.596817351667  0.543101907562
0.476577184303  0.498272243537
0.496038832  0.331582949491
0.467739058077  0.498624962974
0.514926401167  0.340607657588
0.569416238532  0.55772864181
0.54753914983  0.396335664777
0.533640904383  0.375526611314
0.556488676843  0.331130540265
0.524428041384  0.518641529406
0.383761878287  0.404612776851
0.366186772897  0.38301027328
0.454925986348  0.611775971348
0.382861523975  0.668835546702
0.4824415207  0.537626225631
0.50725684234  0.519162043995
0.454977975437  0.63262557988
0.400968718615  0.527562159464
0.580094743811  0.573999850088
0.449317370128  0.358236633223
0.426557550094  0.564453499022
0.562618110729  0.267505202345
0.5052686542  0.350354236832
0.660025796904  0.456798941908
0.50130735886  0.603195128463
0.511209664081  0.466597739516
0.526742345037  0.549066771235
0.539606932823  0.442340558102
0.491988287368  0.363527266426
0.578868990262  0.260084718339
0.368719510915  0.477896682321
0.452287925787  0.448867808157
0.529679724095  0.447456857094
0.600944070835  0.54968692935
0.543701408364  0.496124906663
0.35252639535  0.597834479089
0.474863144934  0.404837111979
0.483680775063  0.475099988274
0.563611671034  0.247077156619
0.502595007978  0.490059302612
0.600174008841  0.603232104017
0.596044088386  0.51621944266
0.557964540513  0.389540433725
0.45547518569  0.463705618764
0.551918287634  0.357208271769
0.613865997648  0.452448138976
0.61261068672  0.514710032261
0.382166269562  0.606666533297
0.523946706257  0.686695607558
0.286897820761  0.434062000933
0.392787785971  0.443763122669
0.632345876847  0.412772290313
0.61148107548  0.415947055996
0.589211628129  0.401895177612
0.443780652745  0.317729441143
0.505760078711  0.579946512594
0.539360296515  0.494982354388
0.455872056942  0.372034783009
0.494699887208  0.502386737463
0.547259754601  0.340476682468
0.580897130962  0.529992016494
0.387139343692  0.251922198677
0.390386964343  0.354279607519
0.50168463877  0.650539546114
0.437351666048  0.552812874874
0.577889489657  0.433921781681
0.368781583827  0.517722656839
0.315962442987  0.485437687395
0.522875096918  0.398895664319
0.725588981719  0.489919205217
0.354649989835  0.363141989201
0.290535933827  0.658523936275
0.277951060552  0.556573061542
0.470261140259  0.517037197739
0.411645279  0.629263032363
0.484305462634  0.284086325096
0.438266458466  0.600364566101
0.552789604201  0.576586816048
0.659358834629  0.398850257858
0.723937321499  0.43627382297
0.459380121365  0.628656321162
0.476870326857  0.418070740839
0.678668678341  0.391180939493
0.501343766005  0.658048407888
0.480583090383  0.422110262212
0.5099080881  0.543115822659
0.42350480461  0.50114207995
0.535385272309  0.505589066739
0.3735586303  0.383138497056
0.506976899302  0.472492822117
0.366385544697  0.621903394099
0.283833288991  0.394271240863
0.522517913464  0.372849775353
0.612819197183  0.558300717676
0.512038002077  0.515692473042
0.436202406518  0.51496436167
0.45558443807  0.56095478025
0.463744725068  0.573065423847
0.546194311623  0.447869001921
0.599715399397  0.692291232742
0.615420557267  0.651565228862
0.570179302853  0.287965769248
0.511965283245  0.457477391877
0.559627960435  0.430418034104
0.566994836432  0.424988303681
0.352583544292  0.422941076969
0.604052276431  0.6651683434
0.653488741955  0.481345760481
0.655032527225  0.529061159249
0.575224188882  0.409242053201
0.583495843513  0.395298677139
0.39617741227  0.560175570146
0.735419274549  0.279646122066
0.49381901002  0.260709682609
0.438302493664  0.469922218824
0.675933341935  0.658157350955
0.402508556087  0.481691310845
0.448692490047  0.489278237222
0.676965218762  0.525606858569
0.391966268552  0.578530969114
0.410024978065  0.391431442071
0.642043577862  0.428652396415
0.42542746409  0.537923117101
0.420046965996  0.464662500692
0.578204723628  0.503336278732
0.576512148132  0.451268011542
0.632990605867  0.326267740328
0.407273674384  0.616898900328
0.434550854741  0.53126063067
0.53380176052  0.466503989893
0.48109321664  0.431542628374
0.518987266471  0.489480251503
0.40721332256  0.396403480968
0.607260576703  0.540421462665
0.612717700286  0.485494445964
0.381159797141  0.561343997125
0.57032376657  0.490530081669
0.502249245832  0.428874856595
0.456016849274  0.591365289051
0.489407632352  0.59916028692
0.722809181324  0.614105363627
0.700328820967  0.383849933506
0.341633855363  0.760083180667
0.570125215787  0.533454105088
0.531770663383  0.386802909481
0.525610041129  0.45024833238
0.632241363776  0.414729593823
0.333934166684  0.571376749056
0.619348937706  0.426467818081
0.621318503876  0.385365177366
0.529351003008  0.38917242411
0.606520654505  0.566679813235
0.538665867936  0.464306231029
0.562664663281  0.44520143667
0.558449532539  0.428999777235
0.29036551139  0.484062651964
0.570527099986  0.44217715197
0.5103620665  0.410241043897
0.309345500246  0.354305214031
0.420526296357  0.391684816268
0.392962691068  0.524351039167
0.682468269277  0.469972308175
0.487180180641  0.747586366837
0.614119099704  0.292387985752
0.625166198634  0.509660948037
0.36441105933  0.587780109012
0.342381392501  0.487081087408
0.536327614049  0.33887899599
0.412187359261  0.465337113019
0.488089475377  0.470892757177
0.580670909697  0.632211148156
0.418551908372  0.423980169256
0.529472242155  0.277531689807
0.651512597379  0.560105391836
0.497464868449  0.397730434197
0.633844547348  0.597503102534
0.564952693632  0.665859666824
0.417319271706  0.492677159386
0.371893303094  0.579353186755
0.538449357217  0.372420406672
0.561261841025  0.378476332955
0.607982037094  0.392883946302
0.390914957308  0.423567363569
0.605026881769  0.396700622437
0.649120633222  0.525370691233
0.605417546982  0.510545653852
0.63390105842  0.451179069821
0.622064082879  0.35881053881
0.506159641184  0.554347233183
0.522999821241  0.589226101052
0.570000216173  0.57136746358
0.427061082948  0.543105538272
0.43559920019  0.624498885661
0.664076403705  0.523053398618
0.438642355386  0.600108039438
0.67206071841  0.453263872514
0.412964557498  0.473437471512
0.455126239811  0.48500050754
0.543662144479  0.437902606406
0.385978070265  0.529417107299
0.461154021672  0.363587717028
0.439740718419  0.579267635634
0.45920162297  0.530006727882
0.661221906863  0.274980553362
0.465927540833  0.359037381973
0.458049752247  0.51131802141
0.713635921109  0.506415490076
0.422802116357  0.432087555142
0.693527225829  0.57362719244
0.513289252139  0.326937888216
0.620070782459  0.523273789407
0.626930819382  0.490659240449
0.403403012602  0.451151817589
0.629072046701  0.472580074425
0.348712108389  0.560257181291
0.584097197097  0.618534949244
0.314308863223  0.482037560984
0.468519901867  0.329251875652
0.590177049616  0.656818852502
0.406050817266  0.442483042669
0.545338111761  0.413159255843
0.557296324336  0.498649252326
0.501370738739  0.590799142409
0.6258221354  0.453654966838
0.608027550647  0.532104127845
0.386115522694  0.593780033689
0.413111605271  0.39202616099
0.489212013851  0.654833956387
0.484639624253  0.353298347941
0.347763650298  0.245964632101
0.431899484979  0.50563827205
0.402632729336  0.278987843218
0.579660207844  0.530887381942
0.436147328014  0.659471782854
0.610119011005  0.495220766198
0.619192030405  0.406693595221
0.404278572136  0.540891768352
0.648183712111  0.477807139333
0.370494166462  0.510392545101
0.531710995761  0.3756998907
0.35453006834  0.32973108936
0.512914558702  0.492316488814
0.479414083379  0.519787046948
0.555485913102  0.574454362972
0.360726887853  0.61287235709
0.597693672248  0.469310269639
0.458502215371  0.44616376848
0.413860782381  0.413436775538
0.438050323742  0.436507882906
0.414584618522  0.526160639813
0.502580774503  0.491524926841
0.536367119185  0.424577759054
0.479237498628  0.431540959331
0.698806516239  0.367334989999
0.556727031931  0.430208754741
0.410365394828  0.345862132312
0.372672582621  0.662845841336
0.480232581031  0.488273641772
0.366392469041  0.397073902087
0.569537895487  0.449814458988
0.551557143637  0.271589365891
0.409065018911  0.448367808583
0.578255002763  0.605044263585
0.563284759862  0.579313951466
0.487070668834  0.667684611162
0.678100052124  0.501417955337
0.573390172042  0.47233584433
0.367876301553  0.50518526389
0.507496510304  0.605235280414
0.492768004546  0.450911781018
0.565637672738  0.557835792972
0.3618136324  0.470942891935
0.424270347145  0.449801700111
0.649372530748  0.436944399702
0.407295371299  0.367815030767
0.4872968696  0.432468274915
0.463743893567  0.530255510916
0.631361836966  0.532579842333
0.40143684143  0.472474137396
0.391333175598  0.405951018193
0.559167796983  0.433156785151
0.599511315743  0.464780388057
0.504578304512  0.574941517472
0.518620572641  0.45768221124
0.576514042502  0.50815635318
0.642573061768  0.549694740612
0.560191776666  0.6881779931
0.519904328716  0.411468461236
0.544805586899  0.570710842901
0.225640909509  0.474783750886
0.414565238853  0.553757273658
0.724650472398  0.399310712202
0.530194685558  0.387325462074
0.454643897346  0.48360163852
0.612311473197  0.504471039316
0.510997774185  0.394908673512
0.563416212377  0.464979535756
0.558347168403  0.607054941867
0.342296302885  0.510695257665
0.480748882079  0.658739527919
0.492225810792  0.576323611556
0.632846174668  0.16266457819
0.606779629075  0.51936450077
0.471116781277  0.484264492169
0.549668974092  0.51574590229
0.475230651336  0.642463474819
0.483210418804  0.612633401512
0.373607028822  0.477619875544
0.285493945913  0.413425507582
0.557681211553  0.791416913147
0.324373780176  0.353186198919
0.462434611675  0.348257615563
0.351435687204  0.506846841283
0.525639801697  0.501426970002
0.339459187421  0.609815194355
0.682102822877  0.581194120787
0.349048129575  0.566353363521
0.50163747772  0.357120224273
0.377778882293  0.330266584453
0.529179413844  0.68944033813
0.312385401836  0.593588050289
0.548665144448  0.448549378177
0.426576384094  0.566213685539
0.428671668057  0.556063988254
0.655771758257  0.464246767571
0.545712349616  0.561960028613
0.488099501533  0.492408531249
0.56430656829  0.473367745438
0.462292840153  0.392180168511
0.451608775628  0.593888871032
0.334735450754  0.457365882243
0.501571659914  0.414075230564
0.319590093338  0.627099046065
0.569333567736  0.335707028704
0.591980459512  0.367974746364
0.583989791315  0.483941403097
0.43597257142  0.468265590188
0.542646613923  0.411589848932
0.42500832654  0.281492672772
0.615487113224  0.598541004275
0.596276209603  0.405236462481
0.446922676029  0.4925249768
0.555504720256  0.376100471464
0.332682912279  0.472431752651
0.503118338966  0.494224630489
0.588414276689  0.403909449293
0.460396884049  0.505403945934
0.531358549098  0.672088093025
0.579115828416  0.567591179024
0.596004993653  0.367414855036
0.570305344814  0.606539817318
0.445793317146  0.257151211701
0.543374391874  0.424790289586
0.627999791301  0.396529125643
0.658795509585  0.439404246289
0.497470825086  0.440809322743
0.494702659429  0.487200111513
0.743556289274  0.519001657535
0.324214450605  0.497327724506
0.492952145599  0.483925673777
0.610504816826  0.465175092187
0.509470601495  0.610521350146
0.391404052011  0.434849662097
0.421827061556  0.705146863757
0.474200354638  0.494963059214
0.568598979077  0.407104938479
0.28909394112  0.429626315707
0.51253676819  0.595953687625
0.571061490348  0.350406270299
0.542151131969  0.502614172939
0.42674116669  0.615200200161
0.552687438622  0.379306778879
0.439542335521  0.581454415591
0.418558315416  0.341903709376
0.461497245883  0.513185170145
0.472531389954  0.597267103738
0.557888945568  0.555143759458
0.711875443261  0.48398658054
0.558467575189  0.500512133554
0.360947251626  0.431301979754
0.54455622685  0.37669395692
0.494911112955  0.620590567397
0.518801934107  0.360485767444
0.535137868494  0.542018100474
0.471419697696  0.472581654645
0.581754867125  0.654877531463
0.53353510189  0.554649664264
0.572636868004  0.506636052147
0.586249023818  0.62853602185
0.59143360937  0.498697062161
0.542861866159  0.525772486692
0.502408670575  0.616617355789
0.54723448813  0.611976489063
0.382762409779  0.530644065525
0.416675632393  0.390980899585
0.371876920831  0.577855953225
0.506934405114  0.428618386244
0.464140556467  0.443221816175
0.44068098481  0.579500906457
0.475995247032  0.464589094056
0.608233041491  0.435742810928
0.324575035854  0.613501604236
0.439213204985  0.401462164908
0.557694590011  0.630118873168
0.403340045071  0.308016960913
0.387103726341  0.50866019014
0.547052510359  0.518571416944
0.519276233921  0.419686319948
0.506847628336  0.451517798679
0.381417051204  0.433364558809
0.752966788388  0.456436190481
0.341505195039  0.386299175152
0.480098906202  0.529725077326
0.660698364262  0.384448713024
0.349452734809  0.692395565247
0.581678886591  0.565070580172
0.455833581598  0.62330783112
0.441795709801  0.329582538768
0.396660937058  0.474868187481
0.478879637581  0.545084004197
0.456679016023  0.446571573445
0.482204298178  0.292966540258
0.638513939956  0.519077327487
0.398500036639  0.498346960215
0.713658467738  0.462180248552
0.538812921363  0.49003637486
0.679989684715  0.660400417403
0.500140978325  0.309738748385
0.507674570733  0.653959803839
0.559223844103  0.35803989827
0.457807051733  0.458088474786
0.411466420204  0.459073960238
0.429546289721  0.507471624832
0.337407938071  0.520266925944
0.502974317192  0.58972388351
0.49654806816  0.555569367544
0.550496143219  0.51906314741
0.50454143501  0.330182149141
0.524861782661  0.530364290286
0.558018701961  0.440377703477
0.531835343077  0.36887710529
0.425749834034  0.517033381574
0.517563772764  0.376141976691
0.513422687616  0.337706129472
0.561790172183  0.502915872817
0.638637551373  0.552432451926
0.37400836481  0.43228225936
0.38262263206  0.454612475028
0.504484722709  0.420895767891
0.602515397216  0.471827851229
0.420454065109  0.427585997669
0.469433621336  0.642600006299
0.30305092829  0.447132277943
0.339915181467  0.810279660064
0.501510049305  0.409255687631
0.524088665053  0.289784875289
0.283153279667  0.551203356192
0.530952006923  0.663240179963
0.509451331509  0.428772663576
0.430048005875  0.524741823332
0.546437439998  0.478194405434
0.499741108418  0.51949466285
0.396046980859  0.562557710055
0.542419213444  0.395489244658
0.515462303434  0.351335272003
0.67282101858  0.646205581084
0.467246624549  0.65168295999
0.485677087338  0.667254176847
0.349136223516  0.51607910906
0.491373906321  0.655885408992
0.472975529035  0.51817092918
0.48190503133  0.444348949135
0.541552549141  0.699258910381
0.397733232285  0.491581313449
0.385038184121  0.408454977436
0.531143076756  0.304524152101
0.365137596182  0.472022950759
0.517595237113  0.507574265213
0.436192751501  0.34392901391
0.423907792167  0.442715993216
0.510841261424  0.476655580468
0.396729962672  0.28140273527
0.476425850117  0.394599727073
0.533115956273  0.441670591134
0.456337256053  0.447626362954
0.553668606732  0.427627729093
0.555394641218  0.632916380041
0.581201329313  0.605947878058
0.500835017726  0.535333254809
0.434779580666  0.300391514209
0.553752624456  0.485472602188
0.379665159731  0.319359741811
0.610381777355  0.40621412248
0.433852427481  0.504126516436
0.488558028102  0.406275336233
0.505072882376  0.418940362091
0.553698873294  0.50972291414
0.503725032634  0.600132515524
0.635771196182  0.608932354528
0.463057510243  0.593965490999
0.466398970959  0.475975296718
0.48298764886  0.54818639371
