0.442280256763  0.474007129628
0.528575863382  0.561226945758
0.424294546082  0.503038074299
0.577027735453  0.521382218018
0.265092201853  0.442214642536
0.300925823852  0.305271300424
0.462898091525  0.512268739562
0.407412366146  0.627954118337
0.568137770404  0.59401349638
0.597310427771  0.522721174052
0.715227754593  0.505346471779
0.45356493078  0.358360667755
0.450162538367  0.533424642329
0.395626763952  0.615250345455
0.361170816894  0.602720723834
0.562142012751  0.669548487473
0.491056823372  0.393147930106
0.50223545901  0.589235282684
0.326039722073  0.410575655083
0.491757423322  0.460237148524
0.345637862555  0.357875250055
0.475660878409  0.400658678381
0.465853349072  0.528640001692
0.468253872313  0.352426028932
0.436846477908  0.407091743189
0.639406141138  0.323963786127
0.312808254577  0.532688881589
0.530723783598  0.268888529102
0.35302373861  0.601496646827
0.534078867879  0.375352259904
0.443970832508  0.496208935229
0.460276933671  0.528409832339
0.449912144601  0.387974080664
0.379672450169  0.558329838378
0.662252878721  0.290933779146
0.472638329635  0.445042534367
0.519743506346  0.452915516657
0.439584629389  0.568287732776
0.453543523804  0.394609515125
0.548072874575  0.384304564912
0.383412592545  0.286199219284
0.412625515757  0.504100750582
0.51332400681  0.382393726261
0.490791804454  0.68662808069
0.458604885289  0.597416866224
0.520186042193  0.454878694019
0.530376013222  0.53826354066
0.423033493482  0.434343076484
0.345430634241  0.506000437037
0.613505802821  0.346685415894
0.512619471781  0.530347576127
0.585178461429  0.571989787775
0.369393750304  0.524268005935
0.593662498928  0.61802923262
0.410153453134  0.426465346046
0.448373708645  0.487656199785
0.472096682365  0.566151178626
0.438033995316  0.348818771199
0.549898319515  0.387129967048
0.662170786244  0.456091348996
0.598029254174  0.409635651575
0.407652938616  0.416773626083
0.540280472774  0.326098027695
0.264179341246  0.372654925137
0.581493085652  0.349161937222
0.444778194889  0.384639265862
0.439182022001  0.541177443173
0.409978574153  0.281291437438
0.422550142671  0.406450856646
0.502007429022  0.406366756074
0.592039284877  0.654535197811
0.602235488196  0.494168806934
0.500776597672  0.395978287447
0.584176296136  0.569730512321
0.320360185821  0.581980967075
0.489508487044  0.451378612541
0.377551574681  0.435999562736
0.393196000032  0.608313955671
0.483825575776  0.476509116062
0.381455160278  0.485176487281
0.372912244758  0.438804156463
0.687758467824  0.437224520834
0.521348751579  0.367500053648
0.613067094304  0.427623463479
0.500485557097  0.45883852818
0.571322744431  0.580685417286
0.499687723573  0.429771605677
0.488827281223  0.439699467826
0.402958590587  0.572253989014
0.499176882118  0.419196656456
0.449253567381  0.363536684613
0.51185235652  0.549801587484
0.355265396766  0.479137088314
0.36358090706  0.389485312075
0.594560920422  0.493148222669
0.630323437693  0.633210601183
0.41818742285  0.750497162065
0.424449184432  0.722212239698
0.389364316747  0.366959305738
0.698552061512  0.446716157137
0.483312244068  0.403713436608
0.497802597906  0.322688824257
0.529431552315  0.424416210395
0.396623162733  0.461735776439
0.578274229692  0.439609281209
0.537257623736  0.450911106855
0.462336891631  0.471644610361
0.550460888624  0.529710896662
0.428612015885  0.534245585937
0.556020085876  0.400384525885
0.425638969745  0.434763830366
0.518855494174  0.595053944153
0.704626931709  0.558859490398
0.559929061781  0.539282726856
0.562190675993  0.626083694656
0.460506924596  0.351460046176
0.261000857427  0.581167039637
0.516168804732  0.555115359564
0.40606049822  0.610512642712
0.392075397266  0.351552385507
0.474008038883  0.452617426268
0.434457576031  0.38620330966
0.462498138593  0.438699655328
0.364992465236  0.53653719915
0.512563362996  0.449837846144
0.498101761843  0.485114912565
0.455496086063  0.317326666586
0.541409168701  0.62344371723
0.438350793413  0.491883618557
0.48735162065  0.377224488259
0.633157626309  0.276033849878
0.508896724976  0.631481926901
0.646284430215  0.546496660728
0.499197486911  0.385071042981
0.445441891795  0.624711934561
0.578468464493  0.460083827992
0.451103704709  0.571925496002
0.315100908306  0.453682624899
0.514977677274  0.508159707049
0.588071194472  0.733909375644
0.549806850329  0.366255474409
0.397912063885  0.252748928427
0.404056894823  0.372722881345
0.51264051542  0.395978711081
0.471769023935  0.481411532256
0.361623126919  0.532393672889
0.354510070558  0.540008180878
0.462684846755  0.458287998575
0.482230272459  0.528449316319
0.407722006989  0.517406448344
0.452253518795  0.602228330462
0.538239514664  0.441107575499
0.495691502469  0.447275187912
0.575756726825  0.523106619978
0.483741713685  0.520354537825
0.420114115862  0.464082226518
0.498125074675  0.615866721042
0.479330737113  0.442514216878
0.332581138607  0.311988056639
0.562141244019  0.534029893296
0.511300296237  0.585055937721
0.487304856267  0.48381996797
0.587423947824  0.496974967987
0.385575865624  0.312743490773
0.451345317253  0.54638346552
0.406352553989  0.564477730452
0.32560127268  0.405326459763
0.350557375695  0.39846265013
0.660246486381  0.3877323008
0.545202557682  0.391389872213
0.368183647314  0.455992149962
0.429504676891  0.527908466067
0.770577147416  0.360736465929
0.320507102917  0.408856938482
0.498156401606  0.725922031768
0.381919066393  0.56498391429
0.178006824269  0.427367940462
0.25639119042  0.511656072725
0.594554099508  0.484898705935
0.524908778235  0.33120690216
0.550868872666  0.475294151054
0.57585881793  0.498801118033
0.417383742301  0.391565193961
0.379851174958  0.309703210872
0.467306611328  0.499009998002
0.523729042084  0.476627350952
0.45659276847  0.502784337055
0.3536796262  0.49158025794
0.551073871209  0.366671418609
0.500850875909  0.296804409964
0.554802096075  0.599382040675
0.549740644543  0.314343863931
0.605940653333  0.251986382342
0.514673213982  0.415894914837
0.544098931044  0.363132354624
0.392090360314  0.52444189483
0.383486734345  0.449975803135
0.533218518338  0.458647177388
0.611019490097  0.256750641228
0.604825032641  0.481257431275
0.34046550371  0.513178358085
0.480286902093  0.314243108555
0.4532304992  0.445040827864
0.602834610259  0.589861140809
0.492622740856  0.62188455933
0.540479765894  0.715698019781
0.587874890214  0.526920681363
0.451584939763  0.520643886972
0.509387038729  0.49337212817
0.631739450114  0.536364447196
0.569810203509  0.422293560144
0.407708986417  0.586034106812
0.353167180124  0.47461742639
0.371777845487  0.157145332023
0.630357310095  0.605531488457
0.457193413364  0.683790854015
0.410216602161  0.431255607558
0.494533777348  0.472853552799
0.435410059101  0.589964466156
0.339905142611  0.519211743528
0.476677797389  0.379362230117
0.414656504838  0.366135950302
0.554198231014  0.487153939757
0.458458245613  0.38130066016
0.723316949922  0.602411250655
0.546577633648  0.451412863116
0.38940418802  0.387883701338
0.498595723631  0.263552480613
0.379276572094  0.510643534984
0.487746514339  0.423100020361
0.456356378363  0.566177315595
0.511177869054  0.543849768076
0.574875296658  0.51444947535
0.461606598685  0.392123206266
0.474484604832  0.317177726418
0.467937228845  0.481764953654
0.408090799147  0.433510876102
0.430740920461  0.457607256927
0.5126321877  0.372531001808
0.512596841908  0.552432206448
0.571194042625  0.455061924368
0.425126503811  0.438466709354
0.567883381283  0.606976408949
0.457731511659  0.365301371478
0.580991294112  0.52904912497
0.498628159682  0.436888756954
0.489494367633  0.546807318056
0.557612181424  0.592895905057
0.533456663226  0.554066574739
0.473348683139  0.58079956287
0.37644860063  0.379348353848
0.381937119875  0.493167463606
0.593749649501  0.625832294203
0.4702587468  0.263585305654
0.329734472229  0.422509873029
0.61155015952  0.486957979262
0.464300355309  0.586146378673
0.510573951774  0.524361924831
0.372709048827  0.549342728112
0.521328313683  0.45294531251
0.387626994943  0.473055990389
0.526111760315  0.412347763967
0.487677350322  0.66075357704
0.487174883546  0.444286186868
0.491979084458  0.51882962523
0.495283311693  0.490107680186
0.506761210602  0.469890337524
0.553500708914  0.595580674823
0.413031247227  0.370220027734
0.428764125487  0.436221564296
0.496875928106  0.429335124998
0.605431204237  0.577302762924
0.404074624276  0.496646597879
0.513194843826  0.502166808881
0.500779132501  0.536357406782
0.595713369032  0.428861925895
0.471545947261  0.52716414994
0.373819105469  0.578126084252
0.304668583168  0.462924932431
0.64086052187  0.523325758416
0.669117874055  0.37248355203
0.42136676251  0.470931907847
0.629618515552  0.415187790912
0.354324417873  0.350517955684
0.475698567262  0.546157077136
0.475751856493  0.702574804182
0.574146844671  0.472542450667
0.48624761928  0.5491339524
0.463572197388  0.580750354683
0.524855259901  0.466553720006
0.504127932915  0.559061998318
0.495438271844  0.637900306223
0.260332333599  0.582675560475
0.580757448201  0.593876803303
0.546100579372  0.45807408883
0.519035331518  0.525526776723
0.531916968396  0.558499920582
0.30125407149  0.525228202953
0.308144068897  0.475502582702
0.502949966919  0.472119899928
0.473575062218  0.423078431146
0.668431353995  0.520445121721
0.411791362623  0.447252994516
0.622559629453  0.567680269434
0.710416511685  0.365893685936
0.535905433616  0.280554768099
0.326941789245  0.48778646222
0.329197220836  0.405766780567
0.232203046681  0.639724316365
0.576086614335  0.331092815949
0.51047404481  0.487976488979
0.526302248254  0.509784074485
0.535052575803  0.553405024485
0.384912427424  0.399741451885
0.331022590535  0.506920636311
0.536951693183  0.601625411576
0.39870154166  0.3267145951
0.530746332871  0.482576241658
0.538440654394  0.53546536174
0.37824057319  0.445952846599
0.564398976261  0.552063479231
0.5282085183  0.586473540658
0.530740429771  0.419489218338
0.445875347104  0.590902484118
0.687612460829  0.446440910047
0.48069479844  0.468617269661
0.474585927401  0.53768210141
0.371276610866  0.504731571342
0.676405987051  0.469455734434
0.381660271173  0.489925220161
0.489421310673  0.295314276698
0.435224855272  0.447369616512
0.427442299872  0.286371225726
0.663378867695  0.476849824812
0.544962243091  0.579140203461
0.634015864013  0.370940239106
0.388983876049  0.455798651259
0.322506974711  0.61029366255
0.597276782976  0.407142861462
0.550600347281  0.461443506455
0.427739435489  0.395582061249
0.509092831604  0.386696943875
0.454591843561  0.432771056184
0.529244815503  0.355957677106
0.429440919852  0.369492490797
0.282307027776  0.564596541727
0.594195297877  0.499635981145
0.3773350781  0.53116432823
0.473704755253  0.370529777096
0.468228077305  0.33343827436
0.447633865968  0.377014132637
0.423143771746  0.506481909228
0.557048749177  0.478525693035
0.554802289606  0.446649157379
0.368057309587  0.447476301612
0.483119947075  0.365417886329
0.395441203576  0.51518976837
0.643996656958  0.410823599674
0.441849937161  0.510621428397
0.415007566965  0.583654282919
0.487840455715  0.296843712903
0.308858770582  0.413745499818
0.480012181955  0.583442208539
0.551856220752  0.40585716291
0.500053952744  0.299892097138
0.443337098666  0.387205376883
0.483096527678  0.43897811906
0.419725107279  0.428322191273
0.429419516806  0.53872675875
0.418682393132  0.414961447239
0.395154493806  0.414409039173
0.621453639724  0.413400506089
0.41022118772  0.202595813891
0.680386944322  0.42918073432
0.586865529534  0.404575915582
0.375267301435  0.415155057144
0.547585374122  0.458197954205
0.432703751943  0.476658939334
0.430988334544  0.553584198439
0.520524154593  0.433731353038
0.517159842941  0.551978245078
0.633838937288  0.463006189701
0.528801461724  0.389667612872
0.524889408677  0.401244050775
0.450157945264  0.460460922129
0.472658134423  0.544264357162
0.434030083471  0.37495734804
0.389120021338  0.509957137001
0.511816695023  0.44197276563
0.465993513301  0.612603058128
0.490378542521  0.550774750676
0.348254607647  0.518482956021
0.308473125797  0.541116427398
0.623336470239  0.553298061077
0.561473193169  0.354885868483
0.618207987903  0.429332234465
0.454131341167  0.643642490012
0.493979071937  0.353727246227
0.698955077254  0.403478900397
0.521709078879  0.492896153427
0.572942892128  0.529510395639
0.544995736745  0.614181782483
0.484359758313  0.295182664527
0.421654299464  0.383513151629
0.505585185187  0.474788023692
0.375120943685  0.467316503913
0.458173315623  0.551053686484
0.443641266781  0.54777892276
0.497174402578  0.429507697173
0.499790203616  0.43246020585
0.471448676077  0.475972757104
0.490080624673  0.446842874755
0.570532272902  0.5121648745
0.507445114505  0.645597924231
0.382007691722  0.364424418596
0.498129445005  0.441665899218
0.487268746137  0.384893301592
0.539813631686  0.432374685308
0.553923278723  0.54028325627
0.441452912839  0.443266321667
0.493024841781  0.541349229001
0.455685951711  0.480442798223
0.586480932742  0.549808078987
0.412001250898  0.418067993015
0.361264828621  0.374936527641
0.408366474253  0.429499678071
0.464618969044  0.437936548631
0.486142335204  0.354383894652
0.349992775126  0.443839012417
0.35241591522  0.627377701058
0.567141986957  0.54076416377
0.388304291754  0.490340103994
0.538385656046  0.735970906245
0.432123396874  0.501808585277
0.345777487898  0.486822353801
0.60753561986  0.581554974431
0.438990948566  0.585159666686
0.286598954053  0.49878547758
0.551173366813  0.561780164068
0.502858469178  0.596113680929
0.458373667449  0.312858421229
0.363446539606  0.26871340162
0.488219256203  0.559224354437
0.48952733524  0.385071352098
0.52460691885  0.385735506137
0.573039713225  0.510770589923
0.604244507484  0.332105186254
0.355661951127  0.402655192111
0.389292943992  0.468105107066
0.434558593647  0.476902979897
0.489810689172  0.472248640282
0.534391391108  0.416675516033
0.426561711104  0.579798208317
0.549882605961  0.397183979993
0.305739674585  0.470885567149
0.707297819555  0.51117369194
0.310628644834  0.497260884909
0.462140863573  0.469548472528
0.479571255251  0.361422380746
0.334950781024  0.51102421802
0.407430702672  0.316899890754
0.399387609965  0.491346372687
0.4535960999  0.572553377337
0.492159857994  0.605114495966
0.487958827096  0.62025897317
0.502525249837  0.351103087121
0.549436846382  0.536976690114
0.501264840729  0.390816663048
0.642885923789  0.579872599957
0.495105586056  0.479276475831
0.459253209706  0.349297727031
0.421861562101  0.499286623696
0.57996491147  0.460249849027
0.628429177383  0.533493429631
0.522435072162  0.403425716526
0.458591877085  0.341275517088
0.382059400157  0.567330705231
0.475228409931  0.533514687742
0.366955919063  0.48516237034
0.524379932057  0.581592451934
0.505832426875  0.498904615759
0.623795978411  0.522418435228
0.660210720245  0.478365619115
0.535710579576  0.3459715507
0.557769725237  0.598395396868
0.428292518464  0.375693413133
0.478167021172  0.520040743813
0.296867130019  0.501438523708
0.621446428808  0.424914611267
0.637906914734  0.447287796749
0.45126542126  0.530819101129
0.528881867655  0.494766231298
0.6439505902  0.476693633989
0.497713419004  0.400883414554
0.491865486456  0.593301178916
0.330945108352  0.436667478269
0.464755180389  0.409814056674
0.361629777376  0.692919437643
0.516875472624  0.608026495906
0.449946305162  0.494668308929
0.495345878831  0.484931675582
0.604833138992  0.538664840683
0.595359542515  0.488785522587
0.411329615914  0.294200409386
0.376608747313  0.526727042516
0.405589383505  0.476581023501
0.517215518032  0.528293635227
0.558214381153  0.509637906888
0.504132878472  0.3649799019
0.599182547772  0.590774670881
0.508257593733  0.469637801367
0.535847327491  0.42169320926
0.491089801617  0.713318381769
0.427407537821  0.575064697354
0.527410232204  0.558396443136
0.50417624945  0.520827683667
0.501942653176  0.513056665949
0.496596123434  0.497777404976
0.47318954113  0.336879418889
0.624177713381  0.587076736146
0.361295853496  0.520551857009
0.574513693968  0.374985617333
0.33775328594  0.592015906381
0.417094441924  0.531879834172
0.692046681851  0.539967696542
0.509557365104  0.346177943171
0.384021419928  0.538509398404
0.560122021437  0.335018040658
0.4993695724  0.436507588881
0.404841822463  0.474834986932
0.492453787454  0.455070835523
0.463764690239  0.527298315204
0.632717222189  0.513220137507
0.286374633457  0.523005455247
0.52282980753  0.68398087923
0.50157513169  0.451282486743
0.467167861574  0.583179276646
0.471162500417  0.387333816259
0.613061696592  0.384789144241
0.491188493917  0.487339227992
0.445501176772  0.436813750252
0.465118627345  0.493751551704
0.413760710416  0.427715256868
0.687823709634  0.613361397528
0.633946413863  0.499182401264
0.45213238314  0.423525775248
0.294906586673  0.375425933658
0.57131944024  0.28736455839
0.419122536785  0.492360092536
0.518184839833  0.471227933722
0.349680718198  0.644167442365
0.461415047608  0.408330352771
0.253044005411  0.478697516517
0.523964641704  0.324614306272
0.510137308602  0.590945695656
0.438899883645  0.3781097643
0.400831013328  0.280336045399
0.361425598405  0.244867811594
0.395517450551  0.473737664344
0.487753309288  0.469055408653
0.422289584185  0.461447045936
0.562788766366  0.504419115807
0.311978512435  0.478253247747
0.473980693941  0.547320964711
0.500877406878  0.419390782582
0.430541049295  0.475401414332
0.422295163668  0.398007432582
0.544426923118  0.427516464305
0.590341883694  0.583496840622
0.409024567107  0.387902123132
0.454095170598  0.382793367603
0.535832759001  0.572541115753
0.504222138555  0.528842042737
0.564430445199  0.257715099421
0.383130213236  0.449628627453
0.530902988892  0.306370085732
0.57974839693  0.456539361369
0.65927289643  0.46086195861
0.499876249052  0.426540323883
0.435424104729  0.472936726833
0.407070245406  0.48718916085
0.331269538476  0.424098689593
0.339030521688  0.449364396789
0.524156724928  0.59150452583
0.483054496745  0.309194463455
0.356756662044  0.510440623749
0.496416798701  0.410005269624
0.407367973659  0.466548531087
0.664930868188  0.41109149404
0.561733134581  0.418797927241
0.315450462421  0.406169971076
0.656278356214  0.471546605051
0.407620642499  0.514389177564
0.536596540492  0.530989038717
0.381539779984  0.340155398554
0.418496196443  0.456770985178
0.527474733582  0.388362064286
0.649521181172  0.383058407451
0.642339410999  0.524819398436
0.415647175477  0.539926927005
0.496849111008  0.416339879914
0.307545460677  0.587175145814
0.518276537728  0.327495495462
0.577861318838  0.57267122685
0.721771727854  0.534054393887
0.4650392409  0.4560503803
0.413396165356  0.599224182174
0.566854373526  0.401602639444
0.489768591573  0.499279787598
0.511733396684  0.442079718023
0.544280341885  0.49075517699
0.642892463675  0.588437322912
0.514276789055  0.471006622039
0.5657513424  0.609294301951
0.540263170772  0.58916651907
0.475305301029  0.488747736548
0.496389871017  0.6622129105
0.586153130568  0.750730923305
0.435180582612  0.789692213288
0.561482926608  0.549541642471
0.531472024709  0.494101701648
0.380161896495  0.618921849087
0.645052022461  0.50529520838
0.381760370354  0.793234285416
0.537168257792  0.497155962388
0.331797420353  0.531949748858
0.469267161307  0.478676542728
0.487197926254  0.519033504566
0.480213684289  0.476447477239
0.541321502952  0.586537804186
0.47928971991  0.604714561423
0.57830844003  0.525753959353
0.552226552328  0.589602980606
0.526258408018  0.458834805742
0.562882859454  0.51429988759
0.309763705614  0.465802228844
0.398120767251  0.579832682694
0.572347695433  0.561719636898
0.357324024466  0.432256101849
0.406850246811  0.298664547281
0.429793710383  0.639317513287
0.459439200801  0.534538550965
0.349127966415  0.305350598523
0.566450166871  0.377741442363
0.558295171316  0.504246151528
0.425725858947  0.473523746676
0.548283098581  0.449726970035
0.431838276636  0.454847658986
0.573936363215  0.419180906855
0.392953214743  0.516860796604
0.423462758425  0.438308404928
0.499283295261  0.413224585647
0.475284377997  0.326928392035
0.665736915471  0.384548945833
0.474701853179  0.369962772426
0.459189879106  0.63468449963
0.477834988501  0.557246413051
0.589807694123  0.672505849242
0.256912678367  0.440722446176
0.551093300607  0.445017410191
0.428292516683  0.564377822006
0.449537672493  0.615682677968
0.590688329242  0.473198953087
0.434355351362  0.393891744005
0.469777031607  0.427459405935
0.451371526791  0.431463454064
0.599568459777  0.485877769857
0.562593963168  0.511516938668
0.318445431844  0.492888354488
0.461309778154  0.495728644654
0.597930499929  0.593223371342
0.52406637409  0.468119191851
0.586675736794  0.546238606821
0.455880153672  0.339181501888
0.591830219692  0.333345776828
0.347705122321  0.601261600268
0.478613934976  0.588699440007
0.298774324294  0.505559139003
0.477635784309  0.441384974954
0.42524911322  0.560966295759
0.291008710907  0.49503504917
0.503994832696  0.560336577033
0.592560741898  0.732967490434
0.478017939987  0.619935289233
0.371931140897  0.569907518825
0.463734962459  0.483405446254
0.607423125257  0.42012709507
0.64469824741  0.418022298546
0.551889088632  0.451949285843
0.605723045159  0.461113310968
0.417021852918  0.466638177168
0.405468051304  0.558052710162
0.54693605894  0.372670400446
0.3549909652  0.559256828794
0.542170543239  0.523491685079
0.491174677437  0.510432385932
0.450282780302  0.577013007324
0.499428145209  0.5857297698
0.558313512797  0.418730524545
0.408330415525  0.474389169236
0.430310698407  0.542788805405
0.197019181839  0.541889672095
0.356019393468  0.385705155558
0.498262976496  0.475573808391
0.589179689243  0.345212830277
0.5984098356  0.475512034468
0.465856000691  0.661864136451
0.336756196334  0.603558548577
0.463756313958  0.582252250888
0.437174642059  0.400381815356
0.344774526213  0.362331606452
0.479793518884  0.522003084422
0.505631250294  0.648990661287
0.360075137934  0.550362326175
0.352547761046  0.483842544511
0.426276645617  0.542496597361
0.530432157235  0.554528986701
0.482903230988  0.344781098486
0.38585944699  0.56285943106
0.463625529126  0.406029058945
0.48127932718  0.515822688616
0.555605564156  0.306420268226
0.586808603058  0.423681388172
0.498558421271  0.501551578891
0.553964722286  0.541395526276
0.604932810535  0.441230751486
0.400583465512  0.380031554697
0.420554893435  0.400934979838
0.51187329796  0.598016930464
0.344879046178  0.504058762844
0.714488732468  0.446529648198
0.488649323636  0.535259182864
0.667208138652  0.520827723829
0.441556090088  0.316433574317
0.535484907475  0.541700999964
0.398953516137  0.342895011687
0.544655882501  0.539281257521
0.447295476963  0.51233865739
0.516360633665  0.512678861157
0.554030285897  0.645535503776
0.455095379607  0.512374305973
0.588632318301  0.521524655819
0.424045334673  0.591740325367
0.527220629175  0.504952294171
0.500782639461  0.567286961504
0.522265188221  0.354557473272
0.4889340611  0.512194707786
0.514569964239  0.534687732708
0.481419785168  0.40673207568
0.550727182982  0.476483327594
0.518681692693  0.464770580483
0.446321390683  0.317353204061
0.442737342067  0.413480287471
0.388480567137  0.563186548022
0.590016976488  0.21164748913
0.430943139073  0.332190623399
0.468246382245  0.550973743639
0.469337546429  0.556224314914
0.441600677525  0.496042835778
0.631013050544  0.408101606071
0.454479256718  0.547025734286
0.590975350395  0.388380302544
0.333082294236  0.381538458562
0.398845992143  0.503061753948
0.485493924384  0.519439790956
0.616582522309  0.558188351365
0.448764065033  0.475682927211
0.52818585616  0.524599721468
0.431554220269  0.426219492269
0.552652383744  0.558348000613
0.503945234512  0.321710283295
0.613704467537  0.388823936146
0.501562463634  0.439563598621
0.449303267262  0.478801420318
0.668860462941  0.396210861827
0.596681781598  0.555451403642
0.525546317068  0.448637668477
0.366986049465  0.450609290034
0.496601002227  0.496431332627
0.405559382459  0.221571786401
0.373976765843  0.42465550345
0.329614938699  0.546321049541
0.498107185278  0.51105595843
0.701382687089  0.381430309491
0.403042960254  0.463719997897
0.603241127778  0.502094225484
0.318069881438  0.447367341315
0.549283711952  0.592553553632
0.468283335316  0.640813023558
0.357194513987  0.57995019675
0.320374929744  0.478776188611
0.32799042307  0.512431724254
0.37301540167  0.315865065014
0.523333634395  0.50015950321
0.608290102888  0.629777710281
0.512162753257  0.661441427265
0.520586663974  0.428138382114
0.451790381132  0.441396816135
0.37909738364  0.589703126369
0.624454159057  0.584863691601
0.459574076932  0.505554746651
0.519813350871  0.381544414266
0.239467405975  0.518819829737
0.525343889338  0.855302277904
0.419642597694  0.350811846369
0.402456236512  0.472776520237
0.614378852782  0.522509121079
0.508794164887  0.377524180838
0.499351606625  0.763959162553
0.284593823974  0.580711502112
0.603426201036  0.14726921215
0.550675380506  0.35177702414
0.606819718619  0.577707932951
0.41655808436  0.522899295471
0.403991100366  0.508618419178
0.492911214592  0.362165799812
0.612196842784  0.453535144497
0.398448660077  0.287410299524
0.510228066322  0.356836484127
0.458273735248  0.491679530013
0.502681938081  0.403147093353
0.543508170949  0.372100098821
0.482997053371  0.249506738695
0.464883585562  0.520634415691
0.421176297382  0.466952930012
0.56517521737  0.487928804215
0.628592473045  0.565386091841
0.386681299027  0.522722534891
0.469639463297  0.572130590481
0.396788328072  0.467731741393
0.439008771552  0.46826371323
0.388007385624  0.289227393553
0.577868260257  0.460796525124
0.476540385156  0.567133893679
0.281214001435  0.424685247537
0.404943340386  0.472938160688
0.588873608076  0.376543851909
0.41692017851  0.576183285941
0.757793122987  0.533292432573
0.445229444202  0.632358239446
0.579548233139  0.579556254726
0.405988023611  0.455287603811
0.580478365781  0.386792263824
0.454092532255  0.592884560157
0.47818694494  0.504721604385
0.398707512723  0.412013133814
0.530446042094  0.407543737726
0.565819201534  0.630057373166
0.291848996874  0.446128121579
0.568013694213  0.423768614941
0.374476763284  0.346474542572
0.466164175851  0.434606238338
0.603465610417  0.497564209418
0.574795636698  0.511360898013
0.517542235889  0.508268717338
0.498760072965  0.529312935225
0.506754979238  0.429372233474
0.587963744891  0.61553706901
0.694339889808  0.438068707654
0.696786215229  0.604606752917
0.529889931171  0.389536720782
0.55737720132  0.502980897736
0.613141202732  0.508218084254
0.362139557029  0.419127523141
0.438003743055  0.443500354692
0.458887698411  0.617924192768
0.650915775186  0.553402180108
0.397364786475  0.372361587033
0.309328510879  0.486990700662
0.651307667163  0.453042590023
0.541263289388  0.357420169915
0.41818088323  0.364963687118
0.549988503996  0.439586157917
0.448448013475  0.50116254455
0.48753661549  0.435038280899
0.5368919925  0.560328379485
0.684159045122  0.498799599112
0.500181491363  0.571057268302
0.328685930262  0.416062957993
0.521199407251  0.522008969903
0.593634813904  0.408229447027
0.419226441837  0.346558481218
0.629145001744  0.527746015931
0.635101819839  0.42937166851
0.295766293942  0.497234530032
0.593630814595  0.406337515111
0.521057393743  0.396614219842
0.347488326508  0.598028377434
0.626311670537  0.246852655607
0.547745826342  0.693478384352
0.469750341208  0.493722820403
0.559300097342  0.526162499691
0.695670286118  0.556274000636
0.574613174083  0.605531691762
0.504415010276  0.48595003031
0.402329069822  0.298613283671
0.463979543575  0.484771986306
0.564940851881  0.38629667571
0.518000245375  0.303793196995
0.52929019728  0.427202326625
0.570344391968  0.579360467648
0.624538994544  0.298397278852
0.502505843648  0.548408432018
0.550728909272  0.432762023789
0.547834965397  0.368450933364
0.484408170932  0.457871039241
0.544468461511  0.514626214477
0.496020478775  0.356867429345
0.511081713703  0.539117016919
0.585274957862  0.436974177715
0.46116843441  0.531499530366
0.719179536585  0.53177435722
0.408017695504  0.509601683412
0.492919621146  0.4122349517
0.486189816379  0.413925465806
0.376844670365  0.688270836349
0.341529342565  0.589175365552
0.527215310328  0.690678952802
0.569241009484  0.355911566427
0.440473725417  0.464274640607
0.54210151026  0.460299123603
0.462374944658  0.404016446175
0.531612557894  0.526447949297
0.495192036742  0.393837448102
0.546780645343  0.507535925301
0.508114372288  0.432384216847
0.650974183549  0.419224371717
0.392953876395  0.313766481223
0.336641727445  0.552245532767
0.542885971265  0.567335511786
0.452275135622  0.343869206563
0.451877490548  0.418029034754
0.523728387503  0.360677033144
0.43403165118  0.511703782446
0.512422804079  0.38743034856
0.567773741458  0.445585042511
0.487272672923  0.517392405009
0.360245458378  0.414085996029
0.61040311968  0.453849803206
0.494251701778  0.574811649124
0.51154931674  0.599344160758
0.410617985525  0.388248256093
0.652573557603  0.363513705476
0.544521190085  0.456671885857
0.491701508571  0.564800105194
0.502049230768  0.426661118018
0.451031319077  0.466987922713
0.509635600132  0.550144323835
0.645515160488  0.506264641231
0.435412227956  0.658322712216
0.480947569795  0.44481462195
0.367433057952  0.479554575024
0.646843139994  0.664776815124
0.341091170309  0.616755383294
0.401796136115  0.417297827558
0.527481229499  0.469460902772
0.526769533026  0.538117405433
0.523656808631  0.47335343101
0.558953394835  0.379036981488
0.266370975277  0.545832120784
0.428638467331  0.369022351757
0.455038475372  0.287517802569
0.572689363481  0.432404155702
0.516789193682  0.55475254198
0.578360213997  0.389382755177
0.55407510987  0.668718350354
0.387404422277  0.274893275714
0.572615536975  0.530080933445
0.487416596102  0.352889993317
0.496195322575  0.569968014255
0.499033518291  0.625356891095
0.348809707512  0.531511869771
0.441559581142  0.419493443259
0.424759798114  0.6216582924
0.586571485657  0.526312061885
0.463065611742  0.177863532267
0.672410631825  0.495414208479
0.371401341382  0.489662103137
0.249698378392  0.542552331357
0.340837329938  0.389359062012
0.532856221461  0.440701314945
0.383549137357  0.368753487576
0.469934559868  0.560280642938
0.724725480385  0.508991781136
0.472897435543  0.457596000385
0.541291670665  0.383205220225
0.668198331271  0.432509742026
0.512335009076  0.465471076093
0.301686401116  0.60332453281
0.456357023477  0.501852087345
0.498539752798  0.395647453541
0.557913058977  0.61856864157
0.511597083175  0.496109693874
0.35611229074  0.55661974303
0.303386288684  0.603178877894
0.279641493134  0.533779097077
0.47507370838  0.650051393363
0.495217651596  0.600426038118
0.445520562154  0.380632798379
0.520418844437  0.597320167432
