0.491267439058  0.428127938028
0.595061089106  0.395379914351
0.427801834126  0.697566769801
0.499739137399  0.530672993359
0.392867178128  0.516914880533
0.425105283698  0.463225011276
0.580661166489  0.336721674855
0.652944976555  0.483671622746
0.481480693241  0.568232472626
0.490244984523  0.503309130156
0.61107442006  0.530640639193
0.595327826995  0.502718075627
0.601279746931  0.610613284011
0.492536628682  0.406037011477
0.439597466658  0.316986167498
0.508273586646  0.551557750186
0.444160481214  0.550670637389
0.512588565923  0.379920523738
0.480736101775  0.463717653205
0.319099217348  0.539825385255
0.335197290801  0.520266607279
0.555793578343  0.483810405197
0.327887181718  0.539327774479
0.453290472214  0.541997849018
0.340625671222  0.415643776021
0.48183759696  0.464935520173
0.4652262034  0.475256687231
0.436826803392  0.644252300692
0.473819530338  0.487408431536
0.558790071507  0.686114752983
0.371318283074  0.577320972795
0.447879761493  0.461861084163
0.479502150219  0.682127090111
0.576250234911  0.650733184239
0.387383538896  0.462694839066
0.63564955186  0.508554579122
0.398582855017  0.431199518429
0.510370833441  0.565654955677
0.577772291706  0.436819969189
0.444249488964  0.464978513833
0.537219963718  0.502626035893
0.510980534838  0.504937011
0.624667994309  0.370552285301
0.566269203177  0.42485318162
0.564356523904  0.451165721761
0.333311246955  0.612304424838
0.487338701101  0.595370712713
0.411153866535  0.3738317396
0.479388024909  0.71660256665
0.482457609366  0.598248669061
0.442979890037  0.512463073408
0.830602079533  0.402535497917
0.571583401783  0.484125070582
0.552039710328  0.594997128454
0.653701234007  0.466451789586
0.460564358599  0.493960682671
0.49901551921  0.528421932621
0.47990135806  0.468431774644
0.663202377864  0.526738274941
0.592336837855  0.426875785542
0.518237898063  0.492535367777
0.617195411676  0.346972621311
0.443409685469  0.459972572088
0.45169375683  0.504400779613
0.488091040547  0.518618738736
0.534455004309  0.445695667946
0.545147591285  0.507510404829
0.546493801418  0.634305906632
0.552293242192  0.497990435157
0.52742926865  0.52952583197
0.468836751963  0.448207765729
0.58878045541  0.561024221562
0.376450054545  0.349935642003
0.765664427068  0.638187530681
0.486941738418  0.465947393204
0.530826842206  0.55467342118
0.561469920234  0.593278677393
0.498429340174  0.457689790431
0.395881172007  0.468624986394
0.539114948663  0.560444062863
0.602554157286  0.494925545161
0.536119142445  0.50235525727
0.512531400575  0.336043968683
0.492794823873  0.450645778466
0.482747045286  0.526506770931
0.566505780118  0.522604822636
0.368108754137  0.525089877237
0.556283092303  0.458805543334
0.440595186743  0.660217717107
0.298245976886  0.402095625048
0.563055376034  0.54795424656
0.548479096385  0.321276553497
0.563884862548  0.451194718534
0.476133845203  0.378188963598
0.553007629581  0.523127450934
0.544248407425  0.421635793139
0.372219580474  0.381874389806
0.405187159224  0.538214363853
0.385286700049  0.509141173159
0.469788427478  0.682067058036
0.571153947263  0.507172533323
0.50293920543  0.481566870721
0.416753994423  0.451106571301
0.520369016484  0.597063554379
0.575180663281  0.552832648252
0.467821334991  0.512798782469
0.454476107553  0.283715544667
0.55858996888  0.462959809681
0.609516189735  0.471136913079
0.437125486131  0.550789251705
0.342465489951  0.690612417287
0.549843360816  0.713315065949
0.504993274066  0.61958903551
0.561210830639  0.460049479122
0.496372785966  0.437657527696
0.659065270332  0.354467417469
0.506060122785  0.452155039328
0.433581720418  0.605703492205
0.5724986883  0.554289591871
0.533339440722  0.489378867779
0.430574622566  0.52523395747
0.691769082728  0.531477520515
0.510492623552  0.513784026822
0.616446271056  0.624098817026
0.485054398221  0.447631872338
0.604423429351  0.434902539052
0.34637879506  0.563869390894
0.459280938607  0.426465920112
0.520757188422  0.484038368716
0.426827025958  0.493454438513
0.505665219962  0.476634598658
0.527755945965  0.457036783254
0.543154826284  0.235434154448
0.507531378714  0.422979184624
0.540573973341  0.518980858702
0.538777882146  0.46939511517
0.535162374718  0.520494053659
0.410566953342  0.285498215142
0.534710070122  0.71269268186
0.376688335228  0.47203729629
0.441982447897  0.548097088297
0.578708098551  0.519359910278
0.438989852126  0.621980735968
0.41289514491  0.64628512491
0.497985471644  0.593687345317
0.547140650383  0.651801823871
0.489163442037  0.368998936548
0.71313143694  0.372430111577
0.599623202264  0.34849436219
0.508717470379  0.607989695428
0.402134189901  0.53836397746
0.426025962243  0.405755045693
0.40647936051  0.447554463226
0.646041195298  0.340397533048
0.522724862811  0.487686831328
0.440585594242  0.465155410908
0.457142995711  0.513306250852
0.457155665702  0.617621603309
0.45152629961  0.483979390914
0.7392490136  0.579794768153
0.483720377213  0.55993959545
0.434875794809  0.607486029381
0.528839781824  0.355936877269
0.512789540958  0.344197461398
0.664805022696  0.71663484999
0.455959823598  0.494625446416
0.437491638678  0.511155668008
0.444292993257  0.430059930358
0.361697938427  0.600916735117
0.606693124747  0.431440561273
0.414351578698  0.505866525633
0.43466610745  0.538030160758
0.410754132564  0.516785968578
0.440298043077  0.500352193706
0.47864819933  0.406406652116
0.443057217167  0.44111439787
0.502249900544  0.517848986536
0.597767537014  0.492390947629
0.450935091665  0.559207536766
0.713274555238  0.548548297637
0.460023072783  0.417233548652
0.370264757929  0.459551320556
0.730261583303  0.306038333562
0.326443450498  0.413882037291
0.649739080045  0.425536194296
0.591560658859  0.498275882746
0.36489677504  0.54283801079
0.55232532384  0.512774969435
0.544243697023  0.739186240777
0.417626323918  0.399220106777
0.429976559612  0.39609357801
0.641434256782  0.62841264578
0.656394261663  0.486258851405
0.656523853958  0.533475910828
0.481346206085  0.522416123066
0.622381588084  0.484298916378
0.328920822391  0.461865877297
0.693192628774  0.392800023751
0.262284301927  0.54030653559
0.466464398171  0.378260741448
0.634710241202  0.573116009928
0.550672156643  0.308113059436
0.395170056275  0.603767890948
0.405968445069  0.541249231659
0.542040880419  0.343661890593
0.596328118496  0.419110617821
0.397300461633  0.452442659119
0.541694438511  0.557048957082
0.683676972166  0.609542957813
0.576338851295  0.431529878399
0.537335155975  0.532541866177
0.50655613451  0.536212251316
0.478658653177  0.502177600937
0.305939422758  0.43943009869
0.373783296212  0.307812333876
0.454022429784  0.500211474637
0.455093769825  0.456269077239
0.644626154477  0.590868198837
0.431952267185  0.519068305114
0.554500106316  0.370478807436
0.456726172243  0.391723263986
0.558839116532  0.498582544987
0.346578083384  0.503418473017
0.488592604651  0.509378870165
0.488129335064  0.555757526489
0.458201957473  0.608496768648
0.492102237416  0.763702028992
0.510679384896  0.505596561915
0.660429352721  0.564886037106
0.494671324641  0.42942658571
0.634364830582  0.58141956847
0.416648281915  0.531214295607
0.390982751749  0.517568608058
0.376122058058  0.709134789191
0.496497955048  0.579200147794
0.371973457448  0.419252435396
0.442296587538  0.582438719452
0.486339668264  0.331347003042
0.742381091438  0.464140225092
0.458916315336  0.329324363038
0.588653132131  0.703203965858
0.443594051553  0.381606458628
0.481779549782  0.405295696083
0.523236601015  0.668238581691
0.595578890939  0.374110955183
0.547790978069  0.270755532116
0.435243954391  0.576084912093
0.48740788252  0.555027733019
0.430801967031  0.529210442154
0.414717620051  0.197736910429
0.545768403872  0.588341081996
0.530762855443  0.493463923484
0.432597262945  0.354613721423
0.381485621518  0.31894033557
0.650408343164  0.568642108423
0.497835961952  0.485217923527
0.665491757982  0.36646546048
0.513937436947  0.574133610562
0.53573433589  0.448312532803
0.533200886402  0.281737166074
0.710284064246  0.328833874068
0.502302538512  0.517093604469
0.611197699861  0.674747272105
0.302773523827  0.672425603271
0.624140502048  0.504337557699
0.528687541603  0.596206116925
0.505335361689  0.54584377973
0.543128891296  0.516032058573
0.539973148779  0.408186374261
0.565215312663  0.495820323783
0.467699851996  0.477055763943
0.493897296031  0.570197708084
0.532212095888  0.542568010452
0.523804799169  0.232706253181
0.667690764391  0.681572455324
0.628408361793  0.53068053448
0.173899374147  0.630016867455
0.644137608747  0.540861565636
0.623240820022  0.362008547295
0.560376041834  0.566647848095
0.601379346231  0.351298933182
0.431301348589  0.550309203606
0.577054504691  0.641532774685
0.45635182613  0.461006665439
0.56213747146  0.452398854186
0.380013797742  0.352860090806
0.347149211573  0.482127927567
0.647653933273  0.457552853536
0.579565127617  0.514161340325
0.522965791675  0.394721776556
0.573329010322  0.43166914635
0.434517683434  0.49558053479
0.419415709265  0.484796118414
0.499139836396  0.540509112462
0.664600184146  0.50715212481
0.676745217559  0.549049848021
0.37047716599  0.532361092961
0.522263838178  0.522610338003
0.758048270618  0.427205694754
0.57952231945  0.621224425637
0.40798756227  0.415682039008
0.435960984745  0.437071587186
0.681566191211  0.614958996544
0.512275884777  0.581698272435
0.493708729223  0.430037137851
0.494481510312  0.516539622976
0.393621564902  0.460698572186
0.623907714234  0.578542068017
0.413421678044  0.567126708383
0.615574597015  0.510892530216
0.619411885678  0.519369372124
0.384040112739  0.584896074101
0.479173996044  0.347874197921
0.673069200087  0.445423302682
0.326476260824  0.483748217905
0.659606295327  0.707055619495
0.442627196974  0.353156313598
0.634202757739  0.522000373792
0.532714231149  0.564235305703
0.521230477473  0.336529844139
0.491317723522  0.347984282137
0.516766713722  0.547502388365
0.499064563762  0.694007361572
0.625525797513  0.610610198291
0.372608130928  0.683973224227
0.462771592854  0.560730839293
0.517263070731  0.410184047366
0.562282693876  0.588014655679
0.378445595423  0.364532711422
0.583279545307  0.614802898913
0.392473616326  0.470704605489
0.459935171004  0.454126220586
0.348557798388  0.322521948728
0.375804509303  0.58491429833
0.50429536159  0.530846475343
0.47204597719  0.424654236344
0.469420324539  0.510683944398
0.433020578702  0.258576991105
0.617860311257  0.527439903564
0.622237000387  0.61969958341
0.550939548776  0.43281873607
0.742914724413  0.668070313571
0.47819801022  0.438083765174
0.403390838594  0.665292800715
0.433101412761  0.365189207166
0.556043764746  0.603502822964
0.74923437376  0.50931427472
0.446415920956  0.381888815166
0.474528608037  0.491451997179
0.521188538713  0.420009762089
0.520680461284  0.580626528329
0.461200701125  0.604870982649
0.637394683733  0.454732692976
0.531754484748  0.479873348605
0.508621015137  0.349296014057
0.641039695679  0.557666244405
0.419719238058  0.415281302353
0.533831012968  0.525968798294
0.376499502373  0.492999284412
0.54373262976  0.475852914463
0.81438608858  0.513430947232
0.446653388529  0.631233181235
0.401954139473  0.615164850151
0.782186382336  0.740151191578
0.274490820835  0.450686903132
0.553954135467  0.509471421194
0.277495974272  0.352646270467
0.43292996445  0.373208148108
0.488924686444  0.541894778912
0.420981882966  0.609092403745
0.475433138762  0.319186702229
0.492907037802  0.447816656167
0.530339030994  0.483710700892
0.59416265586  0.428253366906
0.339657662335  0.467096438473
0.514110124795  0.448130650681
0.839667793739  0.62110746181
0.368387446432  0.457584499814
0.394810540593  0.501752962217
0.628574922132  0.473364980868
0.560062659858  0.483251893087
0.334158102584  0.668437411054
0.336046911481  0.423591643986
0.724809304043  0.504773180585
0.503966752533  0.440922299759
0.500162600112  0.678284391375
0.395658053826  0.491831833123
0.697970796644  0.566952869052
0.533996406189  0.52991768704
0.565074681697  0.467883742551
0.431290813065  0.631659934745
0.450367586047  0.567560120121
0.661907801118  0.616191100966
0.450077536186  0.491585970575
0.418480193307  0.611146385521
0.567110230515  0.544784857409
0.542337805123  0.50833908545
0.424002042367  0.490551725434
0.636918607051  0.476904312561
0.546500956764  0.525794434693
0.473254692408  0.558031967283
0.474124414439  0.526402925434
0.376227667187  0.379961125938
0.635577889461  0.477637717755
0.359257540145  0.541846112148
0.423420471352  0.35998922136
0.534155695776  0.427520933916
0.386122897712  0.395237489556
0.336201457377  0.501127156219
0.464606502365  0.521629944788
0.57566218353  0.570360807207
0.602583735727  0.508021639479
0.496263479789  0.539765188195
0.371237064867  0.544987701513
0.399130722046  0.554330825597
0.437801509695  0.496231204074
0.476629418442  0.49922896937
0.379650414179  0.632120002723
0.553104888116  0.434503882164
0.590235610045  0.602226469842
0.555565347713  0.557229172981
0.446862339326  0.356123392076
0.415208528635  0.485569030487
0.55747880961  0.595328762337
0.473400854792  0.409110637934
0.455794819782  0.458428965442
0.42462100138  0.487968672166
0.580875642987  0.526465821068
0.552491094927  0.374010874926
0.407813897574  0.473357435362
0.554894061593  0.367155210432
0.474838033763  0.421885512394
0.655183847649  0.581775607176
0.551066695405  0.315594621064
0.443703900244  0.521744728487
0.601868508176  0.315157993366
0.488199558022  0.515310136827
0.542434555659  0.457568418182
0.537314463189  0.408056233367
0.582665671466  0.689866666059
0.472534525017  0.415652635666
0.355936388412  0.433429363979
0.301274546975  0.516054259948
0.483339103486  0.613240585827
0.584051799112  0.620815088105
0.571128863369  0.699783804606
0.744100945646  0.549560871967
0.660691676896  0.418280573611
0.377837409107  0.524137959106
0.444536148045  0.526122905307
0.687636062552  0.431202739301
0.596957338901  0.547200923165
0.536116688981  0.459410776627
0.617932307915  0.434903880487
0.504215549685  0.466750848473
0.57136614819  0.594634718325
0.462152520619  0.638712998788
0.647454925264  0.737537695763
0.459538072293  0.43905388506
0.527304509577  0.388987778839
0.522551977417  0.573136427358
0.496476530688  0.485589995304
0.353481416373  0.527383130499
0.415209415749  0.578320545534
0.617953653043  0.337389579405
0.648486101125  0.627669072048
0.362542096101  0.380472741527
0.411676418457  0.393355190325
0.441134674329  0.315099220667
0.519152212062  0.475150038657
0.372673953423  0.284297357258
0.547835549686  0.527171326289
0.516570665566  0.652891448298
0.517562938316  0.482862039427
0.550747004825  0.496661305185
0.444004488602  0.40009047976
0.589893436311  0.529003562328
0.558851724045  0.343257489903
0.490212232587  0.583966882952
0.536879600239  0.566707972213
0.374027997913  0.603512210135
0.444040587722  0.738599226803
0.531897739034  0.532627954399
0.46749649251  0.425348480417
0.437861701771  0.411902245043
0.380658351547  0.322466372917
0.560668021891  0.453099890478
0.53426630381  0.51514615859
0.562898173783  0.46837612947
0.439759247576  0.325465276442
0.670865633885  0.327996475302
0.471678387728  0.470000996271
0.551307535204  0.517191623652
0.316649589279  0.344131741099
0.511066395619  0.543615048894
0.405377654227  0.574871973186
0.562641380286  0.388164886427
0.476097877321  0.568784380105
0.515352026761  0.749365678264
0.40343607284  0.502677164728
0.537308748993  0.573748809026
0.577934813833  0.350429242905
0.251588643057  0.472255965618
0.417615643333  0.375441068847
0.516827456946  0.464375167626
0.52309475379  0.480037248899
0.7148287835  0.483362369095
0.482345166402  0.37515630668
0.673907115917  0.45954195853
0.452029177815  0.409721603761
0.326991258031  0.330458622396
0.391311306081  0.599274756752
0.403819133994  0.385246765629
0.563406803545  0.367154820575
0.316529762768  0.623545916427
0.464742813604  0.50087843216
0.40144875343  0.554506239923
0.481241260041  0.615322240138
0.539785126349  0.545429390545
0.551778814978  0.582936021786
0.496917315787  0.304602879983
0.551212998624  0.409788193346
0.390594799628  0.544437459611
0.531231816164  0.584824509288
0.36126631809  0.307272041943
0.629056910608  0.494597140599
0.594177243123  0.425781267998
0.458649186741  0.437733083121
0.498394358777  0.538756168181
0.401624251098  0.487890938204
0.584884087847  0.422068285705
0.389065525083  0.670799666557
0.548633341112  0.450296589086
0.580763917218  0.553528831888
0.44551568734  0.295550531213
0.294693824099  0.450278002594
0.503746113896  0.314951009618
0.654131886598  0.502791512127
0.559132247436  0.681177301243
0.389557164186  0.577261496719
0.409821222247  0.508934910339
0.354882943107  0.465775354546
0.631976820551  0.473154421755
0.521041345561  0.600719212556
0.512227306694  0.416210436159
0.490811399691  0.536620126036
0.388795495177  0.648439713273
0.458825718127  0.553673714464
0.436988083793  0.405723373518
0.508894509899  0.5746038351
0.696197472868  0.581346497264
0.485094300744  0.644691566342
0.510648481922  0.579347969699
0.503934631812  0.563751720033
0.519949655571  0.472511371343
0.638537414678  0.539773759877
0.417810218319  0.415163067923
0.456393145628  0.381952300764
0.505291617375  0.361121458483
0.350668612037  0.347791872032
0.492248853519  0.541072499739
0.509795713814  0.446269473248
0.65456406506  0.46174495881
0.387141682513  0.65696455103
0.484377904517  0.553020819901
0.347072749711  0.355181057923
0.506629348454  0.476486553018
0.542458212466  0.496861845582
0.431264341921  0.202094269549
0.488288955266  0.566724185853
0.332992453475  0.503793616148
0.580748013912  0.491110493106
0.55386878438  0.531730981679
0.383848509133  0.418981766502
0.529055079842  0.593959381816
0.541947791967  0.445775977365
0.39792124355  0.56305967648
0.485323804729  0.440068917328
0.501737900194  0.647548232728
0.51875188274  0.333269384986
0.639252528955  0.298926688831
0.739469736173  0.355544686488
0.312216998727  0.563654730182
0.483776105924  0.372921490151
0.626127212164  0.56003069872
0.608929950467  0.397029278511
0.584618474343  0.663173331429
0.458658824985  0.621630525537
0.584199215689  0.622598352711
0.457585786719  0.529533973373
0.590066902365  0.369943883697
0.37415245585  0.603876997145
0.362098163328  0.62568559425
0.392245974686  0.480565531559
0.602576103655  0.389367380381
0.527474341191  0.376645512962
0.454102777523  0.547952540992
0.465740891214  0.479277105083
0.473908200308  0.453392036894
0.450524130066  0.648996711145
0.413902260814  0.467307427302
0.416122205753  0.493873716097
0.52317972731  0.566478093755
0.480748432638  0.563626747487
0.648913704398  0.613050603155
0.473114422869  0.568400230135
0.509139423377  0.624290931742
0.454065254729  0.442708126265
0.383715678423  0.482489164742
0.455341221166  0.44038002935
0.46884027187  0.322787638165
0.437500123351  0.528618384303
0.47953561322  0.500028053371
0.30666863677  0.4464266897
0.482742388178  0.690840362775
0.463246175561  0.401833255463
0.634599588365  0.451768697773
0.475158503798  0.408768348705
0.647127275093  0.609263453022
0.420108328382  0.431014035636
0.486028162349  0.652234340132
0.391796936927  0.444965959101
0.417585846967  0.592126048914
0.460783835551  0.513433634197
0.416625009389  0.229406216769
0.54701347237  0.456146380325
0.537886884667  0.419518748596
0.621965755091  0.450911440093
0.395613011401  0.635777090693
0.536887760823  0.497320011965
0.557482288078  0.595632951806
0.38934547442  0.475044751657
0.517751757218  0.414055082763
0.367274882874  0.518997788128
0.485735782748  0.47517300126
0.52747767939  0.499250798639
0.238178921564  0.658397153056
0.477494276239  0.356067035133
0.584509914769  0.57626491871
0.311042167853  0.472397846244
0.497297386625  0.585255242142
0.485313604046  0.624559469304
0.57761250911  0.461995088847
0.582641193901  0.534507845492
0.415696925685  0.413126556733
0.435543162582  0.363006750968
0.463690019144  0.605017909157
0.582714527423  0.479305460349
0.331895266488  0.585872745389
0.544900576371  0.460567193449
0.450203332305  0.768185564374
0.420956392897  0.362922303386
0.614605185758  0.454273467218
0.430811062451  0.531711870511
0.516882195268  0.393733358676
0.447734925363  0.406193294811
0.592383817691  0.504196352008
0.639437100199  0.566246264331
0.462744400064  0.715757556006
0.53176040769  0.507421715185
0.449973547898  0.327499511707
0.452947876209  0.52912348904
0.452525218244  0.485268334512
0.575464250948  0.351291487421
0.534681634991  0.522008483832
0.516951388354  0.531810183177
0.363951450416  0.610301610761
0.484847405432  0.544722073758
0.553095139636  0.467785377683
0.654072789811  0.675660238866
0.53173523333  0.485650589243
0.207710154814  0.702401098232
0.477318348754  0.432986372224
0.695256380885  0.591868942391
0.581631446834  0.521408408747
0.405216248806  0.582180461939
0.536655538981  0.401410995684
0.536151413849  0.301197774092
0.407547727228  0.286610828362
0.303146685299  0.41995647647
0.432627243456  0.532958476261
0.343238865153  0.29705043813
0.466530492276  0.423814382421
0.449293649649  0.491365721814
0.506100204082  0.714849402034
0.586558490435  0.528150535338
0.635526905025  0.480908786606
0.587040983973  0.496606967646
0.402277379248  0.483728914613
0.380992186305  0.589560053735
0.524075291799  0.394913727594
0.663308269785  0.380689881882
0.654036715034  0.486986579552
0.477594466873  0.533764530945
0.496768913234  0.605187317263
0.44743709215  0.387565457007
0.407632217577  0.376471636277
0.490291117389  0.709956993825
0.511663880292  0.39342437467
0.699200881371  0.572843497399
0.537006404373  0.349371865028
0.443952191625  0.312389867301
0.500397884765  0.529854136984
0.569507473747  0.472205858506
0.518038499119  0.541932904078
0.633854912776  0.365242201627
0.376919822924  0.468340278796
0.445621688415  0.517942684587
0.333433521246  0.486214746822
0.44714509009  0.518351925085
0.508392921309  0.395705617575
0.594347979601  0.532103603339
0.433741668261  0.512159385138
0.499078110672  0.435934522468
0.640749420418  0.685885438252
0.43543346209  0.658698840303
0.362517059051  0.539312061368
0.462667412853  0.654064476283
0.388924399818  0.564748459127
0.559388056721  0.374727918518
0.566512043082  0.651331566605
0.609352266037  0.607714144499
0.381238892277  0.527388436315
0.641888980849  0.583299843243
0.36102390564  0.660474144893
0.661643948033  0.290087390897
0.535759940065  0.487311018397
0.506801597084  0.484889076364
0.379422595551  0.470724721961
0.708741838405  0.38192713133
0.495461104926  0.361508793822
0.372108646263  0.380179189561
0.650193260344  0.417080181111
0.614821815579  0.400185938284
0.572780654488  0.721925223212
0.439009837003  0.44946546567
0.562431036369  0.46112941112
0.526280776035  0.582444937907
0.665033177021  0.394399551723
0.423496385909  0.430135631014
0.561776711891  0.685983798887
0.423094087666  0.463907351459
0.460213343774  0.728635596691
0.344780152784  0.399938778525
0.598404187056  0.527239635728
0.437146333124  0.59795599986
0.543792929284  0.49992444598
0.566434264537  0.514172823132
0.465105491474  0.422009077331
0.493021180409  0.500174429592
0.501265325628  0.419392759127
0.426315356169  0.491025483828
0.417320541696  0.46282904863
0.413931987919  0.521128668377
0.41754729965  0.392155459699
0.572614882344  0.568187707069
0.588887485686  0.465658733267
0.626668632255  0.32668309015
0.570778791302  0.449122932188
0.394277353807  0.407166075334
0.675256449866  0.342396785786
0.437435255716  0.747211300991
0.5237613929  0.526152115431
0.588370153955  0.40669884435
0.59536892737  0.533834963383
0.5808017357  0.3675873126
0.5645470036  0.62319210401
0.462747263982  0.473652488035
0.592928479488  0.513281457135
0.389268302061  0.429408387538
0.395798312598  0.517366326862
0.530117757969  0.55077624438
0.510490081178  0.581468809813
0.390204939283  0.549074177291
0.556774812497  0.458875061715
0.460802531373  0.603214233612
0.448986296333  0.392212770569
0.467739171407  0.443671447276
0.377817234678  0.297209385242
0.431157115925  0.351674769614
0.511825012581  0.51735425861
0.424408581316  0.349358516543
0.573255949086  0.318369937496
0.481706006134  0.433966414845
0.389788064885  0.638980516443
0.332339003962  0.572902509227
0.414521014091  0.395487339529
0.420048855841  0.399987310017
0.490359387113  0.472161808513
0.562861331278  0.408082614947
0.653871717247  0.537107696023
0.462926120289  0.558632143384
0.565709718711  0.388413927323
0.463909948679  0.481653951724
0.523132748123  0.535383149898
0.191465513962  0.455808392351
0.336768186465  0.403785711354
0.552130731528  0.505402223642
0.344962712429  0.434744743516
0.582226249058  0.583222810086
0.576028484179  0.690751524895
0.562806279352  0.474502830483
0.353119932603  0.336831247957
0.526147386898  0.387136668465
0.604869653904  0.422489630064
0.327646031606  0.477026258186
0.551082179686  0.469643190059
0.610234862377  0.637838310916
0.480741435555  0.586865079446
0.459972715685  0.512287860727
0.470703248684  0.599760985718
0.526114326978  0.520038295401
0.444308103104  0.589030456425
0.419216305545  0.463964935234
0.520653452487  0.549229753177
0.552867152017  0.481105866413
0.531347489681  0.425118660884
0.460375799005  0.524317053947
0.394133567919  0.573318638393
0.419400927706  0.455808640753
0.578614583446  0.324482521683
0.612698779956  0.499081133127
0.473395518816  0.613585571896
0.303128670801  0.600743140072
0.509894698063  0.583443683558
0.46083288979  0.62484401547
0.614419248858  0.540656161466
0.591571783045  0.504398774887
0.533862345254  0.316773452477
0.586302605698  0.593591874094
0.592642559341  0.54176623393
0.462279381742  0.603161249604
0.387019143264  0.479509897564
0.464075378999  0.605198470085
0.409794443142  0.466949666527
0.474496022938  0.626854913479
0.56492349661  0.53137512836
0.529393797537  0.47714916953
0.395626613157  0.355890902046
0.413503764344  0.419018515643
0.483954227819  0.348246371628
0.482016214062  0.565712585386
0.5598889066  0.412793844816
0.314346523759  0.366134625874
0.422843178228  0.536592819442
0.473200563522  0.556404638892
0.506385305314  0.514982432515
0.629407094055  0.535134293076
0.560710774859  0.397126895921
0.622840890692  0.572879347728
0.473907769008  0.437240755032
0.577860325146  0.46464417516
0.455498036344  0.337891244473
0.46013811587  0.547686640952
0.613847151387  0.402620984663
0.491984608396  0.360741147072
0.498170361265  0.385548195573
0.625827506584  0.407545456609
0.591887460911  0.631085475409
0.643763598557  0.459632992958
0.529838530435  0.62971412701
0.620320336854  0.573464442105
0.475197144473  0.254932658492
0.601597047499  0.468721509767
0.220269260319  0.497703087354
0.586084813448  0.500579911599
0.452745602971  0.437033039776
0.417047901476  0.657602234735
0.566232955444  0.667748269581
0.63340464381  0.613326947473
0.5797676578  0.295435633612
0.38453851224  0.408481094194
0.347896168489  0.386460830406
0.294160020392  0.593867005015
0.478650646911  0.579552719046
0.619106748683  0.537888605039
0.506709967374  0.543360853305
0.555762092258  0.487023307404
0.737009030073  0.559032395898
0.455097261182  0.56531530465
0.617896459365  0.365685430739
0.650599323763  0.286491122139
0.380701184588  0.51657081692
0.498670815022  0.492045907019
0.604393430637  0.335477827688
0.538111214464  0.6848497495
0.647905871508  0.641647336885
0.435414188215  0.450398894141
0.544717484477  0.641146883656
0.368707333016  0.574441061671
0.376905727459  0.613957466824
0.697099626176  0.580835610819
0.367007110489  0.544401106394
0.471044273687  0.377536315537
0.446346690547  0.596748582554
0.519140439152  0.388697361509
0.494381464335  0.423920869693
0.570553661754  0.434567985416
0.440686010976  0.533714740698
0.387027321541  0.378054691935
0.444903500332  0.567986129093
0.407462068404  0.448168077205
0.513622489995  0.497880546485
0.479306169232  0.425778982769
0.671447798072  0.545405088198
0.483180018217  0.494680969234
0.662509676532  0.419426290589
0.488159777736  0.458136097732
0.462814544401  0.345976859788
0.54741572292  0.581178196421
0.512791589561  0.544604473414
0.464775319866  0.614102236991
0.414344509053  0.541060858991
0.479371991714  0.579745886346
0.51502026764  0.556639499938
0.452562605595  0.504807457458
0.437320675687  0.48790742383
0.3403988227  0.430179909118
0.495932189851  0.639763109384
0.636086961515  0.452577775196
0.574911531638  0.754620850995
0.614261426599  0.294396820199
0.457737608794  0.471541218743
0.565861934049  0.602566509141
0.512661730944  0.378103893379
0.579640696655  0.509061916848
0.408227274114  0.564543146374
0.454171950668  0.476344751992
0.551782691675  0.66533161832
0.517017275643  0.463972995687
0.319453521588  0.257299214982
0.419689833618  0.62631663561
0.412583407558  0.649448967105
0.568565881831  0.531818062302
0.616434876724  0.439198388524
0.542532179698  0.376816722512
0.391373401852  0.580707474304
0.599914107  0.583217936524
0.584387358752  0.558672015301
0.497148595153  0.316112637153
0.677063268035  0.626806977283
0.523501670011  0.258709431532
0.433538277641  0.61633917357
0.520392193519  0.522976414866
0.661207494034  0.647405701607
0.446470334037  0.429359222577
0.325313519769  0.514380855449
0.414688864886  0.492834827098
0.440587380464  0.521774709274
0.463976615743  0.417965971514
0.608494588411  0.610011300717
0.451526731817  0.709612479783
0.560417331625  0.401826707732
0.337255359313  0.354973183083
0.524946126191  0.613781886707
0.428538313761  0.56377257365
0.585634904307  0.498989851323
0.433834036934  0.543623500706
0.605387367665  0.461829028536
0.438936874223  0.364553093447
0.654754652396  0.553072617834
0.521770545888  0.326504359205
0.51258498248  0.433391080664
0.358410355371  0.456506201817
0.4915414711  0.526834942749
0.706857685371  0.506098261216
0.38965306162  0.514591428654
0.453300617137  0.543673381463
0.456599968898  0.715491693422
0.476662641997  0.485018339599
0.54833753387  0.387607891193
0.429651071932  0.459172557416
0.537370519777  0.595866474899
0.485961364476  0.494112907224
0.525600949637  0.68635191124
0.368908963914  0.398766890082
0.57944668106  0.525069076077
0.485729763922  0.414333155867
0.571819641022  0.421260990383
0.581338229012  0.533634882302
0.556488475664  0.446418034484
0.338985273943  0.506079776819
0.372275336623  0.507098252424
0.583293176948  0.750039497483
0.412404127152  0.461522071739
0.545326965149  0.479805331739
0.466376844376  0.596043727335
0.572197674642  0.562317565292
0.460964783492  0.550686512993
0.553954910048  0.522399136663
0.465420285598  0.529411138882
0.471461384256  0.373051332281
0.60635874063  0.390566507755
0.480334659713  0.451778006239
0.504991632349  0.579846686991
0.55322874676  0.437352639996
0.350546461423  0.388307112569
0.506997126045  0.648252327915
0.390400147979  0.60817667263
0.645174000559  0.459572475248
