0.483417958084  0.418159814171
0.501921021666  0.556945818389
0.602293612876  0.30762931643
0.560422131684  0.566500130183
0.556930458398  0.505638078837
0.575359628412  0.515820951557
0.412787935205  0.496898859167
0.491086743914  0.60476583783
0.554343944078  0.545253621856
0.414293970967  0.476307789583
0.496208775462  0.505273529323
0.458204839564  0.398245645984
0.486206382901  0.507451504397
0.501744623428  0.536724315999
0.521960332364  0.408465652788
0.406252645112  0.570756215645
0.233730254114  0.55836588137
0.552971415878  0.490535958977
0.439113734312  0.538783923869
0.720327627887  0.334426641562
0.50354194705  0.335071562778
0.296559293103  0.408245036531
0.418061572915  0.664577387888
0.539899801029  0.476892942313
0.447941772724  0.571176970641
0.375965133392  0.441405535957
0.256040362828  0.417923498665
0.488092189921  0.475959079924
0.511857024798  0.551668031133
0.378924201388  0.476102160913
0.423253864903  0.597559661208
0.527442029622  0.493748827424
0.437149807714  0.49211422747
0.560007971824  0.486626791941
0.47904602149  0.374136090796
0.490772981079  0.442891491519
0.511448978792  0.450008170494
0.62071803273  0.647491848731
0.501424243744  0.45685617575
0.381703904608  0.20649341359
0.338775865596  0.501625420168
0.393185257405  0.526811390105
0.715146439738  0.470251060013
0.687906041943  0.50995732869
0.461108718826  0.628201223659
0.398691864894  0.643538549342
0.610589935143  0.487837147271
0.520595081635  0.53995108626
0.487253093749  0.521005803954
0.424582029905  0.543817419412
0.503381015542  0.531016146172
0.34381224361  0.595787271161
0.518622029488  0.186282487134
0.459331207647  0.512336920801
0.407060021066  0.422751128513
0.506245236888  0.373153380025
0.593918289515  0.618800944546
0.598425003348  0.523155109884
0.557979393078  0.497521025517
0.407995586731  0.484172668205
0.507647870898  0.520016999003
0.423099924144  0.496093074375
0.5475000108  0.535606349659
0.506146758097  0.410714005515
0.509891318888  0.404619374691
0.22272789259  0.448074102538
0.588285053774  0.437553364443
0.56412124186  0.570783386749
0.412341771942  0.492030368094
0.352498701413  0.349424107275
0.566582894486  0.28514552985
0.375470272954  0.490496605151
0.339804535139  0.584941231935
0.4898831286  0.402816040741
0.566347117826  0.681953678452
0.45124061713  0.568035222958
0.520834219452  0.365177157013
0.698270305707  0.46487252182
0.407562590795  0.476633259712
0.321990154799  0.3281555011
0.533951452541  0.316520802504
0.683867753685  0.439185646682
0.491704219022  0.520619524652
0.239664490441  0.324470094987
0.488243669198  0.628396855169
0.512422589397  0.550615966987
0.41755237218  0.698488458874
0.381284008835  0.473154713335
0.416447296133  0.47869568154
0.370377984599  0.470452711675
0.528253487673  0.512185012931
0.461610842537  0.534223852716
0.450963039571  0.449990003746
0.577320969921  0.594628865319
0.541706192135  0.470306345331
0.431371603002  0.385670852558
0.431129103103  0.432396304156
0.461914547589  0.497230115416
0.66707495676  0.395083161021
0.555525005132  0.415757059237
0.380404731796  0.448760663751
0.35707349119  0.477577373549
0.490006087074  0.512921155848
0.493504567794  0.464242400157
0.738822094351  0.446249681691
0.344504082379  0.496188607902
0.437635483978  0.480105405559
0.512190949266  0.301420888184
0.568749220575  0.568961501449
0.321899467498  0.449943115993
0.552366545623  0.556269539004
0.298966169907  0.568709552465
0.277474623543  0.539952048587
0.479829823276  0.504101800728
0.594423251785  0.358278758768
0.604195773616  0.536001624631
0.446968759874  0.5399665589
0.531028904458  0.421126975102
0.316398073896  0.528938240434
0.568933882625  0.635695058621
0.543022620606  0.511920794728
0.406227560507  0.66629414637
0.354503260712  0.470822031844
0.506381423771  0.387248392308
0.529654827022  0.412563318492
0.45556820243  0.593030331554
0.462488870489  0.496990275805
0.470889542791  0.463289979654
0.50763553378  0.428153937399
0.302368340729  0.374212782823
0.393394715197  0.244131721635
0.403950592732  0.568558973149
0.341596705951  0.365843022194
0.51201619088  0.501798250621
0.500559736123  0.715607992644
0.418806022128  0.499121815415
0.453482537152  0.551872897107
0.334466498761  0.447584620132
0.570409653635  0.436956012577
0.312891179799  0.448823310731
0.410565951447  0.476290742279
0.536274893849  0.296554992925
0.233375457836  0.340916448752
0.602604524173  0.362123657508
0.512098370794  0.47529278426
0.446925104628  0.46259110979
0.542614095916  0.600660545278
0.471061872786  0.460889175396
0.365061819758  0.536969204284
0.647915179141  0.380992111908
0.440047364853  0.516779078813
0.44055328837  0.495279329493
0.642216528474  0.335538351223
0.476876888991  0.698011035279
0.397501061371  0.338613147115
0.517083107368  0.518451537471
0.433147721531  0.420323561645
0.435767759878  0.471784208946
0.536543146893  0.578757742259
0.495181452826  0.467967372955
0.346300006138  0.539813016216
0.525845855485  0.337488284668
0.518701960439  0.479064085867
0.603086556643  0.540106083689
0.424680912774  0.475901842374
0.335613962721  0.316776777093
0.454776796373  0.517001737433
0.497348663731  0.459188993749
0.490123792951  0.598868452202
0.493177575973  0.544973382308
0.537608378428  0.522186324706
0.568247649539  0.528914945377
0.679767952593  0.507635753109
0.62497809256  0.480943585909
0.527606151924  0.559213107593
0.396445595944  0.409102161269
0.407798476884  0.67507051319
0.424242744306  0.460211194898
0.379339881583  0.416058170747
0.581124735901  0.473622574525
0.374783712465  0.523784644345
0.352161840367  0.561382237272
0.551714728845  0.638405191537
0.526760535498  0.479328155631
0.492211082683  0.458861306565
0.46871125861  0.518752534699
0.34927819612  0.447896361505
0.551329817282  0.523895108208
0.586344719976  0.504579048046
0.48040698691  0.533735006266
0.291014088323  0.681469662521
0.46636349299  0.444198827475
0.35183566253  0.408733064091
0.521031631852  0.317074512261
0.47033078213  0.546657844359
0.502751500531  0.544016159925
0.572113433997  0.556223336883
0.253730809466  0.473544002885
0.57471434674  0.455186859755
0.445048081067  0.323556453075
0.419520350387  0.462270445163
0.47036517941  0.597515493688
0.741262255735  0.442259769152
0.3777257276  0.66579835393
0.46907310776  0.489673610051
0.526861915359  0.303413623093
0.276909221192  0.340347410167
0.52484503117  0.521644462278
0.250517950066  0.400953947515
0.371037332433  0.507049845915
0.583969527641  0.606181002857
0.410147128054  0.502508075443
0.432667029106  0.498518317883
0.42404222253  0.576463396057
0.663916659695  0.556086070129
0.489873249767  0.569913709446
0.554951966918  0.609155285169
0.4726920553  0.491940325327
0.280039785715  0.471641055817
0.521225720932  0.510699641851
0.448644007663  0.442982663373
0.511669533458  0.426029622174
0.352933001464  0.449942340782
0.29259910638  0.498789856602
0.366327761192  0.34014864977
0.54414635832  0.490537698043
0.618650173264  0.416497063525
0.487166034131  0.424900557213
0.535269413695  0.522442372602
0.558500008906  0.444489587987
0.327359340224  0.490960744913
0.644565822495  0.62623608695
0.374370228032  0.331224561962
0.517880222047  0.336261719399
0.548483441864  0.569609475166
0.517048537598  0.495307100883
0.674225301969  0.358842679753
0.581984479465  0.641275572171
0.338769448079  0.543711134681
0.510903737854  0.573087061619
0.423934111067  0.784070108663
0.265859539773  0.41647276191
0.638714483219  0.536043223381
0.328420820459  0.368141938649
0.463280982812  0.606882506101
0.642753442076  0.624513547925
0.258493389203  0.347840539301
0.617258606382  0.494997377031
0.459325334012  0.441683929888
0.426596730846  0.43056426065
0.485915469269  0.44726763976
0.588784393649  0.449838532769
0.405998894695  0.588830701208
0.371303440075  0.481097681852
0.614631460278  0.353320253743
0.284354773085  0.526393385486
0.383705336437  0.448811072208
0.403868200241  0.399965544014
0.355117351774  0.440102657646
0.695365702932  0.529966083674
0.40414046939  0.436442893974
0.490121181337  0.375074680024
0.335366080112  0.307404788413
0.539210720466  0.329416146741
0.486350658566  0.292332627591
0.447460871434  0.573302496405
0.396056548018  0.40409417428
0.5421984  0.324234493775
0.59002619896  0.407708253342
0.662445215196  0.505471616318
0.580657177957  0.575396607597
0.341339850946  0.486070199475
0.4302010678  0.527804040933
0.704869599271  0.567793046279
0.299070281514  0.586198020947
0.316261449886  0.42341490384
0.467368270263  0.477592996998
0.50987151073  0.578295864552
0.4826015213  0.669392539105
0.432835304308  0.48250488404
0.523447122292  0.527850173569
0.460307686531  0.547332796293
0.451927853276  0.580745495504
0.293834282843  0.390783083125
0.537015879054  0.523937404388
0.416856807213  0.472546667758
0.47963874554  0.511202518793
0.566969778047  0.48964198284
0.325251427593  0.533450618343
0.540158609189  0.472345552054
0.489432285293  0.424904188323
0.606046089569  0.433114856575
0.542923354136  0.45785567307
0.361304717941  0.341282335451
0.478822855739  0.530517894712
0.424226365103  0.445227844361
0.415181556974  0.317439394405
0.485047714111  0.499168126277
0.433435817732  0.361048231863
0.475079431748  0.471228414825
0.495884038556  0.354255819072
0.400318011474  0.390562963663
0.288868556761  0.566460727685
0.435682829243  0.609281517864
0.675202613987  0.513118191437
0.596297901987  0.287758146125
0.446516080145  0.489201915607
0.596043588364  0.522341214646
0.481793445873  0.544119457016
0.510083360702  0.539703321736
0.588752536859  0.321197047071
0.520873021773  0.424399202784
0.566818472651  0.37002174992
0.67208212277  0.554848913381
0.41981404125  0.346383978873
0.362341004175  0.478972542739
0.173612401845  0.445947220701
0.297827740476  0.606482433757
0.723153105834  0.385873877689
0.508873082458  0.594658788153
0.336990579217  0.497462469946
0.471725180225  0.453844422462
0.425884720813  0.544001357603
0.537175970775  0.437337617245
0.536222925929  0.522326838714
0.477159288707  0.386283070339
0.337976253221  0.406001122643
0.381406679331  0.385915874321
0.503509992022  0.522010780267
0.438046344711  0.631217722407
0.574226478536  0.579000699672
0.432738729324  0.440629656471
0.437348410462  0.519548204269
0.414075879779  0.606565774339
0.481387851965  0.527003888333
0.221673111574  0.614738980587
0.566946240866  0.548665773923
0.512944772803  0.37155759793
0.474263560517  0.396075788926
0.574410868981  0.415054691289
0.357306139764  0.449799437457
0.603847934641  0.384754057567
0.414680992223  0.486107366226
0.62701866277  0.385266256765
0.557005767915  0.35189036743
0.464503102428  0.459271611808
0.394762373096  0.647401932991
0.384936125422  0.619056122612
0.397910780025  0.492919885448
0.305450183936  0.353860431918
0.333974041023  0.381100593372
0.523207811007  0.69037161641
0.579778382346  0.435114343267
0.46084085251  0.315175756287
0.57862404752  0.38097494589
0.65575043824  0.463751838269
0.4351265702  0.484975088908
0.471086640386  0.595791079596
0.579391761308  0.626116190389
0.648619451354  0.339779532528
0.448649565385  0.653508208204
0.535796890124  0.341190526865
0.430764141374  0.429932210909
0.525420232231  0.559343720709
0.616575645831  0.530864807656
0.554340782123  0.487501487182
0.44292171845  0.509394770554
0.507556232983  0.4339965621
0.520300796866  0.543907135674
0.291275003876  0.379630867661
0.376706246172  0.540147971253
0.405752149976  0.463290818161
0.426626700416  0.531237812689
0.416741663287  0.738459697751
0.361098567889  0.440186535406
0.486111297741  0.447108416932
0.518624299969  0.52286372483
0.535238727301  0.628591410661
0.637642088373  0.152730694094
0.435967060058  0.426187659014
0.592961259146  0.491263092136
0.464239469016  0.517117408432
0.481404600329  0.549360393211
0.525605477725  0.62153834097
0.556672132799  0.327021317529
0.54686776325  0.511254366258
0.42956262306  0.426247671329
0.513908996208  0.502553215394
0.559149687255  0.393784248724
0.45360547157  0.587424916497
0.510143913489  0.440902846307
0.405869129917  0.612735365962
0.532575866365  0.606911551302
0.637265817666  0.473680718271
0.45974154455  0.495841848035
0.609112986946  0.338530281714
0.497765182689  0.490719802186
0.743916746145  0.470853965226
0.432814553838  0.410119011813
0.433328662102  0.641308384001
0.392255282217  0.36214902387
0.600247489274  0.481517443874
0.418166677992  0.432842608776
0.523955455894  0.390071848799
0.474299709252  0.341695906117
0.485247307944  0.466657903704
0.630394086519  0.395747856303
0.4434027228  0.507497352213
0.524139298003  0.376910555236
0.487520136172  0.530929481395
0.654476609058  0.49826230509
0.431306488066  0.554847569156
0.349966132707  0.372054477164
0.386901004155  0.455864328797
0.432531942399  0.378959953736
0.593213581375  0.513377431266
0.44088451671  0.50227685984
0.408367499402  0.557736210762
0.555567374623  0.54494409998
0.661268810215  0.567623954558
0.45516835814  0.629037978686
0.558757707898  0.581876187901
0.476841343004  0.479712466077
0.499357622031  0.510906305399
0.420529649633  0.522568022918
0.53678955766  0.501829484165
0.550543317706  0.55205921267
0.557722130957  0.561038096909
0.406131913431  0.328591995492
0.486614136344  0.534594547458
0.456142175844  0.502767640885
0.543604330036  0.535661505658
0.711707343507  0.52240477951
0.368855701755  0.549827297005
0.600587474895  0.589964235025
0.56064733983  0.511778482756
0.606893591966  0.361459251288
0.49235454255  0.460742266511
0.437531098801  0.454730642252
0.443064885188  0.370409495714
0.603623579591  0.443444824877
0.58733090361  0.44207568439
0.55797678953  0.372464645626
0.556919881217  0.367990355178
0.40798047069  0.50671344299
0.491096309506  0.521123364164
0.54753081368  0.505551555947
0.287401715164  0.578146383885
0.617248612809  0.560680755658
0.606893196883  0.670378414412
0.461979688305  0.460570992811
0.480177197792  0.487534327787
0.538697512597  0.462125388875
0.408690247456  0.389191039539
0.542705108682  0.553730577826
0.379836673845  0.492011943418
0.48912682147  0.504123716657
0.608364907449  0.485043567171
0.343217594781  0.322675228729
0.459237199647  0.716661888072
0.316436266307  0.399545144606
0.445143138519  0.503020463003
0.268971519674  0.29569487436
0.452542952302  0.410771837744
0.346129072601  0.579254810911
0.441576780374  0.518039954327
0.532654006786  0.384747938039
0.526722372498  0.509374432853
0.503642775826  0.445544931532
0.35814391523  0.560698407003
0.322761152083  0.503755509528
0.449300201138  0.553946172335
0.408146968023  0.612343001164
0.517131980031  0.366652875732
0.561954361669  0.610424486698
0.418429901909  0.453811753844
0.494390008271  0.52783905815
0.447344159054  0.501689028367
0.548263954004  0.322622908628
0.463429113039  0.33215725981
0.419573288993  0.443548245296
0.362962885542  0.440218006468
0.330912697724  0.535368482404
0.553905652633  0.613167084005
0.422108512809  0.447986938873
0.378726781039  0.486790228269
0.551918903349  0.368458973152
0.488845534072  0.497917409641
0.669879994903  0.626191357077
0.503521853463  0.548679412158
0.28389388036  0.395059114935
0.325323469941  0.525502769451
0.588356955505  0.492354698595
0.40242799443  0.273006339118
0.48719587382  0.481246727757
0.48932560492  0.530181612583
0.570998446494  0.444977149062
0.477024192988  0.411554297878
0.468764254495  0.539413537721
0.403777136096  0.580404352266
0.602178581509  0.492617882691
0.696640070884  0.466263161236
0.449668845672  0.436351301099
0.39485618793  0.363551698032
0.65231970296  0.424376772702
0.573808735506  0.443632822137
0.44608011472  0.629663203397
0.488687278539  0.456042757498
0.448315352883  0.565701703798
0.35895903431  0.545559081871
0.428888123793  0.56117088246
0.541512940709  0.460565937954
0.239665895165  0.460530656918
0.378620760718  0.385666262668
0.342343757176  0.407369563566
0.417927068175  0.622963210763
0.390406701748  0.457181670953
0.657198705415  0.604687821114
0.457153722392  0.393086466247
0.504876313475  0.428717794219
0.560082943168  0.321347157385
0.434566170816  0.475440472851
0.45055321628  0.536159509342
0.310565358057  0.676248352601
0.51288741892  0.574195629273
0.386599286092  0.370712130762
0.431648386563  0.452224179662
0.594708808642  0.306057798788
0.467016478238  0.581637520427
0.670297871967  0.440702313525
0.554465569654  0.478179484318
0.388902582339  0.347092981944
0.36630254503  0.504304242372
0.487957157913  0.638359439428
0.477159601439  0.56858027847
0.452147213025  0.594953275869
0.488824469064  0.731136298563
0.416144221256  0.401879346885
0.392000690274  0.621914507971
0.388271276171  0.414949315278
0.428704694955  0.62549205393
0.440124920616  0.455062301904
0.368120621928  0.406534974827
0.29244917218  0.539967886408
0.57473345487  0.436060389438
0.631466307485  0.501449202295
0.407949071809  0.441814277964
0.542618686126  0.51013529843
0.380249717172  0.468735920458
0.330568129737  0.407871125313
0.646421515977  0.520044944346
0.509807976447  0.518337548791
0.306762740096  0.443016968677
0.289235917254  0.582373110164
0.411467646677  0.525821015872
0.374448455173  0.425772775557
0.433454747762  0.488162122793
0.428540459052  0.303143977211
0.546231682518  0.635907765259
0.412345868145  0.410267440183
0.470516211216  0.631936013197
0.580453710094  0.310393946111
0.36400420381  0.464524554188
0.494229472709  0.667405567411
0.459847782979  0.457770964655
0.414902540668  0.513552282412
0.569628321444  0.47129198127
0.489371474481  0.76992212929
0.439401579471  0.575602989583
0.537197320422  0.417477155321
0.287612858825  0.673737850725
0.517321502343  0.467852849049
0.542594702262  0.473251122777
0.468250617201  0.539810825678
0.459008830242  0.507681483763
0.471569879953  0.551848125878
0.394203729448  0.540844536316
0.487300782274  0.650502687858
0.523017564067  0.641890174508
0.279559516617  0.463407511086
0.469696437447  0.288164500156
0.560315167407  0.574955891843
0.329267506048  0.536686312794
0.355912422816  0.46702183861
0.531580550072  0.423710192665
0.649630575466  0.3852632239
0.52640566267  0.461876744559
0.390047672953  0.571035232716
0.464032665083  0.359285354284
0.439427577117  0.470663377549
0.439604938518  0.44244122469
0.454058453208  0.522947145895
0.585687809677  0.394372223364
0.531227502649  0.379154548931
0.581407644519  0.428433516491
0.418490578166  0.394311767507
0.46906004449  0.579546389066
0.359761674784  0.403902908872
0.567793935481  0.467318970181
0.516607626819  0.52243700721
0.472848993871  0.291597568447
0.437169324433  0.460351322386
0.414396495057  0.282987622533
0.60942728318  0.557091998615
0.51967054343  0.476626088487
0.351504673598  0.672089351723
0.400790042305  0.410219210702
0.401561451952  0.56415981572
0.395776422171  0.397343559771
0.423840025897  0.497405057795
0.377522405167  0.59802346422
0.406919873778  0.539150918016
0.398992828747  0.440480767388
0.575062376601  0.525184647223
0.405334252172  0.177241614899
0.541366880789  0.485873876974
0.666618172756  0.349449983722
0.647949484914  0.394848868771
0.42249672052  0.497268823129
0.666482542098  0.387627629856
0.56370605265  0.498853133878
0.599023286259  0.510528610763
0.397887746011  0.529220788301
0.440064053936  0.575638037114
0.330950751757  0.615136407875
0.514015437086  0.450029780513
0.538378533048  0.576509662599
0.311469904243  0.469352761116
0.550765634759  0.543996915207
0.404537856821  0.333740168969
0.483086147478  0.433130119778
0.46929470782  0.609286828042
0.444669208216  0.52503611889
0.491323302264  0.328884294027
0.564806922684  0.544945785143
0.646383512666  0.397813932082
0.287610334526  0.609760504614
0.461334262827  0.548793168875
0.408920444903  0.562590759244
0.641251602541  0.43962800651
0.562715517939  0.687981641784
0.385572150194  0.479790022279
0.61480648463  0.611951815385
0.434162411717  0.592834599546
0.399641941736  0.359165610225
0.242187895122  0.335678898155
0.586021602114  0.505475459516
0.331833289995  0.4475315816
0.587647191758  0.657591382804
0.476809181973  0.560396430442
0.443982073977  0.472269443765
0.595836929821  0.613627633946
0.383603642013  0.363860249668
0.446471142674  0.465928790983
0.550329480503  0.62076366462
0.401850552851  0.597646718448
0.478014752448  0.480278313879
0.370217753369  0.389078506009
0.601302710832  0.387629247729
0.518475767178  0.35643623426
0.469722324729  0.514436728096
0.468654816918  0.369033939273
0.572219846271  0.404010983243
0.735997682368  0.510085368527
0.392168964406  0.437686812356
0.556205930102  0.480939795422
0.579013800669  0.420364420288
0.356723519508  0.381004392225
0.446897625817  0.456206044232
0.444746714745  0.492218669082
0.492044385625  0.534553199002
0.529815396272  0.483255499644
0.34672422292  0.575034230061
0.450812728438  0.411533514825
0.486557081025  0.489717129507
0.578210161479  0.577776383028
0.521729869088  0.554793592532
0.499755229747  0.474043428767
0.59336890655  0.514613348242
0.430176095868  0.382673563969
0.282631573918  0.32771977994
0.378786363604  0.469995891278
0.496008085251  0.416607112602
0.447650516658  0.553978196449
0.481742527521  0.541632909782
0.514355611898  0.5693278318
0.334083509914  0.506649366907
0.649186506743  0.462729667942
0.679595018111  0.750503003286
0.530779703807  0.369716892891
0.316931955853  0.461938799453
0.541486851925  0.630020163019
0.450164070536  0.386961647058
0.469490385444  0.507541412946
0.443739874891  0.445647346451
0.547007267877  0.594220657688
0.357236095988  0.489685640402
0.397003877524  0.557700044216
0.329552797283  0.417638460314
0.444065581037  0.455640883654
0.542589365425  0.651414099791
0.456212793743  0.559567759186
0.516502320071  0.536967657661
0.599383871751  0.287030552105
0.440835700311  0.420896393898
0.493843699051  0.606016061969
0.495450729176  0.47688265051
0.604804222747  0.532709357233
0.52547693217  0.547779325838
0.434984108988  0.79443580322
0.590212001224  0.452178275934
0.419254860805  0.395913814078
0.519398460681  0.50970154765
0.447073644751  0.419665683157
0.423938348922  0.688153278291
0.548834992683  0.307546179085
0.460542198224  0.411171056771
0.554085246878  0.474164518908
0.40981373476  0.364618564408
0.674423523226  0.556259258334
0.546992273933  0.524497201825
0.564688082202  0.675755297922
0.468599753841  0.485923520799
0.591023117692  0.652482643941
0.416735846167  0.536054696467
0.244863182079  0.581584567957
0.624793235787  0.523938525242
0.34713321519  0.452802467584
0.508625311754  0.49827815175
0.338971421889  0.275120683661
0.46271400627  0.536853385197
0.664225416554  0.531762707693
0.407339300217  0.363602287586
0.517867831698  0.522530943971
0.597366551514  0.476450911876
0.654597674089  0.421724792398
0.482457165919  0.457348366692
0.456669274207  0.607266726119
0.424465233279  0.219331659793
0.437384261388  0.480539257527
0.461832780711  0.367229452194
0.423648428658  0.540594629284
0.524194620974  0.550374414483
0.444989698584  0.357176303675
0.678671595779  0.39314698214
0.483368601246  0.321110415649
0.494376395506  0.594413700465
0.682305790501  0.361123290739
0.568477113594  0.553824580155
0.410919263706  0.325972998769
0.464539069978  0.693093161911
0.486430663313  0.412681440827
0.481857400248  0.504829404739
0.424942688762  0.538005238037
0.297668745073  0.483850716475
0.508355725444  0.521861836824
0.410338919454  0.388460004249
0.365412774723  0.534197104408
0.533366153718  0.659447633289
0.531407233551  0.386539207015
0.400399082402  0.27302119293
0.478714321354  0.487824291999
0.539532698341  0.369720577244
0.367918797674  0.437999557839
0.500332206396  0.464256026485
0.493648688  0.4621245256
0.481508137652  0.517189854764
0.321930411843  0.364439815689
0.287061372597  0.594271083814
0.462840788559  0.350007637071
0.495350379588  0.398428760872
0.295735349088  0.343127142348
0.388507625235  0.401281331378
0.590186149241  0.337735071125
0.328167745123  0.439192474063
0.437097753531  0.560233656454
0.540049351522  0.365256510871
0.545535081187  0.414443396751
0.53609165586  0.448964249549
0.493397022982  0.343522979146
0.47091653453  0.331644259864
0.551394172931  0.507082671594
0.33120874643  0.430810574035
0.429923840894  0.506145049728
0.56281451887  0.500512487351
0.61476057003  0.537232942572
0.363639780086  0.460418310972
0.454271008789  0.511527227108
0.370912300979  0.489754711196
0.428412906827  0.602573269971
0.510000790348  0.442713820138
0.381288359566  0.587800543185
0.535872946592  0.669940388515
0.500934785887  0.485877403833
0.562410385568  0.541764296645
0.534886812385  0.459829592209
0.431717481567  0.446041944453
0.44513241209  0.42362280179
0.396211536016  0.290408161667
0.521629205063  0.470364293882
0.461286264118  0.516483512348
0.378137102131  0.3818923622
0.402779945219  0.526152375956
0.397327788935  0.331404301869
0.568597001163  0.381500915023
0.452877686391  0.469830661972
0.464446768925  0.421690774045
0.625956601422  0.457567779065
0.565024267402  0.665274825736
0.585126133603  0.510375495307
0.531994262711  0.56544590723
0.509741154318  0.694269829986
0.423653561529  0.543368726421
0.459030868638  0.395694822752
0.50230598851  0.480984190305
0.535225590982  0.355109090088
0.588802173811  0.561326434164
0.54747373283  0.27515272073
0.614607064079  0.503714766664
0.608896237656  0.404625942296
0.44560472145  0.502663643672
0.389974584472  0.327780017603
0.641021292621  0.370591553054
0.37895043082  0.559431460463
0.655582418171  0.467299740253
0.54510944934  0.390864739923
0.524829328694  0.406021980537
0.399415673945  0.453345192517
0.419412493569  0.376481378985
0.667608369413  0.495111072317
0.338323419066  0.554938780143
0.565436293809  0.458363861901
0.67767980559  0.387666538927
0.447581237539  0.539587649843
0.430437405256  0.691456624531
0.437748507285  0.419020821255
0.631577784166  0.272307481606
0.681754803628  0.528810286405
0.476267556365  0.51469673913
0.411430192982  0.394478126308
0.484160336459  0.556653763826
0.441870583578  0.442578922541
0.376271826882  0.45990067103
0.591068514198  0.404773471081
0.444859687147  0.54932558812
0.534696450508  0.451135142037
0.498306538156  0.452159821429
0.36786242979  0.581350431291
0.272662699861  0.444131025019
0.45462794574  0.275682627759
0.434993169163  0.597020062362
0.418399266823  0.413937851247
0.314599833146  0.618177775712
0.312876300988  0.510405721333
0.554327705103  0.406535513437
0.605243580849  0.516254928887
0.483474604751  0.47456044132
0.576669147908  0.653096641985
0.500269599621  0.529100356186
0.510826707621  0.624079730677
0.331827893082  0.381047045771
0.51004854256  0.221072101645
0.499434969004  0.60014558088
0.366654216797  0.323500534078
0.621239555469  0.493801504462
0.370331717325  0.611464318383
0.548311416398  0.458157791872
0.70810487362  0.413728377581
0.362496554662  0.565898671681
0.414889304953  0.606376294566
0.41279389334  0.505594345795
0.506150294309  0.537139007153
0.432973622188  0.604807191413
0.611212425932  0.402336087589
0.424958236225  0.450960669842
0.346766382595  0.350518932378
0.496601714074  0.423838535554
0.370441588992  0.495925299654
0.363516862269  0.34216830298
0.547431829656  0.587025798702
0.593218711431  0.659298920725
0.46593304877  0.379069084762
0.522960883466  0.319783399697
0.622841959563  0.540779915546
0.651234470043  0.394233074255
0.47417828374  0.376279802628
0.49508241514  0.354644638176
0.446416547906  0.282589028052
0.489341161274  0.471519581027
0.333765109961  0.49009650913
0.620692315647  0.439330591441
0.393274897808  0.464690895952
0.34804788802  0.5508101992
0.43827282301  0.389630133542
0.48538812238  0.574412198554
0.336038434713  0.374869695433
0.484985513304  0.485070699776
0.512926044415  0.527295853505
0.536069371302  0.529101645833
0.381833070255  0.545099000001
0.318350518845  0.543489348275
0.426707140582  0.567174964
0.530807457388  0.520957153358
0.273415821104  0.515708661293
0.385512049527  0.578134555587
0.42662087032  0.575888229147
0.376662753025  0.374189957407
0.44942618533  0.507385370026
0.53738510048  0.431656378357
0.575956346918  0.419666106473
0.438888483999  0.540349693694
0.638802658735  0.523655433929
0.435276960807  0.505278509526
0.592672241673  0.48804270219
0.636381491264  0.448540361593
0.459463300444  0.445757479361
0.531284000986  0.64373879529
0.630743856827  0.665233097057
0.551874159446  0.43105380495
0.502548439202  0.483036788492
0.37517589473  0.443418711732
0.592748288319  0.643014716688
0.4241748744  0.416653276999
0.499278481528  0.423713782503
0.506585341433  0.417790459787
0.467191623081  0.408202548566
0.508846604453  0.417925298039
0.361991595726  0.174632933999
0.407976677309  0.523382148104
0.522224006519  0.49366996128
0.750618927017  0.26854196598
0.237132201952  0.351749048712
0.458938637797  0.666611174452
0.64893093033  0.429675951484
0.417687256912  0.543295021369
0.325555020751  0.589319445411
0.391302485272  0.407805576215
0.559173176924  0.674205358634
0.55893687273  0.519248869233
0.563171519277  0.53470351744
0.57548217056  0.421304070223
0.397051025355  0.550722724254
0.509934421783  0.553291106714
0.369837647041  0.48306672049
0.531133452982  0.510156073193
0.417112470732  0.370283800691
0.489401904385  0.44847982641
0.454432465733  0.418296216812
0.47826745648  0.471571520948
0.568551013531  0.565847427552
0.432032854982  0.491400718526
0.24839751031  0.343599309803
0.542388145633  0.590023283153
0.389537984594  0.55531913656
0.584427565954  0.293246691267
0.395000602715  0.535633842074
0.406214952461  0.462567151726
0.290944355382  0.536865997775
0.389697642918  0.360707770822
0.525348285125  0.502543252734
0.624311722541  0.498887611975
0.495286949449  0.535572531418
0.645054320618  0.489119536156
0.47771974327  0.420631652917
0.592160856635  0.633579781683
0.554865562058  0.489132837004
0.529567736671  0.636875475364
0.546392227486  0.347388510355
0.445194131143  0.461905092357
0.738835288964  0.525995136746
0.464038109157  0.445967048558
0.554977076173  0.46758398396
0.530917814761  0.297577120345
0.355918319681  0.434427899918
0.655289044006  0.585434764634
0.469193001731  0.547061272869
0.351176787502  0.425498906762
0.481823962357  0.567356924443
0.520026123872  0.537290236919
0.649752648795  0.405928555406
0.479879010541  0.335565210231
0.343067766341  0.64390371856
0.425324876342  0.657800572455
0.300579142553  0.27227914904
0.438158861699  0.295642976273
0.48470390588  0.536774928506
0.52284722772  0.562737826628
0.531211004405  0.256957184789
0.388510665123  0.493799837725
0.470714348967  0.576394295014
0.38657376458  0.537157064323
0.42593280004  0.422280899185
0.31156777311  0.571616374768
0.460594613233  0.477698541638
0.488072344527  0.521266138566
0.47800125263  0.586200036823
0.498552053536  0.559736530958
0.531167158631  0.575949352166
0.43294080024  0.34201835408
0.635645462373  0.55873173584
