0.736431729943  0.538097590568
0.688777362926  0.421864850225
0.426079435707  0.376024833075
0.453965422819  0.461715738729
0.544765087159  0.360626331196
0.462787413722  0.591575599056
0.602121350434  0.461084229503
0.55861948366  0.556012957216
0.518257715279  0.386459182484
0.341746166439  0.31947792231
0.421602250526  0.490574711286
0.474880511384  0.495347718168
0.48174240265  0.543713258339
0.506281389006  0.495758051573
0.610621030115  0.541301989819
0.400169727487  0.614191695916
0.436341919833  0.537719004333
0.450662493335  0.497925858051
0.685404910679  0.707828826671
0.389125573732  0.437387361308
0.589388217362  0.437299791939
0.491877484822  0.504913566687
0.667639807868  0.604524559878
0.416539465392  0.417621856273
0.422339292067  0.542649829943
0.396615690858  0.606966582477
0.500443391823  0.561795169312
0.59011494411  0.398105633769
0.278608371543  0.638967319543
0.340321412025  0.388118960943
0.602169795732  0.376758134663
0.569909001603  0.602221142406
0.550467708296  0.622051135221
0.526494178551  0.348923789102
0.67733692759  0.579356646476
0.519294219463  0.450987688238
0.313849390127  0.641089389717
0.54675275657  0.480932131118
0.610685578865  0.542322553105
0.362353393274  0.426464483475
0.554502530326  0.466337735265
0.373397725467  0.31319353956
0.589607046827  0.433179263991
0.469652433237  0.533621844438
0.43792764492  0.329027755733
0.488501447986  0.504095171723
0.446195406027  0.448871549436
0.487698705294  0.641380135491
0.334750420197  0.479462705992
0.547890533128  0.463881544418
0.583695611893  0.598057400533
0.488048205552  0.376450013895
0.423330906767  0.551215768252
0.546239562626  0.576469812424
0.499422232946  0.44342692554
0.471907431452  0.33191442786
0.521544147025  0.564764896025
0.604766158592  0.390086997343
0.422630596883  0.412407424653
0.343091874047  0.496184574719
0.672822816011  0.500176469868
0.567808079004  0.590192587944
0.337548370552  0.749699537929
0.222220989762  0.621006687737
0.629469518025  0.42286596738
0.5915320646  0.544162310416
0.447207573752  0.447360762785
0.621135218804  0.46207782903
0.566465290349  0.619859668315
0.450413891159  0.59130897459
0.229699687575  0.637861838555
0.434818971378  0.447525557503
0.460378036054  0.482003493037
0.74574989925  0.373042608866
0.495039830931  0.397838348833
0.506918284727  0.632249564839
0.48044718134  0.535086464061
0.386493220035  0.629019383099
0.630897309952  0.515043577142
0.433198127754  0.458750917513
0.629532393068  0.430318872109
0.442916952259  0.507041587418
0.432369258107  0.593128423522
0.545718734731  0.46495067382
0.549861356646  0.518503590909
0.630283582474  0.539525068515
0.486298048612  0.344939257194
0.429382174541  0.479355404307
0.614623272949  0.567475988663
0.377565856201  0.55272527228
0.654858518557  0.542244397175
0.482366811965  0.421797112268
0.649767868097  0.371176410427
0.452120222774  0.659053312199
0.457994902977  0.52342363474
0.530018318785  0.409353911392
0.438918404808  0.434757094077
0.46230241323  0.561480950334
0.514675589325  0.392245296816
0.437630150889  0.680760858176
0.602836774264  0.645813245216
0.426841234522  0.488942740927
0.342810647204  0.437690436965
0.575081824014  0.489610807948
0.45482412367  0.394439772522
0.758830243725  0.51940105619
0.489718241542  0.48170361712
0.526121727627  0.675110994831
0.428643298083  0.464041591589
0.540746989148  0.550821930307
0.495689444258  0.557681753529
0.651352842203  0.665149729163
0.526035101757  0.551161284077
0.511422372687  0.22054940153
0.498326512673  0.50638181291
0.494993546871  0.717483480518
0.448353426155  0.389329115414
0.280369441504  0.494118378876
0.453002268701  0.316588323216
0.521757590592  0.571317330385
0.529172961152  0.376179375107
0.398081674605  0.431416652824
0.653170724884  0.496658790246
0.535367744783  0.524880015123
0.577951198591  0.525313325162
0.764882576037  0.516534291136
0.585996562949  0.309506665971
0.512668452012  0.404111725019
0.657309413973  0.582481714091
0.524400093014  0.437052894854
0.558721698038  0.63997493827
0.588950173995  0.530492368886
0.608721147541  0.576114090013
0.508924362357  0.478599938779
0.611149175945  0.503771897144
0.395350144941  0.490320310331
0.287125904954  0.304158905575
0.501244742446  0.510821209916
0.29439833432  0.614571068886
0.761262587127  0.526262465628
0.52863274065  0.429450955692
0.363295102407  0.589103447152
0.512632342973  0.513048263665
0.412379342719  0.706452272308
0.525297148184  0.394827586149
0.580208938278  0.546233435369
0.478590670483  0.664171163621
0.601919664978  0.523438839727
0.537909148721  0.64474261527
0.586063289463  0.496739028274
0.625644553109  0.557802125899
0.44646167845  0.327642950542
0.702912299865  0.466402385502
0.351884563114  0.588622650983
0.365920408937  0.444584903328
0.266193492717  0.381895493155
0.563119816268  0.619448508612
0.62079520331  0.262609351605
0.374371674611  0.437326514685
0.421973077171  0.503723522984
0.498554493916  0.444934730601
0.512330043402  0.578853977522
0.454925423659  0.492373789868
0.388887657991  0.412842094742
0.604826881649  0.45479155215
0.356162737813  0.360523966802
0.57417250784  0.602373354745
0.532833863642  0.505616599858
0.36562920311  0.492789333955
0.601781457885  0.511064955384
0.476337014925  0.540024612102
0.557242177956  0.596951666309
0.591860200965  0.550509870171
0.5251181293  0.682343918314
0.606819481357  0.717302569224
0.33553293028  0.632811545021
0.710243731449  0.471206484528
0.558071484245  0.346004747908
0.55645560072  0.354118242832
0.515589175455  0.381009955691
0.354238801721  0.624501207107
0.54426516429  0.623973085973
0.27079786975  0.617341438124
0.643430083125  0.413726100112
0.39513142646  0.575240559721
0.430531914605  0.587348334755
0.378077252016  0.440829718122
0.420184662519  0.634296600982
0.467811959867  0.54370452335
0.481376834912  0.440187865296
0.478657946404  0.496970230952
0.602142399227  0.683760575293
0.733310010153  0.425922340534
0.479771939705  0.387166175603
0.508615670586  0.52697371051
0.522973358988  0.311436113099
0.527177570494  0.524062051914
0.560988018831  0.602492134996
0.299868992231  0.570029823785
0.365204065599  0.59980539962
0.512686969272  0.668555881202
0.367137504329  0.626022835411
0.423655166638  0.660564252454
0.349473331191  0.568752188203
0.659278212034  0.287083038923
0.489885618592  0.514865321531
0.596683452898  0.45764205398
0.451890395675  0.391064891548
0.623486990661  0.616235267392
0.431771007386  0.734639837278
0.491728479722  0.511245185448
0.347611334315  0.450773947897
0.618404370884  0.685759453096
0.677605806685  0.618359092496
0.461330319861  0.52297676776
0.57294775418  0.492199293701
0.508787093658  0.563194794838
0.458586076535  0.681945678437
0.586244961287  0.644192550034
0.640225773312  0.576706574948
0.412086287093  0.656725702086
0.470819634698  0.543192909058
0.542533105409  0.451050695871
0.44256213582  0.514233254641
0.491783936197  0.50946522152
0.599167752256  0.535888927596
0.467265188094  0.434037860819
0.469901368571  0.61645906402
0.333026733269  0.453952529062
0.502652940672  0.543757949881
0.530112841742  0.42910390538
0.674252157509  0.455876623993
0.337478452791  0.495801827061
0.477895784975  0.477993415194
0.72940887126  0.631081969754
0.411360248605  0.720888324992
0.404088609233  0.50902320528
0.415914473686  0.619505548145
0.476109713855  0.525856685714
0.49845043006  0.411052257952
0.458547075104  0.349899767778
0.706966268026  0.530513850806
0.663717965336  0.590195312278
0.417368038432  0.671987095609
0.519961777214  0.444536398627
0.429715408332  0.525221180866
0.380474351111  0.347711238114
0.506371271953  0.311402841209
0.54782541206  0.533747357855
0.449860932008  0.501214335085
0.619472362091  0.437770859942
0.301957900763  0.365993643379
0.332328837695  0.476988722286
0.532825478872  0.584066455955
0.471496095429  0.575943143829
0.452843394858  0.362046466594
0.426844531803  0.486370668225
0.462854546452  0.49101978659
0.32745572549  0.589354001777
0.664475787337  0.601435961759
0.458717763782  0.24605949205
0.430803367361  0.391812738905
0.407164512746  0.487923879954
0.456104354218  0.650212211087
0.735533243156  0.608392671881
0.427210858741  0.614140005346
0.405375141078  0.726100261843
0.555134745939  0.502876248897
0.518175171434  0.377367707927
0.402517473782  0.498020501526
0.637666812051  0.648761459627
0.466783120256  0.622047341069
0.302545206034  0.492513092482
0.603046566099  0.535466661101
0.493057136124  0.486062950922
0.410163640554  0.395005925505
0.48676235469  0.466661401249
0.37422020188  0.531652069406
0.458397784749  0.540964590615
0.355276948772  0.353592223123
0.586082182856  0.701866277417
0.496927862301  0.558435917427
0.479143381927  0.355960071407
0.468267170358  0.530941177693
0.509657013996  0.413748659618
0.701626711929  0.538611456944
0.240600527423  0.484070390106
0.501929312017  0.448402579132
0.420582849443  0.539100099364
0.469472876956  0.68323315975
0.601463891986  0.545365432619
0.411182972788  0.362169749837
0.388150056803  0.477641342629
0.567629779719  0.263425312574
0.432333123444  0.397141544595
0.441601850224  0.609493256979
0.490064082507  0.624656240097
0.593351692163  0.394588088639
0.624770083515  0.524293064574
0.310290499907  0.423817989471
0.261691564142  0.409295898668
0.469068490306  0.486890663163
0.592734017064  0.518362868778
0.351178920438  0.548420542333
0.517603056518  0.3121473726
0.563213499808  0.574794769993
0.465718216682  0.352860347145
0.486655063317  0.47328103138
0.384147456037  0.512870804382
0.374648735523  0.367086638599
0.636717038419  0.435846228285
0.448305737378  0.544048413856
0.369980615062  0.600370879993
0.351609427752  0.496986687849
0.449683945214  0.450725722673
0.465283601779  0.428004589391
0.68194221134  0.546428878815
0.584231165021  0.438167816385
0.425088127427  0.672317741105
0.361015235258  0.70831545692
0.530634031319  0.351249842288
0.494196910851  0.476325715048
0.465160101069  0.526206499009
0.487738141217  0.676034149136
0.606750326568  0.549353152838
0.538157269937  0.407691349714
0.568075732685  0.529671137144
0.616917912519  0.602273366623
0.541217902163  0.485294094393
0.373817818996  0.49687162605
0.512442148905  0.515617548322
0.586236139971  0.50629469286
0.471382071064  0.6403522428
0.743393864252  0.39353874771
0.520686153669  0.438392654105
0.364545491923  0.371310408793
0.589841656291  0.535302913488
0.591752612986  0.564647646226
0.423507818001  0.625012719794
0.474313602306  0.520041932312
0.642859961986  0.605548812847
0.513679727162  0.593362146416
0.431610249483  0.452545113924
0.407044081458  0.474721251178
0.62407086342  0.567555593787
0.505627555445  0.386213002664
0.483366385924  0.521114319456
0.402647325793  0.364343074367
0.349411027068  0.470296211318
0.530882127496  0.602594693158
0.471692605645  0.60947778855
0.523836849712  0.572927483084
0.363871386403  0.566053849333
0.469478221517  0.444741009359
0.434028655662  0.43265054039
0.525526771405  0.421420922527
0.408584161696  0.470786852104
0.290036472659  0.624205783484
0.542386718686  0.4060236227
0.774284742384  0.322063118959
0.681739928266  0.397437785114
0.3259018501  0.430996716609
0.800045729344  0.402176151035
0.545598673399  0.571307862245
0.335609682138  0.543339246644
0.468426389166  0.63804233094
0.547291926816  0.535671788387
0.593239277423  0.483381586949
0.327238625865  0.553286052771
0.431878187671  0.303791455299
0.452221443388  0.543802273048
0.637304019504  0.61870634325
0.445516462009  0.524033071897
0.561339036962  0.55746010867
0.538326691049  0.480786234148
0.602994051547  0.423087203293
0.524086029184  0.673285003731
0.389862297648  0.504805657508
0.482629692454  0.57146964024
0.603792132668  0.56086000018
0.555454109303  0.514426486561
0.58582085409  0.472445166701
0.70326679138  0.606724493225
0.530344983888  0.721855501425
0.547484766053  0.685758995895
0.427331461624  0.508727427375
0.550059755335  0.497059011058
0.520008915708  0.483653038974
0.459706219771  0.491893943072
0.566222204869  0.547868684071
0.452216819565  0.498149381004
0.384565388753  0.323056154062
0.604841711046  0.518441961396
0.529677698677  0.572864049802
0.488139229316  0.378216401065
0.291027599822  0.601745752553
0.515083716981  0.525640256064
0.522880666429  0.424928662856
0.58234990979  0.472269525574
0.693771311334  0.432299966071
0.460662777488  0.537835075553
0.463658002651  0.350393303822
0.449848758462  0.271183205938
0.535773541054  0.343173366538
0.65102850375  0.643521779407
0.518785814707  0.529029840571
0.549045355739  0.557290642472
0.450615091884  0.432610716893
0.382243284263  0.628699315332
0.584163491628  0.481268661207
0.431426775639  0.628756135226
0.575278409347  0.467385767657
0.422651740631  0.490783840875
0.49256698051  0.475673415808
0.410873088763  0.448772563552
0.477410460003  0.538768510947
0.385748668073  0.554011450115
0.40263298855  0.319824435066
0.412499417549  0.532688835881
0.640701620934  0.592263174432
0.476671486568  0.478559381939
0.541503437368  0.373939307732
0.396506331178  0.434968068849
0.482405187825  0.62201177131
0.469354686763  0.479957050356
0.506689507429  0.454043807194
0.440205204443  0.49025741246
0.42671154661  0.524464465432
0.368459900392  0.439289489153
0.605993322489  0.35258318483
0.467963823709  0.431350896282
0.541389573046  0.544488235028
0.573124041296  0.46061471716
0.429288126723  0.566395369975
0.380644945766  0.544228314386
0.425612876143  0.48784031361
0.563086166686  0.678108851647
0.476574336549  0.466459704611
0.490826407794  0.375270090742
0.583410814062  0.53273230783
0.477452715531  0.364467191497
0.576970113565  0.54180000911
0.632945125378  0.379983030029
0.369202389799  0.627125615724
0.549254983322  0.579319356231
0.476147258886  0.466674965584
0.566977643091  0.480754527132
0.302598875981  0.480610427413
0.644290614711  0.53853964134
0.69317244941  0.351295288051
0.535056313221  0.5997053761
0.506634474159  0.419547293976
0.490333540577  0.456360386689
0.445099028329  0.527955547681
0.455360049521  0.409294392671
0.406343926792  0.546104120816
0.390464654618  0.503255090422
0.6057037086  0.544222745412
0.594608842474  0.398443397043
0.364078058311  0.4333576848
0.577946020523  0.512916671574
0.552166302981  0.554493264399
0.384966072417  0.425742665246
0.285773149703  0.568327152384
0.540563895032  0.34014895992
0.508697719342  0.598498115259
0.447765274739  0.456938930293
0.47186899527  0.554988927016
0.482532356339  0.604641526289
0.708429017459  0.419372946833
0.62653413441  0.525718354651
0.482471107501  0.584315494139
0.448916119658  0.337093044949
0.643107403739  0.570525124673
0.438891937978  0.63690554257
0.284585843307  0.35274477368
0.486062733295  0.461969555384
0.597179588275  0.395405050489
0.65278372501  0.548969385155
0.489404279887  0.59073172101
0.399473746333  0.471091188513
0.535422546336  0.55018818258
0.491121318851  0.635836499439
0.401755626199  0.71553266551
0.486530812759  0.561232645426
0.612596505286  0.644012638675
0.398311943937  0.591758711993
0.435791542434  0.55348646289
0.51187948444  0.555691172602
0.362114767217  0.579671390972
0.52152828785  0.551829048025
0.506280166769  0.435815554669
0.42654298284  0.606747671706
0.509137184158  0.559321527823
0.643959140496  0.589769535477
0.30932398987  0.595131717998
0.635788715576  0.428269801326
0.494636410847  0.690277559971
0.735015217666  0.489565126549
0.526547522466  0.57050399904
0.404659089825  0.288548534638
0.248043791923  0.41721341641
0.431173952579  0.433930387524
0.621358710683  0.454844599143
0.59173137267  0.353761803123
0.451294806306  0.615608052308
0.394323958729  0.70211219985
0.448835244712  0.509742754865
0.562533533159  0.630596462172
0.536989558999  0.549399293083
0.573045514034  0.474963231451
0.460240623594  0.526789118212
0.466906355206  0.470497636517
0.593681358391  0.49466866705
0.577765453375  0.506112022654
0.33323001905  0.459789443808
0.480383961757  0.484141341462
0.524428732728  0.570563942605
0.346437275182  0.448610779442
0.488018683404  0.551701769884
0.253839691989  0.47713601638
0.463859844153  0.411227742457
0.635755006032  0.466756962266
0.573485886701  0.508839961874
0.56338068598  0.569277416223
0.614457118967  0.649891097356
0.387535358131  0.571022173432
0.635270252439  0.51057731001
0.637927864187  0.55429127434
0.629128410878  0.553446134743
0.503275905288  0.466871938378
0.490547847862  0.540310049374
0.523631432837  0.543699829598
0.398976431338  0.555635629396
0.619967289267  0.606235132448
0.510501701311  0.388677981967
0.507155503778  0.477314926131
0.565203312147  0.466537651096
0.542575818696  0.40893490117
0.2648245094  0.452527304147
0.4919535809  0.411945910614
0.38816604795  0.438917440669
0.572883738508  0.570653112609
0.551692834228  0.577648606356
0.37786173947  0.383139583765
0.549571509116  0.439770591491
0.615584213406  0.537354243512
0.38485303185  0.479945816242
0.499581060674  0.31482629614
0.404185950239  0.422112863252
0.579176399668  0.537096390104
0.328736396276  0.462385727522
0.464057645413  0.391569370392
0.387242357907  0.401403933905
0.396093834884  0.472961011045
0.395932301013  0.476311699279
0.54542345091  0.484691559572
0.4987513773  0.458432677721
0.482794012945  0.619758932686
0.447304995389  0.483036064512
0.642060761891  0.442575877923
0.506938055059  0.294745916859
0.412493772535  0.530989584498
0.433189498582  0.588486132796
0.551344204508  0.567195652119
0.431754113507  0.389918166808
0.429711469252  0.476246603005
0.3565155802  0.559825131196
0.528933857175  0.661027555292
0.559044832495  0.499557526463
0.508605727093  0.486080322188
0.493730976069  0.433182898315
0.359351146985  0.470855001256
0.514888177933  0.505538587383
0.484666735188  0.639717703162
0.592391856274  0.450794877215
0.537321120536  0.398593582368
0.676812239017  0.55653121065
0.578027700951  0.47144883445
0.545072670755  0.394025667439
0.547851385786  0.567367210253
0.358236892129  0.506461275387
0.411740298236  0.549858730728
0.633111481082  0.463715320159
0.565044188674  0.316516974279
0.622381730938  0.472487837915
0.462546511459  0.715877508554
0.440286249282  0.299166053441
0.50966696679  0.390844484145
0.593499231119  0.432666607313
0.431565295235  0.398902330581
0.440309675927  0.396044342838
0.523634195656  0.639394892166
0.426191275017  0.445205165069
0.424856356034  0.435270014469
0.519356377755  0.592173040638
0.457501432606  0.514060468912
0.50500174884  0.477077513026
0.51115794622  0.436844978172
0.509379293601  0.445210181126
0.474676260927  0.506464963711
0.343525268058  0.495996988143
0.500762173759  0.536166988959
0.414867942951  0.612862906382
0.450205638426  0.482606653315
0.572103563269  0.5301355914
0.334229086773  0.579877854841
0.554959510055  0.396446009359
0.525678214738  0.60941519613
0.305345216262  0.487950565113
0.394841323966  0.490620952535
0.390043345177  0.420863688073
0.706990880367  0.51520017098
0.523945547669  0.499175036296
0.453408156958  0.372067943717
0.547611861184  0.531473144673
0.515528992929  0.545373535747
0.445861696734  0.418544810683
0.345548253875  0.484893591614
0.585073028144  0.486788449277
0.571067335145  0.439934378245
0.336942249141  0.634061051615
0.531757017299  0.306266895065
0.629655361652  0.47256014056
0.358806208108  0.449561405747
0.534784439794  0.6569514907
0.561804926218  0.601381713223
0.160966720512  0.486505238566
0.527574657005  0.526219580324
0.600232125214  0.497336013388
0.575205387808  0.402054438176
0.461850082811  0.315605423449
0.277150300249  0.395775403372
0.433681296883  0.551621727447
0.447141550832  0.61378093293
0.697840993339  0.657562330204
0.256972851734  0.594312893864
0.56179542394  0.557125934173
0.531647933934  0.508946144777
0.397608089234  0.582199171636
0.659997070468  0.593565719316
0.634838589768  0.521701766504
0.555745899757  0.362723523178
0.655737481993  0.535884299993
0.542508409942  0.644250713637
0.457916534728  0.524307806201
0.599828496688  0.378949379264
0.59154382357  0.367653603872
0.347663871369  0.487346926625
0.346232864094  0.432909964748
0.490298249984  0.42402851751
0.509514922428  0.391313545686
0.618369531014  0.361700037803
0.512840081689  0.47414173195
0.712469357061  0.490995721655
0.320641436485  0.635131705361
0.503725618156  0.434616182175
0.291914160157  0.513704213719
0.408438823673  0.51109303696
0.298720642023  0.495980949343
0.36314684671  0.458698595128
0.406362741792  0.681651771593
0.546143578566  0.725284852948
0.410602459341  0.414041313797
0.48661238377  0.483998684511
0.532483914864  0.697816006678
0.516909188264  0.345919484103
0.570338208087  0.426640292088
0.54607996358  0.633414779468
0.399282939528  0.64775825296
0.563863710658  0.520191353146
0.476243858385  0.610416561008
0.432776833689  0.648215196888
0.660114382357  0.570294203554
0.535354510277  0.590722241249
0.401410547236  0.5680187047
0.644362327491  0.43646841442
0.438500849546  0.381689607549
0.455237380493  0.504250137146
0.442724023759  0.334904314355
0.544509918633  0.468085582366
0.571234860275  0.511043074671
0.266470281748  0.477252493435
0.485253818916  0.451798117065
0.351991914404  0.472301382359
0.580169007111  0.463844100516
0.471561577411  0.547032219435
0.505596368172  0.561119693066
0.440028248233  0.210610746652
0.399805605887  0.371375809391
0.4509581925  0.42720823669
0.416447072088  0.566479301027
0.490288776861  0.633160641003
0.482586195771  0.440295158028
0.402317335127  0.500257712179
0.480347915004  0.548071120986
0.361437457835  0.533838911463
0.533512932353  0.453958956006
0.385975620304  0.479207990708
0.63940358527  0.494401374127
0.435781278321  0.477613282245
0.418671884331  0.387317722929
0.553891981003  0.511513732309
0.528233302843  0.608444837479
0.554804427113  0.513300630612
0.409050343758  0.5143349153
0.490683710164  0.520547259424
0.272246405302  0.493771654382
0.477017512746  0.594091442227
0.448637953311  0.371406961614
0.503462464605  0.536951192234
0.414120174151  0.739124185064
0.410248779808  0.56120180776
0.382942129502  0.451363527158
0.522696585024  0.600058291756
0.430851694619  0.336571131196
0.547764817241  0.525414105645
0.472852072176  0.529405584016
0.480149299384  0.190904786599
0.365546194756  0.363614990956
0.497883081562  0.479801396151
0.303171573155  0.565173014578
0.666047567974  0.407502108955
0.482177110188  0.51478234763
0.600693139911  0.518490425741
0.486612433113  0.678154406229
0.607681844844  0.731574992458
0.360998664229  0.384957540759
0.567181251777  0.400936873436
0.426452952842  0.564237222692
0.467937770886  0.493567714288
0.615240312359  0.598513607482
0.5383763096  0.546067036497
0.43037780463  0.532423013759
0.547005677356  0.332174589838
0.318931877924  0.499309533332
0.507193357925  0.437169212472
0.586645044334  0.339714182463
0.546413976877  0.595270361987
0.529404781891  0.575977311978
0.498944716931  0.328556875524
0.606897064139  0.335245876876
0.630403624918  0.691794906686
0.614606864029  0.638126516963
0.545344342458  0.490857128916
0.510286278349  0.554359427911
0.477021592786  0.570531638613
0.416548564593  0.567786864852
0.487054096501  0.498611917062
0.563971324098  0.516974498133
0.460026872371  0.503550371733
0.440994857764  0.472285492862
0.458415592938  0.489254292087
0.551424716233  0.586486873901
0.490599910913  0.673793214304
0.410830562471  0.612398230855
0.524278473432  0.632482566914
0.612449459654  0.542541470884
0.405061729381  0.425789101875
0.396782373196  0.475656050637
0.418685391601  0.532353249913
0.567030068278  0.445969926611
0.533454574475  0.373058394102
0.593970062115  0.555214480407
0.516223145589  0.429157696109
0.464629604553  0.498020767427
0.540369082522  0.599026110731
0.509568354486  0.499038092616
0.504696703487  0.514544349411
0.326142122508  0.442864093726
0.459007430619  0.517563778935
0.539871392463  0.508482414314
0.480859163154  0.396683317399
0.505513135938  0.564187846912
0.575973927698  0.46862057663
0.605991527626  0.597206257899
0.413470440161  0.531318189875
0.397259446457  0.504673125581
0.371818496999  0.584324042384
0.621794633907  0.419526306103
0.39843179801  0.445459977618
0.590186743552  0.535813933084
0.407003196141  0.566246405206
0.539312820145  0.688621637689
0.3486656457  0.534797462319
0.342553716524  0.464067134728
0.477128308503  0.489258373397
0.34434635145  0.400338896542
0.50453160943  0.629128354723
0.500649503895  0.416315731086
0.451516207201  0.486570192866
0.316248430248  0.62660525277
0.537226779594  0.304568471233
0.348731453185  0.514105602045
0.464028571421  0.569582757773
0.405327249646  0.623634573729
0.486762112412  0.557381409356
0.505233250606  0.635741874345
0.519027570213  0.56263981283
0.444805631295  0.459972689446
0.582741580829  0.34686216229
0.736316884443  0.689109823432
0.580356521815  0.527809925973
0.472743217121  0.489053891425
0.492150667076  0.627054154756
0.339193116544  0.487567416628
0.55845856668  0.511709175132
0.364519689464  0.290891559023
0.647536105181  0.529595768108
0.304014515181  0.396080428003
0.351831724191  0.475394538977
0.513464368896  0.333158787512
0.378403795765  0.53672716288
0.568208734559  0.436287231102
0.590142375156  0.617665744126
0.442958247435  0.477117892099
0.547738662568  0.696770635567
0.677324072938  0.367279656566
0.387272788717  0.672465364503
0.349193870578  0.597250338393
0.535745459716  0.361986501906
0.336578129637  0.580226650124
0.295383910596  0.399079480091
0.298784302555  0.444702031762
0.31896068706  0.620244959695
0.529881188633  0.454737826934
0.590450335994  0.636927882026
0.383572497531  0.4903949944
0.447067274768  0.402924635299
0.546108173777  0.419568279361
0.706113118834  0.4968882249
0.411831070727  0.347403114598
0.440023545925  0.42160070254
0.428553720611  0.483730703019
0.55393993128  0.526467808124
0.560016166695  0.406517120481
0.529573674382  0.44483315763
0.612075516594  0.272967882533
0.506740155187  0.514977593196
0.708141072418  0.545815141316
0.417262663968  0.429812288466
0.525059700846  0.565301078102
0.437702969407  0.417771054747
0.498589889702  0.578778268826
0.605118198272  0.485074344957
0.439062686237  0.468636025544
0.663276762687  0.620985966682
0.502747343529  0.549369521563
0.567041683708  0.678278107381
0.386306577342  0.435777081275
0.555752413508  0.570422792765
0.427324786193  0.419974842299
0.499964838573  0.491718701643
0.479548048182  0.628678014781
0.432580760711  0.488899274131
0.46606068058  0.430505280179
0.509953513692  0.484725916789
0.304588277091  0.441201485874
0.5458115702  0.280050927583
0.432978607657  0.464674349624
0.49654281636  0.471607217638
0.458436546047  0.423598331282
0.532713546305  0.488487583041
0.630770480614  0.343577343748
0.376035728922  0.581321014424
0.628742106406  0.543155528646
0.440925353701  0.448432536838
0.604814807575  0.553591457092
0.45282934858  0.488043268446
0.453120786445  0.493388432265
0.331658057649  0.710370629041
0.686005871462  0.389723106165
0.706857889031  0.560146505984
0.521272005887  0.619623860237
0.293609058758  0.553540377849
0.452035377909  0.489747542427
0.603564740278  0.582547265661
0.438781113153  0.374430565716
0.563118610756  0.49514041411
0.552972267356  0.58227400956
0.415326168541  0.416268333188
0.667092779665  0.547080171969
0.573861163569  0.624110113114
0.455670828539  0.618419288879
0.507193862304  0.49742541
0.289944320414  0.408068076059
0.558153521281  0.655235798336
0.463551601058  0.483412090509
0.522910173201  0.422546432496
0.465862582747  0.432480879352
0.358886967868  0.506163381619
0.57308904408  0.471022945492
0.411621330861  0.60065631639
0.539138302427  0.358438960892
0.378571668725  0.463966176447
0.60096775449  0.539919164187
0.559990496797  0.577036158169
0.481062189238  0.402941929119
0.530160692537  0.410944228245
0.737507964298  0.469654467807
0.580297702707  0.499928239417
0.343848516274  0.483704516421
0.450527881385  0.484709845963
0.320070758089  0.440905050712
0.494361614691  0.522995891057
0.613858724158  0.290710800732
0.49640080471  0.651964621876
0.536324967125  0.521774365886
0.523284641656  0.531750254413
0.54687939694  0.407354691542
0.599623687711  0.651204725592
0.558988777239  0.492304891248
0.588465245351  0.455696229552
0.546303757253  0.434066882398
0.471364060207  0.537257082683
0.570213714292  0.430547458558
0.604461142994  0.558634373136
0.516117043232  0.438398232926
0.579258741041  0.687996186657
0.389883338342  0.406262988394
0.633427039835  0.50527442503
0.364060209612  0.630715427646
0.435038521127  0.377372846723
0.435303140902  0.331557011141
0.637972151222  0.392474457427
0.358295330821  0.554132075732
0.519731329634  0.650660605504
0.310782155253  0.549042317901
0.554688139087  0.490422786575
0.617552297063  0.411048843481
0.479840132802  0.537199177655
0.564983497169  0.546883477798
0.505843756767  0.468328608122
0.598598615164  0.494341915674
0.410655899952  0.544825086604
0.65892559196  0.435304019017
0.68115182435  0.696304671447
0.378822661704  0.389696795253
0.615589310463  0.5814789022
0.514000970865  0.340835103569
0.361882745652  0.337162666204
0.472092122216  0.479805377688
0.562284699452  0.22800586851
0.60368425355  0.313101680882
0.818591521244  0.489598962997
0.573751625505  0.387978704838
0.776864019171  0.629613688185
0.430673648106  0.589036798541
0.367498869565  0.497769356341
0.708486633873  0.432426235263
0.656085432801  0.620339950453
0.477754913786  0.523708134773
0.634329305894  0.464372295711
0.368964612367  0.448234292588
0.506231129494  0.58434633674
0.428489107929  0.368384943964
0.565813363655  0.499624075485
0.55683615311  0.533253031353
0.545202125698  0.56214383425
0.416376477045  0.61250076445
0.631937379627  0.362034358784
0.442494675592  0.441025279391
0.652689843352  0.25911717203
0.487301551806  0.426234785575
0.712331986935  0.449331537303
0.557803593481  0.238236747568
0.557024533468  0.523642635637
0.428675046779  0.571347947757
0.516901422982  0.423663032385
0.622339414618  0.721787705582
0.600936670281  0.422763598983
0.544001055602  0.378649501828
0.479592411208  0.601375418786
0.425560785394  0.444193641174
0.434377813613  0.498320895803
0.404114094259  0.540231870777
0.533926433439  0.562758146673
0.631693174508  0.682845465924
0.542264154454  0.459784124185
0.552252973757  0.464696486024
0.698040828964  0.418091148299
0.594264044484  0.510960838553
0.516535134086  0.484447154699
0.57061140662  0.499268865365
0.489281766787  0.615698290389
0.616031705424  0.709152995992
0.43933687794  0.551668996921
0.549465925621  0.555413634738
0.509534892195  0.557101475019
0.412197914152  0.503239924701
0.588350201334  0.594996147399
0.486480909451  0.518488188967
0.559634725941  0.680846990897
0.4605564844  0.62149849607
0.544980289093  0.46136429574
0.51198145092  0.468603700324
0.58106178716  0.522431380139
0.468903431752  0.400761791169
0.365458416028  0.418087363976
0.496260738344  0.461311851548
