0.740205493329  0.594075701498
0.501887127659  0.492216541298
0.396206681618  0.626314687151
0.299081618193  0.51334927786
0.587783658239  0.622076346516
0.453757779591  0.564139158411
0.332255714607  0.492148895362
0.356893038584  0.399444581008
0.475424004155  0.443827761014
0.464095650851  0.592603787779
0.543549898355  0.571313479655
0.556997578617  0.486744044967
0.539465444115  0.540392017006
0.353847865172  0.531206864559
0.584734668453  0.553580726598
0.458946380769  0.432477876644
0.402882866486  0.524151105317
0.545634142446  0.371030719067
0.557242216008  0.576003877083
0.372499273642  0.37588193659
0.550792960379  0.363965239936
0.415549780523  0.535230579868
0.55005996925  0.40331689098
0.525057239326  0.453307849012
0.438657625009  0.494677488231
0.590537103227  0.496893507846
0.392814081759  0.259412276901
0.548223836484  0.595546296394
0.661474886346  0.358309218684
0.271089341029  0.551543097232
0.500478102875  0.419667542273
0.592926376829  0.471098071323
0.456148867327  0.609166500208
0.468827171533  0.354472456335
0.480050097002  0.613721433749
0.655865968446  0.429352531903
0.47556810228  0.600291300311
0.571409492429  0.438737607089
0.527643198831  0.448390681734
0.495478245651  0.531548991924
0.528822093334  0.616671249697
0.575712468921  0.643395779041
0.425939016021  0.449943792839
0.559846864611  0.467727518591
0.531365735356  0.52523146135
0.426955176678  0.50655219363
0.51364108949  0.464078627639
0.595631785798  0.417089069766
0.615606771669  0.523320464327
0.497993009057  0.436727431207
0.352653244035  0.549790599675
0.523362158056  0.651659487734
0.370323946564  0.583121823452
0.590468568353  0.357599923634
0.488739201265  0.470955397148
0.548144691658  0.396566244228
0.530344004015  0.58868286847
0.497188023922  0.289800553884
0.463787846017  0.629016360437
0.564002422675  0.615069808772
0.469244480027  0.367640916797
0.635969788736  0.407173832076
0.613843303729  0.523167955312
0.516527067267  0.613107584295
0.57741836808  0.418268939933
0.777370445143  0.442416582677
0.556492269805  0.488184980052
0.510964502963  0.331309426421
0.580714530239  0.602261662683
0.630315419292  0.582259585153
0.394932318832  0.424809652916
0.649002397001  0.320600266135
0.558075372277  0.472174149766
0.524394691126  0.401504179845
0.419230505441  0.406865767376
0.633080205372  0.370006632233
0.666321430102  0.458333830963
0.544453786413  0.734732167616
0.623225370713  0.369677944319
0.546644332495  0.388664827855
0.530852015975  0.577069619781
0.506758560755  0.749353050386
0.540893128512  0.582563289978
0.420255914948  0.425210457832
0.351661187146  0.579613545283
0.33910578869  0.580211965735
0.556691912971  0.426755209411
0.377163808754  0.432906040279
0.484716378468  0.553700383037
0.492038110765  0.420431864659
0.447102331555  0.600655932497
0.490925030193  0.562510861425
0.353678809468  0.498014379258
0.480452506538  0.492607844732
0.57593012861  0.591590491617
0.490021924681  0.426478903994
0.497612377148  0.377503500641
0.44628324319  0.558939391621
0.467071821929  0.405069564412
0.505088714292  0.271444807871
0.608106361895  0.750894227079
0.362891718409  0.40972074187
0.303034095812  0.482612289133
0.350118316034  0.411160305886
0.42621260966  0.484359519518
0.583494169728  0.35136536461
0.628206313798  0.305927358006
0.636964491007  0.571086848453
0.540765408173  0.440465004672
0.630323355967  0.438223851385
0.391740211379  0.41257201276
0.441606661108  0.464104927259
0.591839160822  0.566295301284
0.415906387292  0.437088740079
0.525937395441  0.545197081442
0.32988662006  0.373224281263
0.587882255572  0.367745958694
0.403456124217  0.345449404274
0.510657250578  0.522715183959
0.533858541564  0.555344515728
0.38066964756  0.582051268133
0.505233798143  0.493796460854
0.620292153167  0.641975800597
0.502749934214  0.461538548693
0.554215331923  0.685315004182
0.484165008324  0.606567349941
0.606946437995  0.514930447409
0.594148426124  0.404933494214
0.461953367544  0.284768829697
0.383588368481  0.554778145917
0.397857341126  0.308435341295
0.494426358717  0.615340330675
0.483903752938  0.528247420472
0.382146493051  0.505689284907
0.613828988454  0.494072658157
0.521342593122  0.356180781127
0.539207402293  0.645863356351
0.531060604603  0.581152211602
0.567075072677  0.54755825978
0.575787261457  0.412613907339
0.543478143002  0.549578478828
0.435066407662  0.671966884782
0.364478956169  0.511791898927
0.489938822949  0.697706992594
0.405510883341  0.542043471293
0.580604262401  0.690126854495
0.428998083595  0.446016939456
0.355589327905  0.587179067846
0.595131807347  0.49759836836
0.416694694565  0.577340345556
0.483015393112  0.346498166435
0.514694313554  0.473314100914
0.258914532596  0.558550868104
0.516994202268  0.530181080331
0.747908910243  0.384269408892
0.598673628139  0.513014554177
0.358743361722  0.433412213847
0.581164903569  0.424313334657
0.757390179804  0.502735826442
0.514699371353  0.501639465536
0.379438634751  0.40820089458
0.441346429083  0.486189128767
0.65374734596  0.52344411744
0.463455771269  0.544678641839
0.400819629501  0.50572640033
0.5489190937  0.598207724625
0.485501007845  0.383508056952
0.47977275383  0.429561254698
0.586581768327  0.340756483174
0.447567724728  0.567128746641
0.469201547977  0.395158788137
0.519687219395  0.425829205743
0.517650077737  0.441899459212
0.472726230683  0.47850900525
0.484514826428  0.44915386832
0.427563781931  0.413353418432
0.592157339469  0.515503717687
0.325223340299  0.602069503319
0.51353584588  0.515132409619
0.443029798189  0.463671371136
0.510822323552  0.479992082955
0.630771150537  0.655533429885
0.521110482417  0.523665376353
0.681264128746  0.55034811758
0.580091127806  0.399551300567
0.548344929433  0.379125975886
0.507332971731  0.398558424423
0.43647693466  0.581187654643
0.549539322122  0.472393856583
0.515551838634  0.414504466023
0.521596860685  0.439370762619
0.503372777008  0.274519756893
0.49352095149  0.420056568876
0.518839527671  0.521170104104
0.680565903587  0.366150447707
0.678117397919  0.37292474992
0.40181403131  0.381044848365
0.409901710835  0.545497517145
0.443604666619  0.441922912491
0.389651803434  0.476864139625
0.443564646976  0.446712653996
0.551860666691  0.492368536281
0.420165018523  0.456664104205
0.458184988119  0.467304669174
0.468389916734  0.427686882697
0.737246830472  0.587146547502
0.369690165135  0.580661747652
0.39829211369  0.627424366222
0.438318963217  0.650973495816
0.34979839118  0.282954078917
0.597613964269  0.531059540485
0.607889263977  0.560874286342
0.443511478329  0.676123668559
0.59575262017  0.381401677686
0.349140398873  0.456621323909
0.530015992763  0.428319128532
0.530102371744  0.657064235789
0.38546149539  0.607798564956
0.540669880207  0.55658130897
0.353969140621  0.541117820025
0.477513653012  0.575776729422
0.568918880561  0.642395389911
0.433347307374  0.230195304576
0.445658627084  0.432231927897
0.493459776477  0.489813040379
0.561119184556  0.269138104732
0.450093784369  0.485022487801
0.598039479885  0.585441806156
0.478356427497  0.406209171715
0.51412356556  0.574772950409
0.348821434519  0.380489725037
0.479073324399  0.47423014922
0.322723521071  0.528154503383
0.55610336072  0.576341914284
0.379179124393  0.382954159445
0.448535793831  0.543529270473
0.484733393761  0.321214653968
0.654285650791  0.416253116891
0.527252432232  0.54264568041
0.537267363127  0.428954696508
0.350310318859  0.363778523967
0.570327535573  0.665555598454
0.592821354515  0.548429767474
0.660086669629  0.338008839094
0.451122051131  0.51674934953
0.581381135726  0.563063155682
0.457172988055  0.385283825162
0.534518722079  0.414496138782
0.537019821327  0.286801000554
0.554254234477  0.428653520317
0.427303720572  0.608508401195
0.562711031387  0.489143905749
0.539999851295  0.423545814474
0.53565530715  0.687144719584
0.655153877493  0.605558348911
0.403064998997  0.299060674047
0.57397636684  0.368268872841
0.352321442291  0.409996837085
0.575834026728  0.456127908427
0.535354088779  0.299584668481
0.620798420086  0.238880325156
0.512264226936  0.596853043026
0.573613418586  0.536359803251
0.586563705667  0.467107461681
0.433981731642  0.449959747505
0.524048880674  0.346304294311
0.632075275768  0.550528179143
0.661126150196  0.552787031415
0.44918102925  0.512658165138
0.598809277252  0.390928741151
0.49197884159  0.417753716583
0.481547153819  0.365265475562
0.461045871942  0.494006662146
0.536925303389  0.330676473941
0.600358087481  0.562082608497
0.440290323289  0.531461645794
0.422856756957  0.373034660098
0.465276430247  0.585875499527
0.374500619111  0.556502991716
0.453608553727  0.584710127666
0.461514353864  0.490983763184
0.661698382365  0.517893968499
0.622654609312  0.568415439627
0.593373660656  0.641669833765
0.53632337154  0.419279278021
0.276088615425  0.275335007784
0.533807257515  0.410371344734
0.480987735308  0.542739049637
0.613801287011  0.573937157965
0.660046533826  0.421119163645
0.481371415299  0.517950039623
0.626740144567  0.443613262995
0.431813048048  0.414301875796
0.608881040836  0.364687383129
0.50811741623  0.534563219199
0.499908368376  0.648848810762
0.384971209843  0.60113522234
0.386744257868  0.42044404673
0.40595593269  0.481699165199
0.421177027724  0.563529290741
0.502219479241  0.560112420502
0.651693310212  0.613190725856
0.519059233327  0.488815487651
0.557974547799  0.650888705711
0.558310947416  0.396808468698
0.421440238719  0.583610187754
0.370835427534  0.634406415412
0.465512856489  0.363479246055
0.485461370982  0.495571375041
0.683218717898  0.603078727869
0.592176627282  0.571301190784
0.410296801389  0.3405356462
0.314727459437  0.636978536855
0.671276143506  0.531318063998
0.540744642312  0.501068782633
0.483486867377  0.709838929412
0.502762078133  0.443468840964
0.39582794626  0.565079453881
0.444020183544  0.428637199468
0.381617222383  0.329022064012
0.420109371444  0.490698315886
0.460487250464  0.550807262531
0.624516690396  0.505762697599
0.302948700748  0.314842814616
0.643978885638  0.336163356107
0.452736254857  0.534827524177
0.43712683407  0.46887832986
0.399878539696  0.564926117049
0.563332011119  0.364459622795
0.517286987528  0.471956134677
0.525571891669  0.426751444774
0.354478763767  0.505663294143
0.364961805793  0.475499318334
0.427450465142  0.432914318861
0.473838389499  0.426843486034
0.758250129189  0.661607215533
0.440253344261  0.671522124211
0.601124822944  0.518770812557
0.543593496347  0.37850108116
0.507441720648  0.254920639208
0.474274976474  0.420336274817
0.55968976385  0.531422633845
0.528206446906  0.509050834745
0.480148669917  0.453214747499
0.458987535759  0.380797427634
0.529193323496  0.485085646786
0.338124554861  0.447960437018
0.54479079626  0.547296356686
0.552306246139  0.559454821736
0.441163595192  0.655750705081
0.415886664592  0.464302906026
0.420452307336  0.42423756244
0.310464466488  0.658465599322
0.414392969702  0.29313176342
0.68076998969  0.535397443126
0.301209969394  0.469436806612
0.538345081368  0.564055952537
0.52098230751  0.575260691826
0.425615391943  0.281307232276
0.419321058395  0.522930934438
0.584080453151  0.422218524078
0.499747723023  0.488472306054
0.652371693638  0.566289511844
0.503404654812  0.552734945072
0.455751560594  0.452415012352
0.526202745563  0.636313820776
0.529340782659  0.476655081644
0.453828268456  0.286696596359
0.500195867444  0.52867925914
0.563195656096  0.52100119958
0.532530602045  0.441517116551
0.699513070451  0.621564897236
0.38523832656  0.544779940579
0.485742815044  0.416470476392
0.370015297653  0.56016271333
0.53557379388  0.421059804842
0.655755950176  0.401741481649
0.391275412996  0.614834440641
0.445708086906  0.404696752741
0.383354185981  0.399902085947
0.286559219697  0.429516496479
0.469581799712  0.618443027415
0.554859426202  0.551351414391
0.455569152233  0.511667551252
0.566066904176  0.505331709681
0.571613404662  0.406097922994
0.456657406663  0.452199859141
0.523441643507  0.380052972031
0.609046790682  0.445796008757
0.559824371228  0.605165295561
0.505592349709  0.493617009607
0.503184928241  0.31483891561
0.460320163872  0.502787829449
0.381622194685  0.351110889803
0.641973146708  0.401212332878
0.481870669856  0.46229738954
0.317749162314  0.488412582342
0.618606556179  0.580513829768
0.499352079605  0.438914922652
0.603561355308  0.313208304404
0.506128373974  0.293220438169
0.525647282169  0.425327226729
0.466381424347  0.40218301316
0.450382390437  0.433691702327
0.645348704856  0.580160485328
0.424818534047  0.442897727061
0.560479690576  0.631184078289
0.72074130629  0.498260035138
0.54848598615  0.603280732419
0.424706446318  0.408336478123
0.520154804053  0.535338317118
0.475820221985  0.407306954524
0.391391089066  0.607348544761
0.375044511685  0.570276478395
0.398037734519  0.579968880063
0.58849096097  0.550126074849
0.519065001912  0.308642046979
0.437299054845  0.37388740826
0.624196857708  0.277802068739
0.720925755858  0.556030446545
0.549225936937  0.517413724324
0.301868020221  0.600003204109
0.512986727109  0.623338190992
0.378882634556  0.454240236056
0.542056555469  0.402644688159
0.57229661397  0.494567782115
0.502814671476  0.456213562529
0.514180444746  0.578452191902
0.519358875317  0.351659496529
0.638517661758  0.378628583281
0.564033573545  0.433316602769
0.281485667144  0.544748432266
0.555317574572  0.486459391032
0.700979235693  0.555639761118
0.671752320063  0.508790908722
0.595575978735  0.390614797248
0.623626500979  0.398416210865
0.443441336306  0.588412990532
0.675422686744  0.54548922208
0.674754925055  0.349938129352
0.419741547053  0.548398654725
0.346789217316  0.517562455056
0.338219617981  0.487241289424
0.540131801883  0.465667628442
0.537631432999  0.515462669715
0.323540711583  0.587230512759
0.437941351719  0.517764708857
0.446953504092  0.25957431006
0.594761888056  0.494031115481
0.503946474213  0.466813630327
0.441797835066  0.615535762476
0.461997732716  0.479163371165
0.50829701516  0.437091901475
0.59590142356  0.515113388257
0.411687220328  0.464486458422
0.633579873338  0.435034144792
0.673566596738  0.412990785418
0.522889592024  0.527338039692
0.442429466227  0.355193382057
0.491238777477  0.457730097643
0.335190406857  0.442688574608
0.410347562615  0.464113475663
0.475056319372  0.466155997913
0.496006927634  0.584834175014
0.528089705847  0.466074095341
0.51565873195  0.445871771574
0.662070651296  0.621212535728
0.524913214389  0.492976711047
0.590119818542  0.524710633262
0.3993687786  0.382614752099
0.524633596589  0.531885125205
0.578792680533  0.520033095456
0.430913364104  0.472210651908
0.592387356671  0.455597136799
0.572307606812  0.451100198174
0.404635108563  0.407483316615
0.481424540343  0.509066520461
0.514418902091  0.413180647303
0.441157869467  0.312859200719
0.587613747812  0.558102282091
0.598870266826  0.447420806139
0.559874883052  0.568994836922
0.547737375839  0.471597007453
0.580988540861  0.392391117228
0.428708039152  0.345718974162
0.25917195582  0.422418415732
0.589386742513  0.477600035721
0.578365874344  0.407459828745
0.490777738481  0.615156292065
0.449699077707  0.49359131363
0.511180507429  0.390076001908
0.524731792516  0.40656701575
0.536723316305  0.486560737572
0.47132560359  0.423733155826
0.649429506059  0.604143634067
0.456401725198  0.493895982705
0.39630178528  0.452103809344
0.46425830387  0.595182350951
0.520053999874  0.537585666414
0.38027901063  0.494407097281
0.505511450767  0.4390508524
0.59733191102  0.344236738251
0.374219064048  0.561949675853
0.514794381318  0.451593628729
0.530392838298  0.532579265645
0.455428092054  0.49751620136
0.308246818991  0.486944073694
0.280685784472  0.607918794321
0.532092531892  0.403611556524
0.406411042176  0.510981850114
0.572045755527  0.337122325234
0.382206150792  0.573253779983
0.565821111326  0.515559652011
0.5948169683  0.5513398493
0.641073732342  0.478852450075
0.448436107969  0.516421492216
0.561570375315  0.361910305237
0.398866649898  0.479008219188
0.4476353271  0.532445768386
0.422565959951  0.569454104449
0.566935209984  0.614529010879
0.493663519486  0.614022356407
0.546141916098  0.520986317803
0.637629783537  0.375688814864
0.458706080955  0.49248432464
0.540767851456  0.491589548363
0.489866967245  0.391890293581
0.373166473027  0.541930341469
0.553135291776  0.482326708322
0.506419183137  0.511442482155
0.571694916475  0.480065171174
0.382908461733  0.589598976399
0.478533511042  0.308622000789
0.446049999807  0.412010330097
0.394146881384  0.654125052495
0.388086520366  0.323205791561
0.371327459427  0.527106668179
0.292156700934  0.524925900577
0.52133086725  0.417195314921
0.515808774349  0.524417026538
0.637235105551  0.435139478067
0.275300186097  0.563736148995
0.340548248191  0.384435900861
0.551530594908  0.421277306312
0.545082800568  0.422805330607
0.539339163596  0.583097361897
0.520556494299  0.193981573642
0.466896538236  0.581466667924
0.608366803354  0.458094091734
0.451910830203  0.311234212262
0.641283492818  0.367590231849
0.596438951708  0.480501265807
0.398629177128  0.438483421123
0.358215406539  0.352417722662
0.532953364776  0.563278918437
0.512241433163  0.5424966824
0.370346004053  0.607145261405
0.514973095334  0.414023840938
0.474742909446  0.656864056675
0.475695900009  0.401433912156
0.623393152773  0.472331006842
0.40696201923  0.64667908004
0.545068111343  0.575167101274
0.570646752784  0.494453243205
0.551887219911  0.44010854945
0.522472495085  0.499003236556
0.476048602826  0.457684376208
0.459665816013  0.621223691612
0.470853931468  0.449885159907
0.514252893318  0.536580844494
0.396798129979  0.455520230502
0.418475827195  0.18050707399
0.406486283258  0.321866636707
0.472493945186  0.615806712588
0.573144610313  0.472532544849
0.439075848864  0.585809870479
0.362369010179  0.324746858531
0.371041921885  0.619116543145
0.523934521335  0.427339802704
0.441594031475  0.547879810852
0.471723945749  0.436114104673
0.423263877735  0.412155252112
0.393602493039  0.393119292877
0.536248053447  0.448309156956
0.535046373156  0.479714577023
0.55518690406  0.566319615645
0.360959904071  0.36762736205
0.507313490719  0.335165680521
0.418213507852  0.341207347176
0.425074089895  0.407327546355
0.492494715765  0.315173870846
0.533666648393  0.586139823961
0.440346481063  0.468917424126
0.424422834775  0.467326831312
0.551958393269  0.377072380752
0.674542360279  0.31797359023
0.442497172403  0.713732943401
0.603282504531  0.424531486597
0.390827935407  0.496655682499
0.574010878115  0.401772226888
0.731328715591  0.47058303101
0.541522024722  0.457341356992
0.523302034636  0.272436204431
0.616459296037  0.467800173386
0.482901901632  0.45083271643
0.368118861058  0.675119525693
0.552874722941  0.56325425759
0.62978310755  0.343973002432
0.649057376636  0.445783722055
0.470793046933  0.57568263479
0.477406208282  0.471071222282
0.41211442279  0.686122989513
0.355449083484  0.441091253114
0.525844850075  0.56591709078
0.520184480799  0.414444066329
0.515574019193  0.570264029835
0.574565651808  0.35335415512
0.600207837149  0.563471347849
0.574603281924  0.484638772392
0.492100727813  0.388033659592
0.458848876683  0.514936756329
0.766258624089  0.273493284756
0.307539802818  0.450348712172
0.474693053415  0.583007508756
0.438355863994  0.33779424142
0.403247551435  0.489663920609
0.460472867791  0.501503059692
0.586192338621  0.589513016661
0.557631615674  0.299823374182
0.360098454857  0.382566949521
0.352518802965  0.537401821488
0.501134351478  0.552411984757
0.642265737525  0.600550992956
0.504320561087  0.337057263059
0.440615671442  0.396000609859
0.516324225188  0.734846988111
0.463280103608  0.30949628389
0.61601591022  0.404127432309
0.38726509802  0.505825734907
0.473741073489  0.557868836018
0.417420164745  0.435955842134
0.428107072116  0.589136850827
0.353598945209  0.553255131499
0.644378915157  0.483486257075
0.447067531504  0.677047939568
0.566621484069  0.664322331727
0.560656309945  0.448621173745
0.517864764698  0.303892924094
0.476927402002  0.559797600529
0.477296138707  0.552212334318
0.35078100772  0.665542312253
0.419465078119  0.379737758424
0.48388243648  0.643309819123
0.373925196559  0.362804136267
0.488786281324  0.332723005787
0.460842522376  0.423813763611
0.26976802375  0.561976088995
0.776920521281  0.594786120591
0.383236209915  0.554063806515
0.474147973261  0.514608300709
0.345087653387  0.370894032403
0.417800900155  0.26769088963
0.29797840284  0.514027544421
0.598301490014  0.325246466849
0.605270482358  0.403520832481
0.335670245215  0.393334063272
0.560174805003  0.578455169281
0.632567964323  0.489947173515
0.403339581599  0.43575068497
0.481554030551  0.562089101048
0.45887646697  0.3083002808
0.536319296767  0.657003515533
0.443681735634  0.401766147791
0.535419816609  0.511592644292
0.602023048071  0.485969292362
0.724040076514  0.613309966475
0.634469899044  0.426876935203
0.467116189075  0.480675357126
0.650599574729  0.364258023438
0.53437945839  0.564743660459
0.502994396763  0.545964210105
0.565333806029  0.384863425846
0.609770625373  0.597849034071
0.500942072258  0.369562946536
0.57592148293  0.318440172787
0.562901974784  0.478223704453
0.498531007164  0.457408894972
0.534643543116  0.424064624872
0.442401770318  0.566406227676
0.619724765294  0.522593414392
0.322883889193  0.555163080524
0.450096713735  0.345666410168
0.494649008733  0.355776985859
0.327442931917  0.235986087061
0.519924916787  0.507141715419
0.345774025848  0.553011036645
0.549301187794  0.517382517091
0.498345901917  0.443167167874
0.536567950411  0.538225415928
0.332269376892  0.601397116847
0.495039962757  0.405937533942
0.591386287286  0.537773290883
0.647569503867  0.638706102721
0.525294392163  0.422920339494
0.418021558154  0.459538867347
0.590384733272  0.625402602501
0.577374829053  0.689860511364
0.288972069085  0.67717679104
0.513733771517  0.643258858108
0.636066730719  0.402840190063
0.379577314633  0.532992770238
0.471916707214  0.426306530567
0.344946887992  0.423893859341
0.501342066536  0.529148460261
0.572784464083  0.415022548925
0.279233163739  0.491121431286
0.325187181057  0.585288246962
0.535751980201  0.62503200789
0.550751617896  0.531160280006
0.571550754408  0.370711555656
0.446296818357  0.548138423793
0.505543825573  0.562450216319
0.530705623108  0.550211061387
0.47306182111  0.417545975995
0.68381154131  0.410578288897
0.474114216544  0.288525901511
0.667550440981  0.389017144453
0.332008836384  0.537571927634
0.536406155228  0.295059632226
0.387177042109  0.478496502117
0.5845625911  0.391457134958
0.624197260502  0.540979145429
0.550624229757  0.290795444202
0.477875868036  0.195486809632
0.57221775628  0.459326517125
0.487167413497  0.548750116134
0.421652127389  0.553533310286
0.49711856703  0.308597085334
0.457724253783  0.446370237319
0.557759474358  0.338333157655
0.584699347957  0.57024722184
0.61828933476  0.476340726247
0.450508608098  0.404580061256
0.516584258477  0.580958416077
0.317164969665  0.325320701794
0.678695529893  0.468198494667
0.672918685164  0.511726604075
0.396284192953  0.512059853114
0.482070775784  0.370602443243
0.55957871964  0.451104906466
0.603299746409  0.362816285236
0.396824574932  0.344869666099
0.479356209439  0.395564510871
0.333762546673  0.471454872642
0.552746392123  0.474568442013
0.357600433306  0.409176235998
0.530900118219  0.300197743123
0.616475700719  0.538627081185
0.513638663108  0.595978854222
0.429494668652  0.506810575409
0.513957064922  0.6062544361
0.410848200587  0.445692360951
0.386296512162  0.412072462342
0.549585168015  0.39259081592
0.720578667515  0.487910689713
0.446101386824  0.399310546269
0.593878436521  0.418143605904
0.570506510106  0.305081252398
0.496969255546  0.50729501851
0.400230553484  0.563084881369
0.514473147226  0.461630608085
0.594671003104  0.512466210234
0.385081003762  0.525266288659
0.57281915444  0.61216677769
0.57640974438  0.663341741621
0.590554783383  0.307863924688
0.389038263082  0.561266792534
0.618749882033  0.473078683732
0.475349741056  0.687016778893
0.680719023031  0.518391314765
0.521481334489  0.565629097475
0.396808510785  0.313615238278
0.619953962341  0.575254884044
0.532486144056  0.50940094516
0.484534790469  0.377819848236
0.544267129097  0.391579404011
0.572622007966  0.59123146731
0.537445690645  0.562635385446
0.384812968835  0.432896372759
0.488996807703  0.405012450569
0.437690371211  0.443647838425
0.646645562017  0.514527888792
0.388154247359  0.645884484893
0.608148635934  0.467322585236
0.52579517869  0.46132816763
0.471067884887  0.617499449797
0.377004442977  0.622604236619
0.508605935305  0.413696683641
0.611493550878  0.302398217609
0.394614371983  0.251639159389
0.51185248075  0.322260922112
0.384682221834  0.409682588008
0.628255913214  0.416610727823
0.571794049087  0.370993713596
0.556126711498  0.450831347673
0.770028533981  0.573653361272
0.506728332252  0.545622998772
0.574210386226  0.429679624936
0.465299158546  0.647276656577
0.533891259404  0.460716284211
0.497889622067  0.551318092593
0.590711375545  0.668721370591
0.506846304236  0.498343899287
0.550523368804  0.481216352477
0.618793845264  0.343265137425
0.517183948005  0.573430457404
0.715606976096  0.394722532957
0.658963318987  0.594280910451
0.420099664332  0.669080361072
0.543743541893  0.621073202072
0.571742570922  0.560827157549
0.532088512386  0.599897529035
0.355824103264  0.42123632794
0.660257084296  0.42712761062
0.446932358952  0.573896881967
0.468690423551  0.507644502805
0.373171311817  0.384975982313
0.446157007449  0.415073223364
0.366578080362  0.453799063011
0.475222107292  0.408998526506
0.405080726382  0.465304082267
0.447132774957  0.480922272836
0.558217646916  0.510587865502
0.4912006913  0.530914481307
0.56927832529  0.441626621575
0.343939632936  0.414626841911
0.430278628927  0.581491187826
0.537737990381  0.499032620862
0.612708612791  0.581212471597
0.502028083435  0.470077054761
0.469876458283  0.58339375122
0.557339264972  0.296200777726
0.484242937531  0.722505948887
0.444382793681  0.522892854346
0.406008350471  0.491831812904
0.584118145851  0.60266634181
0.6093121316  0.489279351044
0.57962146331  0.566779215417
0.49316564566  0.577770818329
0.619862126746  0.561092160521
0.567563900215  0.389612250573
0.386988989175  0.332982726933
0.446771840093  0.341075948206
0.437276853049  0.571153545888
0.450328451242  0.507760494298
0.453219569984  0.247598512384
0.56745306705  0.59348452701
0.663939854357  0.467643273451
0.408851416923  0.338504767194
0.469104239244  0.330472086675
0.622870388994  0.508101334509
0.485231981663  0.260477488051
0.504356202368  0.501184777052
0.449796794689  0.643632510868
0.500970156143  0.67149545853
0.582015787042  0.51308854058
0.467884940618  0.373774711504
0.441295894385  0.314931524736
0.534115200257  0.517831714076
0.465863201278  0.44912000274
0.523305951932  0.522171547617
0.61389697752  0.391193621243
0.299744291037  0.378807649164
0.524854448358  0.488577136387
0.55021723859  0.464550362752
0.381698475571  0.427331008419
0.654078460412  0.599889490795
0.552120136443  0.477924203965
0.4258024921  0.421374321
0.493015687757  0.44080162273
0.410716895968  0.264668158233
0.292994535975  0.563269668987
0.469156949152  0.375512354657
0.317002499466  0.345621798546
0.549886627864  0.430611517137
0.435631577536  0.33020382426
0.476944560323  0.459156750472
0.543456622766  0.699255208963
0.55682770086  0.398407917095
0.453652872719  0.580235161643
0.499007144487  0.360647647887
0.472307250476  0.492459337942
0.376791347257  0.547643445696
0.577909560242  0.36150188006
0.453187798539  0.498027749953
0.393029670031  0.493463366643
0.253422755006  0.537783450619
0.552373904605  0.460215599783
0.272961539302  0.444711868775
0.411499940389  0.457340126123
0.490727731847  0.481965617807
0.443140492625  0.517584639213
0.38542406854  0.472782108109
0.505421844253  0.378746070171
0.401392824428  0.37189237028
0.580919800182  0.481831189068
0.360476584298  0.525185583379
0.38937191724  0.448397023533
0.465765200157  0.472025049802
0.501107376003  0.434055631726
0.586041355415  0.459051181569
0.642969546472  0.398900972958
0.681731607347  0.546498556634
0.498703114577  0.429934213562
0.389327260703  0.50797572844
0.522467183504  0.591598452926
0.539136759268  0.490196954129
0.561132797886  0.394927466436
0.455903924412  0.514078769491
0.305664166722  0.54795455013
0.590679494222  0.469974269347
0.577158270167  0.522346152943
0.623598896661  0.57724152955
0.431186271959  0.545103053447
0.60846266884  0.328109339394
0.465538696233  0.452308670753
0.547281014144  0.483948425282
0.610826022542  0.634342487647
0.406978538519  0.475376086783
0.455618501998  0.592015867365
0.361910550143  0.458961186747
0.396722312384  0.339327284047
0.421140735752  0.616467992204
0.524396806172  0.58320550558
0.4142562598  0.422649744402
0.221500235395  0.600930830855
0.490072107462  0.51884933012
0.428795248211  0.733179185457
0.542505582462  0.396964109156
0.499950456989  0.443715074304
0.529805872341  0.477836697924
0.501791586852  0.500701628722
0.566411318433  0.291532840623
0.53345606566  0.433017170514
0.548726910572  0.648016594598
0.430914086814  0.567172038336
0.529376663277  0.510096926449
0.679133973149  0.462943247382
0.582967664112  0.454872228873
0.477913650922  0.567953930854
0.540695093238  0.492775888999
0.452067789713  0.465948234671
0.661902446418  0.407776762675
0.399674091184  0.464158615587
0.66165205195  0.511169413747
0.52424564963  0.346303389553
0.496904316682  0.431438086348
0.492086221935  0.410157299731
0.538438461327  0.587038300065
0.449824704386  0.594348632177
0.550554820669  0.483459871277
0.543599231801  0.434446813086
0.644213041437  0.533782305862
0.671993292695  0.395906123349
0.440661501682  0.50045061015
0.462391589425  0.389655777855
0.324982427762  0.474644391125
0.474571900834  0.467539010291
0.562940265449  0.438761719868
0.336359416685  0.613583246663
0.632778224197  0.45974707942
0.506500337786  0.527601613282
0.633401068576  0.444874330837
0.433708877043  0.677654701959
0.574645849075  0.47481413883
0.640754176708  0.329755765188
0.353491055378  0.416788220204
0.583817675576  0.632440286554
0.28709366272  0.424184596507
0.568141501761  0.44698879289
0.366825094619  0.526066509674
0.484122288358  0.573103195344
0.576152885921  0.49069336031
0.622411951491  0.419966673548
0.578524375526  0.243656075854
0.563498456046  0.454635896933
0.749430656705  0.553992997409
0.431125199196  0.419719952971
0.583686882265  0.328493657034
0.583196211646  0.432598091366
0.411923477348  0.46220028702
0.432279780765  0.34696415958
0.599083081127  0.580768042298
0.619040003599  0.324441441834
0.47357359052  0.514020216832
0.33653741448  0.4164242285
0.439499088794  0.421218169548
0.481533263096  0.536693745654
0.58887826332  0.622411404394
0.507103804983  0.406985239932
