0.556219290396  0.583438543909
0.715711024733  0.379228576887
0.512134625781  0.587561957972
0.398703944398  0.602179878603
0.49568487666  0.519185771062
0.376899086046  0.367919320704
0.454894535788  0.390549947824
0.547778531314  0.426559758026
0.374175420053  0.510581247846
0.464011777825  0.695672713286
0.511655868896  0.418570125884
0.4535311604  0.539421462543
0.580997874063  0.402661668059
0.636694693691  0.521290588341
0.486539646937  0.448913473346
0.484529797096  0.418805378777
0.393749032663  0.604005186712
0.466225962853  0.449627965973
0.544061701  0.632428923344
0.512858454533  0.583151669328
0.570583980362  0.648216504808
0.47924729928  0.653902750341
0.495468285758  0.475801453435
0.408021482845  0.481399211163
0.555819391835  0.471856171226
0.45428826866  0.470185154259
0.44489863017  0.49603120402
0.618876743808  0.528150728637
0.576836812453  0.40952335037
0.533151681844  0.501046622578
0.403820997727  0.504416462776
0.501000072048  0.50276715141
0.496338958346  0.497296869017
0.400261657223  0.516333913279
0.529843965822  0.37963617057
0.43314465164  0.423521111747
0.627212876739  0.498307692509
0.639655006777  0.598710056076
0.312256706383  0.583620817766
0.470517666085  0.738491446486
0.42373991997  0.455397961599
0.50936909198  0.375851099319
0.605088862552  0.493871483751
0.521768151472  0.572182920024
0.565122564436  0.507783565768
0.398773870676  0.464340617896
0.438007922194  0.489673378349
0.564204617864  0.437208258224
0.563613069511  0.531728161648
0.516663948446  0.5274822942
0.462464552778  0.603499004052
0.506412585607  0.506866137337
0.564993072336  0.462890273177
0.443048144069  0.610980542404
0.510169205911  0.619758881026
0.471157668192  0.401597996959
0.528568875255  0.617244325273
0.436806419974  0.488861823229
0.33730917887  0.619386123246
0.508242754446  0.482737639481
0.386031158259  0.528130029448
0.469308620172  0.358899740751
0.387621180698  0.304814539399
0.506423359057  0.474331396282
0.621931138458  0.585617415004
0.732358128945  0.409682136113
0.522545634351  0.509755785435
0.604475219004  0.63427619077
0.636864683622  0.690702226396
0.481362377528  0.501169637341
0.427212751305  0.418487448084
0.560955195262  0.304697539641
0.517687289971  0.223838306294
0.55511565201  0.35069341623
0.543870291656  0.434921282785
0.52057239052  0.546212752335
0.449644211949  0.358746841463
0.490993076476  0.516232189981
0.52446609142  0.645095007573
0.537735695921  0.418869543908
0.412957529721  0.368643336614
0.516671783982  0.459389436066
0.338729864663  0.559614247399
0.520399424091  0.609194968973
0.447294435896  0.409883337666
0.515069864686  0.328037938328
0.362433789301  0.341437902346
0.656371791609  0.435731516891
0.642000936297  0.414366966199
0.522941646919  0.610947972597
0.692876245825  0.405785334419
0.607611889822  0.462819490681
0.565931542307  0.513268633527
0.390204863856  0.327604043452
0.60871256562  0.572030171245
0.457232186051  0.402890907572
0.574802005576  0.542761836672
0.587412560872  0.604911357383
0.599489918374  0.467836135742
0.637347184488  0.398826793494
0.489953630627  0.336897954445
0.521920520521  0.57167366232
0.322641019499  0.508040289291
0.378043762031  0.607914012084
0.290062718767  0.476778619508
0.446528530915  0.327227591415
0.583608407034  0.702487817751
0.482877658949  0.480681425873
0.601866405096  0.43545720016
0.58771962726  0.531398348505
0.691241315831  0.538675943009
0.59530804934  0.412406883429
0.478522814634  0.413655217407
0.451117378943  0.624990483786
0.53070757525  0.354062019933
0.479582168614  0.419486200836
0.312831907402  0.418197206474
0.437397675838  0.399013287899
0.497762162549  0.552926055165
0.438327596372  0.536147033192
0.327255836606  0.373824446821
0.518692027356  0.389137357885
0.543324391549  0.443873029887
0.514951265889  0.45620049551
0.563426810791  0.598308538114
0.411875208244  0.539170119094
0.679675721252  0.618130289752
0.576250855888  0.66979588775
0.504212257314  0.358527654103
0.602264743558  0.344850580629
0.602552555119  0.535118574834
0.57970520138  0.484310231555
0.558507825108  0.505641726787
0.511463604028  0.492723763737
0.791800320028  0.552430323165
0.479052487753  0.537424462038
0.382542146992  0.424623049576
0.62295190369  0.550351053506
0.645473379127  0.273388984654
0.478105596093  0.662334680217
0.431095802183  0.384397768039
0.665119001545  0.62307085825
0.771407713603  0.649251254001
0.568921802468  0.465883859862
0.568878955142  0.484513539011
0.555282651025  0.536300848927
0.409617216313  0.554153670269
0.384048460144  0.392560309511
0.469927936418  0.539516128049
0.739197182163  0.416065940351
0.601466606161  0.669387273603
0.584632571197  0.615212948794
0.508845303388  0.429569022971
0.431271999192  0.497999296819
0.351296123486  0.510323059769
0.44077445208  0.453565176273
0.472633902542  0.531561875586
0.552226388945  0.441945182198
0.454164344591  0.299800083652
0.406494682537  0.603032329095
0.456481844999  0.562838945892
0.366982882936  0.492414576455
0.474039928044  0.64153989403
0.401855128675  0.434233079569
0.511501160306  0.43122940505
0.541536566465  0.675510994927
0.578499460803  0.405615295686
0.651117487974  0.632526659382
0.532921795101  0.656218652306
0.501672916993  0.494660961956
0.375736188192  0.342609959042
0.434929588516  0.588034965248
0.573272939509  0.569727475521
0.568726317764  0.441583083931
0.580149499645  0.454152965567
0.479687635476  0.502816274206
0.653165734284  0.419945582694
0.456863504531  0.404398908199
0.599135165361  0.417116037654
0.529523979137  0.362139813604
0.635282860295  0.482424498876
0.545957446459  0.410014571864
0.55641332718  0.568657358193
0.400943889392  0.345152463321
0.518317484208  0.234423352779
0.377963393367  0.419103022695
0.42395276619  0.63862221147
0.402553524951  0.421385632955
0.69007797872  0.414828807182
0.303164270925  0.362150114623
0.308502849717  0.29960462323
0.343300991524  0.475036918765
0.551090037518  0.455312236976
0.52980550725  0.569572398876
0.506656293528  0.434448057126
0.608175027747  0.604483374285
0.40235450518  0.534992553771
0.46066017555  0.608751705104
0.486012199435  0.236259557191
0.513109771864  0.487728478156
0.470230798952  0.302647434443
0.672540499242  0.348232812719
0.549704492047  0.471220223384
0.507109747405  0.560511313469
0.447860619349  0.470708078284
0.528346525938  0.544478528293
0.590272212158  0.495449469583
0.583463945788  0.405061069839
0.373928416873  0.551910624899
0.549038079109  0.516176015011
0.37883147715  0.547702042023
0.515108382016  0.549200993631
0.387449669207  0.270719047185
0.519205760007  0.429883417964
0.514473085748  0.539815186606
0.537762815619  0.503928506267
0.392137827536  0.548332249514
0.519441256966  0.713491269123
0.54441263808  0.482358085631
0.597189992775  0.389661599624
0.567413510836  0.334032853315
0.298280274673  0.566845977188
0.724990072915  0.445708922565
0.389326118224  0.617470424347
0.517212130847  0.528566323844
0.466912198546  0.55055672457
0.674858791786  0.416052898589
0.593417923187  0.50153712565
0.432801899568  0.479477491636
0.358598340089  0.402844173467
0.558242303355  0.445693676638
0.672638228303  0.500531491361
0.528508201448  0.440268981469
0.413034881223  0.47168369319
0.268124945193  0.39399365205
0.490767337482  0.439614714241
0.400054269819  0.562345051908
0.346487566868  0.381448376688
0.619089984908  0.545611416545
0.510910899494  0.429761777711
0.456251318441  0.652411218076
0.525136991899  0.598489080679
0.651549554968  0.446830982079
0.562021257965  0.321310133039
0.524244493221  0.263004014723
0.529222361474  0.419109004003
0.566955759237  0.498558822256
0.452304558938  0.501321757085
0.694129667854  0.475074013749
0.4550707403  0.521461087799
0.482329217116  0.489615372446
0.569994397441  0.479308260761
0.622204857431  0.657496851447
0.496943052685  0.563126239704
0.477009319289  0.500129713471
0.488634356357  0.497859752122
0.416778056102  0.570724299851
0.43582471861  0.409090445515
0.437727360741  0.594971609654
0.58835313684  0.405839930758
0.440235371376  0.58947495109
0.623461755205  0.585841743803
0.355613804455  0.448581900728
0.528283292817  0.436499616556
0.554862744065  0.387552712015
0.575629120383  0.370208383646
0.63400122895  0.441914573382
0.373654937833  0.500843575338
0.552809297216  0.468799035219
0.564397292182  0.668235243364
0.502145494232  0.393942068704
0.605948453458  0.366277344419
0.401063215094  0.48862831196
0.409767922247  0.578566785597
0.480344439012  0.454691869254
0.633831521882  0.541247868557
0.469634625887  0.639020153012
0.635954284018  0.373304253093
0.472696391887  0.438390457203
0.237764345877  0.543551767165
0.558139581419  0.44579716433
0.526884599382  0.470947381688
0.458299142046  0.497209967914
0.487832179403  0.465376191834
0.417440826592  0.461185172579
0.620955113323  0.609245810824
0.542087618225  0.523811193472
0.568362098519  0.649888986337
0.267540758529  0.296963233967
0.479945709249  0.393042263084
0.355826292707  0.388678514647
0.577658200131  0.541859564312
0.421218134085  0.450323470202
0.577386837472  0.398610148466
0.468399698159  0.606581584429
0.567866927272  0.447812426467
0.493518140415  0.377595240687
0.532292413213  0.487899723279
0.375716528451  0.513512514647
0.50484219831  0.411710289322
0.521812960268  0.738032558866
0.464083985311  0.373832651978
0.57057675879  0.418409477793
0.541464835459  0.403056953172
0.582890574077  0.400291031749
0.466865758378  0.74676865882
0.370522368397  0.533483097707
0.455058823682  0.6023396935
0.551610043226  0.382458618052
0.39302642226  0.377784638149
0.473559110715  0.506753158431
0.592694659342  0.541412156484
0.417757681489  0.473374444527
0.530646712017  0.538488071607
0.460884951426  0.584478866356
0.499236809487  0.38810232394
0.620760603476  0.2980160752
0.428226849988  0.567753382303
0.477019632483  0.515546371954
0.685225716944  0.490869336337
0.493915106898  0.570360901882
0.567534673155  0.306675406807
0.421520329573  0.52238962534
0.515111535183  0.631705559173
0.601554600136  0.442785134136
0.555873329508  0.630833775277
0.579943500524  0.654143674919
0.458239996527  0.392245257891
0.443180900354  0.483533661498
0.470928129326  0.606766757979
0.547560744954  0.48925696522
0.512353859679  0.42474112692
0.592886681317  0.528016706815
0.657947119923  0.414011638543
0.52041789107  0.599670535919
0.514811683124  0.546080593053
0.421632926569  0.380561661422
0.457012623916  0.733110315096
0.64836020359  0.445871066637
0.567823444838  0.408776941438
0.334908587878  0.51142756716
0.459008910838  0.564748652929
0.250448787337  0.528810962974
0.364024624102  0.54993617358
0.491088053842  0.606621117
0.401773900411  0.490374344215
0.55942965541  0.355288586318
0.485217565416  0.563290440951
0.427825092322  0.35027704314
0.550117040703  0.541557902487
0.46043562638  0.434868297749
0.416178005953  0.46221759189
0.4291298609  0.392693126678
0.443740502052  0.290156218143
0.454380746267  0.458940133285
0.692857940219  0.472894098545
0.428072479666  0.515731174289
0.425153430592  0.484491744734
0.429292016988  0.291670952888
0.520265978783  0.365899769728
0.458355237904  0.451693694724
0.485355397849  0.449538101549
0.555869284872  0.37568882352
0.494121214133  0.459990214648
0.552926547456  0.486816978346
0.491692142279  0.257889618233
0.547778238176  0.502903091335
0.486251674362  0.454066896678
0.404976373877  0.407305287695
0.524304644185  0.427933458879
0.383973720492  0.442026808829
0.550517147294  0.405331973091
0.558779799914  0.438634385777
0.493870360834  0.519832048919
0.506610891855  0.36518487863
0.526219423976  0.403554595695
0.453483931112  0.408573012308
0.529430735453  0.461552150119
0.583317982373  0.50568701646
0.454835243165  0.291584787198
0.401263011788  0.527971517854
0.524579283736  0.462696555751
0.424180534768  0.328138098903
0.390049968205  0.447304570579
0.528846137379  0.473851868211
0.458166761996  0.504694228898
0.539662953328  0.607464740715
0.468002609415  0.550182360989
0.611433278986  0.47397217099
0.518397806726  0.635598718193
0.539673723815  0.477397911996
0.543737049448  0.427101063491
0.44444288222  0.531578435857
0.727361912979  0.429088152035
0.452109724434  0.477534045009
0.602718606692  0.452673982176
0.563737798062  0.626847616485
0.447201117879  0.456330197523
0.358908194638  0.602957496893
0.302981931354  0.4597400856
0.524355101651  0.630873745716
0.583688089136  0.592783342397
0.504387591885  0.536415396872
0.537211620814  0.456252486811
0.477242529534  0.493200023715
0.767648659644  0.425810889721
0.44702443261  0.655176009562
0.671899034347  0.410250492594
0.57606600141  0.428494470602
0.684753281485  0.40444581985
0.553010945308  0.538424493738
0.664646013813  0.474415380857
0.523231373038  0.433524140065
0.534183679645  0.308423809091
0.547077842419  0.441946890184
0.378389465132  0.532430144594
0.25581663381  0.487520877808
0.507016349397  0.595004440331
0.466036914693  0.386365768748
0.78382564175  0.428832453984
0.569964567579  0.498305542615
0.603396914234  0.658056661341
0.49688557145  0.401297338013
0.409349446503  0.452099873
0.424555011558  0.449765721911
0.5528237586  0.456362855644
0.616832373264  0.38775370019
0.524356140331  0.561151581496
0.602912942742  0.529665619758
0.514027263512  0.392791505003
0.521073414244  0.443894623262
0.454134938153  0.498158775846
0.494642641384  0.561479650882
0.59571129764  0.621299299115
0.344867460866  0.298864153342
0.560359776869  0.665073542943
0.516546532694  0.316954724235
0.546102774708  0.495748769531
0.502036349766  0.420168168736
0.506213693135  0.583705025898
0.425318299602  0.58026861627
0.52809423282  0.629121214464
0.489823484212  0.522914865133
0.516930982836  0.518777073417
0.495551449863  0.488508504744
0.496562100667  0.552038563146
0.500616959595  0.561270307794
0.371571286507  0.521466358068
0.285907533829  0.520701053237
0.474030486516  0.664240637495
0.70401284748  0.546791231108
0.707227532446  0.26848400236
0.594860597223  0.468183790369
0.657713353813  0.508734845393
0.520867936483  0.532460801498
0.588384757226  0.462623196854
0.657428604166  0.507344606146
0.50155223209  0.412869679533
0.49944925498  0.554770733886
0.459831398589  0.536335964671
0.597011784943  0.692975881983
0.460905983309  0.625637761269
0.460086134164  0.515971254202
0.482213361409  0.529362975754
0.500226452364  0.471671273347
0.58597242108  0.66217884508
0.562073513653  0.266900094664
0.586379557683  0.448781847937
0.342860629651  0.54678831326
0.48881487012  0.433652266106
0.641715850053  0.545810744945
0.407001079831  0.564590964446
0.483754304091  0.489314154171
0.646152391649  0.335982228156
0.471993752245  0.603379662323
0.630438195458  0.539044317544
0.524562621861  0.483854472868
0.385324993081  0.538008169115
0.435954993938  0.62451852942
0.191537110624  0.515390134138
0.424673617386  0.430429879076
0.455086139877  0.529064403415
0.564301809594  0.511181928504
0.36164852965  0.354773166511
0.511979033327  0.539283110325
0.509683352367  0.447244853231
0.480435691634  0.522144684961
0.458264666728  0.503908077963
0.654728860891  0.708516992239
0.473647751785  0.452701302523
0.531918815641  0.664001803874
0.430335418982  0.506966467606
0.331978569659  0.555808363425
0.531930163526  0.466191138794
0.672734090377  0.505314298398
0.307060812437  0.555688977267
0.342045333986  0.382051443431
0.398236215396  0.439193839841
0.371744258706  0.676883573475
0.400550445787  0.35659700777
0.450488425401  0.508618491849
0.401943307857  0.512192168566
0.530029580341  0.44164789343
0.490442929781  0.48789479479
0.39012997562  0.653462115187
0.661761036015  0.410502955191
0.443468714959  0.566916272745
0.402504134124  0.437550222591
0.396899114294  0.599355159374
0.488834692819  0.447619190598
0.422322174503  0.491378750671
0.616900522078  0.569934895693
0.351681607846  0.506693126152
0.572458832714  0.578227371856
0.457166326795  0.512677203853
0.46719620758  0.251099705105
0.350467398087  0.419931987546
0.627160766511  0.553970816442
0.52189462473  0.558543770115
0.472420530952  0.613207951931
0.421893993128  0.599057665216
0.427226249067  0.452898093901
0.611594944131  0.43631761911
0.517164577045  0.614344519395
0.475997056925  0.588153140331
0.544984586616  0.484430891893
0.580073452994  0.48894813984
0.56775059772  0.448162621063
0.495637283568  0.496876880456
0.373291346161  0.565440682046
0.535722900991  0.423528185678
0.473955672212  0.30492856761
0.535688301672  0.419315801961
0.669530301255  0.365686376099
0.389594915084  0.392462635592
0.62575837964  0.622647443488
0.300739500952  0.490736567802
0.683149990164  0.550278242283
0.402906512691  0.530430920995
0.502471208632  0.454867006305
0.438110028729  0.63093729137
0.456910911238  0.64600892433
0.608711831448  0.599971921555
0.404375118726  0.65257053921
0.415387512951  0.419526143113
0.527892240499  0.532683093865
0.465629639849  0.326281098745
0.706203615211  0.670519328316
0.342464738976  0.656164272415
0.517822024337  0.336357447587
0.66254421062  0.290635497062
0.402660962266  0.53526854798
0.441843390856  0.405614960704
0.475130004745  0.374448155524
0.517403334684  0.337027650073
0.544398118956  0.649966279492
0.51876217275  0.587519197436
0.373006674304  0.468065337113
0.637809038682  0.573425230648
0.607618424384  0.403726967093
0.544664081758  0.359970670557
0.480800394604  0.459325045665
0.543626091101  0.556865502233
0.37965101057  0.409744573089
0.494750649106  0.363064692969
0.375344051948  0.528862196254
0.600871180385  0.537879897733
0.357699879121  0.564502862847
0.651712116961  0.403659134779
0.63255473233  0.478447990895
0.591226002673  0.528169669838
0.488034721245  0.555431782052
0.462907053515  0.505797858611
0.357864953504  0.462225893578
0.2071090027  0.363488621509
0.503487053412  0.706943739408
0.545495939976  0.426632043238
0.44839483952  0.519692654009
0.301994603425  0.423969193281
0.549108041034  0.456006554203
0.496460068635  0.312039671941
0.53180843051  0.641379250525
0.582298874279  0.516961719548
0.582907021658  0.457069678535
0.387070010376  0.326336420575
0.455164037505  0.183309277947
0.542890515408  0.457016461528
0.45154621099  0.611147318275
0.510358623209  0.455176921219
0.55443063297  0.477468416987
0.621037012245  0.402447630762
0.507337978028  0.616359210393
0.505867523603  0.632677138556
0.377721037953  0.567752407116
0.490660506393  0.450291021209
0.712375821789  0.495894499557
0.387638418468  0.54473303134
0.470882910381  0.353945111625
0.452848157523  0.514997630455
0.632497031625  0.271976861469
0.576112069589  0.478788671785
0.661825808986  0.550219273709
0.523967793041  0.527514158228
0.291211481535  0.439699539406
0.49279609324  0.487640554587
0.422071491883  0.332733785518
0.470033796449  0.58144339798
0.390164852065  0.453741969111
0.326080711914  0.392320416644
0.438411958243  0.558142054763
0.608798917039  0.603690851003
0.586049941771  0.496928582406
0.610308137436  0.423885655951
0.684393521498  0.367532467523
0.577515066678  0.445371356349
0.496110626934  0.655322920823
0.284456525454  0.337805576536
0.355102507578  0.355647990092
0.460897825907  0.51850082852
0.483175604334  0.349416633518
0.627143910359  0.496218680247
0.470202566789  0.362563455149
0.569099769319  0.46386431825
0.432224062194  0.374816612734
0.234384422802  0.347220422258
0.532428066728  0.572938373283
0.515559052694  0.571624160304
0.581344224687  0.420022536
0.391555004792  0.464919892726
0.423649557571  0.464649155207
0.441124893548  0.566554540183
0.589612132759  0.506598747977
0.52844011768  0.512838690645
0.461737573951  0.398416945897
0.474993413425  0.541833500684
0.588637324155  0.496719734495
0.428889434552  0.451293324531
0.336635757043  0.514502101767
0.49146201117  0.626153842298
0.671403106318  0.399410365721
0.570768313825  0.487271878928
0.521913169779  0.451113413357
0.446395866588  0.376798065938
0.557182544838  0.432426841332
0.554290832931  0.34503849363
0.444707317734  0.449255429793
0.55389770064  0.687784955869
0.52890608023  0.479111611623
0.436814254557  0.651845893427
0.66784848836  0.522083136575
0.582378393539  0.417424813579
0.552027027868  0.397105458924
0.481702183808  0.608405775387
0.521267391575  0.488235242152
0.513656044453  0.51753586458
0.646482093718  0.555510460776
0.561474052271  0.359450474027
0.500563106206  0.469859736079
0.369199810359  0.74998386553
0.498164254904  0.511982230017
0.502347720808  0.427033038569
0.533899542355  0.54046440593
0.421145648054  0.388412429257
0.462857803805  0.385810667835
0.402286111461  0.55523285181
0.590690703585  0.504944508113
0.378342054408  0.568704385638
0.457657876101  0.58519089089
0.349764018851  0.690903583469
0.4960813642  0.323346082621
0.495239528736  0.468707416282
0.493381105615  0.654839084108
0.51253465088  0.558624747696
0.532712111388  0.285369765397
0.425663134806  0.397718602647
0.378329988254  0.318210005868
0.537101227345  0.398953467589
0.714413994638  0.233217332152
0.494708962586  0.583573844991
0.43620747576  0.395061484219
0.590841461949  0.413624421859
0.460416927959  0.396518279194
0.469112864557  0.465208369888
0.548856492993  0.423833830878
0.449969976727  0.448467921783
0.305498961933  0.618052743002
0.31387221306  0.522219461472
0.496482804965  0.604167682794
0.657482932279  0.27895020878
0.506111019632  0.570511932481
0.533418146907  0.610731829157
0.404858972581  0.619788397061
0.415515433492  0.447038072947
0.552810452743  0.510634293983
0.614017611233  0.495674850763
0.483039681968  0.512391877155
0.627460191541  0.588633039933
0.574980597371  0.384223458031
0.453243723195  0.451014061772
0.359806574742  0.604509998787
0.603790108788  0.533106117331
0.511116737886  0.367787596453
0.466249895263  0.421526180639
0.480528776369  0.5268483441
0.534409806571  0.414323399705
0.452804432201  0.432696669518
0.56661820412  0.623995590367
0.567323712963  0.547359199562
0.448402687556  0.475879975184
0.38682285307  0.520445054695
0.504055620795  0.454994056999
0.378881138976  0.354372161593
0.341191110473  0.574168452587
0.569022869695  0.481479200532
0.489974147941  0.447812465161
0.532034196416  0.408154577915
0.495408205187  0.383284614248
0.510673144112  0.541692099692
0.392970653916  0.592757749493
0.386202447527  0.532024454042
0.43689952733  0.65454385496
0.705895551666  0.276295747562
0.363861321361  0.328419980964
0.5254865929  0.573981757098
0.330461312015  0.440738246049
0.494007594406  0.459303051936
0.421947887074  0.21308639436
0.409383439787  0.330092609912
0.384306605341  0.546549764511
0.377431163253  0.436558963169
0.415342531657  0.393781275399
0.273160861704  0.435326431177
0.390393058903  0.387080063646
0.564139587245  0.655921631729
0.346645593166  0.344722486793
0.52014488012  0.62357644493
0.385477808836  0.514795582756
0.630937703511  0.561444009818
0.618503297949  0.297958285653
0.646597862063  0.474695653583
0.471525468378  0.638626208678
0.462548545596  0.597984829426
0.548330515932  0.332909526121
0.252426607082  0.508961092356
0.505469035902  0.547383027643
0.54104999335  0.51180955422
0.526628244908  0.509590988715
0.663220846661  0.738307340901
0.569084283733  0.605341224233
0.579850800047  0.462955888003
0.450169838149  0.533193414516
0.510869970048  0.512627632534
0.478692092887  0.502894487947
0.382843847136  0.418205270122
0.474778401104  0.297876149015
0.434975277904  0.351429406308
0.274595659176  0.308818097832
0.359835156802  0.513627986768
0.64193842809  0.366751471824
0.51939016021  0.347313698183
0.491897093032  0.493985482557
0.434590732519  0.427091892587
0.551317671855  0.501568049851
0.419820732049  0.429633996152
0.302666015553  0.450338122061
0.323076941125  0.484170083802
0.394508661578  0.3773946253
0.384455325184  0.484364941953
0.257381098819  0.475624896544
0.420862986507  0.440069287645
0.483786999929  0.386171838569
0.65878176316  0.660116062436
0.509138460811  0.616425972615
0.256841706456  0.510443299641
0.465255822011  0.596847624419
0.443052879649  0.372923093654
0.576887002091  0.640843081851
0.588979967908  0.391420952744
0.659628673932  0.414529235024
0.435126443122  0.463955962941
0.594469539703  0.558445927542
0.501778833205  0.515898135106
0.602577812879  0.448011132134
0.307337997882  0.543415362701
0.351164640046  0.493774774571
0.501529380734  0.357273334498
0.566360263957  0.332058300452
0.524932765723  0.594655267075
0.592458379541  0.521725719874
0.341099003402  0.553722452817
0.434478889739  0.524394665957
0.627602438434  0.50183192933
0.561978908062  0.515402411877
0.550773639717  0.426065616321
0.465862664159  0.524750972482
0.442122120935  0.420401841303
0.535177242464  0.377136122965
0.313897408982  0.493373630491
0.425339376693  0.431742310921
0.43067696581  0.409872857375
0.509858401432  0.57874090891
0.530077828522  0.395711616342
0.626521292794  0.497490311778
0.598351168026  0.492896275748
0.550517564588  0.42123448668
0.55212574597  0.464610144823
0.478413074218  0.431736281557
0.580667378383  0.681146854694
0.313060968412  0.612995329948
0.377649218849  0.45775739715
0.430763803805  0.53004001264
0.45959042288  0.474355320457
0.627361397693  0.522752613803
0.410193348897  0.380737678299
0.547931759131  0.504045315987
0.619190462725  0.496300015826
0.527570641689  0.520785513936
0.638097954915  0.328081881086
0.546640580738  0.492716986583
0.508953954244  0.605633779759
0.429870918038  0.603174872155
0.570280383382  0.471588396216
0.385565343375  0.525273633764
0.575641494219  0.617598034459
0.434347172318  0.439217213118
0.418228985626  0.627965699895
0.525118823914  0.748176757666
0.534415287583  0.516377592096
0.505204219669  0.471911167583
0.397086896778  0.393659354756
0.570132355404  0.491459714029
0.557683754914  0.445075110475
0.443481522698  0.604890854845
0.498203730639  0.588933503566
0.624656347757  0.60889748853
0.599112491271  0.355417106445
0.474911717448  0.506082318936
0.459100616645  0.344937166743
0.546613108284  0.523385778616
0.557472801642  0.421306292919
0.506222521148  0.481765881005
0.314440536545  0.336606213013
0.487809978793  0.624493038568
0.564921666301  0.42767731939
0.471301002109  0.560708031312
0.634189428113  0.418277872653
0.437308845045  0.533187700446
0.681610075254  0.491595594737
0.485192748719  0.585703151993
0.44014438036  0.475219784219
0.577679248377  0.257654358646
0.586904835815  0.317520679734
0.298315238088  0.534786435855
0.485389905367  0.451013327974
0.599667128255  0.452943325526
0.52073828135  0.394104348582
0.59166532261  0.508102414268
0.711994775926  0.441195518728
0.592317825824  0.431717117555
0.514992486551  0.618412511422
0.648612810459  0.420824248395
0.441569646118  0.672766382137
0.479021658787  0.31073573746
0.52409238916  0.484270948779
0.528095743241  0.393578517482
0.437913118761  0.592926005002
0.598928019691  0.656080145268
0.70125432681  0.540869728762
0.650551239906  0.624845469747
0.628374927023  0.389625770638
0.476082157991  0.493546540438
0.612663365478  0.480783633687
0.590480488544  0.402939945587
0.466185368066  0.507947897785
0.515814014523  0.438581349018
0.533888333547  0.402896429764
0.587631396999  0.563745961594
0.430473159419  0.548204523421
0.512360155937  0.616154565816
0.474050958412  0.496575587265
0.313264999438  0.438935952857
0.43453454863  0.6253349285
0.45732642776  0.379719840242
0.584093073599  0.430618721596
0.512304246942  0.34954732858
0.460570122264  0.454797519674
0.698991786861  0.453171390625
0.24923469221  0.587465336633
0.487652487228  0.47289252019
0.568077015942  0.322813352373
0.468999975466  0.562007128382
0.380826838902  0.457525882595
0.615299956087  0.328119023465
0.422357573555  0.442173366701
0.585994652528  0.407241654556
0.296780725332  0.288842858253
0.293357476911  0.62105902781
0.447013759334  0.530036330173
0.256510235611  0.376748010372
0.542859337095  0.464435178831
0.550548089279  0.685531921217
0.599386388085  0.365275213922
0.408116217671  0.286782146567
0.520521170846  0.41819662031
0.512758739116  0.342852692156
0.669689373238  0.298747332118
0.655296568643  0.588962684802
0.446966216831  0.393847501281
0.374412724076  0.481907144758
0.609559212185  0.373469693639
0.601598804383  0.558971614682
0.40859701599  0.409563256032
0.609713170641  0.504521401084
0.640738991287  0.400478978184
0.49316222641  0.514243967967
0.628938753421  0.389581518343
0.506541937646  0.473336812092
0.465374857493  0.536521577633
0.488778860331  0.477376177151
0.462175735174  0.265820836663
0.537494592127  0.581422062358
0.367218828291  0.388670033351
0.568949841833  0.435706692922
0.538986556128  0.442068567602
0.531154564626  0.582494351066
0.504343707998  0.475317548616
0.395013049523  0.442617586532
0.391634798804  0.642397890533
0.399310940944  0.602233575318
0.525294911116  0.459473606507
0.444427129695  0.583204025491
0.583234954556  0.511010676493
0.535322786582  0.514311311061
0.480277907517  0.516707954998
0.600288393413  0.554801564765
0.502998920272  0.352544792109
0.538035334806  0.450310536854
0.477085668884  0.374472649106
0.575170203113  0.466835065997
0.464653439745  0.440677937797
0.371011158027  0.492091105103
0.409270748339  0.471502772072
0.414794729424  0.484248498819
0.305962351455  0.432062959824
0.47486170649  0.496109289863
0.696453859563  0.520486061232
0.533484944151  0.381911078977
0.648475471124  0.3260981767
0.452768571648  0.504265106047
0.558617669742  0.398285035254
0.635506004939  0.417650244375
0.537062613809  0.490511346919
0.455483728789  0.473087737921
0.44655163461  0.324960797387
0.592466811084  0.498808086124
0.65403149604  0.381208652295
0.500234741745  0.442861616422
0.725379891693  0.450075235566
0.505609272573  0.414794600562
0.485875906913  0.371826766176
0.418150657252  0.46392804697
0.480879992193  0.386795254014
0.658483966398  0.563029078098
0.654216830526  0.546192208781
0.428795072936  0.533430981326
0.647263799092  0.446525500168
0.381655049561  0.381276195325
0.388607535964  0.369555596504
0.490506863814  0.482116052689
0.467373059176  0.617851299919
0.469518125405  0.386038350677
0.484528429323  0.495532871293
0.347213945065  0.572142499094
0.584116987222  0.415277281923
0.339331500165  0.502333822719
0.537250660712  0.472193486531
0.71783500657  0.316438371368
0.435353261083  0.382098941618
0.563451941152  0.42373942206
0.486577752061  0.457205678681
0.543358583936  0.428663373321
0.455685170707  0.472551768316
0.530350174707  0.488668501235
0.415181340078  0.41220415531
0.218415960998  0.382754299525
0.595427800357  0.25956428817
0.517396551127  0.385164579487
0.420626529337  0.503589663498
0.496133334323  0.437829121283
0.541462744656  0.41665395323
0.602743906186  0.418229839528
0.449487799455  0.527278109542
0.642956185194  0.254188965652
0.602173006115  0.522095275479
0.376168568426  0.433032357579
0.420734632347  0.477006774277
0.538473765552  0.416047620871
0.58502504623  0.511273106676
0.811612464103  0.474849172677
0.482772275108  0.497651164608
