0.424745194587  0.47724226487
0.417889962538  0.373130659592
0.397188828978  0.519474672181
0.510171099639  0.578746681395
0.390816782313  0.60066621044
0.34232534952  0.457110691929
0.669152602855  0.536871890703
0.358114717146  0.688819338404
0.386132823771  0.393718524895
0.593692361978  0.55831068814
0.419711128335  0.442760086101
0.598688130165  0.363912103584
0.738844190496  0.416120155004
0.513180857422  0.478456509094
0.529562364432  0.625074746905
0.532241466811  0.516847329592
0.514942953885  0.374833987532
0.743931592686  0.656549723138
0.430071096093  0.52586466068
0.429370458406  0.534060939997
0.509014002451  0.40788054296
0.556785025439  0.412360906751
0.468556653525  0.525431542667
0.537556660589  0.531116780366
0.489145216868  0.495161045966
0.508756919685  0.524758687981
0.493494527897  0.458737465833
0.594791451772  0.66049157411
0.548689679753  0.495087363155
0.494859331916  0.528724590649
0.682527341873  0.518871253457
0.388590903283  0.600646006557
0.467174333634  0.644903330993
0.560684038008  0.515647835249
0.649252636401  0.705942004896
0.671500800646  0.539346351815
0.493077173619  0.577952288147
0.636021225086  0.535959600563
0.534378259263  0.38506287998
0.511998039777  0.418028088893
0.415373306513  0.528236331929
0.589750284659  0.429807454188
0.531497263132  0.629174525232
0.569320544276  0.565794460431
0.407973256726  0.732166529689
0.415608678472  0.540407353572
0.544595301708  0.426300928915
0.521917256684  0.503817428374
0.44598606328  0.610328696002
0.51161896664  0.50199842378
0.420214242446  0.461112796632
0.560173539982  0.494795334613
0.555491301136  0.468867353327
0.545376403882  0.456798970008
0.287373604377  0.22459675118
0.622979149555  0.418640418796
0.650887689523  0.461023628714
0.481920349484  0.424109673805
0.478998817483  0.537201255565
0.450400713076  0.632767331932
0.624816117513  0.428160229253
0.61697901711  0.634236239987
0.361543819282  0.349397578719
0.546371637705  0.616230897855
0.550000049107  0.478197171076
0.506171363696  0.27523368277
0.504080336655  0.404680107474
0.44465042225  0.457667401648
0.539644957791  0.628331459892
0.46535213035  0.61806777783
0.444197493775  0.592347191878
0.374291550259  0.72163717943
0.537512924607  0.470482105484
0.449136582426  0.480654097432
0.523934910683  0.348300469783
0.548851868404  0.389695306893
0.503649791241  0.52036468487
0.5016197656  0.595482155395
0.486909124568  0.505528938431
0.49414411956  0.761642227083
0.525948839024  0.511955942672
0.372497915571  0.365699369524
0.486762971325  0.366366108655
0.496305882356  0.491810019437
0.626979068632  0.616070910652
0.473829704797  0.645917149012
0.48878671368  0.35301979442
0.673303308709  0.535948918584
0.414149629338  0.594467697619
0.559846417755  0.345990222599
0.42481756569  0.5603409906
0.678399694639  0.53068991742
0.621478459263  0.568984230602
0.637266130165  0.48282319791
0.764747082473  0.686609356397
0.435294469413  0.65709150632
0.404732802724  0.563256987322
0.470410809073  0.496736007886
0.555395920827  0.694838747295
0.578188432913  0.543982926528
0.485227017378  0.697340646319
0.480357811203  0.428445760421
0.378233916677  0.413079586976
0.451962834648  0.432465716105
0.431915198023  0.619330543382
0.541746690681  0.454404266038
0.363373628791  0.537418252719
0.4842470593  0.425825548732
0.429861095836  0.406828122254
0.477507314072  0.307187375033
0.441996959656  0.570385593778
0.335325357958  0.376776262891
0.453058077984  0.545372448009
0.387670248529  0.387840249978
0.472308206103  0.563708973042
0.641194988614  0.507105227526
0.376172439594  0.460873696151
0.450108405135  0.370520792117
0.522472488047  0.432010731491
0.515482578414  0.728943613104
0.605490923347  0.474068006695
0.603113077191  0.416682373243
0.554906051897  0.506554238333
0.570272297769  0.608337767215
0.573263804603  0.520937093142
0.400076194949  0.633965764524
0.477211108919  0.518880520694
0.63898476465  0.367429398733
0.559228212968  0.589832829282
0.498742985207  0.596586480289
0.596085546726  0.663235045299
0.299827069986  0.434096313619
0.58875619617  0.607608924301
0.344342473162  0.384828756323
0.33295832711  0.479823082225
0.67019009446  0.497430534851
0.491403435454  0.439069026113
0.484266529568  0.435755293725
0.453460507814  0.596234453968
0.509984553306  0.398866762597
0.360605022881  0.601937985197
0.585542376238  0.570636867902
0.407763288584  0.480627811059
0.309473682907  0.498182893591
0.560193683308  0.347719118025
0.462302443086  0.589709820196
0.411830564393  0.403601600449
0.547932450637  0.569600610761
0.479815850061  0.439201016839
0.704092789849  0.543691132416
0.568313362373  0.616809123542
0.485518224315  0.470185935751
0.569438246602  0.522048850517
0.444295915903  0.453291790137
0.546151094595  0.447379422552
0.627499072795  0.507495905343
0.54556648646  0.311577202572
0.357014140511  0.532515689218
0.455578894696  0.322772670016
0.4227348169  0.495538081424
0.705811728861  0.533384109988
0.622660047802  0.542791418206
0.429913914621  0.486045027473
0.426780351315  0.444304956029
0.302324114703  0.514475606221
0.53267984891  0.520149892196
0.40860839534  0.480681892414
0.579005745826  0.478947066574
0.502416127573  0.32633957329
0.561011125519  0.39737444752
0.707200351194  0.519384190852
0.57780485973  0.392753465502
0.643218953698  0.425655319825
0.64789878574  0.4608656035
0.5655149748  0.4223653653
0.495921776387  0.616845566744
0.599001960511  0.48322933919
0.370275902474  0.534974454594
0.377422183529  0.300003838662
0.556832266879  0.544777590448
0.415107552779  0.365917297484
0.568010884092  0.267959180662
0.438340897065  0.451447907207
0.582573792701  0.452171172159
0.57459538106  0.588923783818
0.357019887965  0.689327424734
0.373386699065  0.529085445494
0.581980357816  0.598378497909
0.570822750918  0.381497238283
0.473414415951  0.543847758922
0.636941026834  0.551751783363
0.653173128428  0.509293499834
0.490871326826  0.621379474436
0.38668739576  0.508041315967
0.293011521917  0.511006767056
0.38619199766  0.395738838461
0.462902701728  0.528610202679
0.353952687741  0.60237712595
0.731380557546  0.393458808269
0.415297019681  0.396426187885
0.449279000003  0.375692584689
0.559199170689  0.408725299214
0.36182688704  0.43897918461
0.491479198875  0.524106076585
0.47521281453  0.536115667479
0.476041242187  0.396232273561
0.495621059711  0.4642903446
0.427841690475  0.519433008051
0.411353211226  0.551935818027
0.57313800166  0.462491619509
0.628355670819  0.6356078422
0.582244391542  0.634146451137
0.508187928799  0.665749722673
0.375528575315  0.622990070822
0.424126452171  0.597910047144
0.403710227517  0.363716899986
0.455979051819  0.437545641326
0.423131486401  0.593486605719
0.459978180649  0.518074479346
0.275192488256  0.493454218048
0.529304156576  0.478142916724
0.486918234574  0.533064309633
0.48491457289  0.430404654947
0.662629979342  0.583962001763
0.48754890368  0.495187091667
0.312027973099  0.367431572159
0.420867797903  0.549396008152
0.439264399368  0.504325973599
0.547871794018  0.590509359503
0.572053315545  0.499180836227
0.383423657513  0.457013014141
0.659663696569  0.498855677115
0.559850741158  0.424837044148
0.650132286995  0.410384932237
0.537053208757  0.51356537826
0.628535724835  0.396079551417
0.539635970875  0.461158959865
0.541079229553  0.624657567894
0.556206398743  0.718372921344
0.497223247539  0.528163640004
0.372284677458  0.44388286415
0.429767782673  0.353095883603
0.376798612314  0.33127370913
0.496913746572  0.535366874783
0.663185928892  0.48459041393
0.56155001007  0.387938667642
0.300490428671  0.510761786747
0.617381652078  0.387585255189
0.560680687011  0.421464907257
0.461815233618  0.530555989024
0.557432022337  0.602101576926
0.532857369139  0.47473840283
0.458336234003  0.452573552354
0.33038509798  0.439520693542
0.498242155908  0.310127224895
0.59459466406  0.444580401958
0.312958489071  0.635108366218
0.477105354905  0.392802352419
0.505174130059  0.726182820179
0.47153499102  0.578284218083
0.506184246122  0.535810742849
0.376808108638  0.511435483784
0.639934817733  0.458800840564
0.560135951279  0.331400416928
0.432140879544  0.420601648039
0.495387027252  0.431970283094
0.379881272903  0.556148917066
0.689339952176  0.551835114906
0.424770681246  0.479785132049
0.61346900345  0.491690851598
0.493715303715  0.365183835452
0.456789134855  0.556243609235
0.529821632608  0.633850874735
0.791654735561  0.517554748317
0.371081315869  0.541370696185
0.459735319831  0.54849201152
0.27038896486  0.443867146687
0.55121993119  0.565513154163
0.528327066353  0.352570899756
0.514356331131  0.615474386222
0.714774443622  0.688850422913
0.389788079652  0.696307592379
0.363038841979  0.557874173543
0.544166453219  0.318122598505
0.689802235268  0.324297638769
0.663681427397  0.530363516273
0.462117919427  0.544183929779
0.61764667166  0.614540278019
0.419946465204  0.463740233597
0.423899791513  0.615577722276
0.563792114167  0.592221195482
0.570736179135  0.442349050855
0.271550607261  0.385654168138
0.495980016916  0.575319789871
0.328022024624  0.612098226208
0.407255621251  0.364495810697
0.456160409279  0.239965425116
0.43186314647  0.555055316937
0.493146818623  0.347599265326
0.419923554027  0.752770262986
0.621995027745  0.652784719269
0.439024861823  0.544798292234
0.585533995737  0.527023976718
0.475753613807  0.60536322312
0.415724532514  0.418583849361
0.549339592672  0.763495436595
0.362036469786  0.49293561154
0.641632653309  0.421247226131
0.416840342959  0.550757020198
0.473412414466  0.433418290292
0.514118068906  0.520427439592
0.486528223571  0.459584945539
0.744725538918  0.567490206601
0.550310524982  0.476179081278
0.462307719821  0.555219312932
0.488809451443  0.575474899263
0.712447201963  0.581323149648
0.602036887073  0.569352981665
0.699926329245  0.586009277893
0.434760008368  0.383854025373
0.419460806122  0.354488310942
0.558188729735  0.459116336529
0.4247411166  0.573450345523
0.573089277442  0.31556236317
0.580468609991  0.623212001115
0.530774464351  0.41737144522
0.425306514382  0.551342250193
0.65566639277  0.534499817685
0.6233814827  0.425314846716
0.500137903369  0.524213753308
0.480677075334  0.520879070763
0.511345699713  0.378260281241
0.543742985213  0.501380191162
0.478947580743  0.449401277128
0.469465328863  0.451107723902
0.516962349144  0.562011086121
0.378420637056  0.588978513382
0.214298286412  0.562875274519
0.340943969739  0.525512460121
0.511153076864  0.538716367268
0.52204925094  0.401592909714
0.557359808824  0.166878916451
0.570239541755  0.549831618092
0.52271477622  0.550926646306
0.555828732557  0.576265463271
0.528458598026  0.431269740187
0.547820074833  0.629308142798
0.547619098726  0.473497866848
0.567916348102  0.488442709885
0.513560198491  0.613171937741
0.441005486151  0.440752501324
0.50033633706  0.301891505902
0.336608648685  0.458535614092
0.59976702208  0.518542565752
0.433223658734  0.410009679601
0.825620130777  0.459656217099
0.430003322818  0.386086769418
0.586833998842  0.578898278296
0.480135991975  0.345903630863
0.613470814747  0.438820806225
0.421341833693  0.583530249236
0.618510540666  0.539488055319
0.484712647952  0.438477897922
0.38838308722  0.511810054133
0.531606606449  0.138742892835
0.527359733469  0.526844837064
0.462772717714  0.423656318511
0.270059571725  0.754457079846
0.448742665947  0.563041882877
0.436794325776  0.363044003481
0.405653579859  0.498297732189
0.503266493114  0.486440503152
0.588708531617  0.43305107924
0.409605782427  0.415402805624
0.677760821662  0.443294916743
0.452671205923  0.68453423163
0.521443677025  0.520168605928
0.32266573708  0.732059228348
0.680069222308  0.340997930191
0.60006592785  0.47161712837
0.695427508808  0.483830632104
0.42381347899  0.570945312936
0.558273706503  0.611665418057
0.453796009998  0.54766568844
0.339846816687  0.557790627141
0.53824025369  0.53204007353
0.47146753514  0.675795793928
0.339449005482  0.586058375706
0.393868012328  0.41700466324
0.309662886014  0.36324998306
0.473946906413  0.475299477748
0.449951514775  0.51517777534
0.387068090441  0.430845795758
0.369189328771  0.641825092318
0.578858735781  0.451372579889
0.575336806497  0.481591246719
0.470911951238  0.492374614117
0.716920133319  0.552685116457
0.53388195814  0.568074506288
0.462410207993  0.430272645132
0.444920335283  0.416042063344
0.34684009645  0.545222758858
0.427631698452  0.489693609617
0.61101720699  0.412061381356
0.586558387282  0.487625043029
0.719055785206  0.422141765329
0.524551711946  0.349988127168
0.742752086003  0.572211039523
0.473504445523  0.378604856995
0.355119698059  0.35019370888
0.61051548688  0.454447199694
0.600061366995  0.395761979243
0.436515178275  0.642959479589
0.398542737891  0.409697323309
0.578847416368  0.556528371167
0.508293388307  0.377608759757
0.528277137027  0.371981451927
0.457762321682  0.36792295736
0.38887664819  0.573853293145
0.715332363667  0.521011366518
0.501927460701  0.50421881881
0.546576926966  0.347529258075
0.471263138799  0.427212054831
0.492452808306  0.622357642227
0.511596460965  0.645629156974
0.554388154667  0.651010790591
0.513120746769  0.458580821578
0.591416858494  0.50838053546
0.660183493922  0.574471595846
0.575580574751  0.407494596026
0.496972879043  0.455839097141
0.516807200797  0.62222031695
0.564330601408  0.409121749966
0.589481624081  0.605165729125
0.566659092619  0.488053025308
0.443429466795  0.413338450073
0.33330984922  0.333022209678
0.694182286994  0.426538075451
0.577395277374  0.491447389097
0.424063508478  0.588443060557
0.705446159901  0.331085318838
0.38817872928  0.481025864046
0.576428544136  0.457508312425
0.466040582361  0.352792417109
0.653826597983  0.510231273667
0.470365627287  0.451327264174
0.528200287574  0.380604479626
0.454562918217  0.350453214246
0.583190178025  0.518150289334
0.622113036585  0.591615196811
0.583457987618  0.422921011961
0.6584824347  0.562208844647
0.381898271352  0.432043111323
0.510920693861  0.651963419927
0.617810553218  0.451008496536
0.503793096111  0.416490046468
0.388309920619  0.500080646572
0.474304259896  0.468877908514
0.498939727054  0.425637188479
0.446820292226  0.535683679741
0.383852318127  0.639194692571
0.433634472666  0.593548627437
0.60167929079  0.437850421519
0.600618741191  0.684747645399
0.304943716309  0.426853232514
0.520365872594  0.536193159315
0.405355710936  0.403935360179
0.71080305545  0.661319963164
0.367203791589  0.354168710709
0.466451907165  0.426807941191
0.577647371437  0.497324605819
0.554086845921  0.497926972197
0.535901916066  0.392655695717
0.597116051281  0.346914296413
0.577122959766  0.326649254754
0.502415853889  0.606269536444
0.440418378971  0.455988197842
0.46121429367  0.428482485143
0.362737135198  0.445244480427
0.622030543194  0.485203502696
0.543982948936  0.535524294836
0.458189356424  0.350614838097
0.470455383601  0.499995921338
0.524596784648  0.678375278902
0.3492533223  0.497536980092
0.537391188245  0.628297792356
0.469481833174  0.319431273037
0.415685898792  0.483917718132
0.713897415112  0.621758870801
0.509273577914  0.270266126296
0.541106146765  0.404700790481
0.615785233563  0.38377095181
0.395639923435  0.458293611909
0.536839817128  0.566847554301
0.542743795303  0.460638031271
0.325015806477  0.472732108781
0.581121563508  0.609228890795
0.542978875752  0.399485988499
0.593456907669  0.313265049727
0.367675380858  0.481002711609
0.514559603947  0.502423589576
0.40466754035  0.579832752532
0.291436447153  0.400681747321
0.482989481668  0.423823038405
0.594230671063  0.444338310685
0.288284604887  0.626119445925
0.660894019717  0.453146985254
0.464920729516  0.545169911778
0.436316533213  0.49100801781
0.58263152776  0.691031015145
0.38635179579  0.589641226319
0.381948651139  0.512701059417
0.465604868456  0.638534731423
0.437126210812  0.618032452022
0.556163324511  0.442857860787
0.358676782848  0.571296393375
0.340652859972  0.411492474916
0.58721790899  0.619019767501
0.430639641425  0.482479724102
0.62775060131  0.653998186933
0.566182432428  0.51757361673
0.354782627878  0.562586511529
0.480263257509  0.510689987106
0.471399813736  0.447512607831
0.576692191206  0.646467233052
0.636260005681  0.569695769226
0.380467445058  0.432661512094
0.660597130815  0.525119231129
0.511270697808  0.401621999484
0.528807292128  0.681783727317
0.465231240728  0.727799942322
0.402343631675  0.15983534731
0.586001006045  0.591805183624
0.547895997969  0.579372329344
0.664539866999  0.398413951015
0.792956232183  0.596227225873
0.58622845796  0.423216501746
0.53087735609  0.390050706888
0.502363870356  0.317565322131
0.520373596073  0.407776050754
0.456119960903  0.49588566963
0.687779814733  0.418477599567
0.731461171502  0.53240017345
0.638421125138  0.458470159358
0.575739002578  0.334876665096
0.365532524573  0.293598212074
0.575823615897  0.581383538736
0.584783713598  0.314958053875
0.569129797638  0.424414163884
0.589556105942  0.421797161832
0.4271804846  0.419309472918
0.687781751573  0.587997838259
0.57870481151  0.530886472642
0.564570061647  0.468571759554
0.546621990059  0.391960697232
0.363489400962  0.620568256368
0.536349875628  0.517745785589
0.581311520474  0.43872332228
0.377680753554  0.475152759962
0.573875135233  0.474609532914
0.451836781193  0.759064572749
0.501747033379  0.552011708541
0.481097955833  0.566681734768
0.613969445914  0.492619416065
0.473869508112  0.45526075032
0.637292549868  0.57208067254
0.560432819303  0.480036231946
0.425439930753  0.587606490334
0.55536150375  0.662048643355
0.471182314283  0.488662006212
0.422951847713  0.628225579732
0.465324432578  0.444797420791
0.527428002863  0.51803700219
0.325852837425  0.597228941795
0.519343772008  0.406205791064
0.485044561701  0.588806066815
0.517096577776  0.405009511216
0.461206142668  0.527616684464
0.397348832938  0.481197564703
0.546907543685  0.337182924559
0.580923924113  0.69114873542
0.451754900755  0.378147847027
0.529483961404  0.612736934124
0.512756544194  0.491784881775
0.556296341134  0.447764511362
0.46207309109  0.442415532553
0.652259465453  0.577433267636
0.656547847417  0.625034849791
0.349746638771  0.413148200455
0.594499710219  0.431129872907
0.580332828447  0.647413536795
0.561767603843  0.332941324947
0.450916057766  0.62376723213
0.30323057213  0.383108258944
0.567411685907  0.490773754952
0.457126092131  0.520040147745
0.38675916746  0.423877549664
0.392504191569  0.417716903524
0.457695014504  0.394889655972
0.550677124793  0.566822727332
0.382374493754  0.633838376384
0.654061234155  0.554913716298
0.503398509908  0.358368210251
0.483980590494  0.65032365001
0.52129084794  0.581297828371
0.529883993669  0.498633062969
0.45647718889  0.4539806182
0.54171266779  0.471325600271
0.457806851797  0.574448697964
0.370431764192  0.357847033757
0.38266038895  0.524572890793
0.366505159938  0.471167994224
0.467277351209  0.561901769325
0.571487260709  0.430195852503
0.590414456281  0.542153088171
0.359008437835  0.407289058479
0.641870361033  0.392395773823
0.595567674491  0.443941937592
0.604532336771  0.635033750788
0.418896458964  0.4836487197
0.558341547251  0.296102633401
0.685756799957  0.454329459634
0.641421758482  0.596686669497
0.511660912838  0.606415437018
0.393612258298  0.701599107977
0.491015873402  0.370943567129
0.500519448848  0.520172799019
0.330925256981  0.446182995169
0.472708966814  0.624955482529
0.655494795862  0.578659223751
0.569832840092  0.411011954575
0.522533096008  0.485678729421
0.448808394436  0.538354592597
0.512714589677  0.573163553731
0.503273596239  0.522994753713
0.485680638908  0.472352625332
0.311893236031  0.660527924338
0.402507739391  0.43290362324
0.459524798239  0.603191377312
0.485841704701  0.662672849488
0.595663953556  0.518653494968
0.533071561875  0.210640431756
0.262487834861  0.392591036252
0.547513455503  0.39187906163
0.524042790635  0.414389015487
0.612270753622  0.62607014045
0.630416792069  0.452744203061
0.449354339865  0.468679881013
0.408466111331  0.443861633095
0.490860443293  0.533666956951
0.425525347396  0.58063160108
0.549365956104  0.451851395958
0.472682667421  0.417005321576
0.356474094602  0.342861163491
0.288290892569  0.591754018966
0.539580543655  0.490371756705
0.439266607055  0.473491432303
0.486167090119  0.278631382712
0.597537800103  0.531830435964
0.516153946151  0.394540762413
0.521556653416  0.504540012407
0.45027495959  0.416674335516
0.551853993292  0.480261934314
0.333222728089  0.523438849477
0.519760126837  0.3640839923
0.455686079544  0.605804914075
0.698108405477  0.439192990776
0.566623876524  0.593465444676
0.589954802552  0.515760688083
0.60528516708  0.368877888381
0.478863083183  0.391347345558
0.67224198611  0.370523890985
0.518228524214  0.591506949152
0.589335406343  0.513396046573
0.49450944832  0.402952981023
0.598180547724  0.433393924538
0.603182548501  0.459564130665
0.352705204888  0.516374130532
0.536737000854  0.381942612908
0.506729645902  0.561115130521
0.539994132205  0.501675286865
0.384943315382  0.474121010914
0.573717823894  0.482653330815
0.401793555976  0.370958901599
0.544936455902  0.496452411704
0.397705058097  0.36906928397
0.468822633453  0.417156744284
0.597366859101  0.536122903593
0.441494896122  0.532315148127
0.518776272876  0.343289710911
0.738069978959  0.358501513585
0.385310374643  0.48435342133
0.490268323664  0.620500278308
0.386501258523  0.268828706402
0.55552676357  0.4083856093
0.562363600717  0.561946074215
0.536645687002  0.426290770257
0.516283925052  0.539439295829
0.483512529054  0.34420174257
0.548452766971  0.60006264428
0.566984917263  0.566716290589
0.649866102595  0.473029692624
0.654764147742  0.594593101076
0.483191681428  0.434223009811
0.677014721625  0.299853301898
0.484481968564  0.370248078312
0.465305361958  0.437120508885
0.217462205733  0.405313294809
0.318820241289  0.586925163044
0.437434264151  0.348359922562
0.424690552097  0.555133716035
0.351228971074  0.553484211287
0.497565623721  0.49993725304
0.687474765122  0.42891498995
0.534312332324  0.426229425078
0.573977477155  0.540500975387
0.459306426974  0.325043974075
0.456395014706  0.370994732851
0.548996771945  0.407094342108
0.498244085111  0.465198001421
0.462353128779  0.524626151392
0.537124593461  0.539893882393
0.440297313549  0.644146081956
0.515071148348  0.4441095143
0.620693718007  0.46960989317
0.34358574164  0.517642841682
0.398763211563  0.356075922387
0.511684763998  0.508249507945
0.548689485243  0.536355973345
0.531285457353  0.512362913227
0.412014865562  0.517535692877
0.59124263561  0.807448334596
0.469925578323  0.620795196561
0.535974645556  0.288339547831
0.616432101488  0.330933610029
0.422398607517  0.333080530206
0.512763437561  0.521079633856
0.303291144398  0.419859490458
0.559295131478  0.336067904704
0.336843659123  0.552873458134
0.391798689885  0.510965882884
0.584247971682  0.426932471116
0.509385048526  0.480504894917
0.496621207884  0.430322737377
0.386897060108  0.564163563414
0.494551874514  0.46966409008
0.56244519458  0.442930027621
0.516400902086  0.435818667763
0.502392172227  0.728435243262
0.528806565512  0.369509998017
0.469201266651  0.507582246249
0.370953319244  0.549295707175
0.452677718834  0.611726382263
0.47932943771  0.391435687575
0.489144760546  0.483156415499
0.513712870318  0.54161550992
0.583158148778  0.401579865391
0.557660818029  0.656762176892
0.552194241083  0.67356526395
0.581130487836  0.470869657022
0.395894428986  0.397702281403
0.474075047122  0.422747699913
0.474377172343  0.436919858121
0.522485423379  0.577523910051
0.35352675331  0.382138915586
0.51130891002  0.535114739335
0.55646188251  0.46594768839
0.515010147421  0.475484005734
0.513987075267  0.379250065944
0.388160798436  0.519040109217
0.534882865531  0.445986312975
0.580582825057  0.597240983541
0.564099204579  0.479727452769
0.551489539596  0.63976660842
0.552614429678  0.602225182789
0.465865289737  0.470708723151
0.659911833862  0.560020913738
0.36002622862  0.360519466221
0.457152589572  0.352484290668
0.511223533004  0.472408020667
0.582278304042  0.352870280086
0.486321849336  0.629854971357
0.499887767964  0.444330857378
0.675573855237  0.468844330047
0.455038504544  0.416754719943
0.513718660383  0.655329829898
0.561755811743  0.419446012813
0.334371101591  0.408077540392
0.452072174877  0.662021457522
0.466535655453  0.426694340349
0.456768996575  0.516259669572
0.434813254818  0.430733060775
0.549481808932  0.623220866386
0.443863345322  0.511089031024
0.360593589717  0.620680159824
0.418274357539  0.545780548533
0.62336953544  0.505556533777
0.314160569616  0.55109169098
0.431315534413  0.676362431844
0.582478163821  0.566773448549
0.603039979555  0.5429205294
0.482712009297  0.526699784333
0.601401578414  0.66124169898
0.488978792342  0.421847270389
0.538948574739  0.423648495494
0.426574982291  0.460126461795
0.531282015276  0.602042089666
0.429358805024  0.580563127764
0.554363674948  0.399352886427
0.401555934858  0.401929832958
0.581007809314  0.419297243527
0.64236325002  0.47920536047
0.356530526373  0.535750772258
0.388521050139  0.383363112402
0.552557135599  0.650518116566
0.519315873993  0.579823457392
0.632641823608  0.598359120697
0.303719097516  0.422935775355
0.433571923529  0.690535871245
0.422568833577  0.362142756896
0.514423421836  0.590238675084
0.411209670812  0.641888761682
0.509280407167  0.459129118852
0.504970409605  0.330944749516
0.371930832693  0.381136661287
0.5077742582  0.355530630195
0.361292481866  0.524287709693
0.450231583874  0.537546947673
0.638588032801  0.439674803964
0.367915947839  0.591270948339
0.286767447811  0.579029126658
0.428078650051  0.536860134072
0.444275238014  0.633513770166
0.468902068589  0.574778256035
0.42595583258  0.209567150147
0.532120682461  0.49914949736
0.458926914357  0.440469634158
0.424863518788  0.587309342624
0.658280844938  0.550239866838
0.533416940624  0.51855741652
0.413547973565  0.303153326618
0.404963199954  0.679752795506
0.510509233811  0.608472736126
0.415910900852  0.648917824145
0.437868514221  0.555787241471
0.538534070903  0.46897221765
0.35397290896  0.547363482277
0.573483567897  0.641812476973
0.2533468526  0.472144378141
0.579856233867  0.387125147859
0.547702330434  0.408230678235
0.417228037426  0.592936072465
0.549796943181  0.541783608433
0.44140301061  0.588151789439
0.339059731764  0.563214150924
0.553177971872  0.401232086017
0.408787836228  0.602225227052
0.415309040468  0.297141808818
0.442878472949  0.49978536306
0.407181440531  0.477927328039
0.59915348042  0.545518253913
0.583286468896  0.573378991647
0.422514233083  0.419463112108
0.429468370481  0.613566719877
0.481316279159  0.625064052354
0.485919062565  0.444668434566
0.487135908631  0.425341852197
0.289460168112  0.485040795587
0.642693921963  0.602043613964
0.413952254474  0.456075877279
0.626909494244  0.596294973595
0.492643892737  0.357239899823
0.598247940528  0.460030449172
0.462045766314  0.528510501235
0.411586340621  0.418946518027
0.470296838094  0.673192556631
0.293152179881  0.71284746926
0.657882812277  0.466489310802
0.342065959553  0.455974041385
0.632746707548  0.551607319146
0.554537460694  0.582398339127
0.705737021721  0.40940363562
0.486426213663  0.591270847302
0.234643824332  0.521457329243
0.537316651271  0.612079610359
0.482080756595  0.201667022685
0.583197456862  0.476779806992
0.480000631836  0.459002073906
0.6154918054  0.524606397019
0.575154858294  0.48989831084
0.4394979639  0.642432007117
0.628680459881  0.465795152492
0.671832068159  0.53140586625
0.547061950186  0.441723633173
0.646361800794  0.513820340214
0.446738609666  0.578718943116
0.365707127348  0.49644538084
0.414085198293  0.621525323548
0.611255103109  0.378135025678
0.679449114758  0.682894033994
0.483771790081  0.639206003897
0.541780234545  0.498100324279
0.521176879713  0.628047761222
0.385203438261  0.462124888029
0.436635703212  0.662450203401
0.537656117259  0.524833597988
0.549178147068  0.419077393066
0.425524859525  0.609027904953
0.413965549888  0.455082637472
0.59097402061  0.499033185259
0.581939618195  0.488275646553
0.316912852694  0.356662034439
0.505875678608  0.468956832214
0.658009695388  0.560187682017
0.428535442538  0.363496173405
0.638335929103  0.473188588922
0.525975137876  0.445522427114
0.583880998621  0.510740815311
0.391143865417  0.320439265735
0.534750417993  0.58683735524
0.514935588476  0.791237035655
0.57408594324  0.508190206141
0.411676479837  0.526641591345
0.607163639996  0.507362193953
0.500919947523  0.578370023721
0.591970869446  0.370662906144
0.417141119092  0.518334215681
0.490584942489  0.565217430004
0.397844296806  0.507417022863
0.543302837088  0.617948536523
0.304848534421  0.392797103507
0.306255581344  0.444569709932
0.583460257035  0.483772052648
0.595184164339  0.578437761639
0.513199162142  0.484867236412
0.616531421909  0.406628875853
0.402227626597  0.419012667672
0.438328691192  0.370616736106
0.386226892065  0.369545838341
0.622777308236  0.589899742726
0.442120555271  0.490022025401
0.409889503754  0.380023957992
0.357205003047  0.499557017662
0.583910983376  0.572416635584
0.382951280531  0.45459160561
0.451097925658  0.370820263953
0.404633277942  0.533823417815
0.574635725212  0.578648310812
0.358645374969  0.510489939968
0.71954194823  0.397142631158
0.447597304072  0.4741146939
0.614233051542  0.424215563429
0.843376166165  0.380743261814
0.442605298513  0.512204177734
0.618461705255  0.433419615286
0.281008691657  0.417686857487
0.428335724195  0.427749345736
0.508089276411  0.31954242946
0.572539637905  0.614417284081
0.651585341214  0.424154438836
0.384058782487  0.477156223373
0.266825074437  0.518729959588
0.506887696887  0.485885049782
0.607372885004  0.481975609749
0.451950869869  0.583467819344
0.513375839257  0.49269822778
0.434603802949  0.475794635957
0.544332884682  0.616080353017
0.679460035029  0.525099913238
0.61635010122  0.467115882262
0.584971163392  0.53069340784
0.41952805919  0.264624210062
0.541267209481  0.325245757195
0.548188897246  0.480727845311
0.604938309852  0.687771580345
0.455534373947  0.4133221319
0.567881050646  0.633108564169
0.525413491595  0.339084982385
0.306535431597  0.4566515172
0.447779605445  0.385932953533
0.400222121296  0.345353371787
0.488013833564  0.418262870344
0.381858833629  0.446464870866
0.652942811411  0.484905061347
0.492194936038  0.45401433036
0.654974727828  0.342108952763
0.486088315655  0.436661309658
0.453839164044  0.505977957681
0.478196332428  0.562629539924
0.416802594146  0.549982488846
0.547287619542  0.551434002462
0.347757192435  0.481887279703
0.530542611947  0.50487575279
0.417797393974  0.747963965328
0.33966016124  0.57201414333
0.244811224009  0.560714302888
0.457131106335  0.572148927254
0.500408018186  0.466908188716
0.421313765143  0.588485332124
0.498917912848  0.726896778562
