0.533063905185  0.503857239931
0.437951042376  0.553234911138
0.507643458482  0.48365647692
0.540212029121  0.575391475668
0.545836322251  0.448594107738
0.276120931736  0.478888636639
0.524790988159  0.539121410865
0.360652076316  0.404141135725
0.43442826105  0.567714793768
0.625349381612  0.498645864272
0.445277577913  0.697216056142
0.542730403316  0.510110788148
0.520531637479  0.517401401256
0.541486635933  0.482110520987
0.459561633441  0.241484066159
0.463835129679  0.395887127092
0.581443867664  0.472662504063
0.413766240917  0.428847119746
0.440247422091  0.470547817142
0.591940746022  0.34975025755
0.502188220481  0.356781242654
0.399269523227  0.53278244745
0.60491731638  0.502717685123
0.361663526477  0.385824964243
0.543811547967  0.383998137224
0.448658892274  0.39468743848
0.368739132825  0.599345656488
0.603381638414  0.417207195947
0.312903703107  0.633775298477
0.498750886199  0.403564615402
0.35287714122  0.503780426544
0.505300783753  0.53837334802
0.464341141522  0.471516483328
0.441907354077  0.484643386191
0.339581927968  0.55749489818
0.4538238165  0.534825901117
0.573383668953  0.564715769178
0.432266939581  0.478538746683
0.623358773614  0.503957492611
0.472123339023  0.285742892663
0.396730844884  0.292124368676
0.367905615097  0.497669525125
0.415974497006  0.434546311076
0.576646059856  0.484703264128
0.425280276818  0.656323842048
0.238139851045  0.691249193077
0.511418810107  0.502609348804
0.328947923693  0.53601181258
0.454802517383  0.48228353261
0.525037634982  0.417354701338
0.485587247662  0.585349706916
0.611139123937  0.500109116646
0.543290089572  0.494780660312
0.398778094033  0.509422855205
0.418052369582  0.501103022061
0.50886434906  0.442672737422
0.52027340885  0.605002913865
0.527420133346  0.499231795604
0.564225256149  0.398206358827
0.629387242094  0.619150827438
0.501086786424  0.468638563328
0.440247854491  0.37359107545
0.610604973451  0.362924432474
0.454132602374  0.48768927308
0.532831546022  0.427452337418
0.608310951746  0.499395055854
0.545709024356  0.398628585712
0.525653246261  0.58947462512
0.517035240804  0.452129438301
0.386670339573  0.370469919482
0.269747269894  0.444942009563
0.774365804069  0.392832487607
0.525642077115  0.567570744923
0.520229180915  0.477982988408
0.269027429855  0.401377410448
0.503850012056  0.247597904846
0.37884654658  0.450670604555
0.42755835188  0.594993995498
0.542686600049  0.381707094639
0.594718596809  0.650426676509
0.339088182739  0.568564086075
0.469209851917  0.541932546264
0.680246095038  0.523626823655
0.580235660484  0.304892389857
0.395957472421  0.458727410136
0.506577261222  0.596266250273
0.505392600701  0.574328514935
0.247288843205  0.471329481155
0.41808386278  0.294732151444
0.473886945139  0.227583114776
0.576593478825  0.524345460513
0.420424136127  0.41394357329
0.267825989727  0.476250210023
0.375003619226  0.451228626063
0.418830707793  0.50167799276
0.532074131126  0.382506719778
0.473672001454  0.477029930061
0.37594318884  0.3783387069
0.507021066208  0.404032446348
0.515345944227  0.539518145856
0.480975716199  0.537993031514
0.391515435136  0.432892002505
0.290489363713  0.606795750928
0.439987166344  0.593779725518
0.466052407143  0.62174377706
0.68855514114  0.610378654144
0.446783283133  0.444609809566
0.456090138303  0.300736108789
0.502350371956  0.514785485907
0.435524351314  0.636237853646
0.464758717666  0.290103609366
0.463689585928  0.366032766033
0.488416985084  0.283830247383
0.409020606271  0.34090335074
0.517044878217  0.552723364145
0.513251548256  0.574529542483
0.371728476712  0.58322809613
0.443155765616  0.489566132973
0.337249359929  0.40035702335
0.728136874858  0.586850310479
0.557063172026  0.363459067686
0.561281138629  0.388029149478
0.579624965884  0.445376327724
0.526700398238  0.425648645762
0.589975960799  0.257402784492
0.449576935755  0.463823807277
0.414971019273  0.595194837532
0.378155714405  0.52752338841
0.705890072424  0.551371429363
0.334231399023  0.389248181364
0.614172011662  0.582804540925
0.4532789604  0.40159304007
0.465684864441  0.565290441015
0.45718910407  0.467620404772
0.494793130402  0.583698555691
0.4753772866  0.394618595439
0.340194048868  0.427331727586
0.563694441314  0.428569626356
0.610074621724  0.450890862734
0.566202928176  0.482179767225
0.311587720583  0.582456476847
0.568108670874  0.614408207399
0.509157395211  0.659939992654
0.253663731338  0.544861370842
0.584076907811  0.430292312628
0.543162203988  0.549855429871
0.582614086167  0.439057639083
0.382910077327  0.475483116795
0.415201534066  0.5075627467
0.518772788825  0.285084524041
0.402576775918  0.416172022685
0.44914065272  0.473498299825
0.448450939055  0.485187272439
0.562348201586  0.516344187254
0.374668062715  0.629858286725
0.451382670275  0.424754826198
0.378211840456  0.408105487156
0.403845342036  0.54109496075
0.471982350276  0.507279293901
0.335241162463  0.49803476651
0.493113856685  0.479761971463
0.502198501402  0.594244778914
0.501679061824  0.330253104768
0.416575501831  0.48423746873
0.406566315656  0.485968284277
0.387541280802  0.614028569605
0.708994152565  0.23502501023
0.508097263093  0.461155795398
0.563913925604  0.503726699411
0.394813746883  0.547068740124
0.658419737902  0.370696275827
0.491365131846  0.499670121869
0.355044865735  0.341574346716
0.719868016622  0.434093621109
0.375128853972  0.417472426726
0.522777038522  0.42254840873
0.588982978434  0.661751690919
0.47521512295  0.544069640652
0.443574208336  0.644689893522
0.430584248834  0.564124511932
0.35846742638  0.459195306434
0.329519682193  0.51179226308
0.458748142024  0.478868940946
0.424620393915  0.293334533047
0.610028662876  0.511214724704
0.47218611896  0.544998356346
0.557280545893  0.446546785852
0.469029397294  0.505904663035
0.688933096627  0.554875053863
0.420985931163  0.338108207508
0.330465235325  0.48386207748
0.394618774814  0.73419184827
0.482957147595  0.44081846605
0.589062551214  0.531864199053
0.48870616873  0.505851160227
0.517723900993  0.365796414769
0.486658121025  0.51334819259
0.453388532297  0.473033801527
0.438767177951  0.395257120006
0.270328447277  0.532052953104
0.814709064731  0.439267008348
0.565842185536  0.647200071175
0.364273786448  0.42671805116
0.583876257198  0.49046442781
0.476211736918  0.390150585993
0.600396055255  0.404575936832
0.517814536255  0.574954662262
0.396892814932  0.532425646699
0.603572690198  0.352063368756
0.675418745528  0.66658707162
0.650952216352  0.494703256441
0.625419589625  0.53754706632
0.514871052458  0.26766994058
0.378191044541  0.567747588242
0.448895584587  0.625483965282
0.434850764514  0.294038967349
0.476933393939  0.430750843716
0.60406958805  0.684730188218
0.332956605804  0.46684953046
0.490633691839  0.524070307517
0.589541669035  0.622552332387
0.439666202797  0.501559088263
0.410353326087  0.737030086525
0.432689020532  0.329901992346
0.449039069047  0.403292170803
0.391989300209  0.484542841218
0.526412946632  0.370765478384
0.346018666715  0.516955344995
0.399884640683  0.451040780047
0.488336492385  0.468232987473
0.513091982395  0.605412202273
0.487403776345  0.582014323997
0.352632362115  0.577827237445
0.58268180069  0.520092236389
0.525752870313  0.44114117675
0.50228824374  0.7191281428
0.428899978556  0.423820076699
0.444175235302  0.494169108576
0.542664422055  0.531967282702
0.60377391538  0.492970834872
0.291416088517  0.440851060678
0.455172185923  0.419317086531
0.410267824793  0.535471904468
0.557944395722  0.510908755746
0.370113864924  0.535979703809
0.407655159234  0.689605225634
0.444227334448  0.256757841727
0.664309005806  0.610918575886
0.316820168368  0.490444751235
0.561520024846  0.505585444942
0.287851092899  0.43624519023
0.455047910718  0.48909949455
0.333173451177  0.518743549577
0.287115938117  0.47193148059
0.294046594352  0.563290095529
0.44463692721  0.498035392422
0.585464754598  0.603247784695
0.527834171706  0.442277830803
0.403985060773  0.461148270141
0.532555166385  0.494924753732
0.441343092761  0.556617111147
0.5723397293  0.424497520099
0.456811169509  0.574124453536
0.532320700006  0.142044624126
0.349900063153  0.509843732433
0.490607480236  0.417490825368
0.456374926089  0.582127885982
0.412423770999  0.740793568497
0.512091460335  0.450116505298
0.347844059602  0.554536516963
0.392311786845  0.546069920124
0.351519645578  0.293248837634
0.493797837788  0.494923428381
0.43188338347  0.539432709997
0.596837565736  0.595824136573
0.706929304031  0.432295546442
0.428118658836  0.461023229123
0.581584572196  0.510255025091
0.350878740362  0.481276707605
0.240474169683  0.404152263594
0.428762859925  0.304937740999
0.619593142827  0.469732301089
0.481166469446  0.448054120475
0.51766456154  0.499703786493
0.487063800417  0.531083912668
0.531110748823  0.608776365273
0.476627329628  0.576430638571
0.454789266889  0.60518278406
0.565957272577  0.407953093748
0.385317374718  0.353723906809
0.641345674988  0.160354597044
0.623093971  0.573161550812
0.42680889093  0.543104167939
0.481957512301  0.331388154116
0.256996854381  0.343314256157
0.512237684804  0.476911063829
0.592508531067  0.539530535342
0.565787181567  0.518083801853
0.591684962253  0.487312781189
0.249671509904  0.45423292355
0.431971965664  0.597973596371
0.555458075932  0.378318118013
0.432460678018  0.44360835054
0.491458509974  0.564787982803
0.487817263668  0.358509454959
0.462072462492  0.356403269908
0.524732438769  0.602424074743
0.472096519911  0.560087703086
0.216688846686  0.520926428109
0.578467127091  0.509493958338
0.404539130848  0.495168850183
0.635967651104  0.570964716366
0.485264973333  0.231766772338
0.494153820664  0.411116842512
0.471313146167  0.532393622484
0.462674862257  0.522397450026
0.448546375975  0.515176876974
0.393872162268  0.630242814535
0.447128676735  0.415618115272
0.536869334205  0.248206441861
0.467403623517  0.4925702002
0.507822674523  0.379874734208
0.516090168362  0.450442917621
0.586034074515  0.415361017365
0.540456228085  0.645728525302
0.314872677422  0.473279761437
0.504108029754  0.478124712585
0.559418752282  0.444649508449
0.286550369009  0.485939236132
0.475072490129  0.587257368713
0.635979152129  0.613819119115
0.454205418526  0.642088037039
0.432540822257  0.471714918848
0.56496283675  0.487549787745
0.491938293468  0.451123693137
0.243865038132  0.580518493286
0.509327033129  0.526554071419
0.525024807002  0.521915198945
0.330132053295  0.605630147844
0.448378074851  0.524899148619
0.483864832408  0.427962870659
0.556100123423  0.349164907149
0.45593023766  0.626415904319
0.451029676458  0.497671154567
0.469637229946  0.399674578082
0.608005447687  0.411961860192
0.365123328024  0.709434780137
0.490693259032  0.428042591991
0.395057086299  0.451817714002
0.452180967519  0.523683107021
0.577499475078  0.591709401155
0.461950448139  0.515843210444
0.448248623208  0.481177698522
0.507430758778  0.487880005352
0.564350912535  0.253672076402
0.467075673504  0.600311350684
0.550700321561  0.641112954347
0.589459311455  0.467258762982
0.583932136599  0.372869830249
0.454549175275  0.553944831161
0.47058733335  0.333717880697
0.451978676316  0.48545251167
0.319482500892  0.430377617278
0.3614341267  0.481820061887
0.587894071017  0.359797645672
0.540804757429  0.419697324843
0.500812201776  0.488158599602
0.554510228277  0.498559057471
0.332075727986  0.53979803856
0.490533326727  0.446282131359
0.49487915954  0.498020267649
0.406072721707  0.367832806568
0.405325126806  0.454811384978
0.448148349713  0.498506650733
0.522789066455  0.581119094783
0.428767574688  0.517425960107
0.610346133912  0.459331832456
0.39966885205  0.341950509475
0.551562291987  0.619751364747
0.407976325239  0.459209960744
0.571959766706  0.534082197673
0.552466476649  0.474459199725
0.577860107588  0.429358843947
0.550173179215  0.406741271093
0.438450786516  0.37932215802
0.34974038989  0.285950163358
0.365980743908  0.44472656654
0.631878825439  0.634529530782
0.447320515647  0.423483518991
0.53066670524  0.379841525865
0.591922006816  0.600523928444
0.429364696129  0.545833823303
0.540559222144  0.516244438007
0.548816234481  0.217005524627
0.337854011235  0.794685064343
0.511269958319  0.542238200863
0.438594051782  0.510380284117
0.386449569591  0.709300819554
0.547387590603  0.423799803217
0.451480085726  0.403152559804
0.433236063645  0.346491533255
0.467698284024  0.322799192269
0.613249585489  0.823318387994
0.49384314258  0.605153393111
0.271586028636  0.575163979733
0.646713407469  0.434538265737
0.579408300449  0.417455031064
0.33461111122  0.462020937909
0.546007134884  0.424148573765
0.562025672326  0.572872717313
0.422223670246  0.421657235318
0.393035354143  0.362625935928
0.597747631946  0.42198862263
0.50509159255  0.510781018393
0.417849394685  0.563957375311
0.440956465857  0.468074494043
0.653931509525  0.463622504418
0.441745907409  0.394704985852
0.408474435285  0.546828704641
0.483629131787  0.55233811483
0.458019550041  0.404799076525
0.543745629159  0.577599732566
0.56366573  0.457051815587
0.398229053555  0.365698529962
0.525606776728  0.362961153034
0.505375499962  0.528596286267
0.424882105211  0.458935577557
0.542631794018  0.590132213834
0.290549024828  0.635150875321
0.452040805966  0.473468683361
0.439668393267  0.37350358223
0.40625859857  0.532457838528
0.656452369395  0.410976729314
0.445424398983  0.181743133881
0.420563882048  0.482898713164
0.569542098241  0.406616354091
0.535437809123  0.418585399077
0.544452686788  0.431467529305
0.590465171202  0.65539492813
0.507172936991  0.550732687977
0.792132548816  0.562496613206
0.437873734103  0.452917028919
0.547602852065  0.343981291506
0.458531826229  0.523012702991
0.494464571914  0.397956132427
0.449516037177  0.474421022333
0.609991658911  0.333871008435
0.517199609431  0.775168787645
0.607127796298  0.510468716687
0.380891481718  0.598317142974
0.475584309581  0.388414390578
0.418124286804  0.585131288309
0.49751149479  0.395373516436
0.525840769637  0.46803278584
0.480288615851  0.554302660592
0.513198484385  0.387963630545
0.547525138071  0.504930412202
0.301059145257  0.619798192705
0.625869857472  0.523612982848
0.367366475652  0.338993444129
0.42865370754  0.579008656379
0.385320240223  0.631253393787
0.619206255289  0.370414024914
0.585655793132  0.462250588396
0.40584764287  0.469651265639
0.491373621027  0.454038631871
0.465878497209  0.521790150034
0.388662243984  0.464502803517
0.522701821957  0.577169984649
0.46097805413  0.451040160353
0.468414402431  0.290535027044
0.50478989626  0.363158862793
0.439935771929  0.336276848965
0.436197972021  0.520575840452
0.719886981581  0.574637823582
0.424402604799  0.558004191542
0.56208614324  0.514006146261
0.471598277093  0.443714910522
0.543884241  0.503759598867
0.340128105379  0.605521894239
0.512239966428  0.511320886004
0.353699597546  0.474093823662
0.506872673882  0.611798179109
0.611681307347  0.523840958816
0.438085317813  0.479967526534
0.455859565641  0.580472342649
0.506121951807  0.697958995197
0.529675115249  0.367511794473
0.480220591636  0.428355865319
0.641502668283  0.534097368727
0.476465720066  0.509007472099
0.694112632907  0.452051157364
0.607926712024  0.527542152142
0.454052837392  0.467464026953
0.282919218319  0.373688210666
0.676824215602  0.282922823046
0.394886390379  0.48305839474
0.630765002531  0.671309402556
0.477788598957  0.430331982333
0.454846171365  0.539804496902
0.456527451894  0.50492845476
0.491014903085  0.459183612257
0.46984686503  0.530318569733
0.537145321029  0.407156532474
0.306725849772  0.456481547305
0.460888129678  0.374969883282
0.428395528608  0.568368076755
0.459938952264  0.450131777226
0.400902321713  0.406954739297
0.651833998453  0.557148059036
0.390306574874  0.368854490791
0.603678923201  0.422093654378
0.484911327682  0.457567990738
0.518082527514  0.466223365184
0.487262216014  0.521438545198
0.617028834721  0.455975440348
0.529354298423  0.568392281117
0.567662735959  0.773378400984
0.434557981076  0.492488427361
0.615328880647  0.374064462671
0.44109148144  0.449141699455
0.501117030957  0.334334875277
0.439343993939  0.474105419228
0.523155681169  0.422576494543
0.510042320692  0.506186206821
0.465517846908  0.505561891632
0.60450733636  0.429165449268
0.291463585874  0.398856753148
0.447004162552  0.65420924787
0.530971299511  0.585828198281
0.31392502931  0.610009361842
0.560667058734  0.55154513248
0.554138274187  0.380851390656
0.393925574256  0.517721150754
0.342112472429  0.51160461554
0.468741108133  0.507745683283
0.345455625728  0.414262671828
0.475944163638  0.348171273811
0.35884065284  0.396828543246
0.40697479916  0.535128500025
0.628408688643  0.42113447095
0.419967015557  0.460758076175
0.632014031102  0.494679310335
0.513356335242  0.427548751013
0.273768469534  0.453881947518
0.659513948388  0.374297499795
0.493546563055  0.453037021874
0.617918495893  0.507340355303
0.452941935959  0.47007901066
0.472331213691  0.570225355236
0.51443720473  0.67900585139
0.504240187986  0.336692655991
0.5016767616  0.634875017035
0.520468257288  0.617857038288
0.474805255277  0.624719795365
0.643555380152  0.670718172193
0.506214729242  0.493319357752
0.423358529727  0.55188295223
0.447773872346  0.379060681251
0.450053669236  0.522780610324
0.45902599266  0.527396654586
0.427668326881  0.597223712324
0.472901463859  0.632040490362
0.508732564827  0.447825219853
0.408500335082  0.401724942738
0.446650137986  0.523313182565
0.424282475518  0.478740530923
0.42795461197  0.430184435674
0.660077118358  0.321931056111
0.546903036197  0.59226178213
0.527885639138  0.340893404769
0.468096633911  0.324530524386
0.48543123327  0.536014020349
0.559891912035  0.523702973208
0.45789877605  0.286682799748
0.357490456936  0.51559609866
0.474994569608  0.503206669508
0.531651544578  0.365758480795
0.469108424558  0.64957251879
0.496231795917  0.418274324401
0.467667097427  0.35932831849
0.306551040953  0.604038050483
0.544330308867  0.275600351548
0.601770315097  0.775458384916
0.490412181739  0.635831687076
0.34279024618  0.449710354195
0.551174879809  0.474185687556
0.401627634122  0.515905540526
0.682588848222  0.565875412629
0.57252580412  0.407056724461
0.505332221478  0.470678036755
0.460133742269  0.396440063882
0.399696660333  0.466139060222
0.423514982056  0.487378001935
0.59690717077  0.578273581232
0.437350379165  0.337785628692
0.652225518347  0.36860280361
0.488470742553  0.289741895317
0.40975324763  0.341278031413
0.485438210799  0.464776729175
0.498872892899  0.61378610872
0.492193519582  0.494106394361
0.618912469851  0.642836751888
0.485465997431  0.440643467327
0.546068775229  0.441183718618
0.388524292045  0.494752656806
0.714574937716  0.441104811999
0.64448502296  0.396296514656
0.524410868409  0.539328445304
0.641773026286  0.750211949362
0.347395146852  0.442729476331
0.376289386382  0.426825118292
0.552007587989  0.574744528703
0.437680267979  0.432098767951
0.510026066431  0.414114959792
0.699263742996  0.604999659879
0.415050125406  0.523451210754
0.544321794582  0.524697674722
0.437332855655  0.410918306093
0.381583078882  0.324845426208
0.4975595105  0.441406425631
0.427537880647  0.565148104069
0.454574791147  0.67443854282
0.370111786471  0.45988858647
0.603983449307  0.684720173825
0.395566921299  0.575396607922
0.537055102745  0.439925100333
0.614172751532  0.644017163807
0.261419348988  0.403551898799
0.465400606686  0.322911512095
0.258882212929  0.453089446841
0.63538318274  0.565721445871
0.36066900178  0.684387255653
0.412958545477  0.502859774534
0.431623779901  0.49451720568
0.530983562243  0.492575567285
0.481585644215  0.37527709699
0.441164267428  0.579352052526
0.410291430259  0.505223119511
0.435120936361  0.638492729531
0.436119858445  0.406609231478
0.505206290771  0.531255544286
0.523878919164  0.527002338487
0.375038813515  0.559356528536
0.479272748236  0.316507942332
0.484506021202  0.611560984044
0.398959695964  0.416492695144
0.546244120113  0.436968223248
0.662820451822  0.462111539742
0.380210341995  0.521795922266
0.403444295418  0.367185932735
0.399776669578  0.395793147141
0.607431415546  0.35557678463
0.492399447719  0.472991778192
0.407417101911  0.400004116746
0.636710200895  0.498370231477
0.51687759344  0.439072447008
0.621497946499  0.424968421556
0.658180110291  0.563992967061
0.307405748205  0.542321091832
0.291426749898  0.554056214819
0.587828840812  0.497151782697
0.370737759938  0.504240967031
0.387367011526  0.486976698435
0.459997894568  0.572494777805
0.341086961447  0.611590379206
0.576637351731  0.515445709514
0.554503250585  0.608849258648
0.219553014945  0.227249199776
0.631346902402  0.467955738817
0.823385874788  0.478171507646
0.452228310661  0.62317618938
0.526761393132  0.596670430372
0.530625071772  0.404124834723
0.386301944877  0.430351890861
0.428345405662  0.536410054407
0.369171831647  0.292967889885
0.599643616633  0.526695719514
0.465024119917  0.505449852757
0.402692097873  0.449987913809
0.392839199696  0.338695342445
0.287274429296  0.428106582529
0.594704238831  0.490651498169
0.522156257075  0.446309773666
0.324179132902  0.415384164671
0.675192729133  0.403995521513
0.484928238696  0.668234638758
0.348594974115  0.3082155789
0.504057427619  0.363663926265
0.413351808457  0.518787584531
0.580833533205  0.381361265732
0.37165113407  0.319134989545
0.531039414603  0.440277313873
0.645345707706  0.419372279667
0.491020175724  0.396366994335
0.454505917374  0.500602277128
0.521487500299  0.428137978462
0.56636340342  0.657262611757
0.474095245394  0.542859365762
0.381156910076  0.439789979982
0.590329178615  0.490133052317
0.519568953765  0.512110889599
0.460297059666  0.475211502048
0.427257220859  0.507321456631
0.481478518591  0.517372810156
0.297551782039  0.509494665643
0.529942660728  0.482117049829
0.406878301778  0.408764340132
0.471590821127  0.545201951851
0.346127066661  0.41364067607
0.316290418688  0.825618095389
0.445819141104  0.396596692486
0.462945661807  0.500037505725
0.378115152795  0.336688712155
0.357288529872  0.524639810861
0.412536461772  0.587136298326
0.427893038375  0.613528218535
0.433163226466  0.228378965249
0.431849368501  0.535202187329
0.351561403788  0.433359294059
0.480242004193  0.518687649449
0.438672264235  0.47019706699
0.404497453518  0.428575013753
0.387300294384  0.494985890303
0.441377379812  0.305941138461
0.436782405843  0.462081607259
0.46416268599  0.599616775854
0.531003591141  0.455460643731
0.381798977089  0.615055422892
0.518038157257  0.51208772292
0.507075763498  0.43502010888
0.485963354577  0.630298412308
0.512002796625  0.365007861396
0.516584754033  0.494105945649
0.408428842628  0.580364411967
0.420579790359  0.390333489397
0.477366768927  0.526202388547
0.423456054219  0.580674084659
0.616891754597  0.367470936798
0.60566094304  0.413084097217
0.364271816836  0.56782005648
0.541092226241  0.468121494826
0.676609529814  0.37618538402
0.499409205229  0.645927829756
0.256116927094  0.249323963814
0.447108683729  0.533211559458
0.473663423509  0.428988684908
0.411827702796  0.382816690429
0.491706835463  0.300069092522
0.462948088113  0.328670106614
0.521869837388  0.498518886268
0.569466331711  0.496984080385
0.393600299977  0.559656848117
0.579424688351  0.507286334077
0.405196823259  0.585914984596
0.445864598636  0.304492961949
0.497338013825  0.451771777135
0.447576802073  0.556543828046
0.514042417522  0.410136219504
0.527045264932  0.382765353694
0.461860726744  0.557710491094
0.72781493273  0.538356889525
0.590124702931  0.389106465841
0.376740615887  0.463239060429
0.486986060943  0.40331592153
0.285281133275  0.573042944358
0.639357871785  0.376190384711
0.590334791898  0.347791669296
0.567332995251  0.747382759253
0.530401249557  0.411208847573
0.460195412267  0.373590807976
0.662778152991  0.550737343682
0.538855280812  0.433058930284
0.612270513673  0.378951469173
0.446762003822  0.498343471392
0.574578315687  0.433104087761
0.650549451123  0.594530637365
0.528421932543  0.548669102434
0.645459860996  0.615202673435
0.533315509389  0.426570692923
0.415871536722  0.555196025059
0.446219311104  0.390957783637
0.436976602268  0.395192074232
0.403758669302  0.461851889517
0.417934097212  0.469333081618
0.575483218275  0.352993730474
0.608905652942  0.655547993044
0.348519043764  0.635268960166
0.413314130106  0.372340505175
0.57764566019  0.492857125293
0.537329992777  0.487994379449
0.351381822087  0.337811505529
0.446684897839  0.547353691994
0.586240510281  0.572525287896
0.231458592575  0.543630667604
0.511854873588  0.588399984169
0.39720064416  0.533190761787
0.333330491245  0.429413510921
0.367664779976  0.564805993446
0.217630960604  0.435759127814
0.520783398595  0.494531934933
0.437630581395  0.521469575467
0.577052182434  0.360951086922
0.413461593427  0.378957180299
0.651741998775  0.44455787747
0.69184591539  0.676870701394
0.426432987931  0.635908000716
0.50539685545  0.501096887545
0.672438421912  0.339006919243
0.407955328426  0.408942349998
0.663460465404  0.611408915845
0.444026235455  0.397645796922
0.39974722622  0.440962615043
0.393557362051  0.580927648161
0.546020627647  0.515921337052
0.405722485733  0.414676537661
0.384037555056  0.509538140535
0.458728055021  0.512808899859
0.37852811602  0.719761718174
0.484216630738  0.252906614361
0.484332061807  0.365711378442
0.630415860937  0.458341545104
0.431472381489  0.3664805242
0.533799999726  0.41768275896
0.526970674633  0.598306121761
0.5583352649  0.629929169173
0.345330905397  0.504568659839
0.630720306202  0.584871015101
0.571410154471  0.452506005758
0.621436711692  0.29266867804
0.536820893769  0.439154364903
0.613254355597  0.469142587351
0.543136559563  0.424056812506
0.463437812669  0.588062152989
0.460158113141  0.64631276376
0.356752999166  0.490429842849
0.427855016206  0.606806987215
0.56397359865  0.490211584298
0.557692149502  0.481101260084
0.535105224125  0.455728925597
0.526559852144  0.35354925912
0.282354735314  0.429433925678
0.443029384992  0.656798371115
0.275133977341  0.53292046674
0.387629639  0.692784543441
0.490752351952  0.499455584946
0.39177182965  0.625709123068
0.486614961809  0.522156558548
0.673567127617  0.447394536073
0.524820408745  0.490568878693
0.438535904274  0.598696579651
0.506021713451  0.499366457689
0.396958465242  0.462985016889
0.766205663554  0.429561711803
0.565602437451  0.542622264615
0.413205355716  0.36794951859
0.539066176424  0.673830034109
0.682151471237  0.526722050839
0.512242915046  0.305827564433
0.466253185133  0.49549613985
0.431941971531  0.496541812703
0.422350436636  0.517834122507
0.311211029385  0.383291999746
0.40595949203  0.569486185082
0.375035340227  0.563456820563
0.455486910498  0.517903175895
0.467980506685  0.547703535416
0.502159441415  0.390393021345
0.56077920453  0.485675411308
0.635021264503  0.332651162941
0.602971326484  0.460703553438
0.408613428832  0.442118247016
0.618831505045  0.462175380359
0.595292639036  0.366060642161
0.499958109104  0.399058999059
0.576316448828  0.54189200418
0.448746401375  0.490304953172
0.483767898462  0.480206138481
0.398783593215  0.538749355918
0.47611482855  0.341546809944
0.504884616463  0.49875969305
0.471055737819  0.483149002753
0.376083079535  0.448899994908
0.66836780206  0.530452687496
0.396518873004  0.591552794522
0.356125430465  0.459094424333
0.387250116465  0.528780370905
0.53957465503  0.487074387908
0.434131316186  0.485671850649
0.448064824731  0.633861567215
0.408924938904  0.375884904277
0.589198568721  0.566376039349
0.331247081964  0.69391543601
0.230438632946  0.506729468059
0.49628294954  0.696683947234
0.454791019704  0.557160149254
0.499285854184  0.425262566144
0.532641080741  0.543115773301
0.642012028985  0.531880600911
0.432317541317  0.357014510649
0.503458431176  0.398087044027
0.579354302453  0.495956026883
0.552740683925  0.337379242387
0.267484254764  0.510646107229
0.626830074425  0.456296906347
0.47994057219  0.537847012077
0.56315637864  0.543367695409
0.424487729481  0.471676778707
0.53896260061  0.377846888384
0.416911209039  0.654405828742
0.309787874579  0.554059221062
0.472469660877  0.466064713445
0.5427898774  0.543964724605
0.503495746332  0.473024476271
0.554263630507  0.490515823406
0.598450771545  0.532478172531
0.472962704933  0.455766224215
0.370082098328  0.545505840566
0.393180926265  0.535968347639
0.481361604345  0.36333864976
0.310849637075  0.473829480002
0.391539638298  0.348229111487
0.67346276184  0.495425166946
0.661685922541  0.604658082206
0.488001328738  0.376870453928
0.424908401521  0.384904798697
0.580967082194  0.497072989506
0.408355936775  0.317707806069
0.528271873723  0.343949548047
0.548605003854  0.540052209711
0.461643980588  0.341281678476
0.624624732256  0.731405697408
0.500238985475  0.251706487107
0.405860130435  0.422692184328
0.555781695033  0.328996213859
0.609819878176  0.525920382673
0.344440020025  0.647899418857
0.35735743013  0.430959724092
0.354984754676  0.368031488642
0.428390849678  0.733839230046
0.710445575154  0.412873012915
0.40544506178  0.374391819754
0.367965632478  0.473621741718
0.739173493743  0.435641532599
0.39107887146  0.715418412284
0.646416048809  0.644868571193
0.3997451874  0.291050313647
0.377326281712  0.419311126432
0.522515754315  0.526710703295
0.345907579358  0.261840839434
0.532100183993  0.469779084734
0.520153560067  0.423674657929
0.454494123437  0.481838477307
0.561142201898  0.702675059681
0.505945952614  0.466723551824
0.672983586233  0.611719199478
0.454964763172  0.436691799737
0.34991873684  0.468472273871
0.486804076276  0.424117034891
0.551142529298  0.529881258843
0.451396699666  0.410673392072
0.504944888665  0.322600160898
0.507541025229  0.406895973546
0.507345755483  0.628835516083
0.467634571348  0.507834598339
0.525907678568  0.427841157756
0.508351487032  0.467372645831
0.50287703417  0.440069720145
0.434021725322  0.509157130194
0.415549424033  0.422350699566
0.521748586654  0.565502022759
0.477168138448  0.403988173759
0.645868051098  0.387910111735
0.59228640298  0.406857925815
0.581651095551  0.569606512158
0.432548170311  0.495049160119
0.463302376117  0.298809685601
0.499892295352  0.293101254908
0.508124734041  0.489693010743
0.453330643783  0.332893685214
0.420583780766  0.441821350038
0.495907029685  0.379789479574
0.447438750749  0.571565074328
0.544650378472  0.301427427724
0.432280174516  0.610286456023
0.431836822062  0.627003816524
0.40023826017  0.481493754402
0.698153979504  0.498801817374
0.47675353024  0.692164367509
0.390469168107  0.354744666141
0.490128243463  0.482782954157
0.363865093172  0.42420977531
0.481474178347  0.503438686012
0.245176775794  0.365815033797
0.520007712914  0.458044934437
0.455321459033  0.519373271019
0.535312683478  0.701170583328
0.386555564676  0.484977695381
0.389464775667  0.531499991741
0.465527665802  0.520774263597
