0.462550059099  0.633606285495
0.511391351223  0.518351817131
0.487407721572  0.4182048606
0.394985870377  0.720808868669
0.430496290427  0.662106069884
0.394101631898  0.456163473953
0.552427832356  0.362330734534
0.592225788269  0.418358428187
0.426669481364  0.686632958719
0.514262828432  0.550200412952
0.384710007613  0.482940580777
0.496902903641  0.434173334322
0.421992619275  0.6170785839
0.463497719965  0.490153464489
0.515922752358  0.461765267385
0.51869319424  0.61135017801
0.653155579998  0.419100139286
0.582143314301  0.519480608198
0.41484786402  0.580701147515
0.572241966496  0.433325074662
0.421680393997  0.659065988252
0.659958385291  0.323344403605
0.541969687071  0.543375316797
0.504608388742  0.622991236001
0.408234717497  0.521237057113
0.412449797259  0.58416765036
0.520243115907  0.727483844026
0.465999370726  0.508191395092
0.575674537217  0.563653342039
0.377321583636  0.604209472494
0.440257401067  0.50620882297
0.435507811321  0.421696491264
0.32595449042  0.493355048975
0.381169098063  0.350805463939
0.551367190621  0.394993406191
0.483173892276  0.62267755537
0.35428453337  0.55540404247
0.470445329536  0.600398694363
0.540316424264  0.384839562636
0.541711537821  0.557155519082
0.359366200745  0.506190677692
0.534430294134  0.454013020719
0.38099931912  0.475313590214
0.536310403133  0.453809589526
0.596339620387  0.444936576589
0.66253988721  0.501078306062
0.324962647462  0.488647223846
0.602503359996  0.401773035866
0.597940647735  0.6564451167
0.5822275724  0.67458231584
0.454837810179  0.67313213617
0.609078202421  0.435035858912
0.5065958089  0.384879622408
0.448521546062  0.538171449908
0.470152403457  0.334338165631
0.286639890525  0.414271865908
0.528076910928  0.350644931712
0.573533212873  0.526881260026
0.474914438131  0.551296817332
0.385207599593  0.647201664157
0.377036603535  0.416835835554
0.530540073759  0.482316157971
0.375895924287  0.659363048388
0.480568873126  0.569308207175
0.403100753213  0.502759954286
0.460577586558  0.47134078692
0.827691086647  0.569608121494
0.58011174187  0.440606193751
0.572298085839  0.512822927798
0.530595804223  0.4750298962
0.510135035036  0.402615962239
0.457503003246  0.389878026472
0.558371151407  0.470425582029
0.549488897356  0.615855085434
0.63125873982  0.444811334427
0.487336147822  0.341602563055
0.255220210312  0.567226563201
0.469468157897  0.485957157169
0.438147201025  0.548266765208
0.572011753609  0.584656174493
0.560938615632  0.458976466553
0.509422335654  0.531651569843
0.526705803855  0.565693283675
0.600939305336  0.491109130888
0.548737447684  0.369037368188
0.461216844628  0.592785524889
0.441097301259  0.414058539016
0.610727568049  0.481894238795
0.331104995233  0.604403738059
0.442627641344  0.73942433779
0.589860777985  0.396151949923
0.346826623406  0.609427839482
0.509534104752  0.618404951675
0.418119424685  0.613839981417
0.543035535595  0.659338603151
0.430988050338  0.632980296528
0.601159253205  0.435518214688
0.350700569884  0.402952711383
0.496879570665  0.630138734647
0.467961635432  0.587773404108
0.556961985596  0.554219080065
0.547565486734  0.481432234027
0.474305356559  0.616268149779
0.655209557286  0.475769850427
0.383423240824  0.505157727163
0.688354527925  0.562102119685
0.499273878019  0.628972207022
0.444904666073  0.553404306393
0.435665881575  0.565501391862
0.440680365116  0.482713735951
0.470172633205  0.64941757438
0.429252545091  0.585861355146
0.465878265311  0.377257528541
0.376023390426  0.577801868093
0.513008179711  0.467801868716
0.454509049176  0.477086953116
0.41297003819  0.561713870098
0.532944861148  0.606796472216
0.568734180279  0.495401208654
0.560996783293  0.512303906198
0.338521956721  0.498184415119
0.553930556651  0.599235603922
0.458472490856  0.61466486906
0.397774749637  0.530217253924
0.617525508352  0.509539856194
0.465074763953  0.561856783062
0.415906372182  0.572673167156
0.507034324819  0.548348648738
0.524111035998  0.463993583212
0.572847182359  0.695747017341
0.374563675017  0.37895276388
0.549696243192  0.300228451345
0.673281951458  0.652637766573
0.590840907819  0.55006665202
0.2775176789  0.472590060501
0.716470080717  0.499700885631
0.429088993264  0.556375397391
0.744064554744  0.36636256382
0.434752027  0.464813082774
0.554695436889  0.514893914832
0.521121853202  0.539206605722
0.484093585157  0.62750765884
0.426927496185  0.481132597656
0.552654676657  0.561242027344
0.353111794409  0.383011821553
0.428634388947  0.400576692902
0.583752546359  0.456649737688
0.358393271832  0.480984660912
0.457579790416  0.44001486847
0.623180154181  0.533281113539
0.57101895122  0.616035649422
0.522239384099  0.58450584897
0.487494298734  0.383246826883
0.579990336838  0.317784470855
0.679344070882  0.534139916319
0.409222457874  0.556729484976
0.639493896005  0.615708716944
0.555930491355  0.419726660539
0.417523774177  0.429699787764
0.473852634674  0.665887548635
0.34408020136  0.63299350463
0.658623142067  0.571832696601
0.506188889803  0.592413019188
0.640777492859  0.591633342054
0.549124385958  0.338780612159
0.566057002282  0.614855012877
0.367811091151  0.554482778315
0.508555550446  0.487252657943
0.460068522592  0.54536058359
0.529341136083  0.407839459801
0.531343331811  0.263604817555
0.634950890913  0.359829710931
0.486817959654  0.613104420259
0.542780899396  0.575855074243
0.43369857466  0.538681342631
0.608795170965  0.30869240858
0.529525338508  0.374845596339
0.491050257442  0.52313518707
0.52725845797  0.498451431908
0.53283397399  0.56341596252
0.590428123079  0.701199885787
0.436903401384  0.485701954221
0.647029816178  0.779626260582
0.458281160655  0.461903311489
0.687271753155  0.631165654911
0.479352826595  0.487582583713
0.2993325741  0.609627153354
0.430331925424  0.391397744782
0.455293516082  0.353095523656
0.615693591144  0.272767812443
0.473393795709  0.654392954494
0.52979725503  0.517740290687
0.577117052901  0.344550161429
0.672203248089  0.632494008386
0.499835251842  0.614844293437
0.432456068814  0.372821018106
0.479036200033  0.387758248955
0.423174289246  0.388593945559
0.642091262101  0.518417818056
0.574636225419  0.418117900347
0.629826524441  0.550715024231
0.550640025318  0.528916967428
0.348098657289  0.599362749037
0.497463789061  0.408477571314
0.5165894662  0.474486848307
0.582111659313  0.40620669265
0.591581884181  0.562945862345
0.599389390438  0.542627684036
0.432079339385  0.371557680758
0.566380494738  0.504828721975
0.549913374714  0.514219663425
0.575916385782  0.375237439137
0.462468208444  0.472586481948
0.412952023927  0.604706732906
0.584347764933  0.635021988324
0.381506862449  0.415569483748
0.42572054465  0.485475591907
0.419009408899  0.452152303377
0.542891396984  0.502090316102
0.624695228423  0.487468761147
0.40034544273  0.480607913438
0.376338162679  0.549085743461
0.736531742781  0.37607889683
0.51489290909  0.60842766899
0.433297448915  0.584760876762
0.369781257702  0.639647877459
0.672370274076  0.61427245264
0.316025278256  0.552739565359
0.537404480009  0.412666622857
0.52552563107  0.358010643588
0.533450627071  0.630288700762
0.418108005699  0.399764031869
0.455889458028  0.431121965501
0.463618667591  0.478350784158
0.520727756745  0.434159002039
0.495547402598  0.470770269508
0.424620131613  0.440644773391
0.506303339552  0.370902424311
0.692203301957  0.515997640962
0.507831669806  0.448187483411
0.449728358449  0.325828210671
0.407431985865  0.419465295971
0.63542214408  0.177156469868
0.440547048288  0.530241791151
0.61020084527  0.500869395346
0.705390345047  0.539248215184
0.383029213687  0.569142898137
0.568749942572  0.535225621056
0.611022503827  0.487476228734
0.470783966763  0.467507812701
0.568317040674  0.625330389538
0.553450011724  0.450141676879
0.452643460676  0.622304508739
0.336593117167  0.368386473143
0.509646884006  0.637172185993
0.512156963469  0.513361737676
0.531652297468  0.56008428113
0.528502301898  0.236876899884
0.501039480939  0.477992669107
0.502752435042  0.42607035633
0.522969087663  0.609991331697
0.472649299319  0.437970251943
0.571449477529  0.612621077281
0.286343453628  0.531348846126
0.408387293518  0.431233770174
0.624630340089  0.653236847622
0.45066280649  0.645128328229
0.485292457886  0.501706434962
0.54714073817  0.398743988234
0.527216316181  0.203928477105
0.549920268097  0.550159784095
0.425812519222  0.319462211644
0.455037473787  0.502844520778
0.748319417454  0.399263543966
0.546456723261  0.504591131395
0.446888344406  0.458734889454
0.496676960244  0.613082557704
0.742156870834  0.642870450273
0.70606497494  0.427921249795
0.562335220096  0.606858999281
0.458503046077  0.556763015451
0.442405890398  0.539493347878
0.418209892504  0.512437908337
0.336624505309  0.348073075909
0.591312612335  0.39256387294
0.664342965593  0.552763976074
0.433019646221  0.519933882527
0.593402690528  0.574545378862
0.419537342529  0.516468935963
0.505996687615  0.326667701827
0.517073440257  0.658131459031
0.525272730823  0.655950788911
0.541726173355  0.56837956271
0.516666506569  0.31690291044
0.422891113498  0.556796298699
0.447397479404  0.582431048476
0.295204068167  0.366755395086
0.658290321517  0.357064872517
0.482061169014  0.613171477495
0.606887867464  0.390950632606
0.479073918033  0.379199637308
0.710245366288  0.311723635615
0.505253402592  0.55137423922
0.597325470071  0.307113948329
0.440679742298  0.512847574893
0.456315530868  0.578530113909
0.500897113879  0.368020658759
0.343846226856  0.473135609924
0.47526280527  0.539331410035
0.567799917682  0.593987536732
0.640454890553  0.480358871298
0.423188728055  0.696798027356
0.521347682015  0.57275381555
0.411280567321  0.445666466973
0.613794618448  0.398989812655
0.460246623852  0.480554895304
0.431187054387  0.37942773431
0.495447925783  0.399177271042
0.464199220031  0.497587682822
0.436009140833  0.801767284619
0.495086186693  0.50362111456
0.659395074665  0.491718806593
0.486424292472  0.623636335026
0.493649545695  0.406538459213
0.547186799472  0.570235351195
0.404808595646  0.677653340691
0.510202903309  0.374065728767
0.506106573974  0.448423677253
0.409023098496  0.6519110016
0.575865710896  0.405164802575
0.316118769092  0.550720645796
0.262702247243  0.592491153254
0.582063547592  0.471091640649
0.42649299342  0.598173339454
0.539924264214  0.525104229113
0.46475352222  0.595944243763
0.371155475297  0.575513662725
0.474630226337  0.358988989206
0.479290610416  0.483267845421
0.436762310173  0.439351126514
0.540478064932  0.64746372433
0.472293093994  0.448360497197
0.536683039427  0.440000621809
0.43522816631  0.484724864341
0.530158609538  0.592147703884
0.502450855461  0.598901581391
0.612429874534  0.578236324928
0.694771261567  0.923904559455
0.467922061907  0.363751774747
0.382511168127  0.588530083062
0.777505053703  0.492444861269
0.496665786397  0.691278257938
0.742932114545  0.506057033952
0.507953686844  0.547625298427
0.420741684743  0.46970025713
0.574038416191  0.65012344489
0.641310231849  0.54894573797
0.57517904591  0.558227869022
0.496026028551  0.444158438656
0.472432486562  0.522752601418
0.53971264724  0.337156618431
0.509039268354  0.32211323862
0.468048975874  0.436384342078
0.369419585201  0.539979686643
0.586503929364  0.506468173141
0.522829246353  0.247585854692
0.506585582133  0.41563019576
0.498850377464  0.35811037139
0.264415576245  0.624987014558
0.477056432254  0.553406245009
0.631264900365  0.543287125289
0.333166228314  0.484788745682
0.375891307979  0.616669555287
0.234057389965  0.548175254235
0.499943210089  0.451671348959
0.314834071062  0.534781319062
0.618016690221  0.483880939122
0.521666587433  0.538443603533
0.45768607471  0.42476586605
0.44688227462  0.412903925252
0.430900301391  0.406555224229
0.297338280146  0.552658071927
0.628028467607  0.602723474755
0.462408102163  0.366115007107
0.398020102929  0.431129803779
0.268615044568  0.442076328271
0.547577532858  0.531336839112
0.445146164269  0.592304842698
0.659841149027  0.551896619338
0.543168862842  0.55854100648
0.468457764985  0.369034082635
0.569963042423  0.688172352592
0.523042150137  0.419301243275
0.552254580813  0.581917291998
0.432830632726  0.565830783525
0.500152424107  0.454186766584
0.602003808709  0.569098289594
0.473339712256  0.471523711872
0.455411674025  0.511938530014
0.501339312986  0.636536373222
0.571428866003  0.469950902857
0.595065650057  0.468917181915
0.626997599371  0.421086324068
0.519811030753  0.526394533193
0.562596509089  0.593730911026
0.557927374402  0.521302913628
0.413202710356  0.382843046494
0.573246264595  0.48619572025
0.439257366347  0.354911542769
0.446036491754  0.629066606185
0.416570080712  0.438471478544
0.562698698903  0.469019044358
0.643349240042  0.530176883596
0.468194825413  0.547479196805
0.607118871342  0.398249599694
0.576152953363  0.476198066229
0.476060331285  0.434166761913
0.45874840199  0.775278714883
0.457816555795  0.417170839961
0.357317650618  0.444543379716
0.322045732548  0.66124572818
0.296753686024  0.419739870612
0.538604741392  0.421972722969
0.443518254935  0.403803626197
0.529965010118  0.386927708514
0.514728750471  0.552527835064
0.789187161746  0.402960740971
0.481400930153  0.3861772452
0.49361165316  0.47912719107
0.451987298336  0.507719643463
0.383716314578  0.666808114666
0.548005931596  0.64842431645
0.553483049155  0.452483649303
0.428220845794  0.454686667064
0.472901536617  0.631279812481
0.557857886043  0.356050032633
0.499726301261  0.591354935662
0.66130637355  0.40326795299
0.456090128382  0.334811123389
0.463565902528  0.558825618659
0.56146873413  0.339489358047
0.414708968866  0.306774218391
0.497661407645  0.510516515712
0.676679707068  0.462718704531
0.447505451716  0.549396149618
0.516371080908  0.358423756174
0.434159922582  0.441685347691
0.475509140308  0.412826848016
0.557932254307  0.452050864725
0.612656675728  0.492483240286
0.561378943763  0.458839457968
0.343322883147  0.35709082053
0.515193781143  0.419772324064
0.524943909485  0.645691877597
0.633592155711  0.499778753186
0.472995723748  0.441420042063
0.515259453446  0.476173170928
0.508456261982  0.428745152746
0.491304196022  0.640311381836
0.616720658554  0.572898419018
0.490094465471  0.439587498587
0.568896745483  0.52965291235
0.6523442413  0.485500989443
0.481720217607  0.409332115815
0.536598035291  0.48856254305
0.428067728516  0.479144103938
0.518438442803  0.498846990381
0.388512599251  0.614449133421
0.392705050094  0.393948536465
0.512048130052  0.460556076629
0.47349196288  0.636171727809
0.539371553424  0.561809209849
0.599754399408  0.497692880047
0.458813365244  0.697356454343
0.392423958133  0.306060742559
0.591268022187  0.386303880129
0.327157902821  0.531874856547
0.440011699634  0.517496108346
0.634999624964  0.474365645757
0.402996145497  0.531397661093
0.500261564236  0.417043535639
0.564561115274  0.501711837199
0.529544474504  0.409644913806
0.408368123467  0.633667647373
0.24741953661  0.393661239015
0.387111518466  0.445248183942
0.59374261776  0.53044335234
0.604192021354  0.592488592276
0.43969230889  0.697218479381
0.52724517107  0.339121395374
0.607145209104  0.502189508543
0.288154451243  0.500820897775
0.493788429794  0.616200914463
0.565938328805  0.464334106299
0.352616067012  0.635986580446
0.411747723136  0.498732441298
0.424147191635  0.535596204526
0.517165365326  0.493178486608
0.518615900451  0.424782869506
0.423909377679  0.531312900208
0.530347999983  0.482980775083
0.513682513483  0.409949566019
0.548914611623  0.470070062038
0.373940730121  0.387168536296
0.445632501183  0.5547110107
0.541641053265  0.446758519073
0.581837810903  0.541770389073
0.431036293098  0.423130895727
0.528661328445  0.537704794442
0.615370837313  0.469811765625
0.427906036706  0.433184127582
0.452573475181  0.497051252079
0.363058111104  0.327938098187
0.415429926604  0.416361487767
0.495455846003  0.577272904812
0.652100342517  0.495566010281
0.593980588242  0.546803161718
0.52294754139  0.476563981479
0.439160740988  0.418486211798
0.499211950381  0.493923575892
0.464480691068  0.427450682391
0.484427815116  0.502125214391
0.473546571618  0.532965395556
0.421193059318  0.418473825348
0.452302714503  0.446494716469
0.474244625669  0.512014236358
0.469939673559  0.378721835645
0.529137384051  0.49281006232
0.488322715986  0.555398422043
0.43322413982  0.329066911023
0.50854171018  0.60464861391
0.542369557114  0.78241456897
0.390855094797  0.556945072221
0.490080039652  0.539733946777
0.313215689112  0.539869171223
0.542958535872  0.522450420659
0.554058959612  0.567296246382
0.682188037519  0.425076616126
0.431515152034  0.518368595332
0.623234398872  0.492995730298
0.450590472557  0.528813153967
0.211769470355  0.3266605874
0.51540725926  0.33289250449
0.350919354869  0.657876399788
0.563375056067  0.514490567073
0.507268005381  0.28732340512
0.391646534884  0.46536572814
0.509710067123  0.327311779677
0.418319368871  0.46655217492
0.570987835152  0.792205506979
0.70567271558  0.606198936231
0.489540243255  0.472832311955
0.658621903951  0.476969255584
0.600539168824  0.490404501146
0.494134422317  0.716521905282
0.60319469367  0.590020499995
0.612746176042  0.487780051077
0.566082773927  0.483668174125
0.54782796322  0.446454382148
0.226151935062  0.563312267941
0.618245269393  0.402241351387
0.339926097733  0.619252612582
0.468556673515  0.686892090815
0.545824243883  0.609136600421
0.483012285193  0.516964025726
0.655307493864  0.562995349519
0.44066958792  0.514445108864
0.611431844746  0.519196032091
0.708636397654  0.460490389893
0.644937053542  0.553639523984
0.655487159645  0.519159725562
0.416622779756  0.394791243639
0.616461464996  0.358160691189
0.488528717805  0.489533796708
0.460595910947  0.527629465195
0.558744658748  0.413773854892
0.466688929462  0.367728501434
0.501302431981  0.671716997302
0.625513240194  0.434511752784
0.380025436349  0.293732305736
0.445825327102  0.331612671916
0.578654973349  0.412587606073
0.594369194873  0.658206179493
0.508085490042  0.575546549169
0.676465053381  0.684034753822
0.450232653088  0.471107262691
0.449170148463  0.481341285804
0.512953568479  0.610430367543
0.600745737668  0.46705554293
0.569789086664  0.433266298524
0.685666854653  0.509162476445
0.528275685964  0.544674975852
0.39439111526  0.554469763163
0.609943076988  0.461377123267
0.641420825999  0.210852953439
0.503455295057  0.618646363014
0.557074726943  0.475507721274
0.503589703693  0.544499531437
0.431678464772  0.495178560479
0.40637562752  0.510867137318
0.455142718849  0.565723440745
0.530902403123  0.446131911274
0.699416889932  0.467547167246
0.510926683435  0.513192209779
0.584436259152  0.455130918213
0.463843611391  0.379152252696
0.447724688649  0.634106524522
0.427684268251  0.356638621647
0.413247236366  0.633452713108
0.357233769877  0.616841956054
0.357158051096  0.522845125393
0.650848642443  0.752579356934
0.503163240029  0.365953563846
0.578682559285  0.484123497818
0.441341167653  0.303399850024
0.34675918178  0.585340265296
0.503582670164  0.334788674493
0.452968305901  0.48784651886
0.629102173032  0.560542690904
0.50979937342  0.440003164139
0.470705449792  0.544660516569
0.568711624158  0.520609788412
0.548549448838  0.415648500612
0.364378296135  0.461014162833
0.146308544471  0.448833052377
0.158725878752  0.355748980719
0.445644538134  0.300947476105
0.416867920246  0.684705497782
0.334824345818  0.48043344288
0.533264726562  0.579849018627
0.42180218641  0.544030039546
0.456554233183  0.524641454922
0.402913762912  0.55566602196
0.547411817441  0.668579635729
0.53078056296  0.430433288598
0.528065375576  0.449551098339
0.376971020424  0.5952579867
0.536701645854  0.599086844908
0.477131454278  0.611203755917
0.43213809273  0.593379750647
0.464056793086  0.430868660536
0.664452545353  0.546183787675
0.563314256501  0.586733980013
0.525226660285  0.500783420077
0.539346050799  0.355849368897
0.315532373898  0.492955597527
0.703715515581  0.658062578681
0.457710170697  0.490885780102
0.517593158507  0.402211491848
0.364660551007  0.411516355183
0.468733105648  0.399540038984
0.39640716991  0.560581978114
0.658760150563  0.389501990485
0.468775722492  0.396162511657
0.341276330616  0.506962294411
0.316420103495  0.375687651915
0.429435049048  0.579463573268
0.713149298876  0.699966461297
0.451997890377  0.524721537231
0.639258046469  0.390418582352
0.497410523948  0.545745409685
0.478991340072  0.502329911616
0.444176778076  0.484430667036
0.515400441435  0.551227028974
0.510752043156  0.409052377623
0.536333080046  0.710840302757
0.351669448112  0.644098450313
0.563019317263  0.49313575136
0.526225878483  0.578312237176
0.640502456141  0.574100460889
0.714875515243  0.506241978455
0.449505706066  0.581767709109
0.594209728523  0.502967115255
0.438600849923  0.514850158331
0.457102688088  0.645040455205
0.629581152768  0.511399929284
0.430333437066  0.625288081761
0.334216710282  0.440523954426
0.410713801697  0.532456065181
0.474223046462  0.500784412212
0.345092028192  0.413644376057
0.515420323686  0.477083124355
0.603861724371  0.370790443353
0.505929568705  0.64429616077
0.42004095288  0.515955755014
0.495090148034  0.553337279084
0.335206963383  0.504817977245
0.541084633196  0.609646494113
0.494284442952  0.491345907496
0.489415213169  0.832255362388
0.30828888917  0.382679507329
0.685497908493  0.542082924917
0.621752728884  0.489653020202
0.668584876546  0.462593630069
0.643314747292  0.444053223376
0.456916734459  0.373794892594
0.576886177273  0.583345285157
0.478681436994  0.240875741765
0.587821795957  0.416647086128
0.505298636436  0.670759699545
0.455990887831  0.538732649487
0.274725700021  0.499294433572
0.456507695172  0.583625582026
0.460066440816  0.292617996376
0.358560651409  0.405272596958
0.462135164405  0.509773267796
0.49954496773  0.494295059858
0.530341370189  0.460846279453
0.53320149612  0.60298615878
0.333033820209  0.481668774361
0.521081337243  0.512662834136
0.427207854082  0.323702225601
0.434878822281  0.467264611417
0.478420164476  0.573302624129
0.46448649094  0.362609102011
0.518592613999  0.463686361818
0.498408225718  0.611492282333
0.644674013581  0.501533491869
0.597453857541  0.365573450397
0.673519457787  0.564598113099
0.501249279256  0.512689506843
0.424845837258  0.502710059047
0.551549303172  0.49054126061
0.367630539669  0.429856761385
0.484599224706  0.364355953034
0.367237521956  0.379108351061
0.544424374275  0.37187371317
0.542621062593  0.516012347824
0.470676381473  0.520663005162
0.393807315141  0.629225986398
0.512388184249  0.577629468613
0.40238472743  0.395327907444
0.809803319185  0.488948818447
0.581218253951  0.436728260678
0.605075701235  0.602488738236
0.430520964154  0.427488596783
0.272442341043  0.544579107638
0.498844969144  0.523334060767
0.439840340475  0.514257262436
0.358860554993  0.544541681729
0.451009160327  0.496387924702
0.453342209133  0.493583087284
0.46056869828  0.437091003237
0.401035329342  0.586672494813
0.470938131193  0.435333497168
0.413039751315  0.691204284689
0.591261174447  0.455597508511
0.658541857438  0.356651462709
0.53401680399  0.734944222006
0.231590314971  0.511863516406
0.578753712395  0.41825751602
0.455842902133  0.508281430415
0.47984734799  0.516877192535
0.625547013891  0.529868736513
0.497413184287  0.591231604623
0.391359129709  0.674103102832
0.546754897832  0.436276837903
0.610756210835  0.426494497606
0.355090305813  0.560723408182
0.537718228125  0.594836134253
0.490892138155  0.336715295053
0.422645567106  0.459774359251
0.539327245241  0.464306198115
0.380968784304  0.37826565541
0.395230034428  0.518945571483
0.323024704456  0.495660360693
0.64370433733  0.52444298581
0.363806693274  0.376291440395
0.442245866407  0.567443941964
0.501021875692  0.44416102224
0.458886352123  0.639125409284
0.669775621339  0.481752387773
0.637884493778  0.390114537384
0.541015809202  0.569759173627
0.482071584975  0.47892144029
0.432447132716  0.520373026421
0.469951492193  0.473708491243
0.190148685763  0.352535755172
0.467414637017  0.427739670069
0.53280507003  0.539329132517
0.5327079302  0.608034924735
0.462944285193  0.362066626106
0.464532330432  0.405380746709
0.453306688888  0.576059548856
0.448780245985  0.441986374292
0.356014480905  0.364507534347
0.440424135539  0.370342969085
0.311110694823  0.666383687649
0.339517590304  0.311671846164
0.464361668727  0.526762337519
0.579274119602  0.44218766287
0.411244708654  0.482041447181
0.436425800455  0.316680822627
0.576472946024  0.543290130174
0.67425529128  0.517359118019
0.562712526244  0.425251113675
0.576026777944  0.377474972348
0.52240008035  0.531668508392
0.750187176452  0.637895832669
0.445416265754  0.519281980764
0.497837827197  0.365774473876
0.625891933587  0.552158020057
0.535592767836  0.535896183452
0.540395454822  0.607802737549
0.662696661209  0.536622080128
0.682456126193  0.49332063925
0.571519823403  0.546054219173
0.500795316564  0.558234559467
0.44841798979  0.531247435982
0.494638302694  0.461328135926
0.530250263506  0.711825604643
0.538862117101  0.654570098266
0.650253750958  0.446438032636
0.467961423385  0.596551469134
0.509970277744  0.559821128278
0.448278817058  0.443974373605
0.42537635406  0.493441979843
0.573424103635  0.306784854978
0.392480254308  0.483704032573
0.529599910021  0.387514564802
0.634373773324  0.400155967348
0.409433673554  0.480068515675
0.467007471091  0.441944909813
0.440913983097  0.504512158405
0.741068301785  0.566707670906
0.398674806391  0.566090337622
0.320030289694  0.595488923084
0.516587226024  0.428331017737
0.529302330764  0.537329370695
0.408200059365  0.514669657669
0.561013617718  0.376548085824
0.406664250152  0.470712379786
0.598010731994  0.616306787358
0.425624288005  0.444194770583
0.681002241747  0.555010710988
0.588934920246  0.640435565587
0.513018238894  0.379269583173
0.557766515863  0.298786399168
0.653511984633  0.294844702657
0.619201054153  0.398066521116
0.632059770812  0.411438347212
0.461912350902  0.444377716291
0.48304747923  0.537104748074
0.545866551077  0.528247895094
0.367361750803  0.372564780645
0.549873346028  0.51281887569
0.563870878137  0.501651721493
0.566600080064  0.429813896566
0.505173551338  0.440606808141
0.456812599732  0.592379507319
0.555128446767  0.429228799958
0.459297773678  0.569532731592
0.493832833731  0.338693572677
0.475994395602  0.564980524876
0.418715191393  0.466748665805
0.538270642781  0.435202759131
0.449643266993  0.451124640582
0.581529325778  0.735496196882
0.461959168846  0.558855830142
0.485195713683  0.495687017428
0.481767747582  0.358234287647
0.462362413563  0.403551360396
0.491879512292  0.522144558691
0.314265576514  0.532107992006
0.521596638584  0.440425893952
0.461573040296  0.603352011278
0.438976601939  0.375974850279
0.678003753801  0.368970540192
0.543997858975  0.374166111575
0.640104296125  0.455706572631
0.318325006058  0.552770677001
0.35944689244  0.273878849749
0.140355044159  0.299274340599
0.500736815243  0.511774096705
0.683981276465  0.428400111457
0.350441306477  0.52967558873
0.572372027119  0.493736876017
0.485945794803  0.531254849462
0.610389471409  0.64102829526
0.562078485092  0.586524140692
0.543383646411  0.494494223437
0.669068274802  0.418824464168
0.639985481035  0.433521463628
0.532595926094  0.617943116566
0.682008430157  0.4986964165
0.49955652505  0.339581908173
0.479327092533  0.444051864437
0.595592687195  0.636187464652
0.597200492931  0.490392592653
0.432219073658  0.403067442541
0.406408023027  0.39838012422
0.557733263693  0.536119754165
0.375909230631  0.415460615346
0.557897318393  0.348880581959
0.596904756254  0.471916350481
0.317356481281  0.353897985319
0.540134803753  0.357504742392
0.285317181847  0.437747879346
0.471140595154  0.422162320515
0.443370856455  0.560607268959
0.446765552386  0.468113073012
0.356546282414  0.435889086954
0.455256834088  0.52527883245
0.420103604632  0.602730609349
0.504446470082  0.657359059194
0.409709080001  0.537767166611
0.513322771403  0.394617090435
0.49381102673  0.282496936584
0.359931068251  0.522832797996
0.466287498521  0.602717598691
0.461485091489  0.477609675037
0.560114444897  0.372130480174
0.515948437795  0.546710792922
0.469943685195  0.57129861359
0.594007355824  0.41321973085
0.474882623748  0.647363251465
0.422592196309  0.442586147154
0.509493529802  0.645168579405
0.417853848364  0.499845711131
0.368607254714  0.479753307537
0.657523728249  0.520400863028
0.618487161504  0.426336168261
0.54927383236  0.668003001148
0.538242497173  0.452024434568
0.387249943204  0.684398255914
0.635329284575  0.478483893276
0.562394349469  0.479253241927
0.533321790459  0.429785353298
0.451860260174  0.466785364467
0.510612854168  0.589426891722
0.524117357396  0.558417619015
0.493614074111  0.446151294419
0.308351337769  0.408529647844
0.284861478127  0.541129126822
0.685266451042  0.652658283298
0.520752895042  0.666871366721
0.431365313671  0.571844336466
0.543484284193  0.496365143189
0.46091028244  0.53315487965
0.45634981574  0.575050986451
0.557121389859  0.411611703044
0.278861566909  0.571194569029
0.53339003278  0.524174681236
0.545262973449  0.475055058667
0.560828671562  0.572897033593
0.524662449859  0.439508217112
0.532937130775  0.393678589912
0.513191415963  0.468670603788
0.58435287697  0.552823922858
0.474336068876  0.35904095577
0.599244743554  0.507626406678
0.307366637147  0.471990021602
0.531676485467  0.696332623602
0.418991850416  0.49982856843
0.718840860932  0.396957134236
0.538407229723  0.695880212449
0.479050503579  0.598082372038
0.486447211234  0.430913970059
0.578801128302  0.46956415153
0.521493715832  0.467578619539
0.442059110905  0.53088017575
0.483043120887  0.642967531177
0.550025826124  0.570700307106
0.425654920255  0.403073614828
0.491779795532  0.45043183161
0.5220717648  0.599337121014
0.527369684685  0.570671363222
0.51783354344  0.34058665007
0.39967022818  0.352472889124
0.548801493061  0.454238873073
0.526076346609  0.554881945017
0.544204624309  0.553016369518
0.621037687347  0.458741199206
0.478239857092  0.475670682198
0.396560162303  0.456192630473
0.333951690268  0.460611427908
0.537593083692  0.618368490228
0.523208080524  0.668644947484
0.411592867484  0.500318905734
0.410899708857  0.552860946559
0.483284397908  0.436340370332
0.625718523655  0.525689939846
0.433265711827  0.514460154115
0.498068443577  0.424160751666
0.388369732719  0.384282201134
0.405850333343  0.512703490667
0.622038505628  0.606399701621
0.329122855507  0.570910540661
0.458555854706  0.701433576769
0.351039440684  0.404487087946
0.488844645846  0.345294605222
0.427099168202  0.59221880748
0.481027526796  0.375558924824
0.54797488141  0.338181606133
0.34964728312  0.522102304025
0.309062631193  0.459200417977
0.559711136608  0.481899618232
0.344599409433  0.486684747428
0.599406757191  0.699272474281
0.334355801046  0.455540381032
