0.473589261249  0.448493531749
0.47795403883  0.459460310159
0.465676684907  0.313976813966
0.53526178085  0.646126355111
0.30264553375  0.245427247774
0.377837929071  0.399511891194
0.22798063106  0.403339261447
0.354255334188  0.452147785698
0.589135456783  0.359544399428
0.521554844206  0.647997604988
0.304069318742  0.556254038544
0.618813684239  0.439657062366
0.424353800751  0.581835126435
0.549469990941  0.414307891682
0.546673935593  0.591851217663
0.477175746112  0.511919134469
0.330690805754  0.377274555619
0.346886721902  0.58677391788
0.397530829694  0.418602372534
0.415803707376  0.368959896686
0.436700492062  0.45295367804
0.331054960343  0.392003237662
0.612564247659  0.525342479748
0.586739400361  0.539049514124
0.360040235771  0.408704982982
0.420806664894  0.577567324696
0.487634847636  0.589924389366
0.639602325945  0.578822783225
0.421508725524  0.544368454328
0.473835668742  0.614204143617
0.443503278554  0.362311922513
0.38142751207  0.512081044125
0.529540200452  0.359062128565
0.558574882615  0.5290895881
0.441436872381  0.47547295388
0.424466854735  0.461334200797
0.686818676622  0.470086178969
0.494507286517  0.606699236149
0.524451392642  0.523938135695
0.517296738704  0.589905750799
0.535508397094  0.53276244227
0.330609796589  0.401168652458
0.606321794394  0.35410862106
0.507723226503  0.556475162538
0.425494073162  0.563562603586
0.419402584369  0.48524253485
0.341449279097  0.347162252185
0.4844855961  0.486067998604
0.506030881451  0.413885580339
0.43126598615  0.518271493986
0.384650661284  0.482128689824
0.339299804721  0.428897243554
0.274929168262  0.400822694238
0.327570377725  0.639860419338
0.457590612113  0.367074523976
0.519016905933  0.455214263187
0.59858873375  0.491383414338
0.454864226538  0.501084507406
0.260117755438  0.553857284762
0.502957942373  0.671282347965
0.421542448942  0.50941372582
0.329337803049  0.470776625794
0.591690253184  0.511525710544
0.500673463347  0.484229932983
0.544466709395  0.465762959002
0.59924760798  0.432955876596
0.526574002576  0.34171536558
0.58330571548  0.390933893737
0.456256766171  0.426423432453
0.516516484823  0.549638248585
0.504412229081  0.451156027031
0.45188936273  0.577195458656
0.474771163671  0.486046660456
0.547177197705  0.431095463143
0.606129502892  0.362425731295
0.466625066251  0.516602066863
0.498443175351  0.432501238185
0.562581469873  0.577999956273
0.496229013455  0.465002799691
0.541808095315  0.307010188983
0.54657411207  0.392409964891
0.555698207076  0.643383378095
0.459562160243  0.439297914281
0.625224513506  0.320683721092
0.24950943124  0.506381940591
0.453006184878  0.395904287108
0.587700969144  0.509746084812
0.534603589163  0.401857776018
0.60501279967  0.609530670839
0.60186620643  0.532750674557
0.535513708018  0.479648963131
0.499694652584  0.501358411285
0.540423281459  0.412699695964
0.5342857972  0.177076316872
0.434409312759  0.430174843175
0.495431773502  0.507985723958
0.486670330212  0.505973734841
0.580684520846  0.412338963594
0.479212155378  0.69092722799
0.468636596443  0.476246725314
0.62101977561  0.610282767695
0.531211936465  0.393184245302
0.412732429419  0.375186357145
0.627665804116  0.506027543303
0.466119191749  0.558937370148
0.597159026344  0.456227811456
0.523319322842  0.464971002789
0.456570395684  0.577449739981
0.535443212978  0.381862795275
0.44612589321  0.593061720991
0.361512596576  0.619347293588
0.432562439202  0.377715613335
0.478110047447  0.381028670042
0.537094065149  0.383999345262
0.383415795124  0.469608628026
0.546710423246  0.463820437514
0.39888908125  0.424734775555
0.560056543946  0.341437132698
0.484195077449  0.41492103303
0.500387069005  0.486005334227
0.490212695979  0.487606396774
0.440502261926  0.501368565816
0.503789628431  0.484904315586
0.56540077127  0.426332857786
0.415388985965  0.490392443699
0.369855325743  0.652759680612
0.540813163482  0.435623610482
0.531646282881  0.492612970306
0.321493274687  0.577414941964
0.426329865843  0.370595876082
0.409256385808  0.452061015407
0.418527966724  0.381061602024
0.605898940428  0.589343425243
0.40162455445  0.437523699016
0.632870991979  0.429067191623
0.233198657889  0.46903103419
0.583854273984  0.586251215372
0.36006722782  0.512713299473
0.327599002197  0.568989039427
0.617153308933  0.380801199196
0.509441180607  0.371772585282
0.486258957456  0.381104923499
0.463678977138  0.501615431642
0.397851745564  0.477046314452
0.491834157517  0.452790492312
0.628598058596  0.465664159994
0.580599461272  0.534154512699
0.532961809944  0.440223402447
0.443966951853  0.308565407571
0.323400331307  0.453956606671
0.578673056126  0.447969737575
0.635608985392  0.468942358607
0.354838320107  0.369402993977
0.428857681143  0.459806053088
0.398197443841  0.478155863074
0.434821193714  0.417313510798
0.705505208433  0.339113110922
0.283156629111  0.760399505542
0.313732382987  0.361610066336
0.458034334958  0.549000830057
0.630494085394  0.305830144985
0.287273906199  0.665653371582
0.386758286245  0.527455712795
0.395372338697  0.609680624961
0.440095116307  0.534070887096
0.624541586841  0.402674666049
0.518691756586  0.570087781391
0.514569479794  0.572474577154
0.273373415534  0.574223662716
0.412528522665  0.501486583664
0.401215912222  0.363509177655
0.592260948638  0.461033481425
0.302379774592  0.243622248596
0.573266087794  0.510049205309
0.574003876915  0.727887936359
0.435336791253  0.606820935511
0.548315864726  0.773572244145
0.502248978349  0.463072758812
0.685204150043  0.568489364594
0.508827328503  0.602894474777
0.393228124486  0.556833365265
0.410135587361  0.645982291278
0.344647440739  0.573383038985
0.660153930949  0.457628309307
0.550097220242  0.655690065264
0.433176152971  0.383297845768
0.829039794852  0.45098375447
0.292190728713  0.674591058131
0.375862520293  0.452825038798
0.486587926011  0.427152170291
0.643725530053  0.440297659596
0.52061579265  0.488923384209
0.509918028969  0.601317095694
0.452985699654  0.595640438958
0.459888055199  0.438249150314
0.494286183922  0.601543830727
0.468456914126  0.509078844477
0.463984260093  0.44799878542
0.636733766228  0.515429605718
0.618633136672  0.471088836256
0.513615625643  0.566972554043
0.428080899004  0.484214685283
0.458325835516  0.620013200649
0.457294174817  0.609348138566
0.567999283266  0.654816478241
0.324861269314  0.557625302686
0.476536368855  0.499064179817
0.456520499848  0.512106581332
0.462863834095  0.471015212662
0.422846667582  0.529115543313
0.310973354844  0.42173439843
0.289037804619  0.542661616714
0.425077599102  0.624734893257
0.448349844068  0.541891983113
0.426792301588  0.630981561853
0.450978676532  0.37752564114
0.431903113856  0.499635341426
0.56487360001  0.734866244031
0.552748940214  0.533049205923
0.338893576841  0.455321518002
0.514350832932  0.492837635864
0.481593947717  0.537171422873
0.542644299232  0.422714802905
0.436321644254  0.493898190063
0.379047245559  0.442300404394
0.751355044131  0.476340322457
0.481249348922  0.418311695742
0.420730433789  0.586694702225
0.454011693107  0.323393995847
0.45888456999  0.340469102301
0.4346962329  0.557206717387
0.531410213201  0.439620478578
0.631539979044  0.438749574071
0.516901646923  0.469826443827
0.440606647486  0.441483001424
0.657947198793  0.320802270992
0.486402464842  0.560990855006
0.51051805577  0.609314859541
0.42850770093  0.621589111346
0.512034936648  0.624546819253
0.580609698515  0.347093851401
0.404173299529  0.520425342119
0.459590618716  0.364611046885
0.406967279654  0.365675510549
0.400357733137  0.598201496672
0.677587080431  0.428966505569
0.211702439968  0.583389605748
0.282134954268  0.538831826024
0.4084431964  0.480885088648
0.518252148129  0.497749685326
0.550159612803  0.63128024277
0.464476710154  0.470554021441
0.461389432661  0.329967349845
0.46643577215  0.692205875095
0.503548828928  0.491026880762
0.442259023614  0.323968022899
0.428238818278  0.592740823277
0.449909227682  0.603626321701
0.446002648054  0.436917861838
0.511444923864  0.260873890183
0.56091108813  0.681670568905
0.512289589204  0.517372833877
0.514590876942  0.422638330527
0.426244413137  0.348146166307
0.316740521818  0.487257863257
0.472902253924  0.565261292777
0.486562045759  0.749116140683
0.387686759748  0.420667770807
0.343147936432  0.601160155895
0.437980774776  0.44235266346
0.410449474482  0.286608558727
0.434524186187  0.413819600668
0.4507284009  0.354489517483
0.46531715158  0.610461474047
0.502282229253  0.471407677325
0.633644320964  0.505908314138
0.429157861213  0.591327029953
0.555537133399  0.689767900921
0.36991567878  0.631947598964
0.476343182205  0.536787172592
0.481971769388  0.584488125868
0.585403883776  0.354016931066
0.474295753607  0.386861984967
0.410133809368  0.494869048504
0.352760862263  0.571911750681
0.418266476999  0.320202054846
0.423679472342  0.336624449736
0.312044845576  0.489851205169
0.465520121663  0.513986346578
0.406747252246  0.561176843568
0.44985909087  0.492376420262
0.68822117658  0.636447858907
0.441622888139  0.416918911895
0.246675850591  0.491549842455
0.355599604341  0.417862839105
0.390030927621  0.487442585888
0.347172035564  0.510278211854
0.374449620419  0.328375259383
0.454019951128  0.42124717225
0.305407034527  0.47309187499
0.381648232592  0.411659382777
0.401134992805  0.432791146493
0.525398721781  0.522903327749
0.353197079613  0.574310006418
0.594480063787  0.378240085525
0.59363866984  0.504929831729
0.442463629756  0.415007274476
0.500135529781  0.453365828325
0.415443319979  0.384766026498
0.506276927617  0.364138314309
0.54623749726  0.408017194686
0.4761957975  0.387339784683
0.409021843865  0.358106762166
0.237548111142  0.495694255193
0.532409419038  0.452037659132
0.672461818037  0.498741798766
0.732250690537  0.652849507745
0.474694612936  0.45446538425
0.651835421209  0.40570788334
0.527053781426  0.473611648428
0.380284148047  0.459715190672
0.336882195084  0.434324488987
0.541401718923  0.699163948671
0.557993487473  0.366682429691
0.637438943387  0.567240509009
0.511926972368  0.33968889495
0.496543457507  0.360363041245
0.483525262059  0.439808048524
0.49435246362  0.503602590163
0.472075210595  0.646197196071
0.526275036499  0.501867047792
0.435896047205  0.464556429769
0.531832495498  0.415046317494
0.459892813335  0.615140552926
0.481299815106  0.318771849697
0.310973068781  0.534481763346
0.544519323003  0.582051502249
0.358257141695  0.528337971893
0.472178477759  0.623482124347
0.351413407205  0.571145792429
0.333121835639  0.459469190334
0.295305974604  0.394091054516
0.515459459109  0.468000472531
0.309338625809  0.537608914884
0.519786012515  0.499984743001
0.391221650704  0.505741163751
0.534712913285  0.29801153277
0.557509477144  0.563012138694
0.456021300363  0.456971876961
0.411868879192  0.632646736187
0.463030535407  0.572102510844
0.446780692384  0.45668981858
0.518930749305  0.30130076511
0.389324596913  0.535384305626
0.739586239834  0.433258132579
0.456593008456  0.303014028385
0.490623994261  0.406454761303
0.440351691765  0.32346585045
0.473634022661  0.429657038662
0.523111011919  0.402706396651
0.637278274128  0.498010221401
0.404739838597  0.577369588036
0.537578237378  0.261590093708
0.489584145058  0.289485460576
0.22556038451  0.483000025705
0.432074583644  0.410913717651
0.430693132199  0.63698560695
0.329741952849  0.510638083157
0.401685158101  0.414299115833
0.588730429482  0.365960287883
0.460697899693  0.591076413809
0.642384543016  0.568410950607
0.499180001186  0.515442769899
0.497840524651  0.43810518346
0.402931127027  0.443769251794
0.502515362711  0.449828395959
0.514549387595  0.431007493847
0.523107242917  0.425329671824
0.380782700418  0.510104918863
0.52375553058  0.339194260108
0.288470549299  0.797029956406
0.563500416393  0.504495171351
0.398761202604  0.492727969752
0.49159448098  0.614070811712
0.469672450945  0.52988724451
0.437145029439  0.550062465168
0.291204026103  0.310155264368
0.577191756461  0.426509395113
0.390353216322  0.512835333821
0.499207397747  0.625038445388
0.518167340437  0.443361832887
0.330075697991  0.584540638837
0.543390766535  0.569758071736
0.532594956741  0.378638382216
0.47696668895  0.578729619157
0.493773127329  0.597049163912
0.411552156504  0.511915639864
0.505063975598  0.343409732256
0.426634545499  0.447677523796
0.560840027074  0.468320590416
0.361249489985  0.592556961663
0.405046355906  0.546519322111
0.653023555009  0.484927435642
0.540279383425  0.540708963738
0.57685409377  0.438988344933
0.522409559581  0.337765262636
0.440369958405  0.541008544113
0.60146186344  0.520959196858
0.467176206189  0.52766182618
0.515934692017  0.391036522198
0.408970311914  0.519524517456
0.519388022869  0.459552852396
0.267780150348  0.375189521961
0.424346874986  0.41337661257
0.423129574088  0.608933630298
0.401841139005  0.541733141441
0.406811430184  0.361614239734
0.427724172894  0.620360656656
0.318055429093  0.64070604112
0.464533574358  0.368792345434
0.609480870219  0.52699383996
0.50863480612  0.560268267778
0.539251366028  0.402552412795
0.412662473382  0.509960260428
0.506193730177  0.528669492113
0.488094038404  0.399853317654
0.478641729128  0.572086022459
0.417897273844  0.460540341747
0.390409194409  0.396565715267
0.587910040049  0.540965600993
0.496135766735  0.297422400615
0.446887287053  0.490601174392
0.52403323776  0.462750992058
0.358796482003  0.435657672025
0.597756687485  0.59726035302
0.50555610219  0.545029121157
0.447314007827  0.518559278051
0.468244380083  0.542173615224
0.430267330799  0.633995112044
0.440513284538  0.404124311597
0.639756186328  0.34026514192
0.519621333342  0.402398324924
0.455497337175  0.481456388323
0.378595039412  0.378943194569
0.402199350986  0.413355050282
0.375622322398  0.372294427108
0.673379266843  0.509735893796
0.430606267401  0.307795305145
0.404021221437  0.576470195945
0.402716074054  0.569345823786
0.418272903515  0.576549569008
0.432057910397  0.514924196894
0.45115771184  0.72771915335
0.497102651124  0.494124256578
0.52803457662  0.440913258551
0.419538983504  0.506920588232
0.604082113333  0.59676942159
0.545109940961  0.619213921534
0.450137968709  0.452908413867
0.438301716569  0.56901784302
0.492909334168  0.626228533218
0.534440786556  0.596007859662
0.398755832634  0.555741045214
0.507104836704  0.375825314394
0.418634644569  0.392644788486
0.681895862387  0.432765812567
0.480047969939  0.721004690221
0.498967375163  0.405041175976
0.547266019326  0.508812654053
0.629480984732  0.441448682503
0.498914940559  0.555665088061
0.396209448788  0.535219677606
0.404861318114  0.607181536578
0.400672254897  0.590154864022
0.392356882666  0.37808950182
0.601289262776  0.659697069528
0.400185569555  0.555436516796
0.495000071349  0.566726330838
0.498187330972  0.543394588864
0.488436882405  0.593465230236
0.562978069956  0.461259448588
0.448079029652  0.305246750129
0.475480438985  0.591754430971
0.482711464794  0.528658190276
0.39766862517  0.621923373479
0.464268876586  0.419667709377
0.40035350152  0.560365728089
0.424223533084  0.406699602306
0.552959026469  0.636152626857
0.29940521977  0.592009165027
0.37046708033  0.493715008304
0.597172945238  0.617300226867
0.448266830428  0.376924388967
0.588532333539  0.467804698815
0.450167642555  0.340772070796
0.47240481872  0.459520752513
0.329523496995  0.3970573239
0.424928335048  0.553751394169
0.436887865346  0.588784986219
0.582443577843  0.731756515122
0.727278591966  0.603519349095
0.324745167371  0.346727397395
0.290757923049  0.57290330304
0.473788843264  0.507495860607
0.403410659836  0.472341538109
0.543172319536  0.59148080394
0.62863869354  0.437507555821
0.487537010635  0.654388808856
0.609546008701  0.53762420618
0.534067565436  0.525339079188
0.684458590605  0.645146159063
0.607153141435  0.415115098087
0.477738703457  0.508772090545
0.4341028245  0.204507891306
0.522403151003  0.644135629978
0.349333012564  0.301001694807
0.476070823721  0.439558419252
0.377908080734  0.485625237327
0.36291012532  0.434564700665
0.629754248266  0.596431037528
0.636486538441  0.607258024843
0.618659782554  0.734894002424
0.493458068284  0.402546789181
0.386197601579  0.390643321089
0.465494242209  0.488452554066
0.619036642016  0.487633269417
0.483292090254  0.321579949115
0.461386884834  0.43685760031
0.534323372573  0.459458802901
0.571637151048  0.409552014263
0.460315267475  0.579285732415
0.513604622527  0.357317162097
0.427283639366  0.377515946892
0.684283534552  0.484627494066
0.500400852469  0.445781862851
0.473831383543  0.721259843493
0.377170014334  0.423038906384
0.532072944502  0.546586481202
0.489407778885  0.518843576584
0.455721310638  0.462062416242
0.301351521195  0.53104073404
0.540786955973  0.405627954041
0.274556695293  0.41468705216
0.495756502476  0.447865676861
0.455266045173  0.354815942142
0.492850005386  0.291274464402
0.315929681219  0.40014274291
0.368509356165  0.543435344982
0.649943961549  0.423441722308
0.576881873493  0.550145340892
0.599349925124  0.510363284893
0.336802226672  0.453845570755
0.478493687712  0.473600324447
0.379811273389  0.465811312869
0.624221978422  0.51511150575
0.420210837062  0.545278422329
0.543754110654  0.434053984888
0.400287214703  0.44328365725
0.451928616215  0.41852906487
0.482126637299  0.522333798288
0.40477231488  0.535856393509
0.41375645186  0.356562107066
0.378682589605  0.477477256215
0.566244691406  0.211627560102
0.372823387332  0.461662330992
0.589514531993  0.359995389717
0.463115790977  0.292357017765
0.533887818259  0.584750023046
0.556749842797  0.373480046547
0.467062946446  0.332326584306
0.502839423578  0.498677953129
0.471117144642  0.433974014075
0.502042599344  0.639929910248
0.364155043363  0.675033288393
0.569161855099  0.638016396133
0.502592718282  0.381958668537
0.341067340394  0.486323104373
0.55003056792  0.514229875325
0.668518035676  0.629949486087
0.546073028452  0.532292898523
0.516902614897  0.469704063486
0.731211475573  0.531947650437
0.504578065314  0.489164792402
0.311412349808  0.553650380401
0.504012044958  0.613870468663
0.528839573631  0.431957839109
0.421395709463  0.470322854643
0.619626421712  0.548724347618
0.634870704255  0.521280499966
0.44008139769  0.458868545161
0.543447936773  0.651465939321
0.467663279077  0.510804596592
0.7033223102  0.507783470211
0.452859533022  0.647648544824
0.418732647303  0.40692952783
0.528017998009  0.381830214673
0.545764956922  0.541639662121
0.445285423556  0.491111770468
0.344709779341  0.589082479268
0.51277731919  0.526439210094
0.576424317759  0.58050983018
0.580990098628  0.35037118436
0.512921265039  0.544807970628
0.357221826354  0.301148037491
0.438756681542  0.62450805961
0.556983176395  0.334133147362
0.61795520685  0.672453831072
0.537250010453  0.481415717747
0.492444504252  0.643785284181
0.511083316396  0.418415029871
0.542730769823  0.709728222773
0.626541650181  0.523727187067
0.564050227222  0.406348742402
0.44915671758  0.535627384355
0.633297265111  0.626715224139
0.496227369943  0.605124704164
0.465111600395  0.568754802295
0.33303365481  0.565024065451
0.580961738997  0.573279086615
0.499134353944  0.277624047977
0.438785540278  0.299119357647
0.389233940411  0.345339536688
0.662557280742  0.460547185027
0.509546951912  0.375108356577
0.518078958678  0.606163508405
0.416141584086  0.655696655026
0.458598131746  0.47805438359
0.450675171781  0.403157602442
0.48389327723  0.628120200751
0.463314203941  0.607551541231
0.455722042173  0.388609774715
0.515206683904  0.500417808679
0.51858587914  0.500065815079
0.555121488739  0.494193794135
0.557109475272  0.412515017525
0.418671814011  0.419258817767
0.477866584779  0.324364135168
0.63099824942  0.251584697532
0.632748461017  0.559654811056
0.525902731732  0.318381160644
0.376206419529  0.538160703475
0.581478568837  0.47215510652
0.327526703677  0.520484392473
0.402654715488  0.552666814492
0.410326954214  0.457086802253
0.42760191547  0.453313696161
0.333804594128  0.545021043118
0.658402908545  0.224154443026
0.387576380188  0.491161038052
0.458349697083  0.389404672387
0.401156919926  0.461010709873
0.411432421882  0.513674177956
0.429842379199  0.305408792933
0.606540049184  0.395267890409
0.450818158826  0.390867472256
0.53619208874  0.389587668521
0.4897868941  0.542107983175
0.66420625382  0.46522283428
0.654566406819  0.481697304265
0.493413228365  0.549538151
0.372002284395  0.552756940566
0.486524077317  0.410712147997
0.645322593809  0.657013981963
0.481435849217  0.57406028248
0.696194509195  0.506622368691
0.567397917433  0.435906857322
0.49355148026  0.404186136231
0.52423710478  0.468732678999
0.581259298605  0.431812918538
0.372776877055  0.245516420055
0.420409721801  0.495070117567
0.341739744784  0.425317302606
0.494072879028  0.559956214085
0.469802415341  0.59387920631
0.650817669097  0.596772626444
0.479314981202  0.534667372348
0.455722887262  0.528219014572
0.57098270849  0.460908222503
0.440962253625  0.588652213379
0.419623142372  0.515385653484
0.494871462014  0.446226821393
0.369188912306  0.500241870366
0.313013914779  0.4658062966
0.547160357293  0.517937060958
0.322503770427  0.596904508257
0.545242115902  0.379353197118
0.587395252871  0.419925931032
0.559574735084  0.383247061978
0.504803762869  0.454397944592
0.4265526118  0.324192095662
0.541345675472  0.273844533939
0.419270324378  0.380231977158
0.601668391552  0.624858572414
0.408640048708  0.42729089376
0.516282780409  0.636589081267
0.321671478768  0.653754512663
0.423948436974  0.458875242459
0.437547921818  0.56045217226
0.538260666982  0.690782125079
0.533628957451  0.356467290228
0.433529789088  0.477093234711
0.392292146118  0.612996203848
0.628165232554  0.373737086971
0.442821424936  0.548196006444
0.508686199509  0.548624098217
0.495317511118  0.648122946005
0.48209048708  0.310486100729
0.608448770189  0.39324907578
0.414136922799  0.444323968272
0.574782121168  0.50115118915
0.422865071549  0.42702202967
0.483853514355  0.475159220795
0.422867480188  0.614016093998
0.456396774575  0.469269033795
0.647196860755  0.364988696102
0.552608120621  0.453328767179
0.301362356797  0.429372403639
0.538174749864  0.444874919313
0.33581007617  0.410251158179
0.503594266683  0.38919472274
0.621699620221  0.463049762263
0.509938166233  0.646870814882
0.567407165786  0.392555512181
0.618918178164  0.64047316374
0.416651373876  0.493873242014
0.329592460978  0.349410933336
0.367122521447  0.478830300791
0.687380522804  0.468497247212
0.535971480237  0.344372554158
0.448092951334  0.206030409152
0.265508706581  0.417231549743
0.585131859091  0.460402560414
0.456766888838  0.422763810879
0.646774149828  0.557056556095
0.317670190795  0.557396454888
0.423032029161  0.490083888714
0.541268672306  0.254789360223
0.522095942485  0.410989534104
0.238878353125  0.460985065982
0.470615898697  0.460734944268
0.552867091764  0.645195194707
0.329722864079  0.529794056599
0.732365099724  0.522289389836
0.581449540213  0.532575743504
0.547808338603  0.39655142391
0.293922987232  0.588037514085
0.502925164235  0.515436259886
0.593254252928  0.340105536837
0.481668482048  0.588825217339
0.467931353377  0.593150088894
0.47819381495  0.467428439384
0.457479889936  0.445804115325
0.453699205452  0.454151678138
0.451889615783  0.580537091467
0.349200743575  0.630493583189
0.565814618281  0.489245666406
0.445570351747  0.531007491241
0.672098524996  0.292850703446
0.353520242707  0.46770749502
0.58186234625  0.378118319114
0.504221846234  0.492140450881
0.380464379357  0.433031027213
0.516258374526  0.389392874161
0.549210947195  0.38326055368
0.419325497847  0.585459056615
0.337214295822  0.561142034035
0.566117118016  0.415824765217
0.493233594194  0.382056926396
0.448917849213  0.369665225081
0.548760125675  0.386458706002
0.498808209089  0.634386167696
0.487759238429  0.514300838711
0.468684915124  0.564730907679
0.578367868778  0.504609143551
0.258175453259  0.577740171822
0.544722861292  0.463017322643
0.479868050748  0.361735854903
0.264818843622  0.287585726358
0.45791758223  0.520925145978
0.452783666906  0.455869950292
0.386499238087  0.5053279557
0.338168015847  0.38009267708
0.481895631488  0.545405570797
0.374532043355  0.521225097923
0.512271611544  0.640689744306
0.374337656566  0.294751512183
0.527685252775  0.46049117451
0.371912236203  0.566151862733
0.547456313392  0.519926885182
0.699988713569  0.317267188862
0.512889162169  0.509376529598
0.505267224876  0.519232802218
0.488622134128  0.464787154319
0.400367365856  0.439932835622
0.419484247815  0.463719089345
0.601243925245  0.449070992697
0.457386865026  0.424760541244
0.412050461447  0.521842739387
0.491285660678  0.612604063192
0.500940248653  0.286873803974
0.54173970712  0.571547974617
0.373056760038  0.518334403202
0.299508734999  0.392242607259
0.45014744157  0.568317244209
0.379477429942  0.324629534485
0.553356758535  0.585359792845
0.514963252731  0.49313450718
0.423115391412  0.444389258621
0.360526404362  0.521691188279
0.496661187787  0.422825423852
0.576741224574  0.555129957286
0.508712257169  0.50361257572
0.545627365743  0.42314219623
0.650201568902  0.335417298488
0.609730051413  0.526343391416
0.475312013929  0.427493607055
0.591756738059  0.427453009526
0.511610704531  0.458481388905
0.582575172333  0.575683063169
0.311361154364  0.417766714525
0.612674988069  0.674604040324
0.516714961942  0.506181042616
0.474286324008  0.623567978014
0.456405899711  0.438419891847
0.534417403141  0.473894836483
0.430968674033  0.329068750521
0.518866528776  0.428979077185
0.386481571141  0.406618778324
0.399711025039  0.487574564808
0.429853275375  0.455560778688
0.373289947729  0.569660535494
0.397076590475  0.397518679067
0.540379044349  0.558385081216
0.26755873369  0.570004176625
0.636370151359  0.65532226537
0.548471394237  0.351285768118
0.514620455196  0.320143991062
0.439704844184  0.435019236657
0.503163784415  0.477989218922
0.534307695289  0.575809058771
0.340900377227  0.456593122886
0.356662839927  0.490204668334
0.383685645016  0.618608498208
0.669864211745  0.673877974566
0.390651872197  0.599321930784
0.273077084313  0.50114913154
0.515017077899  0.466200573943
0.672547205901  0.337852554341
0.376493851752  0.415800992487
0.449658196676  0.549313891445
0.60232583002  0.492882967204
0.573411122275  0.506096199694
0.279109740959  0.658946632399
0.525738336508  0.408577274115
0.613124549311  0.384911914115
0.447958344661  0.408860130903
0.509078059088  0.347463406933
0.545989643234  0.392505432682
0.485970777575  0.530778826373
0.583303301024  0.482639985361
0.513191749201  0.654423315598
0.528022680874  0.447880352422
0.580463764188  0.471099696629
0.503270475944  0.556591687129
0.603022797853  0.388436544653
0.517383060547  0.396267778715
0.271060328673  0.477182315465
0.429452485835  0.416564207765
0.406529556527  0.526610826197
0.533396239522  0.449040723557
0.372194328698  0.313037622425
0.633673492633  0.470173830219
0.558525018866  0.440729330973
0.411623959931  0.50182051578
0.574111275674  0.464790077872
0.546314973687  0.235684128823
0.383180230077  0.405560418868
0.356675895403  0.463563854279
0.364890622641  0.528978957867
0.609559189987  0.539133616821
0.338452250357  0.417224813189
0.326653455738  0.446241602171
0.522476634653  0.556370684625
0.399914021509  0.442989459752
0.388901926203  0.464405156891
0.449396731653  0.50125218491
0.616644477604  0.434956217758
0.461648218886  0.403091004557
0.462649525469  0.403674494029
0.521629922044  0.483911607929
0.615059095223  0.639166779052
0.522573008923  0.474619113666
0.619898026416  0.532144284403
0.43750440507  0.415444683005
0.47683739202  0.640087066329
0.546602804074  0.364209370176
0.411887878579  0.499885110244
0.490590493929  0.456502021555
0.583947438318  0.353853711911
0.463305243218  0.48237562993
0.541506383547  0.474334885805
0.449615461985  0.424959630754
0.438593392396  0.450226506944
0.45613727935  0.449760500012
0.245565562059  0.506317731409
0.54631980138  0.534223777861
0.592780630079  0.318051824442
0.418628112883  0.393975569552
0.411732727638  0.437150459355
0.641841749306  0.634234715325
0.519946993929  0.489208275333
0.39439790998  0.328937338549
0.468588925203  0.562861794406
0.511148402029  0.335781793657
0.545140850258  0.640185910721
0.398388190367  0.416590249423
0.498577486612  0.407134550494
0.516064230709  0.455131885494
0.644976561569  0.454061609337
0.559462181286  0.424472386243
0.540084666732  0.369972839247
0.47582332039  0.381684263696
0.473298588106  0.395289745767
0.729017893474  0.667928830961
0.634056387359  0.429836706746
0.555932586714  0.653479895479
0.550723590423  0.529316173788
0.58181392311  0.406309914435
0.330563647453  0.245684397631
0.341301479504  0.436049185796
0.464186347487  0.588445810806
0.44147931786  0.571738561628
0.474888308267  0.667311273014
0.431180801766  0.433865760725
0.451563049086  0.614365063675
0.591363583925  0.539197869724
0.365944286681  0.336566023006
0.476596110699  0.545565417871
0.572770870824  0.376601342444
0.534310340121  0.482681867581
0.520434677869  0.3968642868
0.685555049259  0.562141621652
0.60016177303  0.682477822322
0.726426835229  0.549519199379
0.609665221086  0.463203706844
0.279755130121  0.499225709535
0.390084647797  0.315129900078
0.633893333468  0.475447174174
0.605984212305  0.494152706635
0.468557465427  0.307265504768
0.506785817679  0.39797278456
0.51002277307  0.565103931738
0.517036486147  0.507429340767
0.398813411934  0.477258363358
0.481380094339  0.618801367142
0.5837576534  0.51568712394
0.619797964484  0.469603620284
0.394739671137  0.434997915008
0.618364684297  0.620194491276
0.512985714934  0.518784368117
0.590462364981  0.396352042077
0.466075713782  0.183919993905
0.497699898359  0.540164055949
0.369886130294  0.585713703824
0.486202598077  0.556604613845
0.578496027378  0.32674532441
0.435558031817  0.455843201423
0.542665377303  0.528475904917
0.479798592777  0.593913415522
0.471432764285  0.387000621678
0.432142246596  0.383059315811
0.456865192867  0.595778753046
0.509249430202  0.440897940013
0.319375396644  0.478549362712
0.355034660416  0.444343060897
0.514413821896  0.467614303421
0.667922663884  0.424279589367
0.472069467946  0.392493330127
0.520080160034  0.197999774184
0.471013605693  0.621495387916
0.532191238886  0.413315533448
0.513727470524  0.368726873964
0.259958444382  0.682140827802
0.467226070603  0.446731489184
0.698692606923  0.480315279737
0.438924223542  0.493371091419
0.387054322422  0.458160188428
0.515458276172  0.445807982676
0.43452848677  0.492674155841
0.392013029668  0.675450712093
0.452508704247  0.565423189523
0.520636456044  0.48021123538
0.305953269954  0.444366099724
0.408776265228  0.284862223706
0.43457850889  0.59298496809
0.516971918449  0.517283732829
0.597854342111  0.414153470305
0.420786081655  0.507211336216
0.445185336978  0.341401443458
0.508289755084  0.361871001549
