0.552872495837  0.4520373105
0.273129999551  0.362748981411
0.395043775188  0.403297159723
0.492074042071  0.56676650935
0.490920702214  0.44184039036
0.571316760484  0.333127527734
0.523049787921  0.389664109397
0.351187449267  0.499060441478
0.510678099865  0.459475246277
0.594016524093  0.366420114024
0.38272834164  0.632914251461
0.64893024942  0.427987095089
0.732908456094  0.416255335113
0.587234318187  0.308604680249
0.340154848418  0.50928370727
0.55188023896  0.501839630542
0.379020884641  0.329770684543
0.371858444665  0.510673690748
0.422817497512  0.484885913488
0.466203749781  0.62712096407
0.271550302029  0.594460886954
0.4033663858  0.604543262034
0.69285614637  0.488830563336
0.437889461863  0.5378266954
0.654275521881  0.466025545246
0.579715602624  0.608388467655
0.450393157231  0.342303444438
0.513533226534  0.517579847272
0.440548061784  0.611950691778
0.703454356793  0.737685011182
0.389215231449  0.458694171134
0.419262279878  0.75924046689
0.511423309734  0.430568198046
0.591860890513  0.485463279399
0.403607814409  0.635410141051
0.464567042699  0.641448694532
0.40624666979  0.44320386324
0.441058259038  0.475571612757
0.471735992956  0.79857113838
0.470118821194  0.559115712836
0.629258325158  0.598974371671
0.503015106779  0.561816669287
0.374195586143  0.349676198185
0.667645826568  0.535741606979
0.435950989385  0.42316780885
0.484389412469  0.85076515876
0.701857157604  0.442184593488
0.459432890618  0.383689510098
0.418352781822  0.448050426959
0.491252272513  0.512729351245
0.481753909937  0.644680252908
0.453531298607  0.60319010649
0.413942650413  0.607361159717
0.424595934152  0.403253195426
0.494950378726  0.556609022727
0.321224941095  0.402044321957
0.583671340026  0.417586392255
0.442445576025  0.434951272822
0.522906837266  0.366963843303
0.646277229744  0.353336886323
0.496913945976  0.292434705334
0.44804000369  0.374539315011
0.632270714603  0.39155847374
0.476775703952  0.421641263034
0.451429749805  0.476072631054
0.428592136299  0.48340540592
0.588087046656  0.51349788366
0.538189992902  0.486865535807
0.519124813096  0.518586011568
0.41434058467  0.468950503617
0.480565510071  0.58677708875
0.516323991736  0.360455907999
0.337485072669  0.54543309351
0.440890736446  0.50659503931
0.449932771957  0.551032259651
0.408162019487  0.448298200341
0.512976907392  0.265278163167
0.448270691808  0.405629607665
0.355007766004  0.441912602166
0.454306959334  0.46298401465
0.422613469396  0.530408434266
0.490161676327  0.749663466074
0.585981173848  0.786782322284
0.575566766085  0.535626323527
0.513261484441  0.528214116056
0.697375609837  0.410132128048
0.483082918193  0.5399038985
0.590965143193  0.475733963162
0.501003989819  0.459889089432
0.534752710418  0.550142398074
0.526245634319  0.596488542023
0.447351922154  0.550276341245
0.546920510016  0.65765893326
0.483851562157  0.272352730505
0.544021988891  0.316628600671
0.5137399517  0.351599454752
0.519230906827  0.534395943891
0.510912385426  0.64884023138
0.437756783412  0.381408746908
0.453438913961  0.450417029255
0.615159662068  0.447616969257
0.296490533005  0.389935511448
0.445463456048  0.461810238239
0.405181568539  0.608884202862
0.521005852492  0.394891237612
0.517528083141  0.562836334535
0.440543882848  0.433381265379
0.449192500548  0.480700713006
0.602729879691  0.490224258297
0.577288081397  0.477944850127
0.465079214868  0.347372868396
0.486515109702  0.486084222196
0.543131495756  0.558433301573
0.664066127108  0.474047731628
0.302529265845  0.607701600273
0.693451636879  0.569389564897
0.517075653703  0.448845303484
0.475751882939  0.542368907036
0.445951191625  0.308308492724
0.432757415763  0.566322460613
0.461222174077  0.401301362348
0.584597345759  0.452812882716
0.395675400746  0.373558612511
0.542994465428  0.545865142689
0.306263127999  0.514021141208
0.520508099359  0.630390791378
0.367242376079  0.587106985871
0.569004949387  0.640179253766
0.402888174032  0.64240287566
0.473865089302  0.542702337941
0.624765506965  0.434536647699
0.600444409738  0.286681009086
0.732156960572  0.529953174412
0.672389047665  0.515185240034
0.605393016259  0.583871162757
0.530897161704  0.61314675215
0.572916605003  0.475397114307
0.553435086618  0.600427938012
0.504341863726  0.458949666069
0.285558972754  0.499878544007
0.335320482432  0.497141880987
0.559389275925  0.579488001562
0.565858070279  0.484593089595
0.608850346432  0.530801185131
0.623643288037  0.494939667573
0.483038142962  0.575450143471
0.378776027496  0.375204108213
0.653582982938  0.422890797528
0.376131464422  0.509769486195
0.451792723299  0.567449404571
0.745993664836  0.370503524969
0.534334029835  0.384189917447
0.534655440405  0.631330523314
0.431344524127  0.480052548656
0.316144680308  0.564861905299
0.523101461719  0.512078358129
0.675138583095  0.70315949121
0.604979758925  0.279685430894
0.587273039689  0.640391041691
0.419237946257  0.367719678492
0.599516047406  0.494435546197
0.669875019875  0.404637758614
0.507307925578  0.429763710629
0.578564368366  0.487521666728
0.389218855064  0.489024564623
0.390691406801  0.525289773951
0.385165328176  0.366895644406
0.412546715311  0.64219620817
0.483336373438  0.239072755512
0.546152199723  0.393131064262
0.666194768303  0.609929632578
0.402093633919  0.43104404042
0.446244259497  0.442385461901
0.706166579429  0.467414290109
0.425740159496  0.635599242636
0.294038173815  0.301200542759
0.366118472246  0.617715535217
0.522668328859  0.434546397615
0.47530156269  0.238454961463
0.390069392075  0.540117761678
0.526158443155  0.327601674994
0.470369044509  0.609261391622
0.529632422733  0.522874224947
0.560771969657  0.509697070109
0.432671665681  0.503796399986
0.527732847833  0.491872825089
0.469385195918  0.463999882001
0.489229866252  0.332194861628
0.492107096935  0.558463433328
0.53524220083  0.322825834949
0.592645454867  0.336951735691
0.464961310461  0.470221973
0.524697266579  0.564929779839
0.437441217258  0.343597491582
0.444131498712  0.224046195316
0.659899157335  0.603100586698
0.53168079646  0.453207281537
0.469350425066  0.552210219849
0.516997780528  0.510716225091
0.528564791478  0.523248696637
0.454788742199  0.493973489022
0.350389078017  0.649734307709
0.440889455712  0.53992930841
0.563702569124  0.521133542962
0.596175837655  0.659072269177
0.636993769282  0.44949094258
0.620828185276  0.554283733509
0.649905752104  0.559064123385
0.522692727121  0.63606503979
0.392291721313  0.634702509615
0.526646222697  0.453020388285
0.39914573608  0.544313405836
0.266773040288  0.47090228187
0.573917088919  0.577059925631
0.513256938799  0.406472753677
0.681514648234  0.593262410613
0.480651488991  0.517012577898
0.493634959038  0.435276549198
0.541303440194  0.503325585727
0.43854127801  0.552621834107
0.381437782365  0.606652730688
0.509405582443  0.548722865284
0.325116059663  0.601599638636
0.485901473117  0.407563334586
0.5003408809  0.449665859873
0.618780421034  0.483243062436
0.546042815007  0.426290693386
0.560784617972  0.426792017823
0.486956843401  0.453660674094
0.337595124531  0.614376195986
0.475967131141  0.587020418908
0.408091450906  0.604143467164
0.485814408231  0.246025486561
0.432803193054  0.468758442632
0.592942421087  0.453107269107
0.547447560267  0.570457705482
0.5325468444  0.4445979617
0.487606736383  0.34523787606
0.493051349978  0.529100611825
0.537043780421  0.559930964689
0.330917993053  0.373410714264
0.394086568135  0.411205803002
0.482913955149  0.406595086431
0.550194973576  0.472283337258
0.462877470439  0.478371824801
0.547808490688  0.401157726622
0.440364892576  0.468207271382
0.545406757041  0.415475153041
0.46823208181  0.610997048437
0.692230486635  0.525661005665
0.386310632396  0.428694265855
0.29717170286  0.294497424894
0.639225862811  0.580630764345
0.663759859711  0.386550863852
0.593918096647  0.513156873974
0.495411863591  0.597391270574
0.56681804451  0.484467522844
0.518154647648  0.58084628364
0.616527631803  0.489570818089
0.490169552904  0.508422372519
0.494630343648  0.468807270676
0.595942128229  0.643647917254
0.508235501837  0.486892328544
0.519057083859  0.451501332448
0.504887516031  0.77819735164
0.516420126878  0.603803790294
0.47270518205  0.576470194934
0.486683095761  0.462538554283
0.486307831843  0.562630529301
0.408166324809  0.399042654152
0.533172768747  0.530297674923
0.495600138111  0.549538807644
0.498658777499  0.558121205041
0.530741685889  0.43068873444
0.378488024422  0.635853768608
0.498071651922  0.378312634955
0.487076833502  0.341441547911
0.569103978939  0.566954805618
0.505619687021  0.573635305101
0.480737188487  0.298403521381
0.505431388603  0.517490803675
0.585122798792  0.516698841425
0.46860225985  0.529363356277
0.543619172049  0.467794855168
0.565981540509  0.418098499137
0.444677791344  0.401517189376
0.45042597647  0.552710069303
0.571329372916  0.426824113412
0.569108607774  0.414934544352
0.503631023045  0.606500617166
0.59460307643  0.409904491743
0.574857136556  0.535219650749
0.514748503214  0.358484689826
0.603027606056  0.358160261025
0.599563912627  0.447855223408
0.580928222396  0.683653864871
0.535509614502  0.383991096474
0.584698371248  0.514545710866
0.511910355062  0.467095080946
0.292538065263  0.53407297945
0.375211140893  0.398249139679
0.445794925264  0.468265854625
0.606523953384  0.413811617931
0.497581590241  0.579485925878
0.448514317072  0.527276459539
0.386711438925  0.596995653183
0.61321613772  0.434184387599
0.619466816642  0.497497030809
0.591657362522  0.515540972724
0.346460323475  0.513966331899
0.467898135061  0.542052308408
0.415630469633  0.535293391927
0.643908933363  0.723795473416
0.733817257228  0.579540294769
0.59738222996  0.679915129308
0.59518176927  0.487997454032
0.465829572147  0.73089391559
0.569069342015  0.504606590876
0.41732859868  0.354383153084
0.384365541873  0.490716007202
0.565328691069  0.504737848103
0.503769167625  0.504717325086
0.463189714327  0.332619877492
0.427158814708  0.710533452736
0.693841692071  0.307435895907
0.372989703835  0.358738032574
0.532633201833  0.577665198133
0.467554927083  0.427195047722
0.522359935766  0.419741713263
0.516845492434  0.52374804961
0.440597199703  0.575003707932
0.565707544088  0.514378529167
0.496822795358  0.643870434737
0.46657146932  0.415924994457
0.345696385298  0.552339224319
0.586128164106  0.499249497767
0.634427212469  0.50723317273
0.37005006939  0.442471958932
0.535015846953  0.554417516323
0.61705839904  0.457261084403
0.571580281487  0.530619840325
0.491824959646  0.518772805052
0.552542104055  0.544979510533
0.566928417966  0.502318807211
0.4184824968  0.559705829746
0.644184334942  0.410035586102
0.481529577819  0.493484447393
0.5275531035  0.641393152523
0.448873747467  0.425154346421
0.455348486576  0.496624045313
0.466593399625  0.63401334918
0.61841042137  0.416432686379
0.595154428538  0.642355341186
0.465790653907  0.664761671878
0.35087732165  0.589479799894
0.485523813438  0.312582790847
0.560598126663  0.432430524308
0.380753821062  0.549070519445
0.482108999874  0.520555132563
0.549990362984  0.525376620543
0.48887465412  0.543281309986
0.65600588008  0.492241187136
0.494276685043  0.417279023714
0.29176731343  0.454665446578
0.556022609235  0.622240860921
0.587250778258  0.400257955196
0.509687568936  0.332170626885
0.497339913799  0.684534798377
0.571763346181  0.655111248974
0.578104827792  0.521119767061
0.670402777319  0.496032176914
0.540399967239  0.714882791853
0.548385960774  0.702981828766
0.419344470666  0.457735213823
0.644063173303  0.564454212177
0.574959616128  0.505663170164
0.385827726293  0.737088053475
0.562807949975  0.448434675466
0.399730694928  0.463572763914
0.547938034417  0.549076743833
0.346986176446  0.39482953807
0.35340748304  0.460373547468
0.513425121149  0.508984542008
0.443614874631  0.519993858602
0.435462507827  0.477816763709
0.355952468489  0.653873436506
0.553330693185  0.363471225813
0.559718043528  0.649612173995
0.536403295003  0.448051466606
0.480990526138  0.532259873083
0.593715067396  0.412307026063
0.54394058862  0.413540908637
0.621596774123  0.418932830244
0.468209109806  0.332948079821
0.592883212975  0.414821501662
0.668243479633  0.560611195985
0.574820031536  0.386066139447
0.383496915515  0.648792386368
0.333600159394  0.35323145635
0.600089303375  0.431392367188
0.494172841683  0.505462493749
0.37545869734  0.433551842013
0.343809069044  0.540746431351
0.594978488038  0.399956983952
0.65281278014  0.578878319628
0.446555192946  0.433701423949
0.752133277596  0.410013105106
0.744944506196  0.629286977742
0.512763953514  0.555573954786
0.629218183719  0.464396067262
0.592952141746  0.302589027548
0.523449213481  0.532141490984
0.603206246128  0.454686291662
0.33309292574  0.500041165349
0.484979366242  0.486497111941
0.409722704556  0.515108288598
0.46982499777  0.533448371675
0.299603089796  0.546213735152
0.472537524271  0.614328825981
0.651054055062  0.366854029132
0.592311778978  0.477016472752
0.627299825841  0.646298577383
0.545767677987  0.460270704091
0.533698751794  0.572726253565
0.504579889998  0.474406319284
0.493611533993  0.473280371225
0.518053141126  0.628191879193
0.472673739103  0.375662468023
0.757762971277  0.457443767464
0.574317344271  0.255984506607
0.73223657171  0.502181516961
0.514607871369  0.447993942275
0.445261599147  0.358999066755
0.290766314338  0.396377135301
0.515865349137  0.502193558558
0.529057014663  0.652713115313
0.397893412741  0.417995851892
0.389018248293  0.650716376356
0.450004760864  0.642169881643
0.48558597104  0.474719938228
0.488845149766  0.539852905992
0.630024688224  0.469478721613
0.286076234299  0.466357894356
0.43774303948  0.598699657364
0.552735531101  0.575451997597
0.389572442767  0.77675104175
0.507408159512  0.321295019872
0.543668009331  0.622721608209
0.598594401161  0.480398221209
0.539381534782  0.665068351759
0.416504754835  0.481640834083
0.488679954424  0.539653660279
0.55477537666  0.486784974085
0.544458152316  0.524070658573
0.602371382844  0.473122969311
0.701618612534  0.509917420884
0.414361458715  0.267609490095
0.586079665639  0.360680840993
0.486242290139  0.408052972604
0.516818386601  0.590303578854
0.527575721212  0.562743232355
0.618737779216  0.474615142744
0.610027185954  0.50705018987
0.604791868454  0.464573394387
0.501795859298  0.714199593975
0.536765403563  0.53304401971
0.558866145845  0.502199994133
0.501754924595  0.497760239734
0.616585897259  0.382367006429
0.531037065889  0.374698026482
0.540497892376  0.544351576872
0.605207060883  0.294761169471
0.574918664802  0.574419406029
0.277350762522  0.600953494692
0.513022755165  0.673347614203
0.452813259684  0.367495230555
0.454641322337  0.56937065667
0.358171789517  0.586603690905
0.631931573609  0.278291558708
0.581432268378  0.698942381305
0.484902095036  0.50382785941
0.576219367209  0.406636483996
0.602860930748  0.636751557488
0.531853447029  0.601182770902
0.337297977966  0.52315851455
0.389234507496  0.377340146288
0.604380911506  0.363220845457
0.505306713468  0.415028653285
0.477352325914  0.57198733316
0.60104984597  0.524209047047
0.56569274774  0.590152276002
0.489761413788  0.537182073951
0.551500032506  0.399538628547
0.329493167804  0.388379827024
0.534499333125  0.434297247586
0.614336290689  0.617044778693
0.491954099397  0.619743029043
0.49888715685  0.482477474018
0.60843636319  0.484829847643
0.418389543709  0.438894467278
0.517218241612  0.557049153974
0.492618943953  0.583494397249
0.493285576831  0.274957216283
0.594336734996  0.425441341034
0.574405305504  0.565251500054
0.341990215563  0.649076110654
0.548470052883  0.586899452051
0.423278372786  0.576736743434
0.395093915092  0.217851980711
0.55020862789  0.674517088702
0.659907757516  0.519518742243
0.525587452922  0.429674385235
0.623656040929  0.454230443243
0.400733945554  0.51822627292
0.457559508788  0.345632773873
0.379071333183  0.44677541657
0.561346358112  0.639924156444
0.448238082912  0.527998050197
0.528738330292  0.519072264371
0.502613316528  0.474917344672
0.39666160368  0.369781911203
0.633364815354  0.479543173122
0.585216535595  0.360884511754
0.56401306578  0.336756757522
0.448434926331  0.482642668269
0.669780415187  0.56899094099
0.553019495087  0.499753369227
0.494976297891  0.305240739859
0.701002060681  0.395038033735
0.32589266519  0.503635052042
0.505339972036  0.503919961348
0.551947632121  0.394235770797
0.499641993364  0.676797114469
0.447725291182  0.481306791274
0.466847625805  0.613493953434
0.636060756966  0.538052492705
0.437674440774  0.406903191707
0.531478922708  0.565099677128
0.416865482457  0.476655464321
0.511105174066  0.390731174622
0.521025448594  0.395109756875
0.458612421364  0.556970091033
0.512994670629  0.495907232284
0.431144643669  0.528095239993
0.381904263039  0.588035141101
0.538536974266  0.519072643804
0.54296674459  0.446974030737
0.391121116978  0.484604757256
0.447408392306  0.621552361029
0.61489600586  0.478062009704
0.639810759744  0.513895268018
0.395563534856  0.541243753268
0.677860743007  0.495759598683
0.316497779412  0.475149257612
0.402239118483  0.598696411496
0.479845645236  0.388563742195
0.640982972848  0.447445254738
0.463920111167  0.540381446557
0.57239289251  0.602360847774
0.586473157881  0.401492553357
0.551949188186  0.365672721071
0.504513623316  0.55296277205
0.477366044644  0.664419345002
0.530749624907  0.592929761324
0.573154430905  0.685847221886
0.579092981119  0.47546486251
0.577607942148  0.375932148706
0.529235574554  0.484043736015
0.599660313644  0.532674078268
0.503415540409  0.512700974136
0.634979067409  0.414297235191
0.501352692541  0.525532711141
0.34248778107  0.566296361841
0.407111284688  0.421255713002
0.360885318309  0.396648486914
0.567406578381  0.673150120374
0.566499382703  0.575739269106
0.519253261523  0.474219678316
0.558220956699  0.591767122511
0.494262449987  0.422842265173
0.607015459045  0.574166999411
0.307956239142  0.608428824047
0.617344175989  0.47574292253
0.526253373072  0.438001918652
0.643927641998  0.572202457168
0.497363234661  0.554987427498
0.525318748372  0.444010767866
0.547272882127  0.502660641514
0.582629875649  0.437863571894
0.453415227502  0.641436326441
0.692927673798  0.465056967456
0.503177080545  0.563363643169
0.490366184324  0.600761154482
0.591707201615  0.578108729039
0.477799926999  0.51367061625
0.49554706772  0.387641547987
0.450046019618  0.562354841593
0.340725969112  0.420150905283
0.395295374964  0.319645469281
0.463034276572  0.522767746532
0.75839595463  0.612886096631
0.493747582919  0.430181131371
0.477667116112  0.624233850985
0.585812545353  0.480206214969
0.469499489049  0.446045017002
0.434760272002  0.653466128298
0.559655219221  0.502617156509
0.345802865965  0.441671337532
0.526939023029  0.606239655784
0.576391308032  0.520259755895
0.629578816015  0.602718996926
0.442580901742  0.575218980221
0.508430049588  0.631387535728
0.568441611513  0.369204054326
0.532355247053  0.442001351143
0.577544408525  0.551426108278
0.685707263391  0.334878339197
0.388033595538  0.460713872055
0.2784022461  0.619632376868
0.583779086303  0.26870606106
0.490446590136  0.638251028196
0.368428174073  0.366599318079
0.42972005225  0.623560092958
0.317059834429  0.546511584287
0.579309740533  0.687845143749
0.597834408268  0.438416342747
0.476104839269  0.279649766444
0.477399881582  0.379706830568
0.534851413745  0.693554057177
0.401985213822  0.42945268763
0.428533551559  0.667427816828
0.477559866258  0.440971676491
0.543071872901  0.484340974763
0.441774604418  0.616793298111
0.577902692345  0.549771288135
0.49467188888  0.609113146843
0.315135899741  0.508757195427
0.524193912677  0.603619890048
0.658845209361  0.597597476166
0.256723495636  0.458819966831
0.558615978521  0.507113935017
0.556575574805  0.407623261473
0.446543294954  0.589523100584
0.47211326459  0.608953229532
0.46879619867  0.401228415997
0.508615067096  0.554369211457
0.604494482416  0.593273434398
0.275177715767  0.535840606489
0.123282168963  0.542579376891
0.494138044756  0.658673486022
0.526561500395  0.439165064874
0.620859539137  0.515424474613
0.520809565556  0.63278839392
0.609896919853  0.545342281501
0.36425988854  0.455772986798
0.41317374089  0.63024416946
0.425379239836  0.491140766469
0.249925815628  0.679113432149
0.401494409172  0.427563110557
0.377480388665  0.501120670164
0.554276482487  0.399613602022
0.581050585097  0.519229417637
0.398859482351  0.478742158552
0.494726489738  0.643917282797
0.661591321579  0.614793540763
0.536857726635  0.54125105965
0.438618054879  0.409928346626
0.289427192522  0.596002716176
0.471422358857  0.551873350567
0.456639236127  0.562856302463
0.501649777032  0.324029200623
0.428611967567  0.422475753404
0.592943500957  0.429923918529
0.510450626333  0.437965618491
0.639648590856  0.476266495756
0.492089123334  0.590831587648
0.539676473898  0.635813514651
0.527368955517  0.543195923028
0.582496383371  0.365335413445
0.405465757366  0.312993196296
0.633300620345  0.596749372188
0.480560542933  0.456773850755
0.361565899943  0.46357298447
0.599938406287  0.451555024796
0.507599889944  0.508104549707
0.535276062373  0.465565817864
0.433572585605  0.539436578256
0.439994943789  0.537215101529
0.344486902834  0.461900569606
0.44838417075  0.54184499446
0.57145068181  0.391886031506
0.482979721382  0.631123359215
0.599599947033  0.530337426427
0.310172923812  0.744969807242
0.519887888029  0.631304361154
0.617321324496  0.566052816856
0.309902158671  0.615584605949
0.31329828692  0.546459176407
0.425237933142  0.346679485336
0.407705528957  0.414560369286
0.403196457051  0.511555176599
0.561925964396  0.648095443519
0.337124930156  0.456228630769
0.576063124898  0.656130410149
0.607957318042  0.483905928119
0.470122292968  0.541630509278
0.495067509412  0.484314783695
0.231909922071  0.377576692435
0.494858580239  0.33410663021
0.481003155182  0.251866858031
0.484981418588  0.54014937781
0.677709992438  0.447741962186
0.525408536167  0.444568467672
0.474969458665  0.392598451992
0.551348116329  0.507583882645
0.342068691201  0.39577040056
0.482104441884  0.312026222905
0.592410579389  0.438949948554
0.761129637687  0.422360820005
0.462795563217  0.559126924423
0.444997935596  0.369330395634
0.412836071757  0.49899123209
0.236634176317  0.583931407344
0.56768523844  0.620470676358
0.400436962452  0.285968312477
0.39210016929  0.574798275462
0.556396402327  0.48941296556
0.432173809022  0.630286845395
0.522450471551  0.57614541414
0.387037523212  0.716251350427
0.410028263868  0.572089264542
0.618465507449  0.296069750069
0.472227989076  0.351110711856
0.588173740895  0.655224976498
0.429971235198  0.556237101202
0.411873672555  0.62869183798
0.413738259342  0.405915166852
0.465536029582  0.468551759421
0.318813385756  0.605099688809
0.535693697805  0.537916200603
0.642236072597  0.418150094938
0.356785320411  0.455509030107
0.41588903901  0.465178050548
0.582718892533  0.357553307508
0.369610741724  0.477723784328
0.470447081595  0.456308628326
0.524057493563  0.480878837708
0.478445031825  0.508373484234
0.415863307155  0.354870065108
0.419168807137  0.518703945328
0.663275211076  0.305301044724
0.528491072068  0.489078239466
0.512849453525  0.532846201087
0.380403836255  0.529435352929
0.497511780796  0.525712388237
0.766702403125  0.591690652014
0.417547427075  0.523993731982
0.747046494514  0.724816961606
0.697732025089  0.551868090019
0.481928095188  0.42473587233
0.681634411772  0.5811190168
0.466449551122  0.678127987935
0.506077163655  0.564337750127
0.508327494527  0.450718343211
0.629641711699  0.586935466497
0.4366256593  0.398301935912
0.482792813595  0.624265611114
0.390361443624  0.329328160878
0.430963952972  0.533894277229
0.587120059416  0.485204109778
0.489900268213  0.44997952597
0.513252728447  0.503678814392
0.616643366471  0.429123001792
0.716880735047  0.55180748191
0.48374062029  0.355857978768
0.512074248974  0.373840682948
0.380137525538  0.57826625597
0.347687512576  0.562150164353
0.491105095258  0.460142681535
0.476590800935  0.566166553376
0.32785170138  0.516329276597
0.338228198694  0.50137405513
0.478443909866  0.517278344015
0.45952228886  0.435814892883
0.313763059898  0.441795657444
0.58241120941  0.451805374756
0.489624576294  0.497125913258
0.553648001034  0.450216383769
0.366911722515  0.515297290528
0.485278494376  0.622273699623
0.366437172047  0.550444390466
0.472222281504  0.410737448065
0.374938192467  0.642891032314
0.539784079349  0.60859342004
0.506591277067  0.39852285172
0.502922129918  0.523150795409
0.419884947013  0.319478898571
0.614470279496  0.362802842802
0.632359669499  0.503231356598
0.362842515427  0.383391532159
0.583046415916  0.609321120612
0.408547427871  0.574064432049
0.414289677701  0.435921629609
0.501644402072  0.527398723368
0.598607387698  0.525045891405
0.404418298087  0.339112828358
0.630432506225  0.577387226274
0.582633396057  0.611083170721
0.62424360926  0.407699817899
0.467689559094  0.321901827181
0.411374991682  0.456467427675
0.550698076742  0.283278217421
0.368190285678  0.403249873409
0.608628523623  0.511079761045
0.522088759323  0.530305908017
0.533971148579  0.498502339354
0.532376981044  0.704575346934
0.622814513851  0.424440732035
0.534739941357  0.421973661818
0.489824302212  0.420120528332
0.452406542594  0.629389419162
0.634983775783  0.56186933235
0.5467443376  0.475978131505
0.672565129062  0.547276245937
0.515149195408  0.520700284661
0.468792283104  0.526623387272
0.393657993412  0.578162301515
0.445058720241  0.497766212422
0.427984779807  0.469938767766
0.652883076363  0.588450675566
0.503242030672  0.511792160595
0.475854442912  0.486902898233
0.433443795005  0.325543450012
0.663125062138  0.530299704564
0.653508586847  0.500128512459
0.285249978068  0.505499146754
0.64068868987  0.527095459948
0.450714489179  0.43662236967
0.568775047917  0.339676700445
0.368351030987  0.508329968915
0.572020319204  0.650976524964
0.486977870074  0.545587560681
0.480207423204  0.480306617462
0.483591796584  0.492600229864
0.372397377498  0.573883553384
0.524821843999  0.58426975686
0.635724713026  0.479443357007
0.647085664104  0.42218493496
0.46418029098  0.558210922593
0.406893232459  0.37025842751
0.604825646797  0.502638438735
0.512280125926  0.578506576492
0.475803544406  0.42463871222
0.43155117245  0.326279335204
0.622417633754  0.516629221233
0.549645731022  0.609612082842
0.513964195999  0.33083327526
0.538913827568  0.53570891157
0.541569138652  0.575262307616
0.522922595371  0.439254517558
0.454759856793  0.611467600764
0.397886127565  0.560262321409
0.490735796627  0.485915094969
0.634763774308  0.468952837267
0.634662467137  0.323807884851
0.512373167961  0.634706866336
0.590797238508  0.424704398825
0.493411653012  0.311201908906
0.627506637314  0.561134374938
0.423982839314  0.392678237029
0.511486569328  0.354234904634
0.432648520235  0.451031061795
0.449830278098  0.519320550796
0.556506853636  0.614746432883
0.543793067189  0.624865403291
0.564106102801  0.464253379255
0.559818440959  0.271094389451
0.435084834444  0.44725839346
0.535204274923  0.603460012502
0.337847140928  0.587493272341
0.399229764091  0.539541606817
0.34385400776  0.561692968777
0.517806626597  0.391281137345
0.458069618184  0.510820604113
0.397838702144  0.640169309853
0.614182876443  0.69383050974
0.612362575253  0.607452289853
0.330560715195  0.664616619992
0.418175111639  0.644775180378
0.382117821258  0.673543335953
0.699612564111  0.452064693716
0.649238444294  0.544130488453
0.513221698945  0.469308024523
0.631355305229  0.649091772719
0.456769623571  0.537099760281
0.392941786435  0.531154101063
0.617006808092  0.488183469671
0.404077924469  0.432408716102
0.41494257861  0.46335227912
0.472821812287  0.401634403735
0.571758273016  0.515331409532
0.392356921082  0.374985719165
0.434749206414  0.323179622096
0.512606559956  0.634814863536
0.539680690571  0.592656160176
0.531692471146  0.451405529266
0.644228774329  0.451590733618
0.434532031129  0.463527490545
0.4730179128  0.415794544489
0.58990642168  0.391767494253
0.558426323516  0.429447153803
0.470759838955  0.360325434259
0.581741015303  0.465141873602
0.466903145079  0.415210015819
0.475600340161  0.417614872974
0.556219053547  0.571566978076
0.466618280883  0.550743890333
0.655514724931  0.611512492354
0.5910854449  0.365729037339
0.529523297185  0.352854792767
0.501911630672  0.275261248873
0.529106401454  0.435136093439
0.427141636218  0.342127268261
0.598688068923  0.420471939803
0.303552135003  0.57257421271
0.345412191101  0.517451838283
0.378419814475  0.420210893268
0.464950016151  0.620101887795
0.560240795354  0.469970323726
0.47954585948  0.634815844489
0.612681260379  0.484118336655
0.524371832296  0.487752331244
0.467729134972  0.383212616614
0.655125997082  0.590635435135
0.62689602253  0.713109709828
0.51774521059  0.437297162922
0.697799560084  0.502045495289
0.618544481113  0.204248058465
0.540581803673  0.464089000036
0.342590397735  0.478096648426
0.553266000571  0.48371470943
0.324604352417  0.474789201548
0.567495261196  0.645737345328
0.372950729689  0.455582516555
0.469649462012  0.447284895975
0.32776341657  0.471744079775
0.450987024722  0.366314470417
0.721713491746  0.521120864268
0.637088018476  0.432561269459
0.514774821527  0.355259044482
0.343400747461  0.458439547656
0.175719279862  0.566348335482
0.601564615242  0.516552894054
0.475564362287  0.594216881663
0.607238365634  0.508549497154
0.526061711542  0.42700379514
0.337667730973  0.611411897137
0.405934599312  0.55008225703
0.380863447221  0.60121305052
0.361725610565  0.552585173466
0.520778627386  0.470474369149
0.441066550384  0.397123446718
0.585295987596  0.392055429901
0.38679829717  0.232521056709
0.519383041512  0.740136184108
0.506831935283  0.414598055711
0.419836216284  0.396624199126
0.56388946557  0.43499293345
0.546073337976  0.641182894873
0.487231526601  0.465520345501
0.408826231018  0.444619964592
0.38204298422  0.381381704445
0.666984704901  0.434711043585
0.586613697374  0.575232627039
0.431225088126  0.520457961862
0.612510126165  0.481097201343
0.56981542387  0.513277872735
0.505165279798  0.385860568981
0.715698122971  0.40256029197
0.308393351661  0.651709540896
0.254936384719  0.512811845935
0.465494807337  0.762665009205
0.455054789305  0.472341860275
0.341637110591  0.55565953825
0.384380759919  0.649002527064
0.596290017872  0.48686627075
0.627494854035  0.611704837311
0.532465904131  0.595596517524
0.364024373934  0.354393486738
0.430140495611  0.475187223434
0.559070026513  0.717280342603
0.534612733524  0.426382439934
0.674258590044  0.45278626595
0.503803340143  0.568320260417
0.545999510662  0.354034810609
0.466908108038  0.571737383935
0.490862591897  0.54393057965
0.48386887108  0.58483813485
0.37494346572  0.496474479943
0.610906756093  0.35679771517
