0.374190842229  0.197098546767
0.412186881836  0.456653807439
0.647964139553  0.471559884034
0.607516575599  0.734620774362
0.544733697411  0.470208710261
0.367979846375  0.350975349629
0.522629980936  0.369744451096
0.744230432734  0.59825625358
0.553741966027  0.405558255627
0.588960133266  0.497598414853
0.63481832747  0.502373436778
0.628802245373  0.410307990174
0.443013299893  0.442715962616
0.801650755075  0.442236280145
0.445593867124  0.358466215706
0.574494181059  0.50604323725
0.727407820888  0.478432318087
0.450453674842  0.493926828184
0.377534278736  0.382724720999
0.503833387302  0.458270795169
0.536091329666  0.550074808686
0.638015321482  0.602873683042
0.429884072658  0.286471779792
0.353375087714  0.568126817953
0.557153207758  0.555631918525
0.53962543732  0.509482424795
0.433413750434  0.481562807442
0.491318863585  0.514622949155
0.577413391736  0.52949503801
0.397124574683  0.56488387968
0.699810965206  0.57890990831
0.571460550777  0.398806767824
0.517730246711  0.501568704822
0.361204248239  0.402233776325
0.516081732083  0.400162354356
0.596135629343  0.410072601127
0.41219424523  0.371464915146
0.607370646273  0.477884792344
0.553732084976  0.556940183873
0.442838252477  0.491920636834
0.500288168914  0.467328245913
0.531951659637  0.488620314287
0.438727338597  0.503331837887
0.61365286049  0.409976454021
0.44652930969  0.430713544244
0.3390614675  0.567121260539
0.433226798426  0.570591920258
0.455664620957  0.606392971593
0.456231413553  0.519793801035
0.549700706803  0.466773511495
0.520186161933  0.421200433215
0.467875305928  0.582203197437
0.508391019205  0.422814983927
0.439888067207  0.400073806139
0.483927321954  0.510779056178
0.488052113487  0.414515527698
0.391886617328  0.435561037535
0.567564500769  0.553059904536
0.399894251038  0.653791613359
0.602715627993  0.350125469923
0.45431041413  0.562537988563
0.429852070162  0.426313913556
0.260073567516  0.481453973949
0.400842362606  0.461037248101
0.392415084406  0.510227587631
0.552714332076  0.411768645203
0.59764990359  0.595237270067
0.498019028252  0.425068383761
0.540008014511  0.378988181366
0.562622266285  0.330395040505
0.58418785277  0.68056235163
0.466585718546  0.418794170604
0.421934876225  0.60837486727
0.50444595042  0.500628453795
0.347622779531  0.512928073503
0.759944786241  0.553254569685
0.664297974642  0.409987041527
0.570173439827  0.281407704014
0.409454331815  0.321221889375
0.514749469255  0.626492769696
0.550750966249  0.266247032243
0.53434036392  0.203939187653
0.321601563011  0.664799568931
0.505712574376  0.520815588746
0.461192372991  0.528606225147
0.456978414672  0.564978786549
0.37439496561  0.44415931629
0.495765420652  0.493918677418
0.383413728973  0.393621288849
0.51630199835  0.502001729302
0.542637317892  0.621206035298
0.433403187801  0.469257929307
0.505664879608  0.484713473536
0.505911487962  0.353114484648
0.557243888778  0.453985302202
0.391151458688  0.396141981174
0.461299218401  0.409824487794
0.669222564517  0.365458950158
0.586619257147  0.412581282114
0.656815333358  0.607220690675
0.559727711713  0.539785795612
0.544486281132  0.464251488971
0.509079862574  0.342189600998
0.396258619034  0.541317938944
0.58943777852  0.418092618907
0.451392186753  0.620967967999
0.505172847566  0.331202176247
0.476834136533  0.474078798097
0.302676034339  0.417021503955
0.433468441855  0.455560478371
0.452532073301  0.369895676566
0.466838771666  0.600995651409
0.479763525959  0.430746388979
0.466568936144  0.45206784726
0.327508332452  0.384517620073
0.519515500323  0.490301432393
0.424743794297  0.520372046107
0.418263590994  0.577883412301
0.323875846633  0.596824388316
0.470284730468  0.380407881597
0.410863139032  0.324965592351
0.617656161642  0.469126225207
0.503681394922  0.50420040785
0.513072486301  0.434930997082
0.452499811442  0.452628142454
0.555655614187  0.541475167224
0.549513390535  0.541143914503
0.527965266347  0.583190967249
0.282168616015  0.443560836083
0.543682157643  0.387053149936
0.448328631954  0.573949507933
0.731763689077  0.3461013562
0.370487542113  0.461268305668
0.488706947065  0.532095611202
0.42674683746  0.360225871622
0.603322940274  0.433936358922
0.472159311588  0.501433419579
0.512746459018  0.605925161723
0.542637300837  0.502455698977
0.498746335326  0.421846031557
0.557374744948  0.358190918897
0.653390072252  0.533424475334
0.530284742494  0.473814474047
0.5072456981  0.432513233571
0.618693260053  0.370713697108
0.49319594181  0.524531175988
0.533422259165  0.537261861244
0.461912118395  0.525310257179
0.541933758273  0.539731864878
0.724425842138  0.484379812508
0.418157837332  0.566611629214
0.449071633934  0.497288123632
0.571614050389  0.471196591391
0.477908754837  0.588972739508
0.398304583861  0.468713367522
0.406724826426  0.485301798931
0.523938734187  0.543685948272
0.39138384572  0.504152171837
0.649257866466  0.424824218703
0.465941489304  0.567637186602
0.488028882016  0.572544314753
0.572760947548  0.403358573606
0.430555736027  0.562105572203
0.398663183355  0.598145697142
0.409478084983  0.44493389081
0.4710733273  0.415050828602
0.30830925588  0.662944930603
0.501795176466  0.46396633597
0.523065263511  0.454151217948
0.40725766  0.458787270185
0.589634431748  0.535496534858
0.410119785322  0.584264271103
0.338645841023  0.451094775716
0.465700926908  0.463991759182
0.447502056756  0.441181411783
0.669368346267  0.590435919186
0.50222388507  0.323883786467
0.519008766091  0.313717888089
0.439406088763  0.388296213937
0.604733843402  0.406166866039
0.385851209004  0.457736611479
0.561610739109  0.55092989225
0.43502922447  0.620277518055
0.576009639414  0.484314351597
0.473624999563  0.414744126944
0.488790521687  0.476073694382
0.526773824558  0.483422350679
0.485632321159  0.347701151836
0.497535161042  0.587967055962
0.459374801988  0.469110808298
0.690796935289  0.62199607891
0.664130770997  0.470975417768
0.534273244845  0.212369869548
0.6328044231  0.483641817553
0.61259550075  0.448520876399
0.537834875644  0.601871184226
0.45834065336  0.507475765095
0.633816112662  0.527538291797
0.671221208243  0.47705290144
0.403474793562  0.394643797545
0.396600211049  0.437230290113
0.556825117449  0.45662379983
0.588088150178  0.613544706145
0.466486812594  0.469180401292
0.48205906823  0.471988047927
0.469209227541  0.391972218556
0.424551509012  0.49187014665
0.639305655146  0.453034641732
0.607483307582  0.356483280622
0.553406653781  0.377091532399
0.590338588158  0.521162915498
0.549951149803  0.571229813851
0.261740762415  0.314469985569
0.533470744295  0.598173002465
0.393185670414  0.437617471625
0.437759201351  0.328795401317
0.614877574709  0.546892429457
0.521565712374  0.664982393273
0.5399059481  0.649278650506
0.548104156033  0.53737804996
0.307422077472  0.477549319656
0.485328663751  0.539273217136
0.534013720714  0.446009184405
0.693660510791  0.378073935529
0.409052464364  0.403206669308
0.49015987494  0.40846857315
0.48539386833  0.512661702842
0.60145558029  0.492783105178
0.559492212851  0.300516852064
0.304312723796  0.609351318978
0.649375094133  0.70996105612
0.594549151023  0.531601914313
0.614839284176  0.585141785372
0.617098342196  0.514667677543
0.448614792959  0.299961402361
0.794743870661  0.444241070839
0.314531817851  0.639848745884
0.510224477575  0.396745700912
0.549297827249  0.319408615171
0.409528287274  0.540780776444
0.679060317172  0.451933968489
0.491993227154  0.233296109051
0.516625503567  0.504677051069
0.48049537963  0.378762607516
0.584844068261  0.419908616439
0.333265960585  0.424318691671
0.401945136101  0.622562355103
0.425592393644  0.440371093338
0.54692321893  0.55556408972
0.513758434595  0.530001712729
0.321341101408  0.342745217304
0.303767599519  0.633212175135
0.448507414813  0.406343363188
0.522844229828  0.470521514367
0.604041818334  0.318107595048
0.499085323492  0.349614976327
0.533317029848  0.51744622858
0.466535363639  0.408858816264
0.479637604978  0.553600222407
0.473921712717  0.636702325824
0.591282853345  0.692031020776
0.340321132394  0.475896096556
0.569094627756  0.570923655003
0.589877232594  0.625382624522
0.500795814286  0.499497355241
0.64546359368  0.371675803364
0.32690716457  0.501050717491
0.434694849557  0.552844248627
0.486353571164  0.636973511079
0.345246695237  0.522763375181
0.625614207054  0.4115624014
0.481095815485  0.585641099989
0.510829479234  0.627136283463
0.529737641634  0.639626956715
0.560436049574  0.40598534182
0.270904297797  0.49604141291
0.497050839339  0.530714765147
0.41574172959  0.475169245508
0.560995817713  0.491320731774
0.503957991294  0.384818043719
0.445930156496  0.496985865222
0.566693160326  0.552890310384
0.445878073881  0.415044063268
0.444595782095  0.478455485993
0.506218457766  0.560207641657
0.350282323064  0.615849439552
0.513729884164  0.364892376292
0.333610937571  0.439875216408
0.497508492446  0.44079830563
0.488210572694  0.487046812878
0.394096774614  0.564902434226
0.520179693243  0.463182952472
0.479733924799  0.433317068549
0.52308608876  0.450172491015
0.512955448421  0.446488028089
0.509069337588  0.460119486857
0.541974507231  0.645623172536
0.582231356706  0.46911866232
0.47823829835  0.609636983214
0.739788602391  0.272761543671
0.384130082642  0.45813492628
0.554306044599  0.37280303022
0.393755357363  0.522417685211
0.492337299897  0.703850566159
0.666570781151  0.402350475481
0.339003599932  0.631667419571
0.457753643879  0.324184270367
0.638803534432  0.521073616184
0.465084590391  0.319998318324
0.330408694887  0.443001999484
0.41320172328  0.53871760516
0.424693739479  0.529235766113
0.439383116857  0.595793529294
0.451882677985  0.519517375405
0.56819470549  0.481013431971
0.500295458624  0.445870695308
0.420617779526  0.568340389764
0.499701288404  0.538599658314
0.596429276844  0.613602213472
0.517466275004  0.447469541574
0.535638512782  0.703874779936
0.618640571341  0.586779872518
0.609139339462  0.509294916965
0.427333482524  0.447530619536
0.567051008774  0.310392199511
0.597197702791  0.621974301374
0.475695502084  0.430757291764
0.440704211862  0.428096305703
0.467199397065  0.424252904721
0.453374237806  0.614475202945
0.716834106074  0.525583650288
0.563263872589  0.566718425157
0.580287440599  0.473764418615
0.56690599284  0.507071300921
0.479977087  0.410189800833
0.576421480953  0.429152189393
0.306711340994  0.550374589398
0.649331866313  0.734428326611
0.604600240441  0.331852629236
0.449957667488  0.266676370181
0.257751536879  0.554153098263
0.521577442998  0.496513320191
0.768404290467  0.414860232157
0.41863075994  0.477174322381
0.479778071649  0.421875927089
0.638401525863  0.392684028875
0.356043476581  0.590290141814
0.491462735921  0.217367136925
0.528332981695  0.530861124315
0.456642500218  0.220514615606
0.584573970946  0.33512372354
0.378539493185  0.47563460242
0.580105884393  0.406018739256
0.422992270558  0.509052765529
0.56286763771  0.449756093985
0.419557813266  0.506055187682
0.461392167509  0.415690726537
0.477113851949  0.41334463979
0.409774305096  0.503297208683
0.499978851215  0.429554706012
0.615758764558  0.664906432564
0.498192292639  0.597810334986
0.453724493657  0.524060808708
0.44157381711  0.608895496675
0.440614891443  0.412126682391
0.585802572864  0.398765019613
0.653987914015  0.571267875858
0.414580619191  0.612989997125
0.502859812354  0.507351202113
0.532885279138  0.497235313742
0.46813270934  0.566707373278
0.371802030297  0.434046713484
0.542266035544  0.434752529811
0.602603996763  0.560007256862
0.569039371713  0.236368087853
0.666473283463  0.491796310012
0.627177186681  0.465160889634
0.340302297601  0.685180417328
0.636820074916  0.409895790087
0.708649666535  0.681168301343
0.583157655504  0.488477485416
0.476436555945  0.599624206147
0.507914899046  0.332678159249
0.644349302218  0.574133491222
0.439139191695  0.488270030634
0.417968653552  0.356502467723
0.490553724698  0.389806305865
0.571454475898  0.520641314689
0.441438259253  0.329337500938
0.620339867305  0.421362191205
0.501199844359  0.510088049544
0.569726577522  0.413734555336
0.447814895448  0.317502751341
0.585952345867  0.653062320132
0.527443240003  0.49570937134
0.595526443824  0.454724471281
0.430895352113  0.759479488302
0.248559275057  0.410336173508
0.541297783532  0.491622989297
0.414463737845  0.767313033386
0.505806980525  0.545065646572
0.520964314523  0.541676216231
0.504746262507  0.317246810593
0.538618516082  0.372464547356
0.611603921001  0.527983911585
0.318362951393  0.443643471694
0.557497684919  0.640446511431
0.549896662185  0.466860505132
0.530036900905  0.529498295982
0.416359167497  0.404843380749
0.401162154041  0.30842301137
0.404563239892  0.520717946606
0.322432492089  0.483592235599
0.465401822416  0.429338591417
0.546707680045  0.516417843214
0.471636184957  0.500702086939
0.678386863905  0.554736429289
0.549456362612  0.387282075422
0.405196582452  0.632781389896
0.427936428529  0.442730007938
0.387260047556  0.450625765924
0.615460737069  0.449612803962
0.635631746246  0.443030483594
0.410796480775  0.480399698266
0.498888864671  0.535597876127
0.480809095129  0.335231501616
0.592414635328  0.676311113101
0.463267697381  0.558610130182
0.453334524045  0.489042170415
0.647294420393  0.384562616889
0.451725535577  0.485815635902
0.388135135514  0.435505512035
0.511671959574  0.58519484917
0.332695725945  0.542219234192
0.485445809646  0.349013798136
0.517679669148  0.44087899043
0.563529172887  0.601168855107
0.454443586753  0.375761463045
0.455024443763  0.356172283157
0.552523081932  0.431895417723
0.552476938556  0.546954238633
0.509720691312  0.493920983794
0.689103135316  0.460246341478
0.666760885834  0.359855785349
0.278472661689  0.309117953732
0.543144281331  0.438770988892
0.461626986055  0.64156958469
0.496271058555  0.318331928362
0.496274503284  0.432909002507
0.556643970518  0.467267815695
0.449191473343  0.533763806746
0.60916471383  0.557684808275
0.515052078017  0.359666975895
0.521015104688  0.413230796956
0.529296234158  0.315779323868
0.635677456502  0.454216205547
0.558145289314  0.530294884223
0.558072598025  0.464783169675
0.411626905506  0.595646409751
0.41950884193  0.471640624848
0.509155060114  0.504845479052
0.56726558192  0.304193703033
0.66874361179  0.459497408145
0.658791625639  0.501568623605
0.464848463825  0.644625664508
0.360128492531  0.60062970141
0.525544593532  0.475637591477
0.403710816674  0.475463926617
0.584291271337  0.419565570398
0.384804893959  0.365073730233
0.436113266046  0.549255209998
0.522565082581  0.250780220213
0.593233548283  0.541452264046
0.572311557176  0.476836810352
0.471665764992  0.434517898585
0.451632583116  0.36746951241
0.372151333101  0.458411301662
0.490641396726  0.600209972876
0.510497794141  0.257163054985
0.574762507749  0.240912023972
0.660473361237  0.604488698243
0.46616117662  0.539320183601
0.554044571058  0.459636560273
0.640755341048  0.392165320606
0.511052658985  0.611498981777
0.395235993798  0.619995125645
0.513908991549  0.456181919333
0.451534358303  0.515076613651
0.488823752424  0.549275586537
0.633835235853  0.623610381688
0.487534376509  0.436825603385
0.553015553211  0.756904236486
0.655408418445  0.363637890457
0.604974016353  0.402737513178
0.485308865133  0.436080023122
0.413142761979  0.662606476967
0.422174326047  0.530184843015
0.493633332934  0.392800868253
0.603007515361  0.587264442291
0.455160512908  0.398913724012
0.563005286827  0.491847787413
0.44726661018  0.468706153137
0.364168987567  0.541679186024
0.615261787103  0.449567168701
0.233627063553  0.507386729173
0.628017140501  0.555739357042
0.59256711907  0.516924377273
0.291498977587  0.527749016473
0.532291424393  0.336245731412
0.562541643585  0.539788112948
0.502620141325  0.308683456253
0.437226489494  0.557032202972
0.401345561554  0.403376201465
0.367632003416  0.71865842581
0.484118641892  0.53075492738
0.535529903038  0.545115634627
0.333506931428  0.362760809207
0.481593063573  0.384183779461
0.487940757931  0.374009374814
0.633589434157  0.465807087052
0.534225509097  0.407394666548
0.407767376925  0.477596212883
0.526738660298  0.459978246162
0.400669505094  0.439559349628
0.595364513027  0.269888398468
0.547420014401  0.361699948995
0.50931844134  0.427734327461
0.719305607593  0.470134254198
0.50242378617  0.362419685542
0.264275864124  0.443753795427
0.486817388513  0.581015079502
0.576778638275  0.549257046015
0.463010008193  0.594572924598
0.471549212347  0.486992231494
0.450468516341  0.558504315719
0.544701307013  0.306327505207
0.344989832423  0.552365996251
0.357596384853  0.489304489713
0.508642937511  0.435465427778
0.420171016133  0.463047672716
0.653178704588  0.364480014275
0.403597844748  0.356269018443
0.340962746731  0.529888065882
0.580595977785  0.464015512491
0.447727830908  0.538379332727
0.451150557933  0.547848028165
0.354013692446  0.685575543318
0.537885764577  0.494855673175
0.395861615317  0.526668553401
0.584545480468  0.491737052697
0.401614706287  0.450531587866
0.434790230239  0.403552754323
0.494376265159  0.566260070138
0.522656458182  0.457696683944
0.388895061144  0.572686220846
0.567087523924  0.521038486496
0.577680903769  0.474576112824
0.348498634857  0.447528509412
0.457093602759  0.516379778497
0.559983651309  0.448580763681
0.548672806769  0.441563952305
0.423950771504  0.360848552978
0.74952581676  0.48129935936
0.638864811506  0.568450268012
0.548099858382  0.40165874985
0.423800973741  0.514878806601
0.474173746252  0.575315674287
0.556690984853  0.404338985242
0.452198641769  0.46800975128
0.465503548805  0.570755341627
0.387188386094  0.667445839291
0.561897477069  0.233522072564
0.643829985765  0.422465691045
0.566015278637  0.706362671515
0.592757369409  0.496684749679
0.441704761344  0.622744862207
0.37186267914  0.46030538733
0.721233616628  0.437479593179
0.515231073134  0.51765145468
0.432251722398  0.490956489519
0.285514653536  0.472534147325
0.562276059437  0.451751052491
0.508135688727  0.395051237328
0.351259639366  0.574584754439
0.512117353991  0.433023015668
0.638573461342  0.53257224265
0.431402154559  0.456778602611
0.449131055544  0.483847317168
0.541188215795  0.540811029055
0.416775427619  0.325169105399
0.484042690672  0.514657730681
0.423433928359  0.401273732471
0.69383119531  0.384919233709
0.431877222061  0.438056967765
0.434220912144  0.432710663011
0.404931004944  0.423624012717
0.601083466935  0.452097814433
0.488758182419  0.39974471628
0.303792912632  0.382843912889
0.388062368443  0.397132669699
0.422320218075  0.615529105222
0.438539937809  0.512355014946
0.699906514492  0.535359366866
0.513148587493  0.391785055144
0.498585386805  0.552696243599
0.515536482042  0.512672097626
0.516944629578  0.495997157662
0.528892515098  0.330579810815
0.66207753917  0.395718356646
0.595630089381  0.491819330017
0.345697561239  0.486381324979
0.488970683202  0.462019975333
0.413394083876  0.482162740082
0.453015840283  0.368012865181
0.527167665838  0.452243590007
0.257706994866  0.357948520455
0.443933050597  0.449788759085
0.559065385472  0.40000262025
0.523660530317  0.643554302211
0.39899508313  0.397035972731
0.664262254614  0.471511851684
0.4717499621  0.483476881422
0.526484074123  0.488587383233
0.510431887133  0.501562179318
0.524939808446  0.438745259963
0.527555432192  0.471756413324
0.603540236671  0.30637228041
0.484956356881  0.497833298617
0.653643026415  0.551156947904
0.383474612254  0.648932416686
0.336198363682  0.454625348554
0.651304628394  0.460368467717
0.551680868223  0.476238893739
0.490986013457  0.318656647038
0.589067132139  0.47952286001
0.522560719043  0.450936587398
0.6058324262  0.452628668839
0.444005924675  0.527251969416
0.506479732653  0.473644295356
0.365044265988  0.396844114689
0.362618420721  0.589054337633
0.420872370177  0.485083703047
0.504861972876  0.488983650047
0.50249081291  0.58502494137
0.596561359377  0.496004795989
0.546188880516  0.50692168862
0.76049861683  0.585418642579
0.559416556462  0.366692317054
0.591106286614  0.48735578193
0.488943915047  0.57293675756
0.591502879843  0.520873067345
0.628868414271  0.38308528477
0.552322490998  0.377425084507
0.413928148857  0.524737671414
0.637764408998  0.331058698756
0.423439859772  0.41391521877
0.535970490044  0.494728902964
0.533411131738  0.447250086735
0.622894561733  0.487612070749
0.43051956124  0.451792487399
0.417187703896  0.304009162857
0.393862217947  0.460759177314
0.329883717161  0.372109869071
0.369053807863  0.603357839759
0.546668543791  0.48440544666
0.415974631698  0.500164922017
0.508990911731  0.582128433407
0.496641373764  0.545197417712
0.566609056114  0.485576671958
0.454156883222  0.34829713603
0.428843908429  0.43509024941
0.53596320769  0.600512247488
0.402087384259  0.360158226777
0.508030427846  0.380843342026
0.427482081556  0.612762286768
0.276671091955  0.513126412625
0.389344176995  0.388000494992
0.473056794832  0.387100566409
0.810308763128  0.377900842919
0.408989959171  0.534693225741
0.579838402612  0.369121294558
0.559399750856  0.581695712678
0.519022474638  0.299021729006
0.446222161081  0.551319858152
0.459442041881  0.462731114678
0.483839631252  0.546308357141
0.517650639661  0.428356765484
0.662919772411  0.483451752709
0.456605536706  0.575937010077
0.571719654275  0.487919836352
0.565893428238  0.515979924507
0.387224623799  0.594995931153
0.371842109777  0.467513770202
0.586984355206  0.449663458959
0.492510962317  0.498124800114
0.575140575449  0.289181456416
0.458338081718  0.584728648921
0.534887618611  0.526621816076
0.416521875437  0.528758142864
0.62453429928  0.485185260346
0.545642559793  0.481736885916
0.577800528879  0.491191901945
0.463814626467  0.348085132577
0.308372333755  0.323186806983
0.347605446943  0.521251227512
0.510063597094  0.415398171806
0.649780739993  0.448886950394
0.597508094108  0.37988096514
0.538767434967  0.327995480096
0.538207928911  0.269783162378
0.483828677937  0.576014038355
0.369978551018  0.588195646411
0.439818734792  0.633938501028
0.487671643906  0.45369552449
0.54738796615  0.521083794755
0.4841458079  0.366322724037
0.250884237527  0.469463005409
0.721142986877  0.719610251835
0.579383580871  0.47922212554
0.387216948321  0.543248956423
0.420292067041  0.351092542934
0.489580729687  0.42186061972
0.540017644492  0.497879802556
0.580153691404  0.413645153378
0.27642306501  0.354903517263
0.272499138425  0.348913494547
0.478049914722  0.282646827378
0.521049291698  0.745920321945
0.564531849262  0.377210429872
0.53472829522  0.411216574264
0.458260195878  0.422015342217
0.383482433137  0.477195919304
0.487760213888  0.515401753472
0.453474929775  0.514973646295
0.439686689403  0.291843946659
0.661263264177  0.472228720134
0.477477631829  0.623739289178
0.510876422861  0.765526059465
0.376661992163  0.437375085123
0.634451282709  0.458150702889
0.356939299134  0.642886048472
0.415037619586  0.526821586087
0.465338868289  0.37858714782
0.458489189532  0.319058602338
0.458651733489  0.5628768849
0.48700771839  0.482299324831
0.566113679585  0.541531211483
0.491494665681  0.339219343682
0.335372398896  0.600034100547
0.490893938615  0.490600390835
0.573493362117  0.495129816471
0.447247623891  0.463852647964
0.501043948951  0.58863523299
0.502678965429  0.591831850501
0.566120760146  0.583748601695
0.586646509871  0.489893397243
0.492475156595  0.455269228793
0.588056774757  0.5681669745
0.59227288639  0.517747621527
0.551170511495  0.572362300435
0.451108201853  0.364068359721
0.434257297125  0.748888613483
0.568085904035  0.417698235311
0.560709964967  0.551374713453
0.529005300139  0.395974067962
0.465852916164  0.450639429457
0.783056956733  0.420028140856
0.572360778728  0.751830164617
0.287319954684  0.452020522702
0.58817207844  0.417913453443
0.655590856242  0.453919081439
0.660311634416  0.474159972361
0.568941850829  0.530463071569
0.215694552278  0.377452873571
0.481974469275  0.445745360715
0.49100091826  0.376216084026
0.53833532203  0.586624467905
0.339516218437  0.354080357939
0.400173383667  0.352155616635
0.413690913285  0.424148537217
0.448960843638  0.44272663749
0.432091573525  0.536870592111
0.500887652642  0.466888345421
0.741920941894  0.680484885752
0.613377639754  0.556758368808
0.331650684832  0.600650264754
0.507015104625  0.515649372804
0.630818454034  0.630801520322
0.42155288471  0.467606517468
0.596151904717  0.563922436699
0.493650278494  0.54188013058
0.559555639494  0.543180294232
0.708273526643  0.442311430119
0.387708267461  0.533052567917
0.549428025842  0.36253306152
0.598427215779  0.335825290892
0.659084322005  0.529934818333
0.600625186893  0.403429794564
0.630243959163  0.363792500391
0.313372521678  0.593872983593
0.287665368453  0.542717426366
0.527391209792  0.427346536395
0.389672509917  0.365522270672
0.538939253589  0.677583408915
0.413592645656  0.597438867728
0.495995713397  0.523254893546
0.619091169827  0.508569047218
0.651929183603  0.513622376854
0.484635449162  0.425563936873
0.517940187619  0.489101153179
0.572771001205  0.449644757283
0.650149000621  0.45158920317
0.328530611266  0.703216527527
0.488749849302  0.557125298943
0.529552478383  0.523263167812
0.60760764485  0.236591372335
0.431312648009  0.434189341533
0.468298883052  0.302371602168
0.579796916593  0.543250286882
0.465042788367  0.511276956688
0.622893764111  0.477459243292
0.445428611799  0.549030167918
0.499459951982  0.563876137873
0.283610131259  0.214833244537
0.668513053202  0.337870922082
0.587752788899  0.515865646046
0.450991419691  0.526696711092
0.604759200387  0.490591629784
0.446236811489  0.463216954251
0.472218237218  0.57073707938
0.501749573031  0.487975667636
0.413372009638  0.454412387886
0.490219100543  0.286515279261
0.593717622029  0.348683522607
0.578155137994  0.374997060594
0.518663566831  0.449379991746
0.442826480592  0.426178521676
0.417996061742  0.540787594387
0.618975113493  0.464150600375
0.621429767111  0.640715485912
0.639187813696  0.429165463233
0.364591743646  0.338833398322
0.583357860115  0.285026908633
0.467770763822  0.487077555953
0.551705845321  0.505786340461
0.590718306357  0.705242687088
0.468110114998  0.339577348062
0.368315839455  0.501304166261
0.235780750822  0.525971227085
0.529615356082  0.380809683149
0.657113997212  0.505093430054
0.541811288476  0.39611702333
0.52997253261  0.583395038391
0.461056047341  0.372923482739
0.500336999622  0.644710647367
0.477495195257  0.445050089258
0.573393994741  0.512039270466
0.567422199292  0.511329805187
0.505058588589  0.470339863173
0.478218614462  0.559357441854
0.520128876225  0.4617861064
0.600236566874  0.554596949246
0.352976003516  0.506936091282
0.455571234415  0.569121283679
0.451626409158  0.614270754391
0.580184804164  0.589989401221
0.46989882035  0.448707308525
0.582859177545  0.422576165768
0.464923639264  0.563398101749
0.491485150757  0.532570981203
0.552343803299  0.614180475994
0.429207387288  0.55905557774
0.587563654992  0.425742990251
0.487340994232  0.519016260685
0.586779529179  0.449939143397
0.357242148656  0.506060202271
0.525644692606  0.397906992143
0.511658443919  0.471702435069
0.580168355311  0.348571754359
0.522969299166  0.417196126705
0.375306427992  0.480863223779
0.557967691618  0.518855684625
0.437632373359  0.378585916392
0.519617884045  0.429522650916
0.387735908798  0.732179696453
0.58536897474  0.570297843825
0.5611593519  0.320334496522
0.54767150136  0.479288634291
0.618397472749  0.584690092824
0.624693202528  0.265475014268
0.6360927815  0.450815817196
0.682107636505  0.703428939767
0.421769699279  0.398350694988
0.58677172227  0.447863375788
0.374558575495  0.52329040456
0.497929187375  0.356404828679
0.483806506571  0.341524357596
0.553461887912  0.614844717844
0.476365896494  0.296661448997
0.379617556882  0.523614694315
0.234291525139  0.474682811213
0.676125371802  0.580457284505
0.354387735657  0.390248463487
0.388918474043  0.537235183025
0.368820048842  0.537861070371
0.410509215841  0.570026143477
0.644212979256  0.436760183846
0.573502087729  0.505694421138
0.506131824219  0.386349400119
0.568039383909  0.53289391858
0.575101933117  0.334810499706
0.395532062454  0.602294824675
0.612613684727  0.32272649548
0.536303892028  0.466943839736
0.473296502022  0.577981795544
0.335014470659  0.431815458034
0.46516114457  0.451579564712
0.528572252757  0.535924839656
0.607145703909  0.693583391084
0.626936715226  0.563845639257
0.71859857454  0.491527115692
0.586219189416  0.493316578813
0.597451469384  0.442364210772
0.430499790614  0.490909183373
0.493298201452  0.349546701627
0.53698097123  0.458066374735
0.505969025492  0.536256843337
0.559912560004  0.371992653583
0.401754460867  0.558722799647
0.399586407129  0.431329263754
0.577198712967  0.309021212097
0.409939528508  0.38530922012
0.398277946013  0.513003885303
0.515953996694  0.568786496998
0.336734903306  0.465572548609
0.408620961542  0.330084646047
0.481206580158  0.363067799461
0.367257379083  0.521000568639
0.563090857433  0.377329380949
0.475717936212  0.516533894602
0.532035841913  0.480753330621
0.409836817152  0.345633866288
0.579431299847  0.503558128725
0.69344307751  0.504287521896
0.586313394787  0.49351899367
0.617641550368  0.512303221034
0.371601054257  0.48706441993
0.465428852922  0.577061867784
0.361700894608  0.532453890253
0.582436472749  0.607616207861
0.637952421337  0.580914760951
0.341897237712  0.542713563063
0.400886315588  0.741421895687
0.584337724771  0.467014962857
0.48765370496  0.339485369225
0.476871393197  0.510996862383
0.62670837631  0.67574869453
0.384580967006  0.539053336989
0.516367601012  0.452616800042
0.426900412041  0.332063906216
0.529815835425  0.336094146738
0.399946992143  0.551140534546
0.48491620292  0.317413166167
0.543876498207  0.341357385794
0.638311219992  0.664942554527
0.604041449792  0.470751340799
0.392092700576  0.43040896684
0.503449898232  0.410077633456
0.462747991185  0.444983632137
0.50968188572  0.577020425493
0.512217432515  0.396984056964
0.558621465276  0.601898793032
0.519795089517  0.614960617091
0.426629090188  0.471839077446
0.656324997138  0.582584795005
0.369193450072  0.442958796594
0.500225995944  0.415757358004
0.573674933337  0.611578330221
0.536670726457  0.55282699058
0.452998872874  0.434608827816
0.295737868536  0.447752804119
0.449886971461  0.365042609236
0.434620318584  0.616787064918
0.428147288855  0.507474341413
0.553275801723  0.406809147255
0.379625134126  0.466376626669
0.404993268137  0.358811862591
0.308979990797  0.312235152014
0.393095821825  0.40508026131
0.42249945296  0.368882961782
0.505101046387  0.282505764192
0.554480918812  0.523953705014
0.6437103674  0.452700209559
0.35651936018  0.309008618463
0.178511439759  0.592981720628
0.489356250001  0.45688104138
0.365386769951  0.538091621362
0.344731773292  0.423906989975
0.517053552273  0.441549450913
0.675024831386  0.384192600467
