0.484094981965  0.230692138535
0.576039246937  0.480845093436
0.592750884165  0.479919303654
0.686340437608  0.549211808978
0.415345856536  0.565065749341
0.398998391126  0.538335472781
0.602045685213  0.419373985857
0.534443339222  0.445736976973
0.572281172194  0.432932197421
0.531085077363  0.232408087532
0.587562871293  0.457940770244
0.402536105022  0.473093542667
0.366419483698  0.382453208886
0.599398233765  0.311304687836
0.661660366439  0.459775052126
0.518206693913  0.425330801271
0.244239206653  0.505370144396
0.71707762625  0.487215796409
0.339680957194  0.670303985715
0.438213064786  0.451618093053
0.493580688808  0.34861511773
0.31258211961  0.431680407256
0.334982212345  0.651086638071
0.566457850367  0.557890839471
0.401415323199  0.415252320111
0.455012895201  0.409452873249
0.617157826477  0.610205151937
0.551354032128  0.387173396295
0.538498465599  0.508954585725
0.482576367576  0.572584355392
0.355051782639  0.507286977846
0.539789354652  0.407502415167
0.483417401008  0.534667936806
0.607471631996  0.58571327968
0.403537292472  0.410345130062
0.507772386454  0.560297134345
0.374910773004  0.431302552085
0.345000387214  0.572655548371
0.429926089372  0.486869848695
0.445266047038  0.548123573396
0.474115037427  0.550917147538
0.496041688873  0.421727889349
0.499610280285  0.562756545782
0.407992415047  0.429105089712
0.551644367948  0.481638583194
0.406191293147  0.426971464289
0.458102642431  0.421183493242
0.504474569995  0.452359172876
0.440858905282  0.319593516426
0.531936504066  0.537577165546
0.379264831811  0.398454800676
0.634654779982  0.562720323061
0.556428282471  0.378494975284
0.613393375665  0.46226229013
0.274520794009  0.564214254217
0.301628035608  0.452481896305
0.475858703897  0.423494067908
0.52155453323  0.591346271904
0.622003043313  0.583802681738
0.362780437444  0.525647002936
0.533188760438  0.724405038477
0.39562010184  0.472260864977
0.501380254516  0.53405617161
0.525524574202  0.582130816816
0.468298845711  0.459361775921
0.555728974332  0.555048838932
0.506098312129  0.516363699623
0.499005748068  0.441422120962
0.660072760906  0.316898931163
0.55965777826  0.448670323231
0.35808294688  0.323282970208
0.464834356223  0.373453928081
0.580901564313  0.668185978824
0.540021874346  0.441657863006
0.561607406656  0.534732818637
0.594225222224  0.659492094108
0.407909786567  0.764284565091
0.411741855793  0.451898352007
0.536553081038  0.479836075871
0.556019473898  0.571477786361
0.583925898668  0.514984642861
0.684678627464  0.604089393356
0.417551015439  0.333061545284
0.436293109554  0.619690815237
0.394205698978  0.41042700186
0.587698518741  0.404521864436
0.463922272868  0.486674720456
0.618904948728  0.250837299566
0.352359134811  0.352147428837
0.35049413988  0.531887888063
0.457708677749  0.600010303259
0.683100152538  0.468906051111
0.576188964392  0.467034010365
0.569802819797  0.499722600964
0.551640637756  0.393663332242
0.326296876422  0.413246675167
0.651431836547  0.376153827212
0.379185733471  0.314604874561
0.448264899136  0.366278870479
0.505541673651  0.457184278887
0.569558668109  0.457134672038
0.475449698041  0.147391067775
0.701413714937  0.477939114702
0.521077390328  0.442012797616
0.259030451381  0.309004660122
0.580127472426  0.58001221972
0.359619297377  0.526372115231
0.422340419763  0.481810316869
0.453522706718  0.529866276617
0.516435403266  0.365107312527
0.441128543504  0.547835635787
0.443357547164  0.346156843248
0.582874779358  0.405429755667
0.421411908824  0.446279083659
0.437152743512  0.319094227225
0.485138504229  0.408856165337
0.601037421401  0.411248496616
0.547572847979  0.598645722462
0.435530851845  0.443194035554
0.502975768098  0.30238192757
0.243331743469  0.449148188961
0.463869742243  0.426574559678
0.400182027667  0.332413509372
0.463773645578  0.5103440972
0.481588568225  0.468200490376
0.544400379561  0.402772619618
0.428133834734  0.489892171408
0.510571757306  0.275653162804
0.52027472244  0.511015050787
0.474064438627  0.521150429872
0.484466891736  0.472770413454
0.541109297017  0.350742282421
0.390839580825  0.502239042738
0.489132571857  0.472889011504
0.316390109338  0.314931822427
0.447282588096  0.608710630542
0.358742416654  0.459922446327
0.652251434546  0.590084956404
0.373152285581  0.363460904302
0.618525984057  0.508420259482
0.370240317342  0.435680275849
0.511295649909  0.495198840213
0.517428182794  0.447794335194
0.550565920908  0.53726558197
0.354020428316  0.344012235567
0.571816341222  0.545553821349
0.558083300106  0.473951664076
0.561284100702  0.352656231784
0.42627274809  0.428372530519
0.556572256341  0.506250911542
0.549756997816  0.49734683562
0.383522901967  0.287568332253
0.556524761029  0.386329222046
0.296740826224  0.509773345829
0.497294128395  0.585240407676
0.399604959186  0.389034650997
0.496254682985  0.772826907791
0.54604326676  0.369593043735
0.415844190282  0.543327151006
0.63676321819  0.556429281489
0.351378252729  0.48779431878
0.368192780873  0.372147649362
0.519868144718  0.419721797964
0.420691442182  0.577607959129
0.539964939151  0.398571792381
0.454073147438  0.485886134426
0.501065449114  0.444637379066
0.390516144666  0.422994941575
0.545653979617  0.461163717486
0.350881016035  0.426205850488
0.429455372508  0.391671314291
0.437418668826  0.48181678823
0.606244410534  0.453976162472
0.365300059721  0.701640157337
0.66455902298  0.523956672664
0.195446669874  0.326409463604
0.354606434485  0.452408434121
0.352238360752  0.50042854667
0.646217238661  0.554343228655
0.186144723897  0.415369526369
0.494902411603  0.411406019502
0.549221363485  0.5250879701
0.70765718848  0.413607735522
0.60810411271  0.439331960119
0.495857791292  0.522605325345
0.475271771784  0.318915787685
0.591607523051  0.589168796858
0.394224864327  0.583618933736
0.42711232771  0.476168492656
0.362479124358  0.623173345411
0.379524543806  0.530077852958
0.509731623378  0.392231655503
0.632879098321  0.610856247529
0.59924367813  0.420565406299
0.550197471528  0.395248568705
0.511996799654  0.432844741928
0.528206174291  0.568759134013
0.569609748213  0.378690304979
0.443773822888  0.577510035942
0.750145133628  0.343633355251
0.431191998793  0.479505992171
0.589762373064  0.395084174736
0.410614619627  0.476747967799
0.342556178216  0.290953523765
0.507662593789  0.378127665084
0.372935664621  0.345004929301
0.522951377577  0.446051731651
0.451764614697  0.327709845276
0.523245904876  0.329828933342
0.523943553432  0.476685000505
0.48708794318  0.414023077839
0.672501159984  0.497554031158
0.592486842689  0.459315222966
0.421165152212  0.49360597631
0.407815985468  0.533358602452
0.33345094948  0.375910316561
0.54030754768  0.411807387271
0.44753171681  0.458329411593
0.454389062611  0.445504760462
0.405746192944  0.552540927374
0.334091157243  0.547007897794
0.55033569193  0.487064842337
0.409733682006  0.583385180156
0.472988419455  0.364051630245
0.319171071153  0.394080808131
0.424969638826  0.569288692777
0.419064028236  0.254396692285
0.361519001877  0.51208466449
0.464570838476  0.534394793075
0.515357795171  0.342083734443
0.554091413118  0.499349396232
0.43419984174  0.379788846186
0.506921040172  0.620963311698
0.32600092963  0.507320019339
0.574619498978  0.477311058879
0.689749477561  0.419512346431
0.565200289207  0.550496283634
0.424225450308  0.590006756865
0.57987315005  0.504914310111
0.657070749799  0.527829433958
0.577262701723  0.382450382065
0.448082708711  0.666072439434
0.754946895113  0.422553240304
0.424377226398  0.43365413591
0.385453948735  0.604406253554
0.458912116369  0.43540524045
0.493479472857  0.318344021936
0.262647012473  0.5643121589
0.523307336072  0.602319233214
0.536844531922  0.578769392235
0.434663173479  0.252181668382
0.4192131942  0.362071273632
0.541735146789  0.49193421232
0.5030183232  0.345461242889
0.391321328881  0.480908665383
0.448713836963  0.537257243814
0.510712203871  0.645325716994
0.402859192621  0.618123237107
0.412209668267  0.588577485375
0.295311179418  0.342269736814
0.569145944761  0.45781729808
0.428717410817  0.602498942017
0.404544891614  0.545575914831
0.495044086131  0.476801260226
0.543044260021  0.594772378992
0.601546400228  0.31081644436
0.442769786017  0.63447135269
0.313004776701  0.347317101332
0.61533771842  0.492350375949
0.525979061179  0.495117819389
0.400683235044  0.38981651699
0.370431369012  0.600171550857
0.494476343147  0.361355381594
0.423246691279  0.328344937644
0.419614482432  0.530230198196
0.505740548222  0.635665189594
0.430436418243  0.620856570278
0.582756962605  0.469196326981
0.521307905728  0.448024614228
0.346101635416  0.482303448093
0.41828264434  0.534977063705
0.41913770285  0.671532246719
0.468750341904  0.543486073815
0.402010583637  0.314046052417
0.645056583531  0.398444195664
0.457334167748  0.445211064919
0.367200792692  0.36975102999
0.238526653338  0.404646283564
0.412332729088  0.540092889218
0.465243746491  0.521355549066
0.414386668981  0.276135308193
0.428175301039  0.570825857306
0.477267894364  0.452739395732
0.433319586376  0.515545412138
0.402303465746  0.455498200679
0.378622044698  0.501071474765
0.552867852872  0.513141887027
0.644857959421  0.36767519781
0.38636617456  0.304348159899
0.466309164496  0.554207536768
0.469074223646  0.535255313856
0.595944793701  0.562941059243
0.55012964825  0.530675206243
0.395043240368  0.535272585835
0.514455399949  0.472627017858
0.607375030191  0.489323093272
0.428603332297  0.502097607115
0.521183975014  0.406264566841
0.418983677083  0.440282627034
0.480858730333  0.515480726561
0.519377820695  0.608915446347
0.469483458547  0.445163392046
0.494337645438  0.194944892452
0.577798929277  0.498501940574
0.418663575685  0.550049167749
0.274651224589  0.447877739232
0.588005769246  0.46047007858
0.546719243846  0.578862259519
0.547014737523  0.472299198013
0.360524161682  0.354973921877
0.586180267266  0.45737587578
0.423108427496  0.627016944024
0.297598819962  0.374443869579
0.48216656165  0.544953062963
0.283794933363  0.538260301105
0.422436197835  0.396214965858
0.496821929568  0.410971476236
0.607871398039  0.476246107078
0.519331782446  0.549648226269
0.512848212292  0.408915469424
0.623422067066  0.460578355071
0.453241327617  0.419008192797
0.566260784746  0.50378348269
0.58050914616  0.539496469576
0.372204892744  0.537677484151
0.507944933952  0.581431042458
0.368630699373  0.559044708975
0.440349065571  0.530169040793
0.604215657671  0.433237505558
0.513923436517  0.290986824732
0.610148843691  0.472945159378
0.448647000123  0.45095360022
0.490237557283  0.599397256382
0.423991310793  0.389013010694
0.383970564428  0.385959425268
0.407118836061  0.432687459059
0.511741937951  0.40355419057
0.322975129607  0.427532211772
0.476181251373  0.449613180181
0.532545935994  0.417829501173
0.423438278191  0.488578611904
0.500086028545  0.385481410319
0.316690103152  0.341747755415
0.327405865112  0.555311624273
0.664919740969  0.521593119518
0.360304626923  0.52963855318
0.675589995669  0.454719219973
0.524941145276  0.520756505603
0.510453512313  0.597067351745
0.3274739338  0.338751527925
0.595925436066  0.474560291008
0.440296540334  0.569197943753
0.442052318429  0.407935307248
0.674718131467  0.383846211425
0.527527622673  0.504800327895
0.422492641739  0.375376815691
0.460993885615  0.310741027016
0.44186837049  0.532625709226
0.659073572134  0.512005408138
0.35210428662  0.385024738657
0.536162645359  0.596153467531
0.54685062811  0.438870379048
0.511948178002  0.562186326004
0.429709754229  0.635535389294
0.493773357659  0.450761293269
0.451047580943  0.555770783091
0.358502255425  0.74792967751
0.545078020187  0.627760552617
0.527806460509  0.544040869173
0.564441203068  0.222997603835
0.472280864989  0.484345456377
0.623305397104  0.333832765256
0.586462166281  0.350715649267
0.481630653556  0.503087579724
0.522126050641  0.4224805815
0.389811692262  0.446473198658
0.530073124421  0.546707955791
0.474298668118  0.422404042505
0.562620101624  0.509246321755
0.561038517386  0.423156461045
0.322643663746  0.495403750341
0.555830733227  0.494226210795
0.500300033839  0.654719612434
0.627155118518  0.494584203466
0.594087649023  0.501477174341
0.559080745155  0.418533220623
0.392049419334  0.340407217094
0.435462728029  0.394060767452
0.665923307912  0.568177663623
0.341507512868  0.427876834842
0.397198109662  0.523612600948
0.338188006116  0.626250709871
0.500130262635  0.416816247963
0.436028750732  0.335801559092
0.450339916075  0.37161689413
0.260243480184  0.55991101356
0.528049754527  0.273645286431
0.549208137513  0.514516465072
0.490537234526  0.516432100522
0.412321048399  0.343387952419
0.512139453191  0.495866035023
0.415545023839  0.365975487241
0.354694515554  0.538723495731
0.414938890852  0.323691263073
0.614989340117  0.472741632889
0.486665051174  0.517326110642
0.561101561419  0.497945464844
0.473232094635  0.456010461998
0.517675667849  0.515991704073
0.409552476562  0.533973825174
0.453546500121  0.532824189795
0.760721497087  0.349149662717
0.64905292214  0.620083580866
0.84052560736  0.496798215263
0.483677807108  0.387233857023
0.700944996627  0.524941557737
0.593047568882  0.450974573807
0.461180164675  0.303166284762
0.490683827558  0.483886695023
0.536742760107  0.33927323569
0.725879418403  0.718763333963
0.205458135474  0.523397348576
0.365525373496  0.383242848735
0.430186237298  0.201064732165
0.472085132267  0.532144193383
0.423269410756  0.609944305349
0.569884417833  0.375976691052
0.486603765884  0.590137683109
0.429749844866  0.499593648089
0.691333836306  0.605743274131
0.651824468899  0.451618587015
0.43327208077  0.521395871912
0.555908342857  0.625811363384
0.347646525797  0.565362387893
0.397476771146  0.378390619396
0.516755686828  0.511268255649
0.504534239254  0.580201881171
0.459336868314  0.413057715067
0.484149295678  0.518492557274
0.660821110614  0.510852585708
0.736943568681  0.407121403252
0.463493158416  0.434696442876
0.455313025977  0.584190949533
0.665268931766  0.354492786644
0.610267510971  0.731017907618
0.386526364675  0.502481212548
0.674607996541  0.386062143197
0.432173626811  0.515743465976
0.506966451283  0.546892409709
0.296413402018  0.447351955763
0.443301876426  0.614601184146
0.475488506578  0.621405462619
0.387456996846  0.402571064579
0.390321211188  0.291634170352
0.519242381255  0.44677010423
0.584141818357  0.555221646657
0.557699034517  0.229782344933
0.45398257485  0.389215977548
0.361210280627  0.420899080573
0.412134300113  0.406054866396
0.273346005328  0.265493034542
0.561620043863  0.432473848311
0.455392173774  0.494129488334
0.417275624486  0.41900841304
0.470249327589  0.435942199234
0.444847686235  0.370971194262
0.507938162094  0.356873829251
0.494433582492  0.575296301704
0.496928478501  0.499662766079
0.535385692067  0.414563231583
0.446307046582  0.427565200557
0.432492255111  0.461759849802
0.399081302557  0.451288632742
0.504765442582  0.405583396009
0.550675697227  0.517938552025
0.709495535684  0.580178709528
0.436867656578  0.723753624233
0.503722513771  0.515333180457
0.496324367523  0.537961087099
0.583437456836  0.347201845025
0.619891112411  0.413851989658
0.334335318481  0.438173766806
0.567314839818  0.395759617229
0.665803199975  0.531529370926
0.426407164786  0.450007316344
0.458773692102  0.657129051069
0.667359929395  0.551913774075
0.550497661647  0.554452124922
0.425816037063  0.408110032101
0.471525829203  0.595922570791
0.480046999914  0.562713070549
0.445372814498  0.401652360386
0.60649067971  0.431041526883
0.462174935517  0.523013700599
0.432377177699  0.321394210926
0.611068508368  0.570063273412
0.415350849654  0.526544918734
0.546557074067  0.338330126889
0.396627765069  0.545653517712
0.545408242221  0.549798088854
0.283293248079  0.460679393016
0.467565820192  0.398462209519
0.316150117472  0.418781167687
0.425111956032  0.512639936101
0.512879655852  0.365604732922
0.364875069512  0.499167842143
0.578075827386  0.457359708355
0.502895228475  0.332718584015
0.601927538904  0.384170098737
0.433563273479  0.453542004212
0.381867009533  0.495480072845
0.50817060947  0.328735832373
0.368249540248  0.387677380143
0.35813980396  0.24871347635
0.403521859501  0.408138512279
0.568226315784  0.471489867698
0.481795187696  0.526810872833
0.369436709729  0.505571858499
0.400340335461  0.399228659028
0.241585139834  0.447127304832
0.415015892506  0.631874166332
0.596994845161  0.492126738352
0.404594505673  0.510255570034
0.42301359957  0.327429481725
0.528479221268  0.652126477771
0.483881264102  0.348602989198
0.520786730904  0.569427486008
0.408923648166  0.306768108136
0.368308406287  0.532742454633
0.423767186311  0.370963169718
0.53640150545  0.329556002581
0.500129371124  0.303877386964
0.518315497414  0.425628831818
0.379810339486  0.473656876219
0.360740977444  0.47091486522
0.404155417348  0.553687286506
0.495677686049  0.566082759787
0.372771035702  0.565022414079
0.324779447068  0.514859418557
0.428644786203  0.478254936176
0.347533646385  0.530865369227
0.478960786833  0.460116202417
0.410505974508  0.42139547123
0.49068657659  0.658188997627
0.494371805  0.32803706112
0.719400455387  0.536127672035
0.350274523904  0.496331611223
0.497622072038  0.43958724427
0.482172666985  0.506478738659
0.381462598999  0.342803838985
0.67912866047  0.455878660388
0.410958865561  0.588510900576
0.296913536206  0.549678549814
0.348746265492  0.458920292035
0.435094884136  0.409666643326
0.529963661685  0.45465370691
0.614664748617  0.454646074103
0.555014254256  0.550769042879
0.441058955593  0.524608002424
0.306570193306  0.399597833223
0.531895846702  0.352378323455
0.447727126297  0.412377745496
0.505787066815  0.368188355883
0.637660538679  0.609838172614
0.528588003022  0.43508942798
0.513143650589  0.322167270967
0.42741365764  0.502357062916
0.634792434118  0.382139910755
0.526422037903  0.406686921647
0.44470333123  0.452604232879
0.529021721169  0.510015666824
0.421968433283  0.466531735721
0.40789944968  0.533833626035
0.511644149481  0.498365419303
0.367064882824  0.361980446518
0.622297750127  0.43805581739
0.529902143357  0.502461360011
0.344373310281  0.43639498729
0.612014384787  0.342530824412
0.470422294252  0.302865929648
0.420796399827  0.391762474357
0.503479619635  0.450478024908
0.498906769855  0.51582147074
0.580858484468  0.529441074567
0.606824052442  0.596684956369
0.496058870138  0.561750907594
0.577564710304  0.518476247259
0.465606302828  0.516132566242
0.456797812692  0.534798955381
0.748974641098  0.545943745129
0.555558476403  0.637660488818
0.77990050955  0.323053570767
0.476411420497  0.341803459086
0.440796866909  0.652902672989
0.488878033834  0.538427644988
0.551356907307  0.580562229842
0.468799111759  0.425260194115
0.603017598203  0.413876604307
0.413614771877  0.421979415173
0.602815718802  0.434359372645
0.503499793151  0.394167116389
0.63169247608  0.313062728527
0.549229662057  0.446622292616
0.461430702783  0.563850345683
0.56133288655  0.622984265622
0.432509635159  0.499225783562
0.597351185437  0.489767286271
0.479321055407  0.533282969728
0.469649770805  0.517366254689
0.514568141658  0.528314193508
0.311402554227  0.389667732758
0.436212327734  0.254627444978
0.762145157868  0.523418346144
0.383456938564  0.533933281419
0.367231668878  0.64503888559
0.538563652251  0.556638356799
0.640415849944  0.44030964275
0.464306088751  0.374112374417
0.495140089435  0.530052047009
0.439498787319  0.385846771276
0.531307285258  0.686646124729
0.67684073975  0.48654141732
0.341475972085  0.293196920404
0.539147139687  0.48271338146
0.522248669569  0.528324008286
0.426793310033  0.492662586451
0.602593813992  0.650578274194
0.594856168543  0.526076982095
0.505215969903  0.409453668966
0.586358738647  0.481548670379
0.714953052236  0.340300600247
0.459106408464  0.432676523608
0.633010663474  0.560379127243
0.582729720113  0.506678076111
0.436001010864  0.473815736431
0.546486410795  0.611215967369
0.664103119702  0.486534928698
0.519116247414  0.263124111547
0.374571791367  0.659357021073
0.642689209523  0.461684130348
0.351882002008  0.590892229673
0.388802575092  0.406518021587
0.518273387367  0.548040372767
0.474597486619  0.441661309847
0.351781118715  0.525283030485
0.506191837582  0.499771039813
0.280968479447  0.625065711595
0.39982616882  0.445426497686
0.556111172603  0.575862472314
0.377793595964  0.527020379678
0.53268118647  0.617507820253
0.407834977221  0.523263388376
0.600421678543  0.382740143781
0.420750848355  0.530387516958
0.624728658987  0.52120389629
0.606417665332  0.385753619898
0.554381140955  0.490363288525
0.403659998415  0.623183362003
0.483866266253  0.484386694998
0.411917995914  0.658529563807
0.593777022108  0.593248336919
0.439154097984  0.36017270923
0.355682274548  0.43152334442
0.395124112376  0.548316885556
0.434371639869  0.419464757331
0.386835863289  0.494646192447
0.456682267262  0.453476357352
0.332498410182  0.455443691906
0.407762274264  0.287720789397
0.472603043316  0.540114124995
0.461088468648  0.344150692872
0.559150493824  0.474057832153
0.462015481109  0.403508468986
0.433714197105  0.740210466799
0.452037736155  0.312127643517
0.542937044423  0.436127472249
0.351121392407  0.49575475305
0.558757881484  0.407777990709
0.462911840901  0.411112559423
0.517845690306  0.438177270859
0.539142543782  0.526773742815
0.439465383683  0.338819583446
0.489307222389  0.503983555268
0.437278603098  0.274943428305
0.507049651444  0.460679785095
0.393226765141  0.423600218034
0.551889281546  0.496928354406
0.397889264179  0.601704359243
0.481597734314  0.415796398712
0.351715254585  0.41999425016
0.458329428506  0.481201014244
0.340467210863  0.472569407376
0.499691398791  0.5252104555
0.37518522654  0.384822723355
0.494890331681  0.563933213284
0.414699337047  0.550318525604
0.58655223581  0.395819088893
0.336207366647  0.428829800686
0.354204716494  0.478937515229
0.388288722108  0.482320815115
0.463314970327  0.429949626583
0.468667362885  0.538333192911
0.432600418569  0.677985056588
0.271094835913  0.489102201739
0.386217341431  0.46161219614
0.257375914392  0.677322488245
0.549793602477  0.418184189605
0.418874979359  0.288193941019
0.519889442442  0.45751023766
0.414097011977  0.509343606217
0.609737898003  0.397593884153
0.366042571448  0.518097024688
0.580657180063  0.526214084517
0.705100284792  0.609625177424
0.312903985631  0.412489981877
0.506055533206  0.593848752289
0.631386666202  0.512751728251
0.66473503721  0.547241106702
0.588611056413  0.491824254286
0.555278648729  0.458559314697
0.436058706449  0.403993418355
0.539118293265  0.584951975097
0.488869969063  0.538159147157
0.234612528035  0.553309702937
0.402206138435  0.421091178796
0.446350819945  0.500252575264
0.444317563907  0.42643631339
0.577290617268  0.543707301236
0.330669659015  0.415042395603
0.474551241819  0.427896469179
0.412798615861  0.499805451815
0.50942964484  0.480369019631
0.454172391928  0.553836310394
0.471972599703  0.399514370369
0.461288815939  0.612779221289
0.278671630327  0.373312125846
0.473293297464  0.651523910691
0.628728610102  0.408150106609
0.49836716706  0.572510696099
0.4751038255  0.664208595548
0.476992281022  0.498663114614
0.312119915829  0.541599027557
0.465747336201  0.577148363347
0.466228624427  0.771512181951
0.644750702435  0.506164311432
0.466312379826  0.557473758247
0.502800095483  0.314636848589
0.611133776675  0.441047812505
0.639602554084  0.516749435622
0.444001254465  0.50620229312
0.39012179501  0.671399401126
0.457142399332  0.335967154114
0.357525237366  0.401829746878
0.424907917464  0.466050089919
0.29767729626  0.549224599162
0.539575892659  0.513559553618
0.438647619682  0.369093990972
0.480553667452  0.461017325845
0.357948033632  0.622541385649
0.651481721894  0.623182955795
0.430120368796  0.407791260074
0.498615726697  0.462558875736
0.493331146344  0.437261245142
0.323411408656  0.402613047141
0.533879786544  0.390206033011
0.436034838119  0.608155355251
0.518181589881  0.454045310127
0.5947820396  0.313098257121
0.346822929141  0.526433287568
0.495372834069  0.515201228339
0.516288290104  0.352017608484
0.596526217136  0.33978857141
0.475818134189  0.504766337221
0.446781500436  0.577144928144
0.45824175607  0.439530607597
0.48848395022  0.518250367745
0.483799173341  0.638905638241
0.303593666526  0.500681456322
0.427411468064  0.536909574344
0.596275665539  0.532563104936
0.466231081191  0.322043711984
0.487121456511  0.464510084862
0.359801266579  0.545885621229
0.467736878817  0.56725575993
0.525922035869  0.538734759176
0.408643655795  0.354633313693
0.63130191833  0.556803361909
0.605288311737  0.444455335269
0.579096046356  0.486080592857
0.218684114021  0.570980905611
0.407412681165  0.572674041359
0.479414244108  0.462388226953
0.588501032658  0.411631926062
0.483059651945  0.494252363864
0.477738961443  0.418277854
0.467975464378  0.519764544581
0.614246647707  0.40837057323
0.532593313242  0.24616639446
0.368884839087  0.405612952964
0.469624847009  0.449201903108
0.530553657195  0.588683693391
0.562460296749  0.569515487159
0.366685311787  0.395697535762
0.658937718789  0.479383636416
0.693783399807  0.45785596398
0.506170701874  0.470068557198
0.417203040103  0.515225395431
0.405608323555  0.474285992221
0.610522579555  0.415311882184
0.710161918993  0.517100025203
0.568691556635  0.721191644892
0.549095403848  0.569094944854
0.436825459627  0.437398641929
0.612264760226  0.575479202872
0.446513997104  0.488459070855
0.677392353348  0.379398245878
0.454250042227  0.509544486848
0.443372048856  0.346324048006
0.485569059842  0.40567327667
0.449404343795  0.513782631021
0.568006243264  0.298246597796
0.532305337088  0.417549127325
0.487883678488  0.433707217149
0.503603004366  0.551383708469
0.344019885387  0.549155734389
0.441333555822  0.320452033827
0.495783572317  0.378585419346
0.440663949318  0.559298976726
0.504731478204  0.452808126741
0.595234492224  0.527111058353
0.526194194966  0.354628105484
0.656919272286  0.371774106224
0.416481823027  0.285986840145
0.241728446077  0.593809043429
0.426796047053  0.511055304214
0.44825639546  0.635500748458
0.521496660839  0.55940225946
0.552935658771  0.638461315256
0.388475148238  0.482231892199
0.509352722162  0.606251844219
0.450572165014  0.482275516154
0.479171698736  0.592033078843
0.621971888739  0.561973056562
0.550876241738  0.500132482069
0.476548546047  0.624753008915
0.502429326427  0.471800263128
0.394997870901  0.608146919014
0.375685892193  0.60241031332
0.503357065345  0.624017578613
0.440797429679  0.349308996915
0.342011228411  0.468375858121
0.429252805383  0.531102275606
0.321190028087  0.62320003638
0.54496415429  0.675832667411
0.358448349264  0.433450629858
0.380961276058  0.391624060366
0.494924222247  0.449496044699
0.583069183968  0.4456842046
0.658589023781  0.362257019531
0.386362656122  0.572867675055
0.295795609443  0.448994223451
0.504181615117  0.427471077897
0.448655070649  0.424469507409
0.459598222425  0.612857769086
0.333636012634  0.629955704113
0.51983936878  0.464360481534
0.473587532311  0.586918966625
0.582916678766  0.414072197432
0.599454689314  0.527492399318
0.499226717532  0.335705950563
0.620174077925  0.430392559869
0.493939875775  0.34058453514
0.544948687567  0.596029774713
0.487866442001  0.425599756509
0.481697818281  0.28682972738
0.40733830695  0.540850545423
0.480032901922  0.50874113421
0.482521495128  0.674417427286
0.308316299285  0.402292870505
0.529528105464  0.438208495616
0.397416938902  0.40567430289
0.524738666127  0.304724851308
0.548455971801  0.487476716624
0.438269729078  0.355390864088
0.478314111472  0.388345867272
0.642473847039  0.413657943111
0.509396960226  0.486051882648
0.504888648814  0.25710998312
0.44797320503  0.573150849637
0.377315067002  0.504313391727
0.573778342932  0.438915887482
0.449802739598  0.393461512426
0.512436743456  0.578006173663
0.493589262415  0.389970185495
0.333749275371  0.456926428623
0.463027419573  0.465824223412
0.490348264707  0.292781106186
0.64544229769  0.331462348135
0.175604420754  0.501623419674
0.459741922578  0.382292471547
0.352698406885  0.458433308077
0.473821249394  0.405005361333
0.577968421647  0.549192872719
0.444899353092  0.45302091094
0.620288314376  0.514153076042
0.443439075178  0.432817831994
0.51897127547  0.589403131339
0.652226879045  0.389069691472
0.525715233902  0.604230817111
0.34464576832  0.446250108918
0.582936334316  0.371621699807
0.495264607274  0.563459291777
0.192829036513  0.480439842756
0.572545635842  0.257400514668
0.462801403077  0.622460555955
0.512542545778  0.59332519824
0.592983366051  0.279498569641
0.500642962591  0.398928954036
0.42188796707  0.440624353948
0.427983510003  0.352279234045
0.704424859239  0.426110659424
0.455671962146  0.585805840308
0.488919227196  0.424923976394
0.351214201595  0.465400303637
0.494641767323  0.536421815419
0.376282073554  0.625164458119
0.444010787369  0.424979688942
0.506932534545  0.600613497734
0.693712137071  0.484243369396
0.482537923857  0.444406829731
0.489274531599  0.549881080607
0.443975875079  0.34611494152
0.554751744163  0.28455248342
0.314415965431  0.636122198665
0.532264814457  0.492378416158
0.621808972576  0.31225880198
0.612195176627  0.39832400975
0.339656315463  0.39148017084
0.591061494863  0.492371159862
0.454144224367  0.544882874842
0.400189125057  0.486101805887
0.535395270941  0.45285736443
0.516001678822  0.529566876766
0.533842656837  0.387885201458
0.39496840065  0.471408221803
0.452837935631  0.33787339201
0.423012795193  0.55805309905
0.346988020104  0.575511660772
0.50298983267  0.565547523404
0.632546998983  0.605387995729
0.610168362343  0.41121671964
0.576068898311  0.421347124684
0.401947097241  0.650365631496
0.521901623415  0.409946754082
0.521050097038  0.446044876323
0.43465426575  0.594829760869
0.630124082686  0.73292454333
0.457229466484  0.52495013747
0.602595887401  0.710453099069
0.584607934006  0.549627336932
0.581586831274  0.487994701197
0.545140217927  0.609543798978
0.573011617982  0.610113088089
0.408227756485  0.635040190001
0.20844150841  0.292671341504
0.4347299442  0.537546789292
0.555122401836  0.527812972858
0.537092525996  0.580330381193
0.34933928793  0.423055939154
0.515259365695  0.508891929158
0.422995178203  0.320164068458
0.369881219816  0.611924405991
0.563315256266  0.399194890747
0.293482067184  0.395343078287
0.535820979312  0.486733155302
0.342807411703  0.535461344733
0.439554413789  0.392349965917
0.583181164018  0.435280021294
0.699965958946  0.429000611114
0.666512749849  0.479456954228
0.336285855703  0.29066851217
0.562718907241  0.543923571017
0.707390592507  0.502902662911
0.513822935759  0.616969844915
0.651426778355  0.554781310999
0.686110811557  0.602008410028
0.548406863337  0.480361128587
0.474368152568  0.531977609538
0.527587202599  0.539184795762
0.462566658024  0.394044710646
