0.310786190711  0.421910537625
0.552296164783  0.4856297061
0.490405161401  0.538253089413
0.479636656117  0.437137086805
0.55125543975  0.520593764616
0.766619737844  0.487755265715
0.366211921975  0.576604450671
0.337828750783  0.392714349998
0.344571160806  0.551519555486
0.548229229999  0.314252835155
0.562599926977  0.609724063435
0.523898468694  0.534009241575
0.424719077772  0.576992400737
0.442830696856  0.505912777553
0.396225299483  0.3071449966
0.391438200453  0.64074024967
0.579166004925  0.440625887844
0.406718278895  0.504241004802
0.554426631212  0.491211096107
0.385895502974  0.576279176101
0.431306249676  0.575409565009
0.515938140623  0.468837922136
0.508818458262  0.679522011988
0.641514302862  0.507589233246
0.315029247997  0.623778098297
0.450650559857  0.489973934587
0.443588863111  0.529611668517
0.608174018089  0.506786501731
0.36662538742  0.462484362418
0.589956519025  0.534378489203
0.561990796927  0.469810268667
0.590418782783  0.545714864882
0.374549195086  0.539560936904
0.501971366214  0.581494969627
0.497796252976  0.561643343065
0.527620440642  0.399274817134
0.465192926069  0.466818271353
0.5270822879  0.44837163327
0.570336951203  0.519475941526
0.502945705301  0.605603216133
0.505215452571  0.554689673646
0.632570972302  0.39032475943
0.378443174366  0.522712350566
0.558717002964  0.574552037791
0.55188191042  0.617948052131
0.524084741383  0.604226374012
0.507963815524  0.528527314304
0.548799923905  0.248302799028
0.49972333264  0.575134800156
0.550664248188  0.375557060913
0.430006162796  0.4767839539
0.382536248741  0.422498119489
0.516292040893  0.533620811008
0.541674371861  0.709726347112
0.657883655186  0.403429936702
0.479957598902  0.629010797929
0.440834287647  0.547146017512
0.570045701247  0.550565931768
0.496126143385  0.502474371564
0.581176543665  0.379864223494
0.4941718536  0.632186482533
0.356647097706  0.546534354659
0.613670420588  0.568949292976
0.428905564315  0.495205781007
0.50746749656  0.490228031926
0.299067143898  0.447387390382
0.456110896484  0.482246087162
0.382870308723  0.530302703963
0.423855582444  0.52769163175
0.527798069134  0.616348659341
0.660496005713  0.55881388785
0.287477369491  0.538650463324
0.664931885227  0.564471569371
0.574235927965  0.327544517669
0.654581088157  0.470753194803
0.395097494641  0.322299388028
0.317066224744  0.464051154018
0.4760889746  0.519594714512
0.401177765739  0.619461198919
0.320375283913  0.609461760458
0.670684292888  0.406401911438
0.432433512142  0.52829846968
0.490826645547  0.314618395665
0.51896227899  0.610757933325
0.538007897468  0.421724775887
0.594955538315  0.55867547572
0.484306200017  0.387604494645
0.493521544949  0.724907203048
0.534689532682  0.587536506831
0.524576188464  0.639194341573
0.561072422401  0.571550245755
0.610981706692  0.486520935522
0.309373589697  0.590599306646
0.428896756171  0.301209477083
0.542484485132  0.407611261467
0.551956678919  0.516320042693
0.432084099394  0.531767850882
0.404355856484  0.335595427072
0.629297336229  0.419552392041
0.416610922142  0.449171611597
0.596856607326  0.489707977706
0.499241376826  0.356382083152
0.436941881789  0.529516706199
0.500944450849  0.554886656357
0.646395912874  0.453120693355
0.45540223802  0.442248359079
0.553688051435  0.422421937053
0.326934094097  0.513989685028
0.594327874021  0.422801234176
0.585115182672  0.476553280892
0.48892269779  0.684667617452
0.569692553197  0.562402688868
0.575291602011  0.58342964933
0.455210550429  0.629653815568
0.447129422501  0.628872306721
0.36577327708  0.547254999021
0.659482835121  0.47967191764
0.38177513079  0.483030677304
0.449696211813  0.393697327759
0.440676748713  0.6396268588
0.499426104081  0.462646418487
0.538763619728  0.584234612781
0.386280099645  0.343328684732
0.538686585473  0.408589788552
0.368819560841  0.407556443296
0.569978886975  0.440024891198
0.486735121673  0.499960438698
0.601393521023  0.408839306472
0.571231950651  0.475731149489
0.346768031302  0.47256778441
0.472663547007  0.529680904921
0.47402318875  0.495602511477
0.360800975776  0.436347896916
0.521128339392  0.514786685122
0.32904485636  0.488032261601
0.419540503784  0.384707748243
0.610962279854  0.619658335894
0.411711492967  0.539362716613
0.381245392119  0.392315489709
0.605325642836  0.69069714777
0.449098512983  0.640383074414
0.355921366298  0.499303911289
0.531363210291  0.635822033638
0.639543193853  0.535423120422
0.450702259498  0.346427492838
0.652768204844  0.56695507708
0.433432060948  0.440545016064
0.559892102892  0.330647000806
0.441728163766  0.44124559938
0.468602424995  0.570753262368
0.454516469469  0.717305598611
0.535286757883  0.552587744589
0.672818360795  0.504241194542
0.495119028311  0.464299069909
0.657323319744  0.331876320161
0.688857248271  0.554238252155
0.38294621632  0.381317996226
0.38556108285  0.46563632344
0.656762964763  0.541961350226
0.36186704643  0.659487240685
0.564896855152  0.385489909746
0.438042211595  0.323667777921
0.80618415175  0.366620431581
0.440820063754  0.516305674029
0.611095725884  0.612599703072
0.394666786793  0.457514899354
0.42395920191  0.582622220493
0.50467972102  0.555288168991
0.459036716648  0.605431788017
0.596324182318  0.56151245429
0.414251924736  0.514759605125
0.420096054913  0.366861883086
0.50818363535  0.500225513651
0.531455461117  0.476743963044
0.603865808516  0.50472581356
0.543333117142  0.385913167851
0.443676951108  0.549167581677
0.553850646874  0.573924092853
0.406832929963  0.4816992764
0.410274073079  0.513215446769
0.540889299524  0.426215018316
0.601321320716  0.45253896321
0.425556071041  0.443414913047
0.338404393506  0.556409700314
0.585359444879  0.566182988121
0.479485010892  0.558821509362
0.489047058149  0.41082170465
0.290856196936  0.453115124215
0.489659034809  0.6505791544
0.503418700399  0.427343195161
0.490695362763  0.496283478229
0.495961992064  0.516861629772
0.39234939784  0.411588275238
0.60397080985  0.452601145351
0.582646756564  0.620912103343
0.465532394932  0.465075035732
0.510550027513  0.552519214612
0.581536683409  0.37346126758
0.449025232773  0.29250922798
0.583955938078  0.35963574435
0.32822092865  0.475528604485
0.452041991881  0.598165152549
0.370932556871  0.381189999519
0.551133043664  0.420430861621
0.657798344432  0.521396322788
0.365808926673  0.510098710484
0.475679733765  0.499394874706
0.475563620108  0.614342518285
0.432884944934  0.566931155725
0.354334581584  0.489413641919
0.632904833202  0.552065706701
0.484331137617  0.493596349625
0.52639211939  0.629325814502
0.480876299267  0.373893903762
0.494178901833  0.358950847335
0.431219075222  0.52354235605
0.46280754983  0.528365147983
0.473935148454  0.598429528864
0.548096904097  0.538415129318
0.32524203841  0.50020094133
0.638585792908  0.610399232942
0.559605667154  0.498984029623
0.5331859811  0.445662711233
0.369775727772  0.536150732395
0.445284300631  0.343428719902
0.509136245216  0.531509232706
0.595339845797  0.395920298998
0.535848439293  0.466311753639
0.506190309482  0.548383426179
0.505560357976  0.62909002725
0.564929818236  0.571997593003
0.346563854392  0.629346152611
0.263126682123  0.434407207036
0.38939910999  0.711644085616
0.397507337087  0.472914923987
0.464340169613  0.495480243832
0.439940036732  0.568733592239
0.56779159893  0.436068012325
0.362519312193  0.547207526156
0.599050903732  0.330380318207
0.831967168786  0.623637604167
0.49942840095  0.547459548181
0.639508238509  0.468963674455
0.397708357806  0.489236478168
0.446716645154  0.522554150226
0.442088902061  0.518386210811
0.494406118952  0.635233375622
0.607246529375  0.427677420943
0.560857507673  0.282189552835
0.474298843796  0.61942942526
0.559124967447  0.467658387887
0.374193035328  0.646382299315
0.430880691499  0.549195362888
0.600363665937  0.556046398034
0.568317725129  0.414225604829
0.482870283728  0.352306967085
0.617289763015  0.530598023579
0.415060182828  0.47425381675
0.541244053246  0.559504015507
0.472477997982  0.645490061618
0.48812747615  0.43053205077
0.514990516624  0.47213053527
0.609997051255  0.477348324915
0.496540258991  0.709834470945
0.499790861217  0.453795439881
0.464354487141  0.534778053817
0.584866786615  0.428294360852
0.521204059985  0.4022833138
0.500705461498  0.429583491304
0.36047183959  0.576451801994
0.60812215073  0.382886420334
0.436839585565  0.470462776629
0.534280479169  0.388667876251
0.643697977536  0.449138546045
0.471864460386  0.485253498932
0.577687767169  0.481798231338
0.454939088776  0.516888768601
0.540440573605  0.604592427366
0.508003264411  0.409404556597
0.447065559724  0.5297835761
0.404009791612  0.546471795613
0.471203170198  0.656421280649
0.490622386246  0.477083010242
0.467464100304  0.668462016907
0.497671010108  0.528296709807
0.619507480955  0.46054792984
0.564853852526  0.373530435343
0.554041142773  0.55803601006
0.537547239828  0.719064518273
0.533769130723  0.26615708929
0.466795936807  0.589620215225
0.305069940798  0.497398623939
0.334750651958  0.508817523717
0.449721117394  0.337162159306
0.469704411878  0.493863295392
0.708229272398  0.499656490628
0.407367656317  0.528582611767
0.492358484013  0.412265311012
0.553129312439  0.525660156104
0.603527565279  0.545979668026
0.595854138765  0.499576653715
0.510899997996  0.517749916866
0.353315750999  0.439503928248
0.268626799341  0.593502171615
0.606497505621  0.677648691628
0.663406617829  0.338924253653
0.582407406597  0.490209496259
0.394343537176  0.349780638241
0.522385585964  0.51630486025
0.30534089526  0.612089589321
0.366703934858  0.517602493213
0.588419237421  0.409276883638
0.457824236866  0.556300419194
0.606815808931  0.393684864029
0.388949372918  0.494016076464
0.512516237935  0.41923331877
0.465180935115  0.714243625509
0.547176332331  0.42822329705
0.471406570173  0.488019339897
0.508491857663  0.479270272924
0.542964473767  0.571165916961
0.533233029213  0.472809929741
0.769514819464  0.567992445261
0.316553465875  0.3504240308
0.425404274945  0.586724850712
0.639960891949  0.363582750334
0.460394155878  0.382007857544
0.532909699624  0.669969858992
0.503555090312  0.447465633013
0.520020202951  0.825558350032
0.542693271187  0.414724962064
0.351653777957  0.528087850166
0.398508820717  0.55156268429
0.393277693686  0.612686700055
0.43242623117  0.420086233122
0.453514766465  0.420140787034
0.671993703409  0.478724379726
0.560369306279  0.52917977648
0.699531895531  0.525293836316
0.565871290957  0.515246124515
0.593298591092  0.44172362136
0.413308993915  0.441438080191
0.65702697086  0.633805915268
0.269477131349  0.615357911969
0.468896585106  0.390140602852
0.622150216089  0.422328320557
0.352118416934  0.428555654315
0.492135727284  0.600825053189
0.507450488952  0.343719916897
0.513051933709  0.528813441244
0.875281127542  0.567339048287
0.575733577675  0.59364755366
0.424871092403  0.566980897566
0.332073344158  0.377563995892
0.474534957116  0.436892235474
0.452692355176  0.441684956159
0.500877900556  0.444337632479
0.408085570833  0.696860080276
0.482731348166  0.585284124825
0.458442339719  0.489652632724
0.600348141615  0.42350821671
0.771000490973  0.285950912392
0.468892942694  0.512104786312
0.500323729809  0.595876776149
0.482357404303  0.584052127965
0.408766391074  0.555275879592
0.409515254993  0.382841291226
0.495702377135  0.416877280527
0.530482488441  0.360173965718
0.45849567232  0.578255351587
0.370861960054  0.590334990216
0.460112615274  0.581870965868
0.539020387528  0.600948801028
0.478842096982  0.479218989104
0.545552629263  0.632218632437
0.488623093697  0.540188340081
0.504247680135  0.547346341466
0.491508000618  0.521416908776
0.44898185092  0.394717702846
0.611654052031  0.468047965796
0.435319393885  0.654366543993
0.376801374314  0.36026651075
0.406463394786  0.493763579228
0.546297927628  0.56701963956
0.686325107103  0.450776275875
0.535762456017  0.557923773585
0.572247600263  0.48119133914
0.459989304908  0.408426987332
0.415339810034  0.503792139879
0.44361449032  0.582870327786
0.605893477199  0.5268358816
0.379593238141  0.412923774734
0.379207107193  0.622871227356
0.495150105867  0.320082981494
0.609955997165  0.723922700483
0.432570613983  0.566616235274
0.357402733322  0.554618640273
0.690482980702  0.400820283917
0.514918657436  0.542242875824
0.376445834632  0.653581729993
0.4346271357  0.430700856674
0.505971542699  0.45869998239
0.533594285966  0.517668694184
0.352635291587  0.575488637784
0.489743342464  0.421302325549
0.563164020148  0.542346201254
0.523629221925  0.444987120178
0.607823538078  0.457675258738
0.712535745491  0.498069089343
0.61841498723  0.455043099559
0.40732011456  0.399737787493
0.405236972206  0.34742199351
0.438927350854  0.431690827932
0.398591875475  0.385759719939
0.50724846747  0.303624885089
0.531125389699  0.644340474433
0.568737207088  0.55300969247
0.453127437901  0.62878805961
0.635636015116  0.503749051863
0.614593000422  0.578399793636
0.513528988352  0.480924079336
0.467591977085  0.543136684514
0.358023881261  0.437053966866
0.448186675084  0.607221274319
0.595084927989  0.396360283766
0.434131300508  0.541601205941
0.381063651381  0.456721097193
0.440579356306  0.422489664995
0.636052351556  0.466712163705
0.503838853839  0.475556057083
0.686438702495  0.409844024478
0.508062589493  0.275789801288
0.397267623624  0.477498949409
0.512599110648  0.524177884325
0.471919598  0.299661620268
0.562099530929  0.638724785154
0.624322427981  0.480023436014
0.429202156216  0.283219037072
0.496331999127  0.493502234957
0.608426033205  0.513966187026
0.582433990393  0.483816664117
0.449936420618  0.514957931817
0.491565451664  0.424222766067
0.378472990452  0.522740913209
0.408314089735  0.418317568661
0.470068326751  0.44274445576
0.498804496593  0.476496432787
0.595019889827  0.646123650076
0.403598561511  0.468935319852
0.454546508205  0.441171946594
0.551721113856  0.527059634588
0.420386222793  0.350425469038
0.38302666864  0.61305227352
0.600293845194  0.524036517434
0.363963201795  0.402368209773
0.482942748265  0.549054076529
0.367516688702  0.47860610025
0.505452097245  0.516438825901
0.607851695867  0.564265497675
0.523216325144  0.480438776672
0.571397744492  0.44929834661
0.449261391671  0.451532907478
0.538536119953  0.473257029135
0.584231282973  0.790990020872
0.273139998758  0.429272445025
0.56254552135  0.420692314158
0.421949701471  0.377136691954
0.437432446965  0.439333895428
0.582895727098  0.422736401363
0.606397301136  0.69986169657
0.500150034823  0.349362906922
0.572044399667  0.548333591373
0.332746966539  0.562273620599
0.548429154252  0.490317193527
0.379156471772  0.523715740485
0.481752854925  0.559600477347
0.597771451383  0.535532779918
0.542597046355  0.376656845838
0.36139297425  0.521906897471
0.485566430453  0.376029161465
0.49706695872  0.514190694892
0.607005288947  0.562081079988
0.422288591294  0.302715452877
0.502034738659  0.40441199989
0.425389134755  0.484945514047
0.392260223784  0.590790272158
0.468729228673  0.776528724956
0.595088712413  0.470107930278
0.450052709358  0.555584725841
0.561570343613  0.53405151681
0.54418796718  0.207004586718
0.492856645481  0.428824480054
0.439006019032  0.381132352669
0.495547044335  0.307374656376
0.411126011334  0.301339419278
0.428495838627  0.383532707489
0.480683847044  0.536577454745
0.439056396883  0.579949584545
0.52890449221  0.504264372441
0.311305783982  0.598693883622
0.536395419224  0.544099610766
0.494615549115  0.640314586494
0.751590471861  0.423457070807
0.522445848225  0.571714140266
0.562558849851  0.536875445425
0.398156056782  0.560187659612
0.406178534693  0.488481694064
0.479863500934  0.513364984404
0.554446968748  0.549917135463
0.37489501775  0.432982440033
0.396973485302  0.491763930725
0.623155270142  0.552015675118
0.584215261662  0.40096576782
0.47520390754  0.45124951291
0.431833801959  0.532800216047
0.425943002377  0.512063506594
0.503246592939  0.503271969852
0.431195464961  0.375911404442
0.498162395459  0.534466230356
0.424561798155  0.5667878262
0.502122808085  0.670241888821
0.392102447603  0.600999701141
0.527060995382  0.532036440067
0.703010323274  0.441473398752
0.423328428963  0.556542136505
0.526615192748  0.506549617294
0.606504783538  0.511522616456
0.56786816594  0.609232717427
0.658229868909  0.497166731226
0.64198210775  0.429447386015
0.406311749085  0.295727573998
0.395257016933  0.528853856484
0.357699867527  0.305669512289
0.439525300375  0.397759390015
0.455921789474  0.487049792821
0.449158999849  0.53599150214
0.403470912063  0.615697517742
0.629416769094  0.528360041776
0.551950877148  0.541723979769
0.701106935929  0.498191688028
0.430029155164  0.564084472271
0.490517777452  0.598505094503
0.415863783079  0.43571899585
0.432885231459  0.407332514915
0.451811788434  0.607307700365
0.406015571794  0.413898641273
0.492010835758  0.699888526432
0.719044087475  0.592200348633
0.537757287627  0.454431166768
0.641174705153  0.508224439562
0.680472068508  0.491716361215
0.549772544039  0.378194960903
0.371117750716  0.465637052557
0.438878789009  0.56382820045
0.408467910698  0.47067840475
0.44653954455  0.358314493533
0.628414385791  0.627704243997
0.472294950109  0.535370543506
0.532156610387  0.542121586279
0.56540108624  0.617396405842
0.536702681623  0.507973286101
0.363266706114  0.373952506121
0.430200038698  0.651291733624
0.514811410492  0.504547795876
0.675929840401  0.473952657912
0.53985086142  0.666792108138
0.506365479327  0.405054582615
0.336368089697  0.43112848392
0.514783360447  0.548448011425
0.3939376913  0.538929030706
0.525476911097  0.490386828714
0.44240081272  0.541794943882
0.643549092238  0.394408038224
0.553037257922  0.413602761506
0.453903067729  0.665860529669
0.426156525758  0.419311778046
0.579935216215  0.474276689428
0.569252009938  0.461637798324
0.507892115842  0.401858993861
0.464127328863  0.454531832336
0.409810269015  0.589269017492
0.423567717125  0.445668096069
0.500050401805  0.324611977104
0.498147322318  0.613680436731
0.449807536472  0.69452100471
0.389471367266  0.450386704281
0.562102288857  0.579108265356
0.509749496874  0.585046291564
0.403906584933  0.541361452182
0.39389014412  0.485524819219
0.438766143938  0.586011832679
0.362696587372  0.642863065469
0.510555484206  0.631184329267
0.564689730584  0.629819023798
0.623280871641  0.349985332078
0.506720677488  0.417694524266
0.514477099703  0.500419856557
0.632603789156  0.463056238484
0.562001498183  0.281287457026
0.382334588783  0.337211823097
0.444563439622  0.525132073173
0.399477210963  0.537902887602
0.409858508745  0.476569975264
0.485435468114  0.42231867813
0.525195949761  0.474369222901
0.353994258818  0.638488660867
0.546846290497  0.488707391567
0.469977442564  0.571084409048
0.492994421312  0.51590061092
0.55213678668  0.542408950535
0.510465432129  0.325762143306
0.346891814463  0.39469454473
0.512976614742  0.482960023794
0.636407489027  0.448428092461
0.513683895248  0.63892419918
0.462992660149  0.484097721558
0.634171276459  0.385229016075
0.505338087739  0.421943493774
0.528676123897  0.394043047954
0.433586180992  0.446719559021
0.532950700402  0.60703564617
0.420981211227  0.567368203678
0.275932359021  0.583642595081
0.420054534001  0.490602942514
0.619951398674  0.43130602596
0.521214165999  0.443944401849
0.613126238141  0.356843691905
0.49298584881  0.381215808404
0.459375657631  0.493967758689
0.415658166966  0.492616004452
0.360429885736  0.580724631326
0.439152655966  0.396610746638
0.344744098473  0.551513938885
0.522588515666  0.606800788602
0.582317886435  0.501535268786
0.335027462295  0.366176535667
0.662983494978  0.551988564729
0.484579785403  0.514265082232
0.49249676225  0.558257712733
0.469758961537  0.469497347784
0.714442669979  0.526519547194
0.596250975069  0.544374771541
0.44206772384  0.511181551169
0.591952753888  0.61053302895
0.4593553557  0.504443674672
0.448235574071  0.493202645026
0.604049512563  0.471185800391
0.674125584544  0.335985094046
0.48646307188  0.41983708236
0.633645089869  0.636515508096
0.43237754432  0.561342589707
0.462812084084  0.643774011521
0.568278979505  0.612933004547
0.400740064246  0.438612631713
0.660308872476  0.668857692529
0.323911143969  0.474699753644
0.534961295944  0.287073040137
0.356597434432  0.631336217109
0.440388947568  0.530316802985
0.480427166039  0.507526354013
0.484935092981  0.625249285518
0.578701009539  0.614974681071
0.518119916268  0.564630778332
0.524842896583  0.643077298924
0.508102107152  0.554963392021
0.485321302757  0.339237317448
0.422600925752  0.426334111065
0.327037073933  0.375580720241
0.519036097715  0.519995428936
0.385756152337  0.418385795436
0.489590164115  0.663882869916
0.599801869236  0.577926101013
0.474877922349  0.341576058158
0.530847652691  0.467165148597
0.393857271154  0.572111485894
0.431050475154  0.56634298666
0.557598086761  0.609300783196
0.385456662639  0.558060700779
0.632269473318  0.402101061406
0.560279064573  0.328084324386
0.504777466031  0.690751401519
0.581667107678  0.474256563889
0.501314389431  0.569966700346
0.461625802514  0.504500979981
0.479723491111  0.464393795425
0.383596405463  0.513933730547
0.468397566816  0.438840688228
0.508227077146  0.32679558197
0.488992530325  0.64353592474
0.586391810497  0.4560442272
0.497093212783  0.446458004115
0.361075239593  0.415959729665
0.53778857734  0.583974383365
0.421433040025  0.551806823201
0.400311335246  0.58208038787
0.555521567828  0.615207473779
0.589543271738  0.534029632334
0.496262433563  0.550532477215
0.713586249854  0.512410532745
0.506317181905  0.482802881042
0.470257704898  0.50960913057
0.531459416628  0.703213917768
0.560270412306  0.529411653342
0.42585091136  0.49956131283
0.557983683674  0.413595921246
0.34855302694  0.366492072558
0.573536583498  0.555790266537
0.416368861885  0.461652138234
0.649486176805  0.518172532207
0.458274061695  0.589759542349
0.637754119801  0.570122029177
0.57884880918  0.43057690394
0.556281854809  0.477988404333
0.389268131112  0.515902918529
0.59628182864  0.538842119011
0.452837301655  0.466941492692
0.604966495423  0.541678875623
0.402574810263  0.447198029094
0.50471455727  0.502383394868
0.63536185821  0.634149586277
0.420687945682  0.583895803969
0.478932153329  0.427348623192
0.635904048852  0.671790325598
0.492790555217  0.319375556242
0.648629508786  0.48124626234
0.533747637  0.546568360746
0.475569879501  0.684718445563
0.431045569687  0.449692773647
0.539725438216  0.645510122228
0.423766667478  0.608734140072
0.463082350359  0.597407951967
0.599111840451  0.720948197209
0.56541974216  0.434757644598
0.526762652168  0.607174575544
0.514522711348  0.56489975951
0.607199978667  0.515451435357
0.593507962977  0.577354089113
0.432627983217  0.453772748679
0.402162059069  0.564809664886
0.479890997411  0.72674158014
0.663307818984  0.584314627921
0.35634534066  0.427880522916
0.459448699118  0.698975889818
0.277110615528  0.481100803749
0.492133914994  0.354920131199
0.505330928269  0.548056155674
0.565281358055  0.582449181399
0.599766506407  0.338007628553
0.564073426929  0.608076635866
0.43875138226  0.513696418756
0.52207128459  0.563741920013
0.56066303463  0.427061894703
0.262141138886  0.369925691271
0.409053195979  0.524823573483
0.622555076962  0.606327404624
0.577882756687  0.425574659541
0.40607725455  0.45328261196
0.596248532453  0.454406593734
0.407401609886  0.559929747096
0.505223957091  0.536641154178
0.563395032357  0.623478368068
0.417797206221  0.397875983679
0.511279985606  0.254792613578
0.516822091476  0.487573512055
0.510971907397  0.634552295174
0.438813050935  0.349541330615
0.277303834732  0.40238258776
0.415578672183  0.330062467512
0.391337605236  0.622018436428
0.600999122813  0.542600557371
0.638580996315  0.416750048328
0.595058286744  0.434633804282
0.35643460986  0.748078056046
0.574878448152  0.443272236387
0.641180919448  0.514059112682
0.632281891454  0.403471579152
0.547579188909  0.432919260763
0.47809187798  0.359138227406
0.39144983114  0.457414973179
0.554263637451  0.438760657591
0.350846648063  0.370807260635
0.288120077382  0.399173501713
0.211271608252  0.583760704702
0.487549743523  0.431760754118
0.309251349359  0.635876964271
0.331196578092  0.40009082775
0.714726638671  0.594308251242
0.668943494654  0.405194320251
0.49224197869  0.498288367571
0.285344729167  0.764556905191
0.412227156232  0.463124797356
0.397189073339  0.556323442061
0.351225543919  0.530245159298
0.385933146401  0.387602907688
0.522736037023  0.571981305854
0.608061704367  0.563095526934
0.454449282183  0.504237308098
0.511654305824  0.388413274208
0.544386392652  0.618322642497
0.526467926234  0.507308879896
0.29928594282  0.593684440968
0.460938629401  0.531268242774
0.439611543607  0.471746114608
0.464650845894  0.386736731034
0.45547317636  0.670866646861
0.45077090379  0.465411346731
0.525853243143  0.511331030232
0.536442990016  0.508372611173
0.583104281729  0.617921490854
0.508829517915  0.46900729942
0.442506511679  0.613821239817
0.354991960958  0.624014238027
0.334561346635  0.584893305852
0.644824820678  0.335218322564
0.49251280932  0.548401701778
0.567674926519  0.428950821141
0.583317926122  0.441729718094
0.411881001376  0.471136798458
0.49039488612  0.503865165885
0.42545525328  0.496648453168
0.4265683799  0.390761898211
0.397923561207  0.382991120047
0.574861780098  0.450217298496
0.546814937197  0.488758349518
0.485987387287  0.568032892055
0.596551350013  0.741660588399
0.568303166849  0.558641996482
0.569589522681  0.601251234924
0.359584474451  0.617343127272
0.451307468516  0.459553277891
0.559531847297  0.535507728739
0.782993458317  0.691329522212
0.375540465331  0.387295391168
0.569869405387  0.595661382005
0.525416949308  0.49200090852
0.460387961319  0.496813152079
0.474242219341  0.666366169225
0.437441196257  0.286569069133
0.390335655221  0.456617447891
0.484132991391  0.400709172544
0.560341684019  0.489448038016
0.414452807955  0.783124023462
0.634969064084  0.424099509591
0.456819888767  0.454435339687
0.603274609596  0.564150096119
0.58431112831  0.813366034838
0.657821609847  0.40063984545
0.475598951951  0.328975096976
0.445075845043  0.856100121595
0.666528618421  0.235102743293
0.387548351051  0.739931188053
0.476406986717  0.519555047564
0.569587998945  0.392724364736
0.410500498727  0.514767075918
0.401653486165  0.473525082025
0.520715099123  0.558573808658
0.461350703597  0.492144415191
0.577075379053  0.346047113062
0.565024666743  0.572356027329
0.374007403142  0.562969974746
0.396114132351  0.465426154453
0.544124467052  0.603940646956
0.519903469707  0.424432075943
0.600002944459  0.381427627743
0.567721813015  0.613601330541
0.527673440014  0.395543256922
0.411394331494  0.410930273567
0.518528470936  0.600285246472
0.348128711924  0.489129371415
0.375671023018  0.49879444592
0.465991649109  0.422635887272
0.445874533741  0.303404309779
0.599808749913  0.342020014301
0.211977181064  0.50787076961
0.590746252067  0.378890807767
0.483210118042  0.430547008232
0.401234691205  0.305650907202
0.658237273322  0.461597392372
0.696268627608  0.554040008279
0.619875053425  0.383150212807
0.552372947271  0.457099457934
0.389665736372  0.670187672792
0.626551601449  0.573875873472
0.249656301997  0.452994509936
0.332161866815  0.419990727962
0.686550235217  0.634833197503
0.432831302252  0.337275478306
0.434448020996  0.397116607201
0.528661406917  0.394400666308
0.320075405335  0.393865472142
0.381577358024  0.351295988996
0.407804639334  0.435900319846
0.495826791429  0.368252946112
0.572540880972  0.575116114343
0.51513884833  0.601317339277
0.600769173894  0.651873054554
0.439335561308  0.537937862954
0.398720069473  0.490203823682
0.545906448874  0.460654235374
0.464933958736  0.499053796395
0.44759991946  0.434189551141
0.42694787141  0.385224752592
0.508409092178  0.350102031179
0.510685013829  0.439839925273
0.454649693964  0.401737832999
0.48759760144  0.270214259125
0.444843278617  0.480903160589
0.474400068337  0.510442685218
0.461928555592  0.527202798245
0.350683229999  0.452951913228
0.741956969106  0.405649575757
0.452160751428  0.420679378626
0.777995958216  0.562559561807
0.689452730498  0.655784610422
0.535341319141  0.577643719939
0.47218836696  0.437700915372
0.4909916792  0.501295794038
0.452545967707  0.521032192537
0.52113366625  0.51885094737
0.548815611728  0.39785769927
0.723388983763  0.370488742489
0.429129268776  0.352363378589
0.46655384971  0.567074940519
0.680565702978  0.49461766013
0.400015010446  0.583039586515
0.373195641227  0.710161868356
0.437866293649  0.681570292668
0.547924486935  0.571648779067
0.692126710641  0.455276647628
0.504858137191  0.381500847892
0.502604158369  0.584082700337
0.505671488279  0.368673841308
0.563242364397  0.451726044596
0.679683401619  0.406348516315
0.559481805091  0.491250732346
0.481347123259  0.485933207489
0.328669138635  0.391881780076
0.363790487137  0.351996228933
0.486756720488  0.492659203631
0.531127996959  0.406128563479
0.453555435668  0.565152949835
0.323451319322  0.638311793174
0.454458924632  0.380560264432
0.44243347703  0.380297358312
0.440452190306  0.408674284017
0.400024109369  0.378701671991
0.506232645855  0.447208870405
0.458671874003  0.738456201626
0.528026816989  0.682304248834
0.574034860828  0.823257899042
0.638219114445  0.558834098433
0.337755071026  0.695299704406
0.450743587892  0.351201783104
0.469000765619  0.58690280776
0.485753102886  0.420221436678
0.550618415823  0.416181003117
0.309604094412  0.551571306186
0.536620444088  0.572986039388
0.494770741617  0.279338730529
0.285015783563  0.535980936598
0.47144681123  0.407037350614
0.56376453109  0.621666282874
0.689278264364  0.478869283851
0.654587562496  0.505650259083
0.526920288019  0.589398244732
0.40030731067  0.520555221853
0.476468735117  0.507490770268
0.316986630771  0.609227696552
0.488488608789  0.779101462395
0.449559655059  0.434856211185
0.533082310873  0.630010238941
0.54311414157  0.525400635606
0.54713254627  0.494983969723
0.451600220663  0.636222475065
0.567229502049  0.446904936177
0.361310185102  0.556590438613
0.594944155448  0.471763772559
0.390576208225  0.491504426915
0.394035489138  0.526433459735
0.479318658694  0.544359978334
0.360853040973  0.466593827698
0.495374925648  0.194390285298
0.412354359645  0.449798216632
0.569625407386  0.418477176955
0.444445160062  0.428028129762
0.366762006241  0.593140887577
0.512869417919  0.543182954471
0.454463507488  0.496071756325
0.503512784229  0.338037703798
0.546341530458  0.378248464588
0.351432333963  0.424650621173
0.452231300484  0.561115769461
0.642450591846  0.477658756
0.445688579173  0.428114325143
0.529920348374  0.525953541617
0.505554367099  0.611253891647
0.355548438522  0.554645423456
0.521987557666  0.513134136758
0.534942429872  0.533791658038
0.566841093818  0.470789254879
