0.588317247266  0.41642984987
0.443924377425  0.317795373078
0.323844973355  0.466992536805
0.501967451582  0.513791243378
0.598445915945  0.61379157961
0.436557304988  0.381088496179
0.507423572867  0.49517210071
0.582440859098  0.334548932649
0.654449773766  0.612621463569
0.3785281523  0.409897787863
0.522688867617  0.59648392873
0.458884736766  0.699325481457
0.41589240305  0.541281839517
0.595575233459  0.543131060039
0.455136255653  0.445019532231
0.738821936963  0.431519352784
0.629337160478  0.430120521747
0.552022581585  0.493045933506
0.402788478303  0.493946286345
0.474477645686  0.509048497742
0.603749276277  0.423212146699
0.400986002682  0.606673163035
0.55438758889  0.373996549833
0.468666625477  0.5255363187
0.417251364228  0.595768512945
0.694621730946  0.461727934831
0.540830043901  0.478791512493
0.609299969252  0.518157160288
0.608937965207  0.547795251101
0.441784684226  0.503161266194
0.46010582525  0.469837846543
0.447022733493  0.247696769972
0.40889328754  0.590743416151
0.436377347021  0.593377760922
0.479555878589  0.326235161466
0.485651574116  0.378871505262
0.600459321404  0.428291726223
0.496532057053  0.611419222967
0.572613277348  0.428955929406
0.506631643279  0.495642884853
0.285828196471  0.48254566705
0.613084498  0.539053697627
0.552917687695  0.373488783145
0.581980897203  0.45715890714
0.700234536921  0.630079858166
0.479727616583  0.548762601881
0.414151736268  0.470033603786
0.266499281853  0.4294073179
0.456557280519  0.474442324363
0.511597973823  0.559631093454
0.569118736571  0.284720526398
0.501340922563  0.433075700031
0.431022660874  0.520316393311
0.586350533962  0.470397434191
0.551580910011  0.399314261422
0.335436264225  0.376728456014
0.504572114876  0.639082623667
0.482521264862  0.544174259995
0.477795714347  0.714154912019
0.269228316222  0.493739183973
0.309226079457  0.606630830823
0.468520191469  0.501308127404
0.507127858347  0.488895548562
0.502375309616  0.532883042483
0.40549403408  0.370461667788
0.344432105598  0.515254726849
0.675703937503  0.353535011804
0.562567696643  0.377578144385
0.515148396473  0.615722921472
0.522479156974  0.614955674354
0.339903688431  0.518208356055
0.613311768227  0.40650663553
0.402589066056  0.626100310802
0.525245693582  0.752256302601
0.62474041452  0.526594215777
0.534415872063  0.475010188862
0.333953761551  0.581400724066
0.306260390384  0.620733993769
0.452555212561  0.295383071195
0.550760752343  0.34602943274
0.503310338481  0.347395336512
0.533186002181  0.472113625811
0.381827895311  0.43604478631
0.425307663799  0.420114074885
0.610451468348  0.473271752179
0.479701692806  0.464177697499
0.287202999719  0.649452782017
0.59409714695  0.597139221989
0.462638869094  0.490981770724
0.491359645614  0.512250769437
0.405577293226  0.598158151229
0.611407374256  0.596394374878
0.418398058251  0.333050272221
0.520351102925  0.389178904916
0.284544793233  0.47669873996
0.426806769474  0.507773048008
0.393461487157  0.359794513245
0.587421981063  0.711467504652
0.238191097144  0.513726423419
0.570601388642  0.327778779514
0.389576009075  0.531854621152
0.632767184445  0.414139300085
0.359665944206  0.373908499894
0.56783028674  0.483761554674
0.39241062699  0.482191541065
0.578158059744  0.403732190661
0.40400621382  0.518826138943
0.502145277183  0.470158861384
0.499163179293  0.474829923879
0.670407755442  0.383558712683
0.65798096157  0.68398058747
0.452215049845  0.334654186651
0.453875051647  0.52763001059
0.606193855153  0.529047737744
0.628098806036  0.444918425632
0.600924569735  0.531536222119
0.607204203975  0.515027453388
0.582137700586  0.242076020548
0.66952223685  0.405007977298
0.393047696069  0.326433643592
0.576675643859  0.415455784111
0.690670248099  0.692361424184
0.493471497474  0.685854763527
0.400287106121  0.518947304322
0.412980321981  0.503083500889
0.69073959588  0.216704504766
0.508490499192  0.634857507514
0.543671564032  0.495724146
0.458961683156  0.478622216961
0.498919026886  0.561329853291
0.479070366746  0.430808561951
0.510740447646  0.250395582123
0.311702439273  0.458532451048
0.543480095829  0.397150102913
0.533750801907  0.522572979718
0.369225549905  0.173053204983
0.449904309297  0.485667058508
0.4615220188  0.480678728938
0.451291444815  0.379160438013
0.521072828577  0.594193448904
0.463290172759  0.285190955466
0.459108093444  0.412987857724
0.535209751679  0.400014261158
0.319552678675  0.530182891232
0.6201474709  0.497995408506
0.432237677029  0.480409755372
0.520407445531  0.433364889637
0.470184912186  0.294366387716
0.423816432787  0.567546847475
0.355773040022  0.328078284398
0.60844112363  0.607225404454
0.565815971696  0.432658692809
0.565965401347  0.584136731824
0.606970184808  0.563528507081
0.500394278845  0.513287626539
0.567683687392  0.309875334168
0.524805678623  0.510155787556
0.512794434267  0.415915925811
0.381429017088  0.520266180483
0.296536511688  0.506519798693
0.511374817379  0.526332314006
0.597575842312  0.275281880492
0.694371103428  0.415653760534
0.326104493586  0.354923535012
0.567347681642  0.544289697906
0.397019859595  0.444844532987
0.451192230265  0.486943427265
0.54130822062  0.417040259264
0.554441752  0.397491748329
0.446325653334  0.59148354738
0.575204092259  0.758774134589
0.380558758814  0.40051689407
0.533916910113  0.36261349152
0.531440187527  0.405301832863
0.485260254312  0.518454785234
0.349418743276  0.510594653436
0.656320539403  0.411110957331
0.310642209103  0.395094304556
0.418195354298  0.436922897247
0.363707670295  0.56071544488
0.510685748157  0.561640763358
0.358474190877  0.748592998729
0.531253641914  0.332290611962
0.498429907134  0.348686192161
0.356786449594  0.496897395762
0.269172275368  0.402766926585
0.630885329579  0.434844587447
0.567882475145  0.612404564427
0.487474796291  0.494178489043
0.539136802835  0.479815817677
0.657730248791  0.371565800347
0.349425069834  0.442693351587
0.458254993432  0.356509833173
0.464284798603  0.710181508432
0.496086075304  0.269480014224
0.458651008261  0.426497625342
0.263315505762  0.374269232356
0.579699508501  0.502639719158
0.501453214317  0.385226245979
0.500514657284  0.397050841658
0.347289695762  0.603026236704
0.530466528796  0.382170499506
0.230066923857  0.353676406642
0.344913415897  0.507255445164
0.604106250774  0.512877952061
0.753039688711  0.468115655948
0.588812036315  0.321461162425
0.639518944582  0.426185646287
0.374698217072  0.510204482889
0.60405158361  0.478155906668
0.451138354003  0.392085218828
0.251645864175  0.545653299926
0.348685960449  0.659153214358
0.531847109058  0.384196443967
0.522919281487  0.48089454551
0.414081504756  0.473246742468
0.319671336699  0.647741378398
0.45146579616  0.578408921901
0.659347353045  0.50055011804
0.39352293311  0.679697387549
0.507666593051  0.521327092923
0.463324380295  0.543305306275
0.430921088827  0.43191982116
0.558283903118  0.292184810135
0.305766951985  0.491891436791
0.5159599781  0.352614284625
0.548477594226  0.544245003271
0.688916651783  0.676054278717
0.455151910891  0.585613932172
0.381393611956  0.529625876997
0.331879515578  0.433754461361
0.545844926977  0.597060574955
0.515042130661  0.416712545294
0.670409187879  0.41215342168
0.393746770784  0.58240107504
0.562678552922  0.551892664497
0.547921164883  0.501949649209
0.623757202962  0.535620770471
0.618548827705  0.236538533582
0.622009882886  0.546312484527
0.518576786171  0.4708035985
0.581038471315  0.539913165384
0.32070186928  0.580797366556
0.452475937358  0.47498432158
0.37920397867  0.414165281629
0.484556475499  0.689800596827
0.553242757733  0.548631474922
0.5020756369  0.458877089762
0.427963129981  0.496328739833
0.570150509032  0.445412863529
0.310721225141  0.461186266659
0.469193013199  0.427394739457
0.547431347067  0.723318767328
0.550071186795  0.528255491964
0.551990171095  0.549775872968
0.508037296054  0.455534069177
0.583067827116  0.656654666952
0.533361978703  0.557024819887
0.677475340837  0.544417398357
0.58948198281  0.637545074036
0.511081569195  0.769415834883
0.37706404226  0.468763628189
0.553463472584  0.469785483321
0.411509074499  0.449721392706
0.469295123458  0.473625367875
0.66087316289  0.288463709429
0.379764547717  0.470943773053
0.464040709441  0.631720336453
0.619059028314  0.68456309208
0.459657496647  0.507761585209
0.366911060757  0.639455157566
0.432670261468  0.492234811003
0.549596253137  0.599779533133
0.507153665152  0.612407564757
0.609491469704  0.297271317887
0.514108501468  0.557929659231
0.460987205402  0.477752144757
0.425526381536  0.490957428647
0.512284959304  0.5149481442
0.568715174557  0.60070545582
0.460579059716  0.438751469497
0.341386599061  0.600885878662
0.479616990637  0.413641583858
0.475690192167  0.330318363179
0.27112220706  0.333619959203
0.539803264174  0.515979101237
0.439199220726  0.466742587929
0.483230925393  0.363420286395
0.595745862233  0.573222646158
0.598843461453  0.608008497381
0.47119645504  0.551574637751
0.380056461413  0.606438312647
0.508969510134  0.356089023954
0.660491402298  0.556510419422
0.440613048109  0.589763925332
0.359186459113  0.41807961081
0.476097369153  0.480153093237
0.58383791524  0.495095375559
0.402252420668  0.280991126389
0.467782386521  0.659616341016
0.519493093062  0.476820814999
0.584116881745  0.400176323534
0.5764788187  0.355583463958
0.172228940784  0.383605759682
0.368663331888  0.444251710237
0.584277048022  0.364390552587
0.517361629485  0.507709668223
0.460886104593  0.581808845013
0.405748255422  0.518692469974
0.432898716495  0.432522903533
0.652276122141  0.454304549696
0.59182428972  0.512934765296
0.69134595538  0.430711897306
0.590933509033  0.446545396715
0.476882807257  0.550823046539
0.355633851806  0.48522665859
0.399926429806  0.451609745768
0.615539249464  0.334551889753
0.331061183937  0.441761634463
0.524952002188  0.432781866526
0.603285564401  0.422883233288
0.545939899042  0.497349732457
0.325981436885  0.373530165128
0.532426622571  0.532138667537
0.578070309449  0.54370732638
0.288914516734  0.471733624209
0.434626880243  0.357277359532
0.530680870054  0.466990712681
0.593228847247  0.269233893242
0.451174414268  0.40138192056
0.527768383635  0.345593803338
0.647327032572  0.562233182374
0.509080727852  0.422253883585
0.489679841724  0.59836876259
0.526882807601  0.455213065973
0.451916452705  0.393062669278
0.695037708945  0.380070772105
0.534341307095  0.474612101563
0.529248554988  0.463602026241
0.560146803922  0.242158428268
0.601388542922  0.5147945426
0.417460113176  0.483423592068
0.317612055855  0.534355241662
0.640575773005  0.332174958513
0.588254127795  0.423260213166
0.464202978435  0.57719824627
0.45837164578  0.289841877399
0.336162032225  0.415795298197
0.670642673304  0.466243985202
0.645873925673  0.501037466807
0.559533292413  0.555431424187
0.418161476008  0.536007864799
0.418671278002  0.52394127952
0.577572347241  0.475024582393
0.564002370107  0.378231837696
0.545669508325  0.493879985266
0.611011331331  0.389330646759
0.432372163339  0.372447233635
0.322582808997  0.441463183806
0.598937098854  0.613552540534
0.515892022827  0.521727633382
0.456051849409  0.764472342998
0.307337424251  0.338814060563
0.468853789169  0.462918591782
0.532741635659  0.580366433408
0.556600202165  0.469350684802
0.616826272716  0.261427305791
0.45621552788  0.519395182117
0.392329391377  0.635820292841
0.705923726906  0.486595308139
0.552355799693  0.405736015853
0.628148509656  0.677536906438
0.523963905956  0.574049365957
0.337118436468  0.403109045229
0.516434664797  0.27980509733
0.748482414193  0.471023437893
0.463338154325  0.310836256127
0.514700787436  0.345811359139
0.442362069007  0.448726507886
0.630803661054  0.344020173076
0.730929511062  0.682550492066
0.455057654163  0.516554659198
0.412286174415  0.573118108703
0.473709265448  0.458675649471
0.394987694226  0.57505134144
0.321469859841  0.428735208117
0.364010373246  0.557315253788
0.444522133161  0.578024860794
0.403152421699  0.480002583628
0.545364053702  0.328995316941
0.589350067132  0.638675111848
0.503006783724  0.499251851245
0.358846972974  0.358723892579
0.565433772345  0.631200885315
0.566950806968  0.560844886367
0.500225382153  0.552390334116
0.408668264275  0.307396282542
0.582830957336  0.4779113453
0.609510891251  0.50336355016
0.561328443259  0.360938162609
0.565754164538  0.603839874693
0.640326707007  0.460872379791
0.652234287524  0.552067768929
0.342624743315  0.632950330025
0.454626231649  0.279816254328
0.48351076469  0.499962782488
0.437383854057  0.582874874807
0.522384296216  0.556025679132
0.49781432192  0.444915390896
0.608492701303  0.567959158101
0.561663585788  0.554765225824
0.533191586755  0.69039648028
0.505213912314  0.516700044499
0.285500573701  0.489757692746
0.763823133836  0.458672330946
0.465511506062  0.391164079323
0.640129160904  0.470197824412
0.339102692059  0.325508512986
0.360052327453  0.531790206426
0.689636983032  0.409161512923
0.572528918898  0.583000767394
0.480700041255  0.488050244084
0.492165536266  0.516233869706
0.462526250413  0.50142593821
0.68982781629  0.489194649167
0.491970781317  0.616515125362
0.518709498585  0.367470964511
0.662013416605  0.497055351652
0.468178823041  0.540269805864
0.571421804836  0.47600583918
0.444752163093  0.366187224402
0.447463839012  0.478323234102
0.553982973425  0.437069771524
0.491201292353  0.301804412326
0.599466742206  0.454056062912
0.476544956583  0.491824813517
0.431656347533  0.333259295591
0.502880454047  0.44810776904
0.510210993207  0.439590867244
0.698240914738  0.535299156614
0.497758900999  0.575619575037
0.448745125194  0.461147429839
0.456536145693  0.493253333647
0.70035127854  0.445828585302
0.660591211323  0.529412985529
0.468555421656  0.526961980885
0.525576325564  0.518117778039
0.623646072993  0.38747536276
0.558856661605  0.286986802943
0.666411805588  0.390682828082
0.475681373231  0.378939794853
0.234157476407  0.443174098335
0.54152717847  0.646720220427
0.358938240524  0.424022262389
0.448771686433  0.355525556045
0.458501842764  0.534522423167
0.527479101575  0.334306519532
0.384468736333  0.436417300505
0.506503293299  0.592804281288
0.491429831574  0.324043637331
0.451922425415  0.4775412602
0.408116816696  0.553114435775
0.409914551292  0.686769729251
0.37706653779  0.381697668125
0.311626052482  0.398737442126
0.226773492761  0.354733143191
0.553893839579  0.286733002386
0.501933042457  0.611873754715
0.469291755751  0.430657798444
0.550888707582  0.50504062123
0.261357963322  0.449539807823
0.581133151664  0.588257077671
0.497289913402  0.405251466579
0.610557111293  0.447503295547
0.504888741809  0.609855913524
0.589825004053  0.468776589466
0.70002137482  0.580911047862
0.691365936065  0.517216096341
0.506190427693  0.41152485379
0.429161064955  0.47423126759
0.578657688834  0.463109494248
0.551930323222  0.344328834234
0.459139456795  0.45509251941
0.516437863066  0.491384252332
0.535999588792  0.507425734683
0.386797711619  0.460874802983
0.729351691403  0.599842358933
0.606058838724  0.565311303943
0.471223885275  0.284422543436
0.620451133887  0.359599421092
0.578532076759  0.563814400865
0.542858068836  0.454098874051
0.40287347653  0.366421213346
0.484080917059  0.357320415492
0.362422690684  0.402323237062
0.497356232813  0.47498504993
0.53855284825  0.462786558807
0.650278745268  0.203108900877
0.704721652746  0.540236886293
0.592966733592  0.314081116052
0.586247255491  0.517826703626
0.564490392987  0.401936274747
0.605635442725  0.525264092583
0.534422198151  0.498966407249
0.427548237302  0.450752926759
0.402065595525  0.485193883037
0.482935661793  0.408253714263
0.504093753136  0.496774861432
0.591025755291  0.368799975039
0.393341503601  0.517690879122
0.401776841878  0.418882692806
0.443662639305  0.340137920534
0.618618025949  0.336575180523
0.452918900476  0.537061008134
0.540866045993  0.459198487902
0.352706166138  0.570923181411
0.432814871341  0.63720691333
0.542352778945  0.538037478776
0.472246628583  0.718668696578
0.575434232516  0.537877080014
0.461200906004  0.626347181099
0.549681375762  0.385013705223
0.502878231024  0.393201384435
0.596946158732  0.479429601572
0.660184687537  0.482533327329
0.572316329625  0.483612646397
0.664051344553  0.492040403731
0.349471654925  0.591638070069
0.636679072853  0.595910517479
0.360053092966  0.441169358008
0.630535295916  0.785250096854
0.626623776222  0.560151029435
0.428951952304  0.300655927728
0.464248216548  0.517513580381
0.465590874792  0.632761105828
0.658262162769  0.485748048047
0.424095158983  0.259454914685
0.521370013978  0.406435502777
0.464441308851  0.54028843676
0.621397440809  0.55145183599
0.60140436694  0.372071150894
0.563156684823  0.544873942086
0.626720009946  0.490047017068
0.458955545431  0.590762961812
0.343603390188  0.528525821666
0.490921424355  0.619851974933
0.555582713682  0.510675566766
0.564224155227  0.464209438299
0.642283639929  0.525007918123
0.419297226251  0.471206723038
0.537178980662  0.383730216006
0.545980352775  0.458356631963
0.63007738645  0.504849299392
0.526883992235  0.532533767422
0.649704956703  0.53786925379
0.374851797807  0.429678782131
0.52937608349  0.615985151027
0.487856113392  0.383843542225
0.472907390516  0.473221468638
0.582638420072  0.492428993214
0.470168719375  0.538028755318
0.27182263658  0.662666963446
0.43615434545  0.367366547076
0.446132169549  0.300397023963
0.569891772302  0.424343792494
0.37911160948  0.671273522812
0.500323999085  0.403800040898
0.448636350172  0.609106763076
0.436871875301  0.433860219555
0.544925431972  0.46325296878
0.508620847949  0.337087259806
0.415388570334  0.381444045155
0.493082377719  0.510413407815
0.653719844295  0.40457337491
0.670498609233  0.518324332406
0.620524781142  0.542497815976
0.418456133048  0.633698601314
0.562841170406  0.403882569699
0.551844886727  0.665497053261
0.619064294251  0.493782753065
0.531157927967  0.555504256299
0.707169310662  0.512234228243
0.550742388846  0.489633642681
0.479410594171  0.406664836175
0.49393538988  0.372888780427
0.655241629911  0.462235391571
0.415152343877  0.758167363833
0.731181283801  0.361980786401
0.35619185057  0.485325244934
0.32946736564  0.584989092135
0.415714431466  0.382351846255
0.371431935338  0.580289846982
0.48381664995  0.476312014512
0.317568431881  0.479383992061
0.508615504481  0.294416376813
0.443820175735  0.450967930987
0.485207226092  0.619867076771
0.475842122444  0.757692236408
0.502040380693  0.337809537447
0.555572050066  0.535686104606
0.604535517069  0.412476351662
0.441046639285  0.496025332516
0.681271999532  0.674088862651
0.424108357196  0.361665010546
0.431457597088  0.712306223337
0.579167579251  0.550312970545
0.465672688159  0.308807457313
0.400069820063  0.522399253278
0.331094783214  0.577426410861
0.515935637949  0.417576009235
0.427313445727  0.681548875253
0.591771800772  0.306827300194
0.463415634406  0.529066679961
0.566213623091  0.554203346221
0.391959892221  0.544569081797
0.557714924551  0.532729752884
0.565798810118  0.458009920951
0.478357838164  0.519036399936
0.565089802765  0.538178908162
0.51436800202  0.488045747744
0.65383969028  0.3573526278
0.439422785406  0.462519482984
0.438924266207  0.518968357115
0.581547270228  0.520220646594
0.48011532786  0.579820436757
0.245815920705  0.265926735913
0.398061583936  0.549737290651
0.479706787405  0.529429333826
0.497980217258  0.564902357799
0.475907175777  0.543060215808
0.734651860471  0.307323368815
0.344198526679  0.408462392526
0.380016829321  0.447404602299
0.513621466842  0.449612709851
0.468197743175  0.505363396512
0.506686947287  0.577537323671
0.407149851191  0.411249508338
0.494292756071  0.365735507989
0.345866024489  0.525255846068
0.45878883923  0.626799052208
0.474641601801  0.718759613951
0.343070582847  0.52626733341
0.49192025034  0.342869895776
0.424179777381  0.568485482321
0.600387366873  0.584939092556
0.585502614821  0.449262573679
0.554222434945  0.519125936728
0.634577586615  0.371051036327
0.541976945416  0.455335716076
0.52801947923  0.503341129966
0.592415151252  0.575008923237
0.426596399135  0.646993260683
0.593664344206  0.482227215325
0.557867247519  0.473664250683
0.483849392641  0.56533125494
0.445351397289  0.55118210903
0.644933985412  0.536943672403
0.619771823623  0.494289259705
0.485024665428  0.354161110963
0.582476996832  0.631849987557
0.510474502415  0.49553842328
0.383020089153  0.362827537493
0.315627240249  0.559257359031
0.56781645896  0.583211468566
0.488596521514  0.526937639714
0.314006617888  0.404804129315
0.438005852832  0.46615701894
0.717478033283  0.389820640082
0.572035762137  0.474245224239
0.473728897455  0.334786991205
0.71323150691  0.360003190355
0.488130102702  0.404883655247
0.459824009874  0.440674434749
0.616541845024  0.412899246544
0.433625868796  0.368522550493
0.484525128781  0.524365849578
0.243525542337  0.51682315593
0.627933840529  0.573476620643
0.644344810407  0.504969654304
0.622194898336  0.540750072031
0.588873924168  0.422454756541
0.512240397532  0.536040116874
0.360553663549  0.365824565738
0.45249992138  0.500850157836
0.507498963694  0.441461419291
0.586039740524  0.237153276853
0.406596537181  0.562963831099
0.498679812988  0.440432661683
0.52131413527  0.397328178314
0.343684329234  0.40156869228
0.356809669291  0.541175485865
0.302894066127  0.404847762633
0.556411215953  0.46454025398
0.561228612487  0.53702670492
0.704604530896  0.41697817106
0.521075778426  0.553947981341
0.400479605757  0.605863677536
0.502085604549  0.481968058968
0.476170097389  0.474778727484
0.492835354731  0.652524509789
0.51293177463  0.520512590502
0.564327107775  0.546558397515
0.479794842731  0.623940697177
0.385655421591  0.394982007882
0.464945956239  0.523763547067
0.454119522094  0.541038148174
0.470822923105  0.521843456743
0.518601986559  0.414827634955
0.415205215127  0.518748095153
0.634883541987  0.52382232876
0.717517454007  0.480128910222
0.373374962061  0.627667355355
0.368202676178  0.372809721898
0.50311265118  0.590263416699
0.499538276739  0.645569666511
0.470610188183  0.419356882499
0.456763768342  0.493196261914
0.489797817318  0.564382419785
0.497446662882  0.478522053122
0.331705707978  0.498998136344
0.315240424127  0.232064891572
0.482830889125  0.556571551116
0.525439458235  0.425766243967
0.427176679874  0.572654183733
0.513066106796  0.460035104443
0.557707710151  0.41198090374
0.622423181863  0.627496705872
0.531811791146  0.531788159649
0.425475387129  0.291649910592
0.423476590424  0.49168284201
0.447619242528  0.358440394273
0.565567463923  0.506709733908
0.427003271176  0.563306630558
0.574607574896  0.528871347494
0.354701336896  0.663491484093
0.631868430368  0.734751584588
0.43447402304  0.405430660368
0.589578527437  0.569783856005
0.271510067453  0.437792774471
0.422408412809  0.398500189128
0.507577310931  0.380676430059
0.526803903434  0.637835363742
0.559654577926  0.485778173108
0.400116974462  0.483502019815
0.674868677471  0.459852689277
0.477220188864  0.438355685484
0.563375871844  0.307928784818
0.70587135112  0.425162230131
0.551247149094  0.351193601556
0.382930849515  0.622697120751
0.379338703945  0.601179254818
0.752852098015  0.509905224923
0.475078232699  0.444059354426
0.375962684676  0.365706510137
0.472718966546  0.562608956278
0.491591461085  0.336300342416
0.544153438215  0.643372774102
0.349246075404  0.36472302842
0.59001272468  0.219283435389
0.388492034748  0.537997121092
0.558510621847  0.469915237051
0.472588689651  0.551468660624
0.562327227443  0.484678345243
0.435145071393  0.713463902388
0.385129074353  0.646525076415
0.391012623021  0.314092540295
0.595305651026  0.639521260016
0.501014896095  0.415368740926
0.670785742674  0.502019465502
0.42755699144  0.403199500434
0.511806140075  0.341137763057
0.509397961804  0.375370356461
0.495933354049  0.375953881062
0.550088085049  0.397192833438
0.447151491931  0.499938439957
0.594883389827  0.558175013109
0.597138733944  0.298827869566
0.423353831047  0.63935621205
0.670321831824  0.406604141376
0.372950551499  0.565861331999
0.402648682435  0.555378230323
0.661131174754  0.452708710292
0.591047905852  0.394199232977
0.535522049228  0.483601570069
0.463212533496  0.356236261097
0.545020495284  0.461055556827
0.452748701707  0.4095133904
0.407059087921  0.618335567667
0.706731254755  0.442831315928
0.456539178914  0.244712769079
0.55655206329  0.345755393156
0.481012686981  0.4044858801
0.337279921879  0.453354440263
0.648795229027  0.453811359999
0.564925995572  0.572684618808
0.435210361906  0.590327384969
0.68275580924  0.470299195215
0.435927133025  0.579171160113
0.494084266604  0.417811854417
0.419284642565  0.537274231019
0.476423924015  0.446217892734
0.521689443503  0.582016130552
0.641969573095  0.371214930439
0.462114083588  0.625157342236
0.320042459971  0.644775047204
0.51118302545  0.492201826391
0.341299902408  0.53124025034
0.273260723931  0.499227235397
0.496606901972  0.345347544848
0.364053050197  0.458722067168
0.538841971882  0.532594590159
0.393793176453  0.344246550838
0.515970416119  0.565337245151
0.583773942982  0.327335023698
0.64454250123  0.548247481865
0.398065963901  0.477540077461
0.416682266403  0.642070900988
0.468009527543  0.468838833506
0.452492731614  0.370680213242
0.528240696174  0.550797418928
0.474905288549  0.40515322575
0.42637470183  0.449436549639
0.47384748578  0.46505372955
0.430079893964  0.440126128536
0.384668269589  0.395060330097
0.47979068371  0.376677845637
0.566355208806  0.522550999621
0.696152634092  0.55751913655
0.458805282418  0.619542561967
0.522631347167  0.529850374168
0.55725169347  0.460956067861
0.59328162406  0.52311500131
0.568776350937  0.422841504926
0.522609986498  0.503739032843
0.544949888213  0.413074425025
0.378665205876  0.411087992064
0.586704550191  0.569756667055
0.467665771746  0.52297033707
0.391813083562  0.529653702131
0.721371235734  0.51589916536
0.312577055954  0.347600922963
0.501887255301  0.534992149943
0.530207263771  0.436812980813
0.566065602688  0.390010294853
0.485847297359  0.459222772739
0.580811430835  0.382403396811
0.392329557549  0.53759051575
0.521919708952  0.517601721922
0.481935888968  0.310399247327
0.634754276267  0.58648839543
0.39719086233  0.589466916367
0.555039446644  0.554711063145
0.659148164355  0.445874609084
0.473636051029  0.535791770854
0.363194484152  0.366809523357
0.435294103578  0.438824514033
0.501800017437  0.522636387342
0.425201179695  0.336836037429
0.615374804574  0.453578214128
0.581860648917  0.416537311473
0.463480724985  0.47866745833
0.386876965915  0.417037594889
0.529158465943  0.573729284432
0.543677406286  0.521568604381
0.417282057104  0.438623700653
0.340503755473  0.557532622098
0.505694027823  0.398546969069
0.479921858741  0.456945065586
0.496003219265  0.568140274805
0.500461102737  0.388463172626
0.676955915739  0.545355972506
0.492363860123  0.478509682778
0.427296011119  0.320734918647
0.414238247448  0.404150083493
0.462364208894  0.549684810451
0.474184450627  0.327873382392
0.431406704912  0.497205593736
0.492036518547  0.636864424379
0.51914039322  0.574249574932
0.430306460327  0.544941929071
0.660167452161  0.364193909231
0.471357617193  0.416377023524
0.703611660477  0.554234643346
0.428294146231  0.453956414455
0.498545552179  0.463015561396
0.283928138752  0.507107742386
0.478375927082  0.421231334256
0.456001580889  0.664684131842
0.636065318307  0.554671031197
0.597427375647  0.532327725973
0.628433418917  0.464595679349
0.521676064613  0.405901534029
0.417487658799  0.364974438422
0.628256978235  0.337555384735
0.583579748203  0.316623348737
0.46342659473  0.506610975561
0.651692165273  0.559265835097
0.417116920128  0.402549824668
0.518600264155  0.649794770095
0.431692506385  0.382368836056
0.395737919768  0.623632795959
0.538474794725  0.515999820733
0.474894162147  0.511045764412
0.486093387615  0.394340837212
0.535366662726  0.360706548445
0.425307746516  0.374199961575
0.616799768058  0.632050095059
0.427729215512  0.5575627936
0.723408814806  0.574932534162
0.585296954762  0.397223669072
0.466096724764  0.41780362558
0.460890538523  0.435289025685
0.531378864951  0.492712095377
0.451542265289  0.505697174698
0.484358067154  0.459472976751
0.647105256352  0.562972953429
0.509161711821  0.55494769998
0.48335727654  0.607508161339
0.471068699128  0.483982577054
0.450528251535  0.5369703423
0.542184303016  0.595030138669
0.508004792818  0.506301877227
0.339266741616  0.445930350954
0.564305020073  0.567526058811
0.566667261495  0.619334477251
0.384024026272  0.460479187433
0.518479380988  0.527724639134
0.625370153211  0.628984745604
0.480825055987  0.401747938623
0.519191037949  0.41342924679
0.374863323454  0.594031307674
0.437051592319  0.471507145327
0.575001701043  0.480539760265
0.549770234331  0.633454012579
0.540321406041  0.512227810907
0.593632831753  0.419989317
0.432823190409  0.609830803206
0.561248064672  0.420029121536
0.508026633026  0.591199279282
0.542986686052  0.540605929357
0.463620907379  0.425600188766
0.465725582138  0.468063934811
0.636480411989  0.602258469726
0.64885700902  0.578428102569
0.45242368395  0.476947751218
0.581566213145  0.501040172419
0.38812328696  0.323854977851
0.322580441539  0.408074976775
0.484678489746  0.500663574976
0.63072008507  0.333407424146
0.530685544517  0.533873490968
0.67830743516  0.519355191455
0.593274916137  0.464519879131
0.496950316703  0.480828880683
0.405032963896  0.604717523178
0.406106327358  0.528636136896
0.568492423762  0.411091387118
0.562546205698  0.502330756666
0.619507705553  0.537944681434
0.533940954336  0.756590263388
0.525938357238  0.381547568908
0.378029858696  0.411668286957
0.597212367937  0.429097333389
0.509943815213  0.399232089542
0.508034894686  0.407859166654
0.472107223737  0.506042611398
0.431399705489  0.605592325293
0.534661588846  0.365642462657
0.585465438574  0.33765919818
0.420222643044  0.465686408762
0.471625383608  0.619727365161
0.484297159395  0.226078189702
0.545784024688  0.595584073059
0.476423106125  0.636940898474
0.526223412295  0.383104077155
0.59067335071  0.353051508073
0.407602601483  0.396195978808
0.433054914831  0.38206783248
0.492482815296  0.502675694127
0.428420782284  0.421024918041
0.633282406188  0.221426442988
0.453054482972  0.491999347271
0.506287800058  0.535405223362
0.314513939455  0.549385655991
0.417070275088  0.623034696035
0.485371700084  0.384170910934
0.55918568458  0.4370193353
0.55413991771  0.535529350935
0.544719588658  0.388652058229
0.459755414583  0.3901244471
0.468060420559  0.64069658271
0.610580136915  0.270379760778
0.467305200949  0.532902660668
0.391583406113  0.483698254287
0.528411019867  0.313223808445
0.471372260516  0.548549937167
0.574555781547  0.554560291761
0.505825273179  0.47176128552
0.427258880051  0.449128840826
0.453146790631  0.267517813052
