0.621639116325  0.341172197878
0.297658246823  0.479159888088
0.475040684799  0.320047651984
0.449543832772  0.387596748696
0.342091274925  0.388575861611
0.496350953211  0.701540129759
0.569178192269  0.449878224239
0.660663744455  0.456837487104
0.528013072027  0.726214463131
0.51250167854  0.688492947918
0.467460484881  0.452350096436
0.314598844135  0.567839647459
0.560950301265  0.369433394472
0.403039765057  0.467506490206
0.47198274583  0.581309476966
0.488222457753  0.36958954894
0.426300785457  0.39923274668
0.538360592761  0.618486112405
0.536908979597  0.515324106024
0.454613359574  0.533883117584
0.495045666401  0.481816971552
0.38291253447  0.546338056486
0.377247115956  0.487070202954
0.348824713396  0.282938519099
0.555040541547  0.455986199702
0.595244069811  0.482160650553
0.307998492892  0.560427289951
0.581464661282  0.478731310668
0.391265006125  0.442782180996
0.443705866218  0.565767165922
0.330419289923  0.503793969536
0.470842176629  0.65828947155
0.53207871449  0.540368640152
0.6486984506  0.566344078293
0.406008003704  0.453684155422
0.450550492947  0.552324521807
0.496013664571  0.613672843523
0.504805417783  0.470348799374
0.509606358333  0.439933473169
0.648744876661  0.442870591906
0.646272783629  0.389782200149
0.458052720986  0.466693914001
0.703684954886  0.488052184585
0.302091363317  0.397269117611
0.484084884301  0.490819211603
0.442209426951  0.249844293305
0.542828815211  0.408918943702
0.660869242736  0.455966258962
0.597247516665  0.475445028419
0.462703244653  0.651293850002
0.417455322072  0.423269619991
0.495178072538  0.33541214869
0.495290629608  0.449065402158
0.466986674725  0.596519987854
0.392949978158  0.532372785113
0.519082611462  0.601252911127
0.37807892047  0.571731146609
0.705487491322  0.505158038496
0.412883339937  0.61103356786
0.40500861905  0.217714478595
0.613939180126  0.452673527899
0.657581127567  0.470618968006
0.468423911255  0.461708500451
0.498286896304  0.496356938263
0.323937993281  0.550826747508
0.541849917214  0.543007460591
0.308286877831  0.367164234662
0.561798998385  0.411282044328
0.397313037321  0.441677224499
0.522056511324  0.379913733567
0.539815040251  0.49560536182
0.622317626238  0.586744195963
0.551333796568  0.442057035295
0.503849447571  0.337970655514
0.487587905943  0.56094607222
0.674678193065  0.442565584129
0.459414150946  0.513206055875
0.231569681255  0.630984727426
0.440417154611  0.611237934766
0.432966295248  0.456022618039
0.678129145081  0.339220900683
0.46175646478  0.449210742563
0.376087913553  0.564959942362
0.456629989643  0.493597881147
0.495733124574  0.37621307329
0.64160009021  0.378754353487
0.480779414557  0.457169132058
0.461114777741  0.481869308392
0.588905564926  0.511474878805
0.615492292996  0.534082642419
0.254269209691  0.463621215852
0.582747372158  0.420197662422
0.62106215134  0.652558546676
0.49941998226  0.505194527392
0.585376172648  0.513394869828
0.378851319835  0.514691010587
0.367399696574  0.492338100666
0.485102744693  0.700641276486
0.619601624604  0.341558103556
0.309169970222  0.347962215971
0.302266550284  0.695956586984
0.643973721157  0.636915469446
0.496393682551  0.568868455805
0.462113204945  0.408210014867
0.466917945954  0.428555570848
0.495230794928  0.496558833256
0.559769225606  0.285578171148
0.569218089989  0.447645760809
0.398327043478  0.500566042362
0.489950681651  0.430450876262
0.635331246109  0.567922728268
0.541062396207  0.464646384456
0.602367026926  0.647094162237
0.515315811106  0.837743643176
0.679156549949  0.330203400666
0.701570584896  0.454581476864
0.588990441965  0.532696339486
0.594577532161  0.561427315769
0.554565925092  0.456338673946
0.496323387115  0.523009824348
0.380293239377  0.527080210403
0.350557783597  0.378045981777
0.489359541149  0.441882472104
0.384067977287  0.394220100773
0.484821848234  0.505383049947
0.449914808149  0.485732721072
0.564310947905  0.515658621086
0.410323790054  0.443154233613
0.362953668974  0.669147123029
0.538854455125  0.455868480114
0.588560931587  0.434808668406
0.406511836935  0.678068200297
0.611169877833  0.434571803747
0.53599478726  0.484490478991
0.496161370471  0.699563049091
0.30106319858  0.436971051163
0.674865922256  0.287648070504
0.642364723831  0.503804206645
0.511833894579  0.545617466097
0.513993218614  0.577620331848
0.555425938341  0.356281336744
0.580298017094  0.407961594559
0.667951343866  0.409105747827
0.432523611531  0.273939180023
0.606446190536  0.349872110371
0.342998544251  0.368499334432
0.688783078334  0.42270144576
0.395812475403  0.471919886111
0.481313580066  0.392568257437
0.60128905663  0.294715658399
0.47104467881  0.241497118495
0.305024046731  0.483659810337
0.332428151265  0.317335204902
0.542758362404  0.410616158135
0.621717476543  0.459070779816
0.640752155314  0.516244980922
0.507251405367  0.353578363707
0.244178697664  0.44533993101
0.390284869354  0.327993529647
0.561691783584  0.495221794714
0.687895368942  0.42495647419
0.390400660042  0.517027860895
0.520576538703  0.479989324747
0.362193236635  0.420626274288
0.501294586178  0.570073368996
0.499546848817  0.506944910336
0.551007709738  0.428129213095
0.516287325766  0.41636838182
0.669168892571  0.315438458092
0.496577661305  0.719284935198
0.290047431196  0.665095269529
0.498783847432  0.452591537493
0.605063667902  0.348739648872
0.393467867494  0.482144092372
0.552366802793  0.613967739727
0.477571322984  0.660819083076
0.378854059905  0.332724519556
0.540772137274  0.378760012797
0.329831187868  0.54710089941
0.506749729373  0.467131949624
0.552847169745  0.343208500961
0.398828893856  0.453883500434
0.368406646233  0.50102957602
0.664692727354  0.44860460089
0.495758815288  0.537821293239
0.432736063724  0.389175906027
0.524221565659  0.688742613486
0.628378042028  0.46093913662
0.511696781602  0.470835852716
0.466348590809  0.481878606664
0.624519850002  0.326554803878
0.355786150667  0.414454421307
0.657226804268  0.506256321781
0.436014352269  0.505714707921
0.34216078778  0.458485833832
0.490761839854  0.383949374307
0.367808416228  0.565862581411
0.531573782899  0.486813736268
0.656523539882  0.437990312335
0.382174204677  0.536627274611
0.65051367556  0.358955250023
0.503656217821  0.471488589737
0.53563652478  0.454421497687
0.522007913514  0.433554561005
0.443802120153  0.60395111861
0.470637905411  0.360047112834
0.596921398193  0.481609565351
0.600143300578  0.33562344446
0.593132038825  0.545760716462
0.592085067702  0.493461385523
0.480703521582  0.45580571241
0.591461825197  0.739663643063
0.554150094792  0.598466441639
0.588181292987  0.313612974517
0.563801699403  0.580956371307
0.627805736447  0.582570391454
0.357255030397  0.549560898469
0.561818942472  0.553696157033
0.552141951841  0.523707732942
0.514658897427  0.561256993427
0.669176465195  0.530624824375
0.58332889365  0.502330522337
0.448044884984  0.410355357551
0.62710047726  0.404311135163
0.365201950038  0.568175651764
0.421701377053  0.377167703349
0.549524490273  0.296244264414
0.389159518047  0.447626783136
0.394064253639  0.570021997246
0.375410655004  0.442548644277
0.504044295402  0.673338448734
0.427051841663  0.529603609701
0.465060139587  0.475276491561
0.589034125952  0.395341334177
0.607655163523  0.596616425126
0.340012867795  0.445605902085
0.437499313684  0.453341887165
0.485959909782  0.451030570085
0.495463166066  0.477612857973
0.483788486267  0.34699205911
0.421767464741  0.463860167064
0.59739252706  0.506065534543
0.766278795615  0.484678332875
0.49023506595  0.385836903807
0.430914861479  0.479667119954
0.478546918792  0.51811881298
0.34046038634  0.360816791004
0.495095012647  0.594959539998
0.659192243031  0.4635385989
0.161367615756  0.498862584432
0.611373379029  0.528736731379
0.399491281479  0.58870807915
0.311123999461  0.46075971755
0.565461112969  0.528237318677
0.500691299108  0.392256922157
0.775800124259  0.440944548322
0.624664579788  0.518751661066
0.468838970547  0.516599334957
0.259075577957  0.603176147974
0.288374799756  0.491394372058
0.53442769903  0.374217095318
0.384562129284  0.636739929925
0.518863174374  0.54742956091
0.502774979809  0.361509192292
0.585996877481  0.365294967299
0.60248046851  0.481678479766
0.624254883277  0.474512570256
0.489581279245  0.424363251369
0.36661852842  0.458328501139
0.703200105616  0.517207372102
0.323205326333  0.500303507035
0.353741104181  0.477678382107
0.584531927194  0.425849760885
0.524914253682  0.411528128666
0.406021795109  0.519833069502
0.480595775382  0.394852129743
0.490784298755  0.330829236873
0.561001143904  0.518193656965
0.600187071061  0.416372407834
0.602971718169  0.465123017152
0.416343216505  0.360709719391
0.513352291888  0.302120935836
0.608242122007  0.462307458028
0.486655946998  0.481700701314
0.39643585579  0.436443183358
0.441108177205  0.518594064003
0.497767631673  0.433606055089
0.697361888743  0.34851654439
0.378417403217  0.539557081102
0.662114307963  0.520107328545
0.428948824668  0.389332881288
0.517105436882  0.42581756013
0.385641784844  0.449400648871
0.416930894494  0.458091337892
0.537458364189  0.489600778189
0.568239400451  0.435558282703
0.336659099924  0.386052478733
0.388722044279  0.376436374469
0.411094260274  0.482651284733
0.430253451685  0.488834500198
0.436055802161  0.30190778947
0.769387052349  0.19157835825
0.486887000528  0.381151293921
0.249256219335  0.558965498347
0.580028154378  0.650908525938
0.604979866484  0.44599976009
0.686171806489  0.464639992662
0.527075316663  0.605689680331
0.548067784069  0.449721737778
0.350680877338  0.507943753042
0.399327884284  0.339577828803
0.57432992999  0.443891226737
0.618771818943  0.2038622196
0.41001044032  0.29797984459
0.396540477326  0.44667229246
0.543346813824  0.291789863095
0.605956604671  0.512021889135
0.566730483831  0.380449159821
0.459854384535  0.603491261797
0.422370707159  0.48570721037
0.369253214936  0.332664416519
0.398708421679  0.421481804165
0.51509606944  0.548687428507
0.66295789845  0.529039725935
0.496363649198  0.356269060791
0.505897448402  0.454084122626
0.46032395905  0.347736854724
0.498965973329  0.615347297034
0.578175032343  0.520106737467
0.496616344648  0.502751235637
0.734935547965  0.466501882057
0.513909651069  0.486909606446
0.389363506063  0.426123170997
0.419834721866  0.364414459249
0.517438712575  0.574847461597
0.485280399312  0.541450669269
0.522708123808  0.47084678614
0.449735552534  0.403221476986
0.529374547647  0.418949318343
0.635205160644  0.578686429499
0.563346739215  0.493258226054
0.472071473316  0.500664654669
0.543636612231  0.326894567293
0.434096990504  0.519514034549
0.509834711417  0.543039365836
0.338577705969  0.436107339013
0.493216400895  0.456253755688
0.415731100442  0.468375748396
0.393873964151  0.495933309277
0.586570412498  0.500797005158
0.791945475024  0.538233977518
0.444961020862  0.749173677264
0.437969495652  0.413087014921
0.503208957375  0.644879138266
0.389872844982  0.544442332956
0.630831156439  0.365379577471
0.543511949065  0.506552460246
0.46331972186  0.518373977114
0.550780643893  0.561126453563
0.45690795091  0.559457662139
0.403037279115  0.585911435323
0.594899843773  0.532945105383
0.252396672286  0.322894978288
0.677315652663  0.374764385724
0.465208199848  0.417295065448
0.23673391507  0.464257094694
0.458111027282  0.383695753313
0.338606258667  0.625621875506
0.652953140095  0.565167556318
0.461698242376  0.499963952774
0.359936119691  0.387698011009
0.536153094498  0.522154509769
0.480012834493  0.505047555424
0.445068930857  0.387609436004
0.293639298854  0.490242226742
0.581551802788  0.411635381462
0.413901021239  0.361403052611
0.637521252391  0.517088415783
0.490890312183  0.421066964998
0.334077323944  0.32578012924
0.392943647968  0.535752516776
0.487399001561  0.647258959176
0.615154493891  0.379172296383
0.709855664917  0.391906232978
0.492572010179  0.500579482262
0.616300985858  0.290728597097
0.538173805546  0.364376772052
0.487369656219  0.45848346655
0.426563625713  0.514325975813
0.481370988962  0.521853682412
0.486963165088  0.490230823747
0.461725515913  0.360546389397
0.570902269229  0.51977336112
0.382179096562  0.447698599733
0.51365344687  0.505129843989
0.553825862873  0.258314411842
0.534084006032  0.517091498759
0.548388304678  0.388321334409
0.564813687481  0.399656111116
0.462948785436  0.327463891797
0.661677219  0.422591136997
0.506229248859  0.514739093656
0.563641048476  0.514470800194
0.692897373466  0.421862749252
0.370087178172  0.426204747855
0.456057307523  0.41741572677
0.569084582897  0.568436238248
0.432916234329  0.577222013625
0.444929611517  0.437436233101
0.560164049148  0.470930426984
0.656814527106  0.369334025181
0.372174728816  0.527904230833
0.514142439232  0.503449034399
0.518731225563  0.609398185167
0.353414488216  0.448811092864
0.392136398276  0.40148173306
0.424947946075  0.157198541685
0.46421659594  0.675340585992
0.395651061298  0.426388066981
0.484865809819  0.434437100153
0.471088988055  0.387177082081
0.590162424845  0.623191123285
0.609702228135  0.531992741357
0.378190949036  0.623867870588
0.552580422309  0.49567731914
0.571829627454  0.543788882821
0.558415071142  0.420678892418
0.447747211528  0.452194783466
0.488571165799  0.400145260575
0.668675605431  0.408451474486
0.534683254969  0.6029217564
0.383991148473  0.624673211273
0.615054759435  0.634793632721
0.503048035498  0.557395845437
0.579362657094  0.586528497282
0.505902043852  0.406126334607
0.461546618532  0.46669038705
0.550244769292  0.379271740631
0.371657910438  0.490762290812
0.724063889676  0.543912746537
0.543992310505  0.396847483644
0.428055094493  0.501512765413
0.541798640351  0.47148701664
0.542823092669  0.429285882855
0.372588303907  0.409319557398
0.431800284296  0.373118122095
0.462801185878  0.727872005263
0.373766854908  0.517777508415
0.712135695009  0.2038645803
0.387070874217  0.442869884682
0.324609779258  0.632241969364
0.518976775532  0.380823765774
0.511623949  0.429492313389
0.663771538341  0.369947850652
0.476996644514  0.53143986744
0.454867787562  0.566340595011
0.543611800079  0.645496416359
0.819824781102  0.520897222463
0.419539909915  0.516315051399
0.39006223079  0.393426559656
0.506380529515  0.576520541927
0.625968992275  0.40151581142
0.56583901269  0.591161378593
0.444436193285  0.517351320616
0.578237881691  0.691507919381
0.46554504589  0.495988698798
0.599187365367  0.449688095064
0.428727384367  0.373167615655
0.503264324492  0.617173385078
0.581392175397  0.270452046792
0.614511957943  0.468128500716
0.416671353404  0.391030838528
0.400428566296  0.377810375209
0.670595494301  0.514685971834
0.546660178454  0.47872156329
0.513252394467  0.386833142718
0.313197223427  0.453529681511
0.511412752704  0.55822070252
0.519583963991  0.564923648747
0.761801723322  0.480804073763
0.509113508649  0.562516214584
0.515721917871  0.577943076588
0.662774932577  0.438709367529
0.695635643188  0.356147798038
0.486907044183  0.387289726534
0.430809252433  0.379619431855
0.259080609053  0.433567241038
0.39971279938  0.481849648651
0.417330159749  0.387627158545
0.562755902851  0.491295126818
0.596379743188  0.384889082748
0.576485866012  0.325916981525
0.386954522621  0.386948897015
0.416930842186  0.580103518769
0.459928583712  0.526177807727
0.525879237165  0.34013183277
0.471118998047  0.702593623843
0.485724630869  0.561855486963
0.375242042794  0.476243708055
0.394038885722  0.319808282337
0.536615831773  0.48108136194
0.367264326904  0.654258201136
0.312005874611  0.350118019393
0.413717875423  0.417631102475
0.556724047055  0.60308665328
0.474187008939  0.45667436591
0.530578472646  0.380982526679
0.432472877293  0.427718714118
0.480860555456  0.500821153176
0.504672462711  0.559524913671
0.512019394382  0.531528729571
0.659248885472  0.433518758879
0.425298842016  0.517656158699
0.555520361398  0.540726865116
0.466399370537  0.367075055638
0.311203786575  0.423599444446
0.441669405737  0.420576547886
0.496051823185  0.392159624073
0.624305671518  0.588789436024
0.589009267261  0.41436642417
0.406809959146  0.600731962452
0.453307788956  0.540282923622
0.434322588376  0.512345160417
0.558189977865  0.548730020971
0.435115226824  0.591497738316
0.429477535336  0.541697400706
0.397169283859  0.319998852425
0.448653682924  0.356856274063
0.519619709427  0.46947289244
0.494313662654  0.348152225312
0.438599576598  0.686404557808
0.538256368603  0.454040240153
0.66342628556  0.485610236595
0.413699127511  0.459178123157
0.51441218113  0.647202392328
0.587639593022  0.555755034867
0.658936315012  0.519399262447
0.670409713877  0.616981694382
0.361213664205  0.420094850581
0.531770506579  0.488201817562
0.417235206558  0.708374332966
0.513491884891  0.41525363382
0.523242295649  0.64066071467
0.599966157389  0.518464852275
0.475855491577  0.576884825732
0.57777976135  0.422937194276
0.535867798009  0.583746442992
0.565878119433  0.433983175425
0.462892952271  0.331136851181
0.366588221936  0.371309322927
0.531721961559  0.503819839683
0.37489143997  0.593708024434
0.547146424289  0.462516291114
0.36059089848  0.417250424921
0.398331445737  0.554206315332
0.540089925537  0.653167333136
0.442484394722  0.399740834254
0.321910280536  0.488871508522
0.548246089577  0.604481736731
0.510603559371  0.401822026095
0.527788503223  0.536733082925
0.544867579341  0.428856820336
0.42909246968  0.441948616578
0.369413196196  0.244153795902
0.528364521766  0.515033510386
0.397277470233  0.45370435833
0.510978624737  0.43853728882
0.227407236545  0.534950577256
0.5935739722  0.388937605246
0.385795877753  0.562605370288
0.369763042027  0.622617271401
0.538426041985  0.50534875419
0.436412366692  0.599193716191
0.462802553095  0.328161930222
0.558913099732  0.506559499968
0.570752468099  0.449370444683
0.581635579541  0.529197381623
0.464106443789  0.502903031507
0.409181886185  0.452787318913
0.434378420214  0.388329673153
0.634506702006  0.546969246754
0.452787792846  0.409080173229
0.524435581052  0.404241761966
0.515221826456  0.521562697891
0.420807492642  0.47218090921
0.547273573184  0.618923689126
0.510469881502  0.463929215965
0.636990434052  0.37776139423
0.57722248548  0.418053481365
0.430231584805  0.457850675015
0.438324546992  0.596675118718
0.607070656879  0.490226995431
0.674900314474  0.405780235009
0.470872282553  0.526487283926
0.60757048753  0.425343264898
0.630626631714  0.518567559905
0.626000750501  0.581894825987
0.626875608194  0.471613778515
0.640151823644  0.415191553015
0.495210460904  0.35789619988
0.608388289717  0.425348569376
0.268912929539  0.352707625755
0.411104515563  0.665031781797
0.442263626862  0.520173129003
0.376098426519  0.473451714812
0.418692099201  0.526515016765
0.446508081355  0.681371120851
0.558153929933  0.593949426508
0.482062894523  0.522385100452
0.530104372782  0.568002868745
0.643752771056  0.488563382823
0.415794542967  0.428073658869
0.441397909764  0.504810123792
0.523998618711  0.438507074445
0.245572652876  0.400009244258
0.345291702949  0.522959981791
0.425866557088  0.512576870721
0.486386999892  0.474580459648
0.51813808359  0.53228599477
0.588954292526  0.562027645661
0.560440753417  0.468505967034
0.395112022973  0.56607548956
0.610958723715  0.498247677731
0.411659140205  0.423989279707
0.620440752519  0.493204236248
0.601324539524  0.538085824611
0.331067927309  0.439106213158
0.52363016198  0.520466932962
0.347439610639  0.505078556623
0.558936158529  0.369129365388
0.62604325044  0.490066170021
0.561697180693  0.445618059799
0.741946439567  0.508166375306
0.244576639272  0.575218116292
0.459588639761  0.507320649389
0.576565319952  0.502735123592
0.553617395714  0.428679379088
0.45313141362  0.487212954491
0.43242063427  0.533287344865
0.660676245375  0.50218650952
0.502200649147  0.534547956081
0.629972051248  0.429206159389
0.518196111456  0.360794786417
0.66379904351  0.425427103484
0.546594312889  0.49418148347
0.562365857022  0.464611029763
0.439435901174  0.525929751583
0.354977431052  0.50842296918
0.429777310198  0.404383276671
0.591017597887  0.405886507442
0.464725462575  0.495586311064
0.480900495474  0.52010570622
0.313972537733  0.365571217684
0.437809526914  0.44530984491
0.626252475958  0.461601621023
0.564972846171  0.500126632935
0.201611805436  0.43718070895
0.556241726768  0.550328464111
0.346575667718  0.381114232481
0.315587618081  0.526528338585
0.478703691292  0.277588993464
0.4198894798  0.434947028746
0.542666870303  0.520209488644
0.454612033177  0.392731568547
0.500629062996  0.57083905363
0.570863632738  0.533132995356
0.41972864038  0.543585814782
0.389554859545  0.474994132746
0.562032416969  0.358520504046
0.534275548281  0.420840347292
0.54157335944  0.342512239609
0.534589086685  0.5543291994
0.512821384004  0.492405798185
0.447024495117  0.52543941554
0.367319874799  0.346639470676
0.570003540215  0.429532487057
0.557257186865  0.571214111076
0.438836030418  0.565078158987
0.394832074164  0.48733307212
0.550842569105  0.586582565672
0.557648183837  0.50437627247
0.473417147663  0.438006762024
0.379427617714  0.4222485106
0.557647403666  0.458278812754
0.420138487255  0.509598897217
0.63396510637  0.319305830923
0.464127363027  0.554292388151
0.816653607565  0.549738787342
0.544456095495  0.470218167289
0.449571535289  0.380051780418
0.409102196453  0.630399762699
0.414183756418  0.390668924761
0.426413053969  0.533689158402
0.526905019252  0.426561301552
0.512278971729  0.407067194073
0.64816576598  0.63252150386
0.633126147226  0.400488347506
0.498781524899  0.396632074119
0.413481124425  0.498804169875
0.601893783656  0.643980972126
0.404505327021  0.523581699323
0.468413032359  0.527020727746
0.759308461041  0.491613102201
0.395852754318  0.521239174331
0.444890440101  0.465981402383
0.621725240227  0.436437067805
0.567398774718  0.567717368927
0.669796762767  0.586852715932
0.453668955578  0.574408824476
0.565472536289  0.609830610857
0.513807749002  0.251605158706
0.566066024236  0.519595547348
0.617645097088  0.520610779828
0.594803904965  0.609015361445
0.509847474657  0.586192991772
0.466004983248  0.623088952426
0.435884661832  0.626101195681
0.555921987675  0.525095973471
0.464436192799  0.490067044966
0.49892078866  0.424687040988
0.550633768519  0.563771993849
0.514777121619  0.489584228684
0.557174823825  0.385784987759
0.49753818676  0.63581541919
0.497220204369  0.562530701124
0.365804542914  0.45423789834
0.319727682231  0.652549787306
0.600742064958  0.312165178599
0.479883442763  0.610059767569
0.354226824278  0.49065935335
0.485070007201  0.535789060486
0.480680008087  0.724713544899
0.538019272629  0.330173950088
0.410047305803  0.420015293099
0.511609156845  0.309086115875
0.421890050732  0.521846352383
0.52863233097  0.437641869871
0.480335534481  0.331482685338
0.436900809686  0.450563419045
0.567426219523  0.396472336442
0.471866574324  0.489100003119
0.560907297994  0.529556946189
0.591631980476  0.454209556324
0.516393652872  0.403976482707
0.538437794351  0.60507372193
0.606875897106  0.53956984706
0.50747531014  0.471967971104
0.520589191388  0.510451437621
0.434048949183  0.60528243122
0.807009443272  0.519292549203
0.480593732734  0.458987994462
0.391753265183  0.34759776796
0.427873685558  0.365850271963
0.276498728748  0.469313206559
0.377801763324  0.213747453602
0.422302049414  0.575706706635
0.502426061709  0.541209284897
0.201844425603  0.348560415644
0.40418043524  0.369425604104
0.678623418429  0.423754018126
0.532470201031  0.607440046834
0.709117903876  0.553284095523
0.575667065538  0.51259730335
0.370837100577  0.426698948982
0.433374431728  0.604134224729
0.573512581523  0.372852881206
0.715050996339  0.400522700505
0.591340679936  0.522194550579
0.453222768907  0.361031622405
0.277142191965  0.521428785771
0.488322490415  0.461119543342
0.558327697532  0.701806945696
0.567851569213  0.361925634239
0.71979092219  0.528969017724
0.322148303164  0.349244330136
0.550502316388  0.666057134872
0.500516972693  0.457406910806
0.660498788265  0.504826265716
0.481874404415  0.634800087518
0.431556141328  0.429651536709
0.312299865489  0.468545036474
0.552176707051  0.498363128941
0.517286589598  0.500899352499
0.516178349269  0.438241844451
0.518494154454  0.44125576026
0.687735536406  0.550817174905
0.383997687954  0.468639039506
0.562438559973  0.335969646549
0.397353091296  0.470988468702
0.500663946512  0.651947932626
0.50548893011  0.448783681335
0.555377983618  0.352446626855
0.280642385224  0.479411613319
0.40967840799  0.585578782399
0.387426773899  0.699830487153
0.490967784101  0.457523435144
0.634782699312  0.492155572228
0.699352640522  0.605674556043
0.599432598852  0.548683157157
0.502888692346  0.473872758909
0.54578972038  0.612039906486
0.483850240794  0.590682158367
0.467223665397  0.595039989315
0.360036081024  0.512052995646
0.65137742177  0.497584074807
0.500984269927  0.655849967205
0.761125785077  0.420071779153
0.273390807312  0.449093395283
0.327654562414  0.62650860127
0.4408385427  0.627034171046
0.600919807683  0.482251931122
0.376522656681  0.645843859158
0.427331603442  0.395504620079
0.429427470354  0.329396459429
0.654889434452  0.747595072229
0.707435367282  0.589268436854
0.55704326357  0.579859395718
0.460327533691  0.616131286924
0.494366293051  0.633262656704
0.434741259154  0.575700480909
0.370869165757  0.454768941081
0.494013244844  0.370352890199
0.413730719434  0.401788303849
0.543091978382  0.408339501356
0.324456448154  0.435015775538
0.585615443891  0.554336389139
0.439996932773  0.471651611982
0.34898562374  0.494623685641
0.368889592703  0.472801822825
0.538158559102  0.554195846646
0.507067042634  0.482282409849
0.615760563266  0.494155901614
0.400110857272  0.616739543605
0.538896467759  0.432487889157
0.413439177904  0.356187308661
0.587280006937  0.528538208335
0.486141777616  0.291780976478
0.571031433135  0.521572916736
0.298765404306  0.481677198913
0.494203537313  0.39334408726
0.68793556452  0.43282685596
0.505439831295  0.422183021624
0.431448254152  0.46032348833
0.53684924205  0.636850617105
0.530361778348  0.518028945137
0.463766513184  0.458772723639
0.681151645818  0.640705869805
0.539004291743  0.474029134139
0.639310458205  0.432742757088
0.462534658084  0.339439522243
0.466863900011  0.609996969167
0.6088916622  0.553483901058
0.373262458616  0.562362361338
0.578259753934  0.423740662988
0.504682718615  0.586308421295
0.431960100674  0.466783188734
0.490130192564  0.42677962089
0.443635060991  0.510661511409
0.691526493398  0.351976795951
0.534822773529  0.440713999377
0.546809960459  0.535914005348
0.633268972054  0.424516822684
0.515257663197  0.497298571105
0.480771097465  0.490141149173
0.548924445767  0.510177827291
0.407935777158  0.599081297638
0.39630209388  0.307150982097
0.602221769739  0.523740614926
0.619739070801  0.548819227237
0.337958379298  0.387556084376
0.324165387049  0.4846742279
0.506478118798  0.391476527532
0.384609758485  0.625622957783
0.350550616443  0.240528446689
0.580887917316  0.580507936748
0.435210850336  0.497614447787
0.337166846346  0.236053167507
0.279151627715  0.546209587442
0.620038543852  0.560558990393
0.428634107188  0.574829456278
0.471631246804  0.283035662613
0.420390392993  0.666573520972
0.58607469486  0.48071328653
0.369753179689  0.451685933263
0.471280924145  0.614311928709
0.433058877618  0.48841844923
0.558466802639  0.594342139766
0.477989063395  0.656150574057
0.354235763767  0.558424799672
0.532393354643  0.638570413206
0.495855543135  0.489137905734
0.501473958067  0.519758253544
0.383484573485  0.42835952554
0.277059033833  0.510810865609
0.574733744527  0.524792659823
0.738344472392  0.430872520261
0.542617959743  0.62171595382
0.548025176569  0.513496920388
0.526228341783  0.501882261806
0.404344245182  0.533775920045
0.535794680398  0.499215408905
0.672912025875  0.361457492914
0.757669247248  0.56984818037
0.396250922954  0.71821710327
0.490664171263  0.49998428999
0.471158272767  0.489714559203
0.565658389762  0.372425354683
0.433320086234  0.469950350313
0.501481938754  0.488454541545
0.473727755664  0.34798860709
0.465100434561  0.608340387679
0.420571105614  0.404945625527
0.486128703291  0.400514439117
0.522814609939  0.686404540093
0.336652496115  0.478773970108
0.553787329487  0.49904379734
0.62510768469  0.330009872006
0.525422388854  0.373034356713
0.513237018211  0.391040435357
0.530204708451  0.372906095004
0.482680489833  0.481850407459
0.459597473915  0.19939530349
0.249959505536  0.691411965651
0.18014612169  0.55124232672
0.628740022594  0.5052073339
0.550474641828  0.485479645791
0.554777945438  0.663847334735
0.581105011502  0.613231193755
0.610802895326  0.59077982395
0.349169597081  0.35579085384
0.737597997694  0.381391049914
0.555646471493  0.532616323589
0.498628743574  0.421087989327
0.441906685054  0.501054934344
0.416598796643  0.498915485241
0.365607046311  0.335144599132
0.490967135927  0.38039120813
0.566816464873  0.478020297609
0.564331946292  0.391937867329
0.343622158119  0.534390318097
0.522003230076  0.460095177775
0.419161486617  0.58206020545
0.40201859194  0.312860716326
0.385297955768  0.551980495893
0.453205800014  0.496365217861
0.388593607293  0.466156367143
0.413587655267  0.523750871713
0.526043905388  0.419740721472
0.381708706658  0.468524835311
0.455160044275  0.48600250229
0.436840099587  0.430244020193
0.533137159235  0.5090821721
0.27012956891  0.48885380434
0.38642185777  0.452297578608
0.458020958219  0.575888101381
0.439291163142  0.511709722971
0.55805958356  0.512158293017
0.510943034212  0.39279753508
0.437167104976  0.376057037912
0.503516004636  0.465261235563
0.601637233389  0.506085933346
0.596479701837  0.606499977647
0.474421448988  0.613387784357
0.370387895542  0.456115010131
0.524963022891  0.420157667096
0.493319262353  0.495400677438
0.548693045362  0.412988008082
0.369807043536  0.592786359564
0.408274040382  0.498441275639
0.515693126795  0.421358254465
0.573115444549  0.338939853993
0.24833218272  0.507744715757
0.40541125681  0.544260065672
0.458428493485  0.432995202847
0.474507371013  0.386364184538
0.469835999674  0.584754187133
0.441334940842  0.558330245055
0.676019612023  0.41461423439
0.589171308232  0.32658306487
0.49611681748  0.482880288835
0.673027236534  0.397483192573
0.330394946823  0.46460360075
0.357320615934  0.498921906462
0.463781614241  0.422228766473
0.627743892051  0.635545125153
0.686594947759  0.374052658301
0.509533888683  0.376029455475
0.472636511799  0.337530736962
0.499287077196  0.312732649415
0.479794837025  0.42755797961
0.470600324609  0.337546701312
0.426616953641  0.492076747395
0.696199351852  0.52069405878
0.397660305501  0.553631147315
0.474957445715  0.551233380537
0.413197294398  0.327290235272
0.541093467491  0.484311721553
0.310132362681  0.373849198428
0.580209893614  0.529670655154
0.594218363726  0.56950354962
