0.502208734483  0.546442770791
0.661479873725  0.444562848509
0.477700922655  0.638323880912
0.523563510692  0.524829286187
0.490085931129  0.48552602286
0.39173958887  0.502241648872
0.527309643312  0.375275392368
0.533156970168  0.366762481207
0.560252234666  0.470056625047
0.481896836643  0.590312445856
0.626797512385  0.40639202908
0.557924436567  0.481817640603
0.570660841705  0.380788023045
0.311864751181  0.441006118535
0.49082530666  0.58556146524
0.447013087021  0.38400281593
0.47859862253  0.480834410287
0.507644113173  0.479241758719
0.331911406021  0.536402343577
0.483781184752  0.508392903688
0.477078444824  0.631938978131
0.558523170376  0.36435465384
0.535161300437  0.580435967336
0.548398899033  0.538580226247
0.547395735578  0.500199366415
0.585885113675  0.543522675464
0.512472866186  0.402343536697
0.510450905731  0.588804960522
0.595316227289  0.592451941274
0.176451446778  0.499313769822
0.33263468393  0.526722251853
0.373097789837  0.428370273725
0.423571605242  0.525111834574
0.529656075966  0.37634957728
0.44291257493  0.551618742207
0.466825123152  0.355546563633
0.382627978129  0.420609856797
0.46558553887  0.490607750866
0.468213885938  0.476464688068
0.593383689207  0.511330347849
0.484772069269  0.357156266777
0.355759751189  0.338339013925
0.7169530005  0.342096069354
0.60786196293  0.625573662988
0.533304320912  0.596289146538
0.551909953984  0.309447896308
0.573472036902  0.509890382961
0.547167822264  0.430721915239
0.521057519605  0.558090035972
0.487837587933  0.355809438807
0.60230442396  0.463425211646
0.494960144392  0.559604298956
0.450827190939  0.453071299624
0.364317219354  0.496736579096
0.575650324445  0.411999567537
0.533747076533  0.487681054959
0.482966914778  0.467691906789
0.516724280028  0.560126123882
0.496581057754  0.518337653513
0.477720581695  0.40785271145
0.455405775561  0.646205709817
0.406010815235  0.333587678651
0.544676322494  0.444065589603
0.478808326371  0.4008049894
0.345053441765  0.485458842536
0.611017406066  0.637222471317
0.319262463891  0.532811653814
0.652188820015  0.542723579608
0.474556349247  0.434109925393
0.493428636236  0.369524024057
0.467109947031  0.436418017928
0.504920539244  0.429163726584
0.578758565551  0.443829284618
0.238395815733  0.386409869892
0.580184451365  0.546442355509
0.539362476832  0.418577365381
0.545281774246  0.52157265837
0.697721226621  0.479693257833
0.430447823118  0.559928945295
0.573594771628  0.512835021207
0.341797514997  0.316144985979
0.465670142014  0.293040635058
0.421088761434  0.473993849429
0.400718455068  0.505592238999
0.601844387457  0.438335579304
0.337537969482  0.280519769986
0.539638417628  0.465628563938
0.441717337422  0.396808888039
0.620052562369  0.276836686295
0.422327868279  0.444506693361
0.38858047849  0.665709333131
0.436494269761  0.631791970432
0.423484799552  0.465424604571
0.41582764477  0.439590210801
0.545236779374  0.594663564313
0.507938054764  0.590896146173
0.449068360761  0.506493653608
0.467371558803  0.486046934341
0.412626996381  0.312789802811
0.463736294513  0.425823933947
0.65187009099  0.461069583032
0.545223140859  0.50990560013
0.572752292897  0.634199572523
0.562979162248  0.345825020866
0.373608317434  0.426117439245
0.619024914442  0.681208931473
0.574212843262  0.480554348519
0.594683206239  0.546038255963
0.476544619114  0.570420730503
0.426605663174  0.504189867249
0.469806355327  0.502909627731
0.528687214475  0.334350228351
0.476534256746  0.514909125922
0.45413979332  0.565976819595
0.422266166917  0.461182955645
0.49004852598  0.445745932025
0.543938293655  0.537308703869
0.613317175456  0.453533888073
0.514765027736  0.562841265532
0.510438448547  0.352088565595
0.49392433815  0.38653767322
0.533406173244  0.545767445811
0.543402177412  0.300809040877
0.467590619753  0.603713063252
0.446809025189  0.353281255482
0.575209767659  0.311927798324
0.45603114093  0.466263540278
0.545136273962  0.433617054019
0.474982959304  0.605198602813
0.528651960901  0.478610016957
0.475431461372  0.400406553609
0.644584677979  0.507308657186
0.404610417541  0.339233011009
0.426573927773  0.44525955888
0.549816138801  0.209784619084
0.381430181677  0.408960561749
0.379407969659  0.368912087648
0.357249921623  0.493679208248
0.507391478231  0.593512957688
0.538339060349  0.593149603946
0.560679670724  0.367869206914
0.655491856946  0.359237892987
0.562282180796  0.614250692032
0.456901532183  0.417522277485
0.56605469524  0.607937094075
0.377943430574  0.528576732892
0.399852699148  0.504388055086
0.365059089466  0.470385748169
0.552769563345  0.554138109998
0.541139697706  0.364332155239
0.687192576861  0.435255850107
0.511535043695  0.494205010214
0.435195862511  0.487791729821
0.326887779647  0.270585898561
0.495105369263  0.471163428867
0.41153602757  0.432203819908
0.440595372159  0.522464047962
0.497318703842  0.455353367171
0.648651017979  0.459656305303
0.560974614485  0.571314644932
0.522221217471  0.370176574673
0.338722894439  0.294739197576
0.423584177813  0.437700890001
0.375394981586  0.485087122618
0.431722809655  0.303850712652
0.60429371354  0.564329288291
0.503440759503  0.522008763738
0.620940331385  0.24645494831
0.510878528241  0.487320360449
0.501822243816  0.573399832873
0.561124123537  0.419154926639
0.51697865783  0.386393745419
0.522204582202  0.611924576493
0.683184561691  0.527918871561
0.531368336031  0.5903603015
0.609739763061  0.604989149607
0.336393630707  0.345501710925
0.37585170025  0.466417136683
0.389052961051  0.487961671886
0.620681718843  0.238116197682
0.462570584643  0.395844575553
0.501696739076  0.368285323858
0.576212161645  0.61631486281
0.586585536385  0.560953216732
0.462733019821  0.510369951856
0.613564744097  0.594147902793
0.481775962074  0.558146482308
0.49488039105  0.429208403703
0.468160181868  0.617180939862
0.533228414397  0.531172468589
0.438603931804  0.609980186158
0.771206768732  0.447172152946
0.303856824762  0.618416856859
0.531192523692  0.288307229498
0.706863095389  0.487497752373
0.351492004861  0.705996074253
0.389192125485  0.489193521806
0.449092227547  0.574906820372
0.613396367542  0.378212489541
0.544042478972  0.464111139613
0.523561748085  0.453086723317
0.520511878515  0.494699686578
0.475334722326  0.488200527895
0.428771878922  0.39738479876
0.528741930517  0.442631085825
0.348951152327  0.341214050362
0.74697394863  0.426341013877
0.405700485916  0.525464417463
0.467101290646  0.471564740011
0.652076121844  0.493255339964
0.672613990529  0.346642795917
0.390791072142  0.548768023647
0.474509657371  0.657156475159
0.564414101402  0.396578180536
0.353416088599  0.362134323007
0.45110041157  0.5543182969
0.620487857153  0.400862291769
0.512721419558  0.424894202062
0.538312011013  0.545728907503
0.5705883452  0.448515000875
0.620190137524  0.553969450308
0.561088731242  0.351482287428
0.587032696574  0.566498989121
0.658831659924  0.601095872054
0.454369992887  0.542033780094
0.513059296423  0.510938095621
0.417327970396  0.420697367635
0.527123785756  0.573345888302
0.726707880817  0.468743718712
0.501701860495  0.554909446296
0.453433255589  0.386094933728
0.60094102019  0.309266525209
0.450860202676  0.426696397381
0.446011888304  0.42059553096
0.63859193838  0.300661998512
0.419500203717  0.638388076506
0.440816865324  0.527843618805
0.741557435472  0.35832531705
0.659352473341  0.711266557075
0.550009151431  0.390137825391
0.665538349853  0.389462805604
0.52170060416  0.597254496954
0.616521350076  0.43137419281
0.455683611517  0.454661776999
0.464379562625  0.67668003739
0.473922607556  0.298554075954
0.403870369489  0.38029261933
0.433521994875  0.571632659149
0.347019001428  0.479773250172
0.500486714925  0.483691245952
0.383802257603  0.616388394166
0.463487144092  0.526568691592
0.6057830575  0.583447608097
0.648791452315  0.335693959442
0.38265225494  0.51074533901
0.581178884749  0.568349747265
0.566403474294  0.469291456855
0.512569102182  0.377775190944
0.530005716148  0.343402182193
0.530426272561  0.483202366296
0.550707517424  0.571080248983
0.584279678028  0.637383988945
0.506147441805  0.341765702296
0.43393450279  0.579502420215
0.627067433619  0.49798707529
0.536640778328  0.592690969462
0.349350940777  0.428427458647
0.478434753882  0.451606882179
0.453633646582  0.53344827096
0.321116241127  0.669917535423
0.449420291068  0.652093334445
0.662194862962  0.528910173388
0.697806644301  0.550799245382
0.532747950386  0.661714074743
0.437797158652  0.739213346654
0.484161229452  0.448963024291
0.530487730768  0.562727577673
0.49232173956  0.426412541389
0.553105356587  0.512434080249
0.506859601865  0.589439077753
0.215864456464  0.41585106776
0.437455115652  0.257613414987
0.521143621415  0.6245576508
0.50310515262  0.463188981987
0.453670237502  0.36312763576
0.475881119385  0.447693641258
0.408311803967  0.543212157479
0.584049677132  0.395235625353
0.415334996745  0.39597423129
0.624397730661  0.555953550251
0.445366163877  0.456123329418
0.45632698878  0.376490824439
0.374872262065  0.544767082941
0.354584139268  0.421312159652
0.561819409635  0.32421824166
0.633958575764  0.43211618228
0.715181047639  0.50179328545
0.425441036472  0.621400431557
0.597183472353  0.264319379501
0.534631942196  0.471309304078
0.631700423074  0.52234719555
0.664707111987  0.608261566442
0.243396766346  0.475735330375
0.63552059061  0.448782010668
0.394619943903  0.468933646982
0.555942958418  0.541174200372
0.445572352063  0.542198306583
0.540679524776  0.319344731782
0.375778563326  0.541914801888
0.508962523855  0.426502512214
0.419427551213  0.444073976406
0.406833858329  0.556770052427
0.440865157185  0.555280788106
0.338489048328  0.756437481341
0.434433172737  0.644739337131
0.265568015849  0.40559878839
0.642809258553  0.395735054756
0.416688120249  0.489813219559
0.671095922866  0.493381606307
0.381702988297  0.402530341996
0.527075350805  0.583030864603
0.441871729691  0.565007513931
0.463929900329  0.627050585002
0.412429177447  0.198094725898
0.460757678385  0.591003187854
0.625567344685  0.463898115982
0.404713968471  0.47804952357
0.521658565386  0.491310823633
0.473011623896  0.275764939919
0.423411497685  0.519641650174
0.539610904504  0.552582559849
0.455553377565  0.421029150765
0.604271000578  0.433635039651
0.490252727325  0.327855360789
0.537455003735  0.525374047052
0.618563828438  0.470053847287
0.448913577365  0.483994396516
0.482605170182  0.414524775947
0.591807738544  0.514132828965
0.420469417197  0.530502915093
0.576859261453  0.551272886578
0.439412317231  0.593342538967
0.320255314856  0.484071879656
0.400538693859  0.403934397921
0.463067898901  0.518071768495
0.53888877727  0.679640662832
0.467008575353  0.230624400379
0.354606998708  0.516473541018
0.751359187385  0.445507716943
0.361022738253  0.390132027547
0.545304414986  0.658676054998
0.385606773644  0.284542895701
0.374838421912  0.563868673777
0.39845450437  0.428336173712
0.403542514782  0.381377261213
0.425634104458  0.457231420795
0.502468954785  0.556745745479
0.481216930077  0.611000575627
0.552517493161  0.531818537804
0.425049068656  0.350612070127
0.477537483784  0.509522174085
0.429652959254  0.607218667844
0.521284211467  0.362475367246
0.526451406556  0.370621941345
0.469930709844  0.327080142788
0.525939613308  0.564590283805
0.401071767894  0.396145708926
0.461467169353  0.330587137573
0.496840460253  0.457093173169
0.304201513253  0.334436732674
0.483873366082  0.486871238441
0.432478155691  0.446829530919
0.576948519747  0.644526010814
0.479548473329  0.519772794186
0.6840802773  0.382108515007
0.453345802395  0.47005562966
0.410200141059  0.450578206108
0.51941753283  0.594751047428
0.453517477467  0.323371650755
0.549982829522  0.48707977631
0.432362510268  0.44383095587
0.500838683681  0.615330791969
0.501527267302  0.489046298333
0.394248622785  0.496519691787
0.386982847294  0.357036242487
0.353878066198  0.379995409542
0.620065924319  0.723742849669
0.48408397153  0.573169688474
0.516211977449  0.480128649063
0.473181579741  0.407363055661
0.438450759774  0.490399036188
0.53694109827  0.293590446688
0.689887341582  0.445295793599
0.425001741619  0.472069142544
0.739874132266  0.451987907533
0.410405197345  0.546324480734
0.501164365165  0.439784273793
0.470701920383  0.383892715197
0.525786375813  0.479002626367
0.331909925431  0.487267419974
0.561090793377  0.288843683591
0.431169474907  0.552303334302
0.575015993025  0.301041312776
0.504827367639  0.445709079221
0.575318815363  0.542149072851
0.345011052825  0.466613233167
0.365160434625  0.414916144133
0.502077094736  0.464890080293
0.467218528739  0.451483100137
0.617716751618  0.588813233889
0.727038368406  0.348103890173
0.409129885276  0.510539023059
0.362532771789  0.487805083669
0.377742054095  0.505176929329
0.535084954382  0.629767665621
0.496051069708  0.469499483072
0.395603803193  0.443674053694
0.448037776382  0.46797662308
0.598169696563  0.541506989405
0.317823249212  0.562212368196
0.585183386189  0.425858868081
0.373643780198  0.499775480064
0.501733575679  0.600632952408
0.446125358554  0.514502989337
0.66928903067  0.428680623854
0.38312707757  0.420758814338
0.573705939619  0.356551131027
0.469936467909  0.453554537569
0.577322227715  0.709009281074
0.550728628464  0.457536295167
0.668534973516  0.553366652795
0.517206048544  0.492904889497
0.546652755212  0.637257514004
0.395807446024  0.602104084868
0.443185704897  0.617539655665
0.402563944439  0.516667499242
0.537353287874  0.583111422152
0.487678501445  0.4564717196
0.4067558446  0.512923692197
0.426773978234  0.708968329705
0.529582626829  0.496560962281
0.58016592941  0.477361567969
0.500532903657  0.394082951641
0.436622316584  0.499407876441
0.356342945041  0.617580370007
0.394940896607  0.381787674454
0.500868100322  0.433192305067
0.401701896892  0.539784665105
0.501789908405  0.620427098549
0.484772143219  0.450749001898
0.465351237241  0.35761177049
0.501613552122  0.643981291315
0.457071853729  0.517049454262
0.38015147399  0.382793783352
0.562312697707  0.474831403862
0.481790780163  0.626420415809
0.420652712253  0.464475624322
0.564837166039  0.322663766978
0.701514079356  0.507921692478
0.49772754557  0.476389787193
0.476201108646  0.45998343195
0.266394853653  0.432661042226
0.452783317658  0.459279728047
0.398308284491  0.408919026337
0.424922217645  0.299950555923
0.265505915408  0.380021833479
0.603577291733  0.430675386788
0.484784616141  0.629081040109
0.491085063259  0.392722137742
0.487300305803  0.396350910458
0.470317185268  0.529138301226
0.59556374753  0.572938328191
0.571158948115  0.571914475525
0.514330631929  0.400573398812
0.363952091237  0.399056501643
0.512909991448  0.710247413583
0.517862697237  0.383216545723
0.520155594709  0.43909148965
0.355458502429  0.451811538103
0.506971093105  0.538293431488
0.446242735926  0.323735451904
0.471297337173  0.272781505027
0.567868604297  0.610284532723
0.605331742383  0.360092968034
0.448703704732  0.522821956214
0.709565771003  0.438560853562
0.427321985053  0.535962624305
0.612661953243  0.616867764842
0.519775199715  0.534894122945
0.435991922819  0.543760810103
0.554718177563  0.422136187293
0.538718014204  0.426429357761
0.452390667587  0.586139562062
0.406592805214  0.429932588951
0.415257803917  0.646710826881
0.595086873625  0.393833669544
0.412334742434  0.513272330747
0.485004467685  0.457909552651
0.64723392211  0.399796587083
0.399402274109  0.598538442096
0.619727608573  0.563189863801
0.445392164943  0.494525114514
0.550857292894  0.415561486205
0.468462779015  0.415330770549
0.450792457503  0.52558257073
0.445081534063  0.412040411071
0.535533874658  0.392992271776
0.463612351372  0.633794201205
0.531409072516  0.503497756387
0.58704758843  0.488075448164
0.382872499012  0.313262542508
0.408037900881  0.329703722585
0.544341758508  0.327544867848
0.516817662223  0.593153113672
0.494413008431  0.555315197206
0.552384033965  0.478968421241
0.602675584983  0.664198969239
0.554738973265  0.383314189291
0.385412620468  0.494547334536
0.363080188325  0.620277521913
0.51991327429  0.372968594601
0.47302762494  0.521830259441
0.409820208839  0.548200862342
0.478727343186  0.773950600291
0.563399033597  0.338984374333
0.381184420435  0.689940076057
0.557381619995  0.327550803268
0.44561531802  0.491255218254
0.49675239836  0.363587120753
0.583330863796  0.424202501996
0.69672880712  0.348252569271
0.56386550427  0.368832457336
0.408176132263  0.40366552807
0.606137228825  0.497007532214
0.395112436303  0.472167676578
0.682475107761  0.619787764324
0.421349645106  0.518398406481
0.440801990183  0.351711707187
0.492874026084  0.499470844363
0.494579291033  0.575239218847
0.348770711981  0.499338709769
0.486697940553  0.432841603661
0.657240908133  0.459122349292
0.383870426042  0.554417208264
0.38690524747  0.504479392752
0.394375019694  0.574933319162
0.472930634378  0.484483099102
0.663315633839  0.452611760595
0.394670801015  0.414228075268
0.454035312742  0.467652797419
0.447929215136  0.504889524035
0.413451150107  0.495212025489
0.333279676022  0.490398755745
0.411230205787  0.446907182711
0.414676294578  0.537625045459
0.327009110217  0.480761104581
0.349063959883  0.637285696241
0.588229540232  0.695533629188
0.327257783185  0.407591774242
0.463113193457  0.425295705029
0.315184369909  0.541334516032
0.621652853286  0.465503362153
0.499753636587  0.487205315008
0.351575887142  0.401778380816
0.230168670147  0.421699100361
0.539900420738  0.380108907514
0.534511938592  0.511099075871
0.494481350274  0.273921240288
0.490442349662  0.472809697509
0.394900867909  0.515167346145
0.564657534165  0.492091124982
0.233883841819  0.660073417249
0.546580583944  0.382290220951
0.465540789774  0.378594502767
0.475102486838  0.415235107274
0.521200961384  0.243233657888
0.489823386308  0.473393960476
0.52023594553  0.488061716166
0.487817140706  0.447236047968
0.494445595238  0.577310763965
0.419674969179  0.669124432078
0.425186099241  0.354343770313
0.620121348565  0.517977516775
0.340205570122  0.413546322362
0.57451497596  0.530580444018
0.487157784312  0.372508437601
0.719281207826  0.576799981322
0.392274447624  0.44555190938
0.321322957663  0.428205421574
0.445056225098  0.562698983981
0.400188459319  0.456519824212
0.471640090593  0.47619483388
0.576256537372  0.569630830392
0.359659113898  0.548793090134
0.68233835029  0.263527004031
0.455143662794  0.540484693783
0.479394847922  0.444639072937
0.460668949584  0.486145839487
0.410854736888  0.381488114911
0.436199929986  0.442049295165
0.528491938971  0.389903212873
0.478176201097  0.497317938277
0.656167133632  0.576072002996
0.523563367026  0.523980864633
0.426925260396  0.2783964213
0.697909790671  0.419842940055
0.60892324862  0.394662359796
0.354886663775  0.608171083101
0.314264282203  0.384361293016
0.323107861936  0.351614204778
0.407400112788  0.52944400435
0.434032493518  0.506350170861
0.362412741413  0.374879881541
0.379362173737  0.543133437183
0.413689504228  0.649602710737
0.557675415315  0.488008389954
0.41751301093  0.314608956334
0.421184288528  0.345753803071
0.519233613767  0.378395451214
0.495263074603  0.380261279663
0.572457944501  0.524027674409
0.532991611834  0.596511520687
0.576268871224  0.62619792074
0.399324374198  0.407421986311
0.466860819515  0.458864473909
0.659538935576  0.528496508716
0.587409650585  0.380454156924
0.514879789263  0.475066453868
0.452555690124  0.464874814494
0.201749376059  0.676557653816
0.505285004778  0.436474247657
0.578227617601  0.248787924356
0.498129991846  0.470548047958
0.594914409064  0.359599578352
0.381960615667  0.520195348172
0.568246287132  0.524967359044
0.574591512921  0.354449623686
0.426486190092  0.436076585076
0.456820682386  0.418194720215
0.576441334741  0.626838463413
0.448370461519  0.577518179372
0.496385622316  0.538480327411
0.349489315733  0.433673881676
0.429790865079  0.53521784191
0.504586428748  0.526952274896
0.462973922684  0.558003159328
0.498131084811  0.390556814476
0.443412095453  0.384704522501
0.515765549082  0.475159258967
0.535398167466  0.491214066378
0.539680679126  0.382914819316
0.451154238269  0.430651499876
0.614658522352  0.434190520127
0.440159952497  0.351774317202
0.483724061872  0.43480642172
0.595821754393  0.627261399975
0.491920469392  0.454269797481
0.443230872827  0.71323260103
0.322384765378  0.399532997834
0.435547415651  0.697134802132
0.381603209542  0.642011383092
0.761785390746  0.571734745384
0.493683803417  0.554978921247
0.617104180747  0.563427190416
0.52971686751  0.551989637464
0.459203249974  0.492153767962
0.397093596773  0.51951778481
0.541859222738  0.448769547871
0.621258049951  0.318500161685
0.787632921777  0.525539336135
0.643085333718  0.303673705524
0.452891573788  0.365724266393
0.693014960653  0.521005037996
0.4580710274  0.431416248002
0.490835205674  0.300529801032
0.404254820553  0.499150521764
0.463209127896  0.39208913098
0.484779462742  0.442439949077
0.654651511934  0.606848806998
0.633898716734  0.504057659246
0.569266631732  0.564681848251
0.482811882688  0.507366403761
0.460585775879  0.29597604307
0.500747318416  0.588055973766
0.494290977936  0.430499006661
0.492346133467  0.436128480962
0.363084433828  0.453262933189
0.553922957628  0.633633933509
0.429565811665  0.61681473551
0.481246107361  0.520978191514
0.468310184787  0.445818345443
0.481777245291  0.511083770828
0.476118330667  0.586481136724
0.415675307771  0.491575367797
0.403229964897  0.446964490415
0.580060348797  0.481089721248
0.446096113112  0.276004354567
0.487109225061  0.46043676671
0.582695495195  0.559508668217
0.465543798812  0.481880586302
0.578301344294  0.464886364537
0.49088563179  0.500503403693
0.528328335207  0.511946100328
0.494047994399  0.629944890157
0.534783842321  0.542514671166
0.538376708322  0.525590732854
0.398749551988  0.424253624082
0.445013345951  0.40523788598
0.522516139444  0.363454118269
0.388847324158  0.306550139637
0.349139969802  0.555677243013
0.670501040425  0.787971936308
0.457151061364  0.619566172082
0.571134204399  0.6119207586
0.58359374233  0.576670167565
0.736326290593  0.382234736611
0.484947098554  0.570716952033
0.511351454547  0.428665309066
0.527497045132  0.644154257549
0.776171888937  0.599519458456
0.454462164539  0.311277421506
0.338140160675  0.463590875586
0.388566644484  0.437547781814
0.551124970792  0.455113343664
0.482602695554  0.36575999706
0.518215362686  0.452428246492
0.49690654555  0.543532936509
0.446532996384  0.560605836462
0.580975180639  0.488225530257
0.317372873733  0.316819987066
0.647725724497  0.331585466302
0.551776267561  0.389692654347
0.455673713508  0.54465672161
0.458629670707  0.491697550249
0.458732260456  0.452321351363
0.401737804295  0.532019847424
0.624321258113  0.45234355432
0.583106339528  0.469940298497
0.425941016267  0.638442319239
0.426360297143  0.432895290384
0.518373445792  0.543169017804
0.651915883596  0.523717716671
0.513756929954  0.52700516298
0.501697351041  0.540985616718
0.494415943389  0.412842941377
0.498359669492  0.35265661108
0.55936851967  0.328349922237
0.377988223584  0.378645088716
0.420796337706  0.411206569836
0.492593426955  0.263805504201
0.522313719884  0.634558571006
0.680949029241  0.500426360974
0.439256623467  0.510233357172
0.470460075984  0.281868212082
0.481688249491  0.514612008655
0.600036319492  0.555384396247
0.466689810044  0.454340450587
0.453896466077  0.528662210822
0.548445379562  0.659959326254
0.648958103302  0.461201462285
0.523384864855  0.492326310974
0.383714067043  0.486888096114
0.50487612881  0.620469216553
0.344848066724  0.560186535857
0.595396481889  0.553461742423
0.671848823925  0.418309183981
0.441535395317  0.505688606178
0.588231803439  0.393484490393
0.436101974883  0.536995011226
0.497305687315  0.520675643998
0.400780098586  0.443994852027
0.430723196457  0.535527385736
0.50146313975  0.555189675373
0.40863649969  0.725426111641
0.450949915475  0.389829551175
0.538714488907  0.311123290636
0.670361969103  0.508591035564
0.479437262366  0.548846340276
0.4667673073  0.45795378949
0.624966375162  0.527487253172
0.567513915933  0.382791166156
0.580805194534  0.579883323739
0.483726094284  0.493520061057
0.391156788873  0.493249174717
0.517351699004  0.292216174644
0.32228408867  0.363674492641
0.402089135592  0.558172347368
0.613402463886  0.493354800891
0.321214327878  0.258854726319
0.349000596135  0.408665769594
0.374744759675  0.445093580754
0.338865475304  0.49763314031
0.641750581103  0.478888225848
0.574583997775  0.503836718802
0.398302671892  0.499910875637
0.536712930787  0.457468726901
0.492642072282  0.465547671472
0.492176853593  0.518821660473
0.400479598317  0.429023746732
0.294165042585  0.490817333137
0.353649427173  0.561579941408
0.441834552879  0.412719406721
0.571852654514  0.484795359328
0.493841048375  0.414821522991
0.369817950943  0.339707508254
0.62477066662  0.533516669525
0.603717893977  0.50130167125
0.36885089865  0.55716993068
0.499164963125  0.434567524324
0.406086852939  0.453007112256
0.364992394269  0.466743068301
0.35383260904  0.576939944872
0.502818895698  0.570292155719
0.614989856695  0.334686685958
0.514808250991  0.626825188681
0.768252486593  0.276336459343
0.514179070555  0.463421184199
0.415199603128  0.510919234278
0.470101053994  0.462028243662
0.465340270816  0.58005161146
0.540730032496  0.342077200215
0.456806562606  0.362392483452
0.486419685105  0.607020806783
0.46058308901  0.409383497483
0.55937715352  0.669607917995
0.57600691768  0.45340513879
0.600998655316  0.344721084787
0.383132276464  0.424028893386
0.593598347834  0.453503567469
0.583408696127  0.513583803732
0.528656999689  0.598552710228
0.29961267843  0.429048466494
0.527592711785  0.611209747581
0.484803505144  0.467731075593
0.479315897944  0.504897188147
0.461918398399  0.525367888066
0.538851723646  0.308307495933
0.601821933736  0.519224441228
0.395188695224  0.449087574878
0.541174301163  0.421338889304
0.580594973327  0.527791867815
0.584189440156  0.440808988971
0.452578948281  0.540199755667
0.684485913708  0.415236312227
0.657229818463  0.359526642038
0.420767279055  0.305969028399
0.482779998558  0.402369787995
0.591412651213  0.665055549081
0.49561224006  0.557124658781
0.438938345066  0.522495746349
0.45259095838  0.431507497863
0.560009632812  0.544160186041
0.41288800496  0.508300350226
0.605538678283  0.543913826231
0.653448710413  0.646486295597
0.354039261434  0.406841439305
0.551678869759  0.462458956875
0.440994355648  0.499369211447
0.485372462197  0.500363059804
0.433640418838  0.31636701763
0.413319455666  0.693910055943
0.637990518198  0.406757840573
0.500814021161  0.519019515964
0.318186081571  0.416508073859
0.434928533962  0.510816317725
0.430343419819  0.447510754486
0.503767253155  0.387984410797
0.312699568338  0.499112640808
0.490932788041  0.591544182871
0.506008413351  0.292874733874
0.462168103143  0.495613985761
0.38738549677  0.427858619146
0.515455989976  0.488844239768
0.509167145586  0.460769474116
0.419918526694  0.455385206552
0.479504974906  0.301727384129
0.361469145868  0.536944345922
0.650200074128  0.483750334804
0.471516078379  0.419407504108
0.658846778  0.448503934478
0.326137907547  0.314109758349
0.534054374234  0.259448129107
0.567105141216  0.395355334431
0.383018225534  0.504036414687
0.470802779972  0.475767259435
0.456002455081  0.637576811371
0.40549073529  0.4345626568
0.329098755049  0.48265217458
0.393412221344  0.368627334598
0.521462529878  0.45493882295
0.243556720817  0.443213394978
0.313537915092  0.377385355949
0.63012984936  0.515982037137
0.563114828224  0.502736143509
0.381803648786  0.336743951566
0.532286614019  0.307082279167
0.397279256717  0.403398078588
0.471823536758  0.552677830675
0.372195939423  0.47761641672
0.610740059435  0.294396377084
0.521280649927  0.424102386072
0.467595643951  0.5078174298
0.349957899137  0.581278391244
0.437745087359  0.470634457923
0.440256218078  0.571469437694
0.567902933589  0.583668445996
0.682277340529  0.420447567468
0.47124031057  0.565074427059
0.325434550926  0.457612726021
0.361433803764  0.612112754774
0.569278455171  0.522199508775
0.500875925135  0.428466630971
0.447042036627  0.460821682107
0.58086929237  0.52368266599
0.351519149169  0.476292504868
0.458595642957  0.490017311474
0.36628039249  0.332874989223
0.426782609455  0.395327215419
0.503200186674  0.379508539794
0.50520558111  0.330592460872
0.594460746125  0.49853362858
0.382322570003  0.36885724395
0.260187499561  0.401176139217
0.589735324777  0.452782290202
0.449291133254  0.48080613583
0.534056381614  0.442769077909
0.540718953304  0.476183885766
0.458507823692  0.504977393786
0.393104828448  0.52347604768
0.697075662331  0.505049241263
0.669325735111  0.518757131323
0.438471820734  0.512462127412
0.445124971545  0.508514970793
0.605726911666  0.511039348159
0.47237538598  0.484597912761
0.431067281226  0.444292675342
0.576179868649  0.542796472864
0.577950009217  0.356977884046
0.558763359683  0.383752086635
0.567214567126  0.526698270533
0.426823897193  0.538569209344
0.443622336755  0.448824048329
0.575780570743  0.4145563955
0.540632632568  0.419561518285
0.514004493643  0.468355110881
0.502679979991  0.431216551893
0.47274028158  0.426502245054
0.622956212937  0.53737105325
0.45866036846  0.415257514768
0.347529730602  0.547103880267
0.555089781866  0.628213548632
0.511842921673  0.419706327011
0.401669040382  0.481554431217
0.550557387525  0.383934035902
0.455454579819  0.546039900357
0.524536732552  0.465907679654
0.559255129778  0.582517524204
0.387240132241  0.390982225857
0.508750342216  0.685092627867
0.600061719836  0.314287252053
0.463166725118  0.622422047979
0.341436258509  0.462280478739
0.584406101139  0.431879535985
0.383528217053  0.473243100841
0.43572119882  0.522765307911
0.544982241098  0.361168609741
0.601194176132  0.278544505736
0.579511018996  0.520628072519
0.502290975456  0.509487179663
0.518564750045  0.619447913973
0.365094789564  0.43724529325
0.397580268933  0.493725839449
0.715327592804  0.57829908882
0.584954761766  0.590044484473
0.439451368757  0.566719089589
0.460700179451  0.549998892537
0.597057626067  0.505269928127
0.490758910718  0.590439197769
0.454373540732  0.533630249588
0.67893795997  0.416252251501
0.47902829978  0.452678761437
0.444146591549  0.448239505136
0.41656848448  0.332085819602
0.57071660575  0.590562886579
0.552290092639  0.498869772628
0.579205009913  0.637919759578
0.523136190874  0.362660862623
0.553389697511  0.291774347665
0.535199455395  0.559756907824
0.442310792556  0.427609371484
0.366429882814  0.549978720235
0.334472119915  0.505813882057
0.439075463439  0.437549496767
0.51527995434  0.478518917836
0.404161056959  0.571814295927
0.465424028753  0.402010796191
0.329973614996  0.566582501552
0.42314090265  0.310780152258
0.378333813582  0.463809783149
0.373655520462  0.389094993448
