0.535709731007  0.335326134778
0.444311203507  0.623426900473
0.444920696665  0.510319254241
0.48913818427  0.615047335182
0.650479307894  0.331678054342
0.613855811687  0.576513239775
0.385331959147  0.426639684834
0.521379671705  0.481956335445
0.601368030023  0.461220205751
0.523926385871  0.313819966851
0.47297595497  0.472709967213
0.583842853837  0.590760182165
0.489379487147  0.475994955227
0.506925368336  0.539545123573
0.493511777436  0.2879674457
0.590250289181  0.474853808099
0.739473217683  0.288772587574
0.547394235591  0.53508985894
0.492638725959  0.45266178764
0.636154237162  0.458307143743
0.632106562785  0.616144236507
0.608444380242  0.636573465215
0.532435076893  0.419397519347
0.54372473742  0.500058187128
0.425314842106  0.445814877021
0.66206917099  0.4946816497
0.521541744069  0.507775576505
0.474328018106  0.391806670813
0.487811617464  0.452694044247
0.486356411224  0.593635872068
0.458692807491  0.37829013588
0.342588900336  0.625709325852
0.551405857375  0.492900102669
0.449518320022  0.460605383708
0.618160713511  0.5704448138
0.522099635804  0.469724189906
0.690897797306  0.605523650215
0.542309979739  0.628860709739
0.384393624759  0.651825457309
0.512419213427  0.50673921496
0.361598532625  0.459080666285
0.552132768065  0.421229432138
0.53305885005  0.541151645278
0.502788812114  0.491585318374
0.343875355705  0.334364637233
0.502144524669  0.474283166655
0.48818450923  0.501537396104
0.603740515203  0.663829812209
0.396496213619  0.353465666205
0.42472231644  0.785732335358
0.47204548877  0.648053394892
0.577684431418  0.494940920758
0.560001293307  0.444907785086
0.286813660646  0.408095429865
0.467789557651  0.196118014948
0.367753758672  0.660308414707
0.440086029167  0.709743831853
0.546352228535  0.498806456485
0.464190263669  0.388633759256
0.358366396164  0.500803802649
0.478806150303  0.247229462137
0.534796362113  0.589344662482
0.560943600027  0.516961657566
0.511898018041  0.513325898696
0.416826684237  0.546690434453
0.382183230348  0.520954774837
0.438250942313  0.426999122875
0.519122031045  0.56405225757
0.430327607065  0.512816103548
0.462034211495  0.538157205067
0.380944245466  0.286075776061
0.408606709649  0.632620810528
0.396711498836  0.538779457969
0.471629477462  0.499789499429
0.505630964522  0.771501698929
0.62840150415  0.39327983342
0.517494026849  0.639595089547
0.396584034756  0.603512785983
0.559759949079  0.67422018085
0.670773973862  0.295987398543
0.598429619309  0.49077019029
0.704095488773  0.42094458912
0.404070987248  0.541191061715
0.483022694253  0.432512535045
0.532029282729  0.464203792517
0.573708848671  0.432598063897
0.384253744367  0.484937388048
0.559711411438  0.286287713019
0.472357105753  0.59425673216
0.574048393849  0.548629962749
0.551362111993  0.427376291057
0.464594468977  0.553911376172
0.58118808983  0.500765573627
0.597143691589  0.619533703685
0.409683549444  0.418659019772
0.466715974147  0.480928651452
0.523085448548  0.608886741135
0.557189545205  0.404411005251
0.492837112207  0.37373129596
0.459009836835  0.611204198781
0.338307004143  0.66518748916
0.474811770616  0.541265524331
0.435736346571  0.509578162298
0.516221207133  0.58990773743
0.469961777512  0.502607469155
0.50166343733  0.390253851554
0.421024489912  0.452133773476
0.461174133382  0.384127248052
0.4159205945  0.512420514941
0.501304738573  0.596852601762
0.606837197977  0.528620660315
0.606865629554  0.391116242387
0.449744409463  0.566224211215
0.607111079744  0.444155626483
0.509864972943  0.44040045747
0.555409182041  0.36942930156
0.645874141337  0.503496914553
0.63295003492  0.232103661074
0.594907245988  0.367477578112
0.464984598353  0.471040758555
0.325193195578  0.528289331834
0.54621724626  0.475398384704
0.622257994085  0.358246362021
0.619883377996  0.491324423146
0.586880484296  0.577172276473
0.628695731293  0.428507871548
0.672465844044  0.405988105
0.520981579199  0.485072201292
0.428817770063  0.386992154864
0.471737203051  0.670655342181
0.49350491323  0.429281711734
0.331708298175  0.463753901812
0.556457348847  0.577494818939
0.436081186939  0.510188827322
0.426244713262  0.52119730493
0.520627048789  0.48982211159
0.573880000084  0.31512132747
0.362275698495  0.603215097333
0.656753639608  0.552550931059
0.624272709443  0.593183376105
0.593450008693  0.645721582696
0.667536120227  0.559438507654
0.478264526092  0.41505291798
0.501725621889  0.547831512617
0.494776190344  0.684147798365
0.587902681098  0.665704379589
0.592869132365  0.518557518046
0.51198331017  0.523434681597
0.416309929585  0.593200289996
0.567773765268  0.571247165172
0.59676539041  0.469243291064
0.495842710369  0.379771099297
0.452391226897  0.535660454655
0.516286629936  0.504110003327
0.502672385913  0.459116391485
0.643541593611  0.658476103228
0.337994553634  0.399664430842
0.602402542495  0.681087182064
0.412424874264  0.56270002633
0.328479251812  0.577008401523
0.333823016448  0.603299685416
0.483988129578  0.648186635158
0.461255295555  0.560658195456
0.71043564241  0.82377128225
0.338174083298  0.477508499285
0.425166953507  0.465488158728
0.412311572436  0.528591453888
0.601657867622  0.527619578272
0.539133367892  0.618933677304
0.589631434518  0.371390922891
0.354513223264  0.656210117441
0.47920153427  0.573533683029
0.472178055598  0.576095558088
0.654635577853  0.351931662995
0.451122119544  0.343305203053
0.327713469248  0.442532998351
0.689123803576  0.366887588405
0.469409856312  0.644392950728
0.490089785716  0.540584176352
0.464063319824  0.578829001058
0.64327766252  0.497929259212
0.53341912507  0.283384907517
0.654852502582  0.399851694084
0.730741457818  0.565448030248
0.612761681553  0.378013685473
0.353594399195  0.654179800196
0.462267854736  0.307095615381
0.413494663328  0.579400281012
0.430925825253  0.429810113428
0.70388089505  0.624229799484
0.50723266816  0.390007871781
0.368266790122  0.571992139883
0.423844180828  0.362201347244
0.317692567926  0.463866613572
0.529243298741  0.485837418397
0.402781188697  0.463588420413
0.396706596031  0.587738591963
0.653227237926  0.6294404165
0.53620056342  0.298894540568
0.441304705135  0.547818729893
0.500069674614  0.672015865392
0.613831057683  0.449567968568
0.357626223812  0.39287954088
0.633018317411  0.494124415533
0.415195061349  0.484253788586
0.383030278541  0.453076621465
0.483000903304  0.449822606371
0.472401488123  0.424977158199
0.37875170252  0.368167894637
0.304713049741  0.539687470026
0.546698145713  0.393196776418
0.444071308416  0.547219132953
0.619778673757  0.551286953315
0.550876987995  0.750680048022
0.328379052576  0.498616560146
0.491925664266  0.643157951779
0.478093601393  0.620517555991
0.685934316505  0.50348877069
0.383246790202  0.654025554779
0.562882265869  0.409378494215
0.335935108052  0.688127668851
0.396222448207  0.368433049465
0.396833276204  0.386830543855
0.535866674425  0.545627673002
0.662687666722  0.640146951008
0.549583601634  0.555793150407
0.56603341854  0.485901903203
0.40053258704  0.531960318267
0.389157200461  0.644976763442
0.522577406815  0.712351987036
0.54701951312  0.445947050762
0.473746500741  0.604194381979
0.615209268717  0.443761119872
0.436061160501  0.533467558307
0.455611642919  0.420373626051
0.351591257801  0.563330041284
0.464527886858  0.508965779661
0.510389861879  0.432774920598
0.314096173039  0.667432672003
0.431449223483  0.340483163045
0.288554329555  0.558956876262
0.597792828053  0.627524543347
0.380309348406  0.456885033495
0.461261039178  0.64389683312
0.532176462733  0.458584427115
0.464314596449  0.531252190116
0.5782687014  0.515387316333
0.538042817564  0.576472495042
0.311259680769  0.586987908483
0.380571318947  0.333352990038
0.527864537777  0.599738452359
0.564349773381  0.441653876142
0.489475256648  0.567385855553
0.37963396432  0.398299329468
0.663588634974  0.486222281955
0.628235921316  0.306669078536
0.437159893139  0.421345117696
0.386618429442  0.302837415229
0.563480338135  0.408453667513
0.41992266271  0.667272012253
0.697505100346  0.468921358853
0.4974972083  0.730972563914
0.503720686967  0.311368841681
0.425188334867  0.436870674852
0.374317120213  0.584155896947
0.435859231836  0.529100700938
0.611680762827  0.508781033173
0.499278823978  0.698881078612
0.593025693636  0.588671380461
0.455711205195  0.564827370874
0.495263159969  0.36841512732
0.300958636617  0.460612399485
0.634446583162  0.387509062361
0.485802140025  0.500198588753
0.567661156867  0.517469788302
0.520850599475  0.331117776735
0.511515217889  0.457293950083
0.45787680819  0.628677612629
0.490909266844  0.382599094269
0.482005638829  0.636483562503
0.56294368452  0.550952949529
0.413060402709  0.599489544975
0.500876509694  0.484945611104
0.694625320502  0.477183390037
0.460374563248  0.529647177064
0.631280955567  0.575651134608
0.813404389318  0.381974489569
0.491042315254  0.677158545352
0.45713368828  0.608552061459
0.574932497514  0.40917185483
0.551818486624  0.568353418168
0.459280363642  0.458382748061
0.462280982155  0.551649978556
0.40781633132  0.551627935578
0.40792413198  0.658105855327
0.420337495018  0.452258673942
0.483411252598  0.781272591238
0.551308588306  0.568039592181
0.577409621133  0.645962365165
0.440794365564  0.585601326677
0.473728963755  0.663617925477
0.584269991654  0.380509503081
0.444742311071  0.503344084341
0.382997771199  0.571272845879
0.329475961254  0.578745823236
0.542419281824  0.626048355363
0.622104967034  0.284573923816
0.545551734031  0.5124568887
0.575248253005  0.542209355686
0.459352648171  0.507081704092
0.415401371688  0.353063370657
0.495454508998  0.490071574612
0.766556643364  0.513752329668
0.364566268528  0.443569479384
0.532044624944  0.527011063605
0.54193357073  0.512973325255
0.285748108173  0.338422511855
0.573021657357  0.478504031904
0.522604675038  0.538811921281
0.281365082577  0.69591383946
0.371950155015  0.404115534782
0.571734683205  0.465700729414
0.440257957196  0.376413061499
0.547541031787  0.38259155023
0.374660839173  0.374910793394
0.508349359667  0.488317944162
0.56297076404  0.576813677518
0.536881381616  0.47581915536
0.57228972653  0.582647946074
0.384771880967  0.468722081427
0.478245507758  0.653155446862
0.563400932429  0.453979532374
0.236060533772  0.535470821778
0.561499043261  0.39657900946
0.501798152303  0.444561415213
0.56469754999  0.467513387496
0.626350886009  0.42655727271
0.543222242089  0.647587493278
0.470529279876  0.540730751639
0.506632354479  0.505411147217
0.398476619804  0.56727083754
0.484953617102  0.516699103528
0.407886099722  0.387573917164
0.48545273382  0.461765061395
0.521614116247  0.518637916457
0.676108849104  0.415810136125
0.425080572162  0.426490285374
0.565618390643  0.535982654359
0.716290851169  0.479602164706
0.361221226171  0.5876852844
0.315164428113  0.416718311794
0.436474527998  0.381931738797
0.566817220503  0.588688175756
0.348520712605  0.585245457145
0.545180082546  0.490639495897
0.51846964352  0.363758442939
0.344701405711  0.503859071554
0.446445282043  0.517818119813
0.650285558352  0.36315838993
0.630755642462  0.409546159961
0.482345147665  0.278100333672
0.38439838595  0.500536865377
0.594205751763  0.512456877322
0.53826678263  0.549248012871
0.652128483366  0.564042144843
0.499463160679  0.476004848419
0.544897122633  0.653174740016
0.58263209675  0.555206402217
0.429239427676  0.468226079311
0.498719312336  0.616530657225
0.41114127672  0.441890224125
0.319674807515  0.632723584701
0.3249324335  0.595855162592
0.489072799474  0.577712240436
0.52950060158  0.561464722503
0.684425096984  0.6669928606
0.603619388976  0.467481375207
0.479352452806  0.691091077112
0.596426639208  0.524445707652
0.6055463014  0.393559839065
0.581490343304  0.476771753493
0.618010793011  0.616621701029
0.467098212236  0.666641329191
0.501727156956  0.451937649307
0.553063145019  0.392256733616
0.526827985128  0.408604427105
0.566580953978  0.501783784153
0.460680537203  0.524873752324
0.546736787048  0.367363068903
0.328998919259  0.696923015468
0.529179652645  0.570752317569
0.421792100043  0.578499276322
0.485098284102  0.514084314244
0.512889900837  0.505309971247
0.440038902334  0.682598793473
0.498263189997  0.503413369524
0.411893398866  0.390012229593
0.547003804324  0.301011984359
0.566356679946  0.504724249035
0.390859424589  0.613512304
0.588714003874  0.411767855213
0.433398851303  0.665651894055
0.360700514848  0.4580434949
0.579253020024  0.511787168369
0.517191796783  0.571740892691
0.364389823298  0.39459985432
0.461493664265  0.333902844658
0.596758048614  0.576397517495
0.462686182833  0.547012025429
0.466458984894  0.633787380539
0.323278275563  0.568254555933
0.479722215818  0.697283244113
0.378041511321  0.569955903213
0.462751211647  0.397941236308
0.481418394635  0.529879452966
0.460978623442  0.657400429666
0.673393611148  0.530796307741
0.510072535856  0.543091302742
0.705160275215  0.477239654425
0.428088599891  0.527239878203
0.514980916144  0.609578417805
0.44634977927  0.645592523217
0.417759568721  0.549679194755
0.666952557235  0.626134215068
0.549792345599  0.539975342846
0.547328068593  0.455933020622
0.375788418582  0.450518145449
0.439365437095  0.518132714326
0.49326849788  0.487822836295
0.393646078199  0.409266898188
0.485918539528  0.39226746593
0.490348520515  0.468476571218
0.515559630243  0.466201322117
0.575869400765  0.647886754489
0.445346005068  0.571009854634
0.480991098992  0.586276209667
0.506664316563  0.517093597237
0.590235883895  0.535696813654
0.407695117886  0.483290605115
0.473568754614  0.467226684437
0.537267399993  0.568164665656
0.393750825534  0.440522824753
0.327224888841  0.533841090731
0.538279524827  0.554820443111
0.505074930092  0.521721637677
0.402314793577  0.390202562778
0.430658841545  0.263047765583
0.648524687257  0.375352143908
0.385991857738  0.45750681192
0.431783269623  0.630961330539
0.593679715122  0.57465894294
0.393787255075  0.462428783768
0.587687008527  0.424825820247
0.484798908471  0.671311896861
0.395250008015  0.500717093464
0.403331909796  0.354504846087
0.671233140466  0.44153299824
0.46803818591  0.396912647507
0.433965555419  0.581180643524
0.430990222625  0.424223068738
0.503727995083  0.474177314744
0.561599660508  0.446756605416
0.621234208481  0.541821013242
0.651694990749  0.68519073033
0.501398530448  0.640990403761
0.389809661846  0.576817376343
0.662717668529  0.460852953693
0.638683354353  0.489216960364
0.563183118625  0.48916085636
0.409378524336  0.543182585764
0.547076652684  0.549111451984
0.573086569146  0.458324755497
0.561397170219  0.56455877979
0.364571561818  0.55553075563
0.413961344201  0.549168028392
0.533764402306  0.496289908749
0.594641840181  0.454904120364
0.411623142627  0.506305886146
0.383784876578  0.5490160643
0.573583254434  0.519044508637
0.633982929144  0.355119143513
0.520749856546  0.594400309941
0.576676588904  0.411072237209
0.43875248587  0.652423361881
0.652289017344  0.465721931098
0.450700165843  0.521581087999
0.427630126142  0.474992540088
0.627211037914  0.515939122688
0.327680870312  0.507116698099
0.564523871165  0.557678889997
0.465675455045  0.50353807672
0.535034678969  0.475418150488
0.564626429633  0.550460111789
0.501555367723  0.56946125844
0.374875738903  0.792832499472
0.537671557628  0.662098928144
0.658990125036  0.420183004178
0.492458931062  0.593084460138
0.493239843835  0.536938665864
0.584648138933  0.365155971684
0.606000124163  0.460745264389
0.553084073107  0.463747616223
0.507582050127  0.508618654225
0.731164520094  0.585748493837
0.596268427664  0.412037934028
0.498766147128  0.311286475194
0.43462135878  0.326715913401
0.456533272786  0.479501727191
0.63102732248  0.625355736287
0.685141463401  0.553527980686
0.320260140175  0.388359752778
0.682237845683  0.621689768071
0.468894272365  0.523457022166
0.721208202478  0.533292087575
0.491400225849  0.558978582889
0.395459857223  0.504297682294
0.546798765584  0.441922906301
0.485488041225  0.461695617809
0.614737261173  0.621538329263
0.722993920621  0.537589731843
0.477050598796  0.354156274594
0.417113773362  0.509814577294
0.640135249953  0.546938665727
0.680691447421  0.412564010087
0.636024360294  0.508189447022
0.432625979361  0.476531050705
0.591150196373  0.665074856569
0.55838065739  0.291502193428
0.416809347935  0.571411139059
0.723965992231  0.588005789036
0.304143405462  0.549376247424
0.548811166719  0.44502266666
0.456770484073  0.503886923348
0.552949194696  0.652179262865
0.517333180942  0.347660672245
0.502261043173  0.565631268226
0.376767490985  0.608612405791
0.520905463457  0.523965010204
0.692674154579  0.5123582407
0.560819244396  0.631493784062
0.529647675136  0.284751296321
0.409839251871  0.371203337534
0.403948508907  0.413450329619
0.517706550327  0.326368956684
0.417766470355  0.611290532109
0.421512883642  0.408164014686
0.43319888114  0.422466428494
0.421838258536  0.681951942482
0.352367751773  0.497627040632
0.475733431262  0.385786343239
0.413628751073  0.348829862865
0.417395364721  0.322712371688
0.69851269634  0.392000026366
0.597444764044  0.479143970584
0.364221703563  0.409146996307
0.453765867256  0.614839597608
0.736377965027  0.587771064107
0.49091331683  0.408824642039
0.427253415039  0.562971796992
0.263684720867  0.34574633889
0.469253124846  0.443460655611
0.460327602438  0.432228791043
0.501548866093  0.578819105592
0.390366931873  0.466637915066
0.559115254744  0.503447103434
0.500284596126  0.521681772653
0.570350174535  0.464074318983
0.358990212409  0.535727910074
0.506832058111  0.570305752877
0.581287402529  0.483452810253
0.384221732861  0.535897596961
0.463219002613  0.507092895611
0.530504422707  0.448795834816
0.436558242866  0.536597480964
0.492001110914  0.384473341319
0.545327517489  0.560275257814
0.512355249535  0.382957996401
0.399462024399  0.579671696008
0.378280501539  0.414815787623
0.290428067755  0.610081544517
0.352018122427  0.395311735824
0.476134091285  0.516497098314
0.39019371596  0.505865894144
0.475526770349  0.597184595198
0.332890358209  0.348665666755
0.613035071462  0.543282202576
0.56880680978  0.521085018697
0.653468406937  0.461943336772
0.384942002686  0.612031282475
0.376875735303  0.410966927458
0.495850653647  0.570777202519
0.552320740339  0.40955627917
0.485984444989  0.421097516025
0.390124019609  0.489842303189
0.233983518741  0.546057195395
0.551922585313  0.485642821589
0.530820839156  0.428812514907
0.561402147236  0.391349973813
0.579837573928  0.634993922498
0.606564932961  0.561280333131
0.395327937744  0.424114663726
0.483208938004  0.54898565436
0.65251825405  0.399076430837
0.628816407813  0.628168371963
0.575370027497  0.605154613303
0.659167935634  0.28960497287
0.480984463087  0.527845906488
0.439685891926  0.512007071687
0.592889956065  0.456042377972
0.551004862984  0.414921324555
0.475965930616  0.620277907616
0.472091697262  0.502217774501
0.539914315251  0.442660576369
0.50697695451  0.43023180007
0.341873552013  0.544421350932
0.346066996849  0.595069505914
0.387532039617  0.476429244076
0.539342523448  0.536736992751
0.568887429085  0.478008630659
0.601085447757  0.353372421156
0.630423071321  0.346717713
0.504507486497  0.63126649033
0.488769354579  0.337618813493
0.567977284276  0.429197689845
0.420409261564  0.38853364637
0.466219652767  0.47936484014
0.533757489787  0.61271607206
0.441004050634  0.570391677938
0.608806078329  0.444213309121
0.392675850424  0.512855414211
0.497667978576  0.448332922489
0.392555991499  0.50936400062
0.617381696515  0.570243968278
0.525929822202  0.537532803902
0.476498077  0.526213997146
0.522163789747  0.46724257336
0.618163739562  0.38295582754
0.473416927394  0.433803313712
0.504743279658  0.522597655466
0.407563638285  0.46856389181
0.576111300549  0.351165337908
0.508580713835  0.551043169211
0.672728544136  0.449646767124
0.553241477914  0.531206261481
0.52745260267  0.261857382727
0.389653378383  0.70235792135
0.594423579832  0.426706208704
0.79656200791  0.430542476702
0.817063382966  0.407812816648
0.505117698387  0.528712246163
0.70586936783  0.535520704253
0.448169075893  0.484561162504
0.562663260258  0.465552000785
0.391771882691  0.43328606768
0.5630234524  0.553818630907
0.712638305698  0.314756681871
0.610816722199  0.332423476054
0.542738244757  0.426193966444
0.619321242798  0.568747950635
0.601095683294  0.433043477131
0.479750325198  0.530134596849
0.589914670101  0.423785677437
0.502182395073  0.517024545512
0.564329072153  0.552575679838
0.456494003384  0.444245785493
0.453118636732  0.580350342895
0.299599900685  0.474802027769
0.491416335602  0.402129523806
0.65113851643  0.562342515702
0.458733658031  0.409268945232
0.48839382174  0.629485456115
0.511316596783  0.279112913769
0.269881120662  0.517856308282
0.658353041276  0.434245978582
0.637238755963  0.539762003085
0.476917835112  0.521008053828
0.459301306648  0.394228872817
0.612843856938  0.42318857816
0.568679744178  0.408334679559
0.607121369945  0.491047524475
0.396341138443  0.555158978217
0.375010566199  0.41557663144
0.433708580059  0.47459001914
0.466894492413  0.676200808487
0.443446340394  0.575900544745
0.385006620869  0.363950391716
0.456162998162  0.499478951101
0.422875186622  0.412527874425
0.542649396656  0.479572969188
0.526654483708  0.546392666601
0.522841516241  0.525388799714
0.471097242929  0.480411298489
0.502223925028  0.630800729738
0.42973067644  0.468185868197
0.503219045862  0.512343638311
0.511242150853  0.528193573719
0.543531449427  0.522530045179
0.46100339331  0.610758927138
0.392136548021  0.419533483563
0.474861858747  0.555246096937
0.508705071206  0.725182188281
0.48666135137  0.70279305313
0.588799072921  0.415683431312
0.477867603508  0.440804516098
0.427635058277  0.511651204472
0.652305770947  0.518734327673
0.352571472793  0.494899427881
0.530298258651  0.511287418408
0.398203356067  0.563372964226
0.522364422682  0.621604150788
0.556418304594  0.401218843455
0.539846671802  0.515720177506
0.387621021908  0.419585871495
0.437916390398  0.539196341609
0.331558751827  0.463461048185
0.336819438155  0.59623446159
0.495443559633  0.481188967084
0.525576982886  0.571522898837
0.645129766851  0.546548885592
0.747405966902  0.473227576215
0.526946710642  0.631440215394
0.414270396099  0.490974148015
0.388522887884  0.72053708569
0.560832707922  0.472983063325
0.576249491586  0.556851754776
0.662022286308  0.460340953726
0.309153962328  0.529964424075
0.558786112152  0.501561603879
0.47499078389  0.526823611977
0.349951727005  0.58353831048
0.631711399054  0.487097809359
0.422685207508  0.600519782156
0.471735154518  0.579581627178
0.446445209571  0.481366029465
0.428959265237  0.491541054344
0.501712486021  0.577782129857
0.341131976604  0.564548577445
0.544766751357  0.383282742121
0.403925558474  0.478121286618
0.457369345822  0.356013953005
0.476064499294  0.752732431054
0.462078209073  0.373754951831
0.434926428894  0.319730003385
0.492013565604  0.599325336733
0.697751536008  0.503601689452
0.498120265397  0.403600058538
0.6748599916  0.265415588029
0.450784805243  0.467333421539
0.638407881905  0.376767880376
0.520272305778  0.587642555012
0.538397210333  0.490422504746
0.562026583974  0.542264423252
0.466901489574  0.541703696428
0.545911931663  0.588217947071
0.435968673385  0.564000565178
0.400675237208  0.328010822021
0.773624047506  0.542328691136
0.474532837481  0.40385974518
0.439850781322  0.455825109278
0.532483924244  0.324262824272
0.457703338  0.382369577343
0.486325952047  0.532458602613
0.484452380987  0.484263010908
0.487080704994  0.572784172924
0.520159110355  0.693113152679
0.380963233553  0.728720789746
0.47720661857  0.461427242878
0.391989253691  0.598226218397
0.30399517393  0.494728874089
0.565105539837  0.588396792098
0.518777896694  0.535508448317
0.556015661825  0.51165021327
0.412377267132  0.476060796527
0.540386528654  0.513959478234
0.570777277973  0.509546693158
0.560224030495  0.470865347386
0.635135419291  0.518834307982
0.413402493625  0.62684645361
0.594347876006  0.682904734224
0.381499498638  0.514149227578
0.464105828524  0.609554190987
0.355047926176  0.5395229864
0.584048785397  0.516144403651
0.517849919708  0.48948129949
0.515095898517  0.53310612717
0.423186358434  0.521136988577
0.264571975844  0.752375834304
0.30221452293  0.549460685645
0.489665739278  0.598036781512
0.312780485771  0.339456132658
0.604683232918  0.398885496706
0.511381450903  0.598681390651
0.457026698317  0.410895016354
0.531984379279  0.438009207091
0.544858713009  0.584302523953
0.590682860706  0.428709066404
0.593839167959  0.577935017072
0.644721503179  0.741370484273
0.389935747484  0.662296894489
0.463853336989  0.493533956077
0.541651209387  0.668103010188
0.627040389376  0.471693735093
0.554546236479  0.466548789321
0.540641844449  0.549071958028
0.447279839755  0.64250283823
0.524415998253  0.439058349106
0.540921712802  0.399805922704
0.579529205018  0.677766312043
0.368180699618  0.424183900795
0.464716982552  0.592826425054
0.529793830763  0.549701054677
0.592955133456  0.762840303975
0.584786159546  0.45524762216
0.469791332168  0.525556932776
0.629406472675  0.473285730046
0.480681408455  0.50062115337
0.542094168049  0.534816047396
0.62341153631  0.45813064623
0.54524517363  0.438395053328
0.667623007739  0.34413323246
0.554425795268  0.472390236482
0.325586660114  0.438283385767
0.37080512629  0.506376707529
0.466332163713  0.427337763077
0.490245561279  0.398717541831
0.407583722431  0.553863499208
0.429383673048  0.404710513708
0.41794046283  0.534425993057
0.428542599442  0.242334964938
0.37332615788  0.605862148368
0.529820357031  0.467832483304
0.413802438487  0.501490873665
0.44767613082  0.579432789414
0.543061498018  0.484737021981
0.528271555523  0.588350735017
0.573544461156  0.717926319207
0.376501488128  0.43038690944
0.4067767333  0.296952130819
0.553775063563  0.401961371102
0.724281943834  0.487260350994
0.512385439018  0.421611791614
0.411209666651  0.437141159904
0.419223627203  0.525707683519
0.400121542171  0.371567726297
0.529889283509  0.485552236471
0.423943263288  0.368869451971
0.55797290734  0.334642019548
0.685815074162  0.629791349959
0.51727595494  0.608526092805
0.402195679931  0.37837732287
0.42755533731  0.488145439216
0.480650268428  0.630853872304
0.421126958788  0.502929848158
0.47734647465  0.434800828178
0.517735529787  0.541199111529
0.576602447269  0.465762777867
0.432102389571  0.499727651481
0.416136134944  0.572412492434
0.579136165583  0.759679522015
0.465644227432  0.378927072608
0.490107972723  0.584918555937
0.195532125387  0.420221144628
0.497358523402  0.40138984007
0.517890774807  0.465840959181
0.471868988331  0.356861297124
0.489027255171  0.337152727533
0.420572099119  0.247219869352
0.415515306381  0.574100527766
0.305268521584  0.487141072493
0.446717233055  0.453783067085
0.337000118306  0.528227788257
0.515888891262  0.645483217517
0.645195156928  0.60908265812
0.388979744655  0.305825154581
0.608701125701  0.369583405534
0.537396888973  0.402078994123
0.414075084141  0.502791902132
0.417218443079  0.344358836297
0.460488174588  0.388623541053
0.460232472592  0.296056693982
0.537609981389  0.508257902684
0.292751506011  0.372081853961
0.699994038521  0.489532615211
0.49350414702  0.518644320463
0.557415008679  0.692019229218
0.724488719768  0.436815149565
0.529225956653  0.365631958515
0.546485417213  0.500172293367
0.382508134613  0.685944735466
0.522500788009  0.483439754163
0.378486900677  0.464620725899
0.451945734071  0.42885816622
0.320224162149  0.426901937808
0.602950102962  0.44066988345
0.587083374023  0.540851000419
0.32817586371  0.596709645763
0.484248382676  0.543066900504
0.371922987636  0.680004178988
0.493317500608  0.477835433648
0.321553591205  0.408502218425
0.582122478303  0.553503299206
0.622105339971  0.314759127569
0.474593590343  0.448746670416
0.408637969647  0.618176837201
0.657483743406  0.52072122155
0.48146798344  0.577387567267
0.418712151423  0.324801018243
0.442404882967  0.670634732291
0.311485139563  0.472360220705
0.599698409709  0.464971673927
0.450038935594  0.578986844177
0.48032148416  0.604683938789
0.404189524944  0.555516152543
0.487194697952  0.330307863757
0.539617336446  0.384963412416
0.442774658816  0.587516551473
0.594079896068  0.650891549213
0.479907519724  0.442201070219
0.487258655691  0.628211439754
0.605858885032  0.612950323908
0.529772278996  0.56079896372
0.497670839412  0.484820387276
0.570514446114  0.540148597454
0.373991500047  0.502390706767
0.668470235219  0.41233999187
0.461142799216  0.479191213345
0.289664326588  0.393114648896
0.347712681659  0.349428739082
0.545070246102  0.433867377758
0.490820715508  0.266300410438
0.467853746656  0.533632445296
0.601061227834  0.555211414009
0.592092700466  0.525170133201
0.423357484463  0.64494158581
0.348017863582  0.63549285524
0.523384305895  0.290448796895
0.518479297592  0.37630834575
0.693208622883  0.607907973748
0.405941572468  0.424313431804
0.48915924658  0.436024202531
0.523138493605  0.585781119461
0.514349311911  0.329360987944
0.52233729017  0.46119773145
0.586916727568  0.43273311143
0.446647838387  0.517886512515
0.512375728792  0.410870723988
0.541879803577  0.374613938756
0.556521403141  0.538477871309
0.351269797185  0.582428504252
0.461417193058  0.507423209521
0.449139595492  0.48793712845
0.589814402933  0.49236608977
0.541024864078  0.432185693072
0.508233708114  0.486146133368
0.505977435442  0.356232551906
0.57352478684  0.503737416551
0.511059064801  0.443668956631
0.456891127863  0.431000454074
0.365073853301  0.55352808542
0.542243907114  0.41203246669
0.640820348114  0.402486687677
0.570753113067  0.469298990617
0.571002685876  0.235897565804
0.622595611475  0.47692714589
0.447916086286  0.332414314029
0.635541216848  0.501097505341
0.522519820598  0.393584522504
0.283409758601  0.363785278956
0.425359925245  0.492594745414
0.491392062891  0.511730017384
0.469186616828  0.571526483426
0.456075419848  0.403097713121
0.533781782459  0.607365107699
0.44811559784  0.503379694463
0.548677602893  0.541702525847
0.454310197497  0.462623105499
0.299339990531  0.497213682895
0.652653561002  0.438454648403
0.4445212833  0.4505716389
0.513600657547  0.401679561341
0.569808752428  0.47423141924
0.572817053337  0.298956182447
0.622112582957  0.451062174159
0.494309832589  0.436291266506
0.6328599739  0.569243353945
0.610805806057  0.628262268624
0.236955150677  0.544884272827
0.700855770855  0.348796577442
0.339285083323  0.404742940231
0.49161046803  0.542880475693
0.474335132906  0.470698843723
0.452028740156  0.545409241793
0.508132019274  0.64510535473
0.314451446403  0.417596050058
0.391793184209  0.637996399856
0.557842182679  0.410679086861
0.454721351033  0.504956443746
0.670235213827  0.42393689631
0.400927453006  0.494577859525
0.429037539835  0.596896700192
