0.501577483137  0.425626973226
0.457396821952  0.456197924871
0.513094567061  0.62337016325
0.291869579845  0.358998408619
0.552930354161  0.412371216762
0.659854434511  0.636155887822
0.596068335661  0.589557828602
0.602151441643  0.433990868601
0.29938186404  0.522230612102
0.401236899006  0.466957173652
0.405323502803  0.566820216243
0.373678045923  0.521805759901
0.468773299593  0.520969075552
0.482423542746  0.516720353391
0.573209454518  0.496363702075
0.488108135202  0.39023419006
0.571035159145  0.515499524498
0.477415870107  0.444708785713
0.48997545383  0.412937462145
0.345628339818  0.419466744479
0.468290676849  0.546575652479
0.422568763283  0.583209758471
0.578716682642  0.510653582281
0.666541189791  0.490917443247
0.468721428299  0.569498118539
0.355495987033  0.509499472051
0.578867884789  0.438977808239
0.318883552996  0.635272686534
0.649856620296  0.402557475323
0.555886851718  0.502896503402
0.468954688572  0.551176869886
0.603091325369  0.479066051996
0.514324722438  0.478993814397
0.347739071533  0.588859851913
0.55196242027  0.547479724589
0.462255103156  0.508110708176
0.526154578836  0.614145342216
0.399679102452  0.364611005228
0.523128645712  0.551368260474
0.692067397271  0.498380972256
0.313257381246  0.551700210322
0.331947280747  0.620305712224
0.625165783431  0.449177441057
0.389632167192  0.583035882216
0.49942617142  0.480103685022
0.507930388057  0.56319042773
0.407068379958  0.568381148623
0.448604142684  0.390360962247
0.472873156485  0.438372172409
0.387260829932  0.468916790698
0.618472999172  0.488304352978
0.409735191799  0.451610565924
0.437140332296  0.375938786593
0.53872252145  0.504592515496
0.404158950655  0.481994407823
0.487128423148  0.711299468616
0.38614346121  0.520376826335
0.514924070335  0.51652039395
0.593554469659  0.42179879123
0.491913460625  0.474639461702
0.653628587303  0.475189882828
0.420012795604  0.475024202815
0.456830252892  0.691305201895
0.572120939163  0.438021379393
0.514630790649  0.602401176216
0.508730955083  0.424382635646
0.376972924285  0.448828643928
0.61934319852  0.494081872019
0.432180856278  0.592080420457
0.554304218103  0.434466060075
0.415136693725  0.559047558079
0.5130035294  0.404557588837
0.469751208333  0.470258153965
0.495131468486  0.492563788598
0.355509141485  0.35143392159
0.390523777897  0.409012037985
0.355668980479  0.395299851842
0.667611806031  0.619885270108
0.430923879717  0.630410532569
0.557347784217  0.422166679616
0.443819213799  0.591654533923
0.56256104622  0.486389560354
0.430892848482  0.556185173031
0.465953311023  0.662175418169
0.447023227816  0.356190788219
0.581189893418  0.542802000506
0.586150896463  0.43355198037
0.380025316128  0.481199345797
0.508730120214  0.536269744208
0.419258952011  0.513164003606
0.376802669468  0.440494865599
0.680468218735  0.383700650712
0.467343501634  0.501414572805
0.594277928357  0.417021117614
0.585528239005  0.735785592184
0.586619570057  0.488632485024
0.461148556405  0.567828733764
0.404367040802  0.344957019611
0.500311317352  0.507721145474
0.52287869494  0.64594384251
0.43380735415  0.499344299585
0.463570111572  0.550685556639
0.56288035194  0.404048119837
0.462157786144  0.740134891003
0.514716901275  0.454697224002
0.360910565702  0.393725001916
0.474651333644  0.425905351507
0.382374493055  0.383806038191
0.510232067685  0.449688727581
0.412246639824  0.536414588945
0.532672984406  0.537008968352
0.442363334076  0.359952029842
0.509813306835  0.430689700125
0.497439973479  0.423325213215
0.514151336389  0.678240021446
0.446934231334  0.477896882758
0.45115194664  0.544890600297
0.38328254423  0.389528369518
0.521357759533  0.450051531766
0.366790248639  0.432904610095
0.39549602483  0.550528927633
0.530273417357  0.371493791827
0.562417780916  0.545587710868
0.412816308886  0.344929766853
0.542470759683  0.48247705969
0.557523317708  0.598777678392
0.325744492958  0.398866879979
0.505311657456  0.517249798251
0.660599812602  0.339408551905
0.265534276957  0.46920476156
0.433933753163  0.291468591409
0.443225286015  0.425491572075
0.561425440017  0.411562776578
0.543280565769  0.360973672195
0.289112319626  0.356454696326
0.442396623294  0.37796012104
0.603686228927  0.350724374884
0.462197053155  0.432235141835
0.340001612321  0.48544547707
0.582547870293  0.638350336903
0.415443429337  0.651529849289
0.606193434036  0.373118312755
0.462205240239  0.412233237865
0.394111595533  0.379056870748
0.452936149257  0.313939570226
0.482810940264  0.386538144779
0.553641839573  0.520239565097
0.347238273504  0.304347079553
0.686093007789  0.455602469994
0.496168236057  0.365681520582
0.481640968899  0.473459384246
0.484980068029  0.474228845912
0.575216587826  0.378094866693
0.564998163164  0.346481378551
0.460317158514  0.525572526381
0.494353433271  0.400486665584
0.472362073503  0.414951145758
0.554350325109  0.518613418573
0.342557556347  0.560919143683
0.2400437055  0.380132204798
0.405985678877  0.31972203554
0.419147920628  0.573995054536
0.403826742027  0.623642038712
0.405791237624  0.645160694316
0.467546577098  0.431672963139
0.517312641797  0.466942180024
0.593301804171  0.522536725592
0.440457158021  0.640615061688
0.680050883986  0.425501723573
0.381669775478  0.454002505092
0.552856624552  0.436963854186
0.396843376477  0.481264363945
0.338505449248  0.484666372257
0.486417327937  0.519329948654
0.415625692415  0.43014888854
0.416791371411  0.661870666421
0.648226212973  0.389535058236
0.578347127675  0.480252630663
0.409342537077  0.530995552332
0.624487657359  0.552110086125
0.471975789229  0.495782199189
0.560181367272  0.465125413038
0.482049036708  0.337012467484
0.535870268989  0.574125662875
0.535616372661  0.447871136187
0.403051426857  0.410428687443
0.560330074863  0.508367118703
0.538479151536  0.454203996703
0.603879650611  0.477285757332
0.426639431061  0.54077245232
0.722858543796  0.524289519325
0.654347049814  0.539801404984
0.676776119157  0.47450839871
0.401779052289  0.477060493964
0.517789347648  0.547316755555
0.476599262308  0.334266178508
0.72896550375  0.388050167438
0.46742608674  0.444708284186
0.375475639198  0.311344564838
0.559562951887  0.3963893914
0.386219309544  0.479137095909
0.43032520265  0.52340743144
0.575131569201  0.476092411259
0.466078501026  0.546471522067
0.498485348529  0.355085237118
0.615454279927  0.338584910997
0.525585720912  0.414729916706
0.645748156984  0.435414228932
0.485666031237  0.472061006892
0.561368119121  0.507144436032
0.427542620422  0.506143834964
0.47245924165  0.407684623238
0.361048623211  0.506049494965
0.61161336668  0.691887047756
0.532988598708  0.479459997945
0.502939903815  0.208312368784
0.642644180619  0.481592267318
0.573831425749  0.511738968671
0.518390675589  0.559915354102
0.565450369575  0.334042587216
0.500513243428  0.508638995434
0.470529743856  0.450316559139
0.386231792442  0.285561565282
0.475829756941  0.566031302074
0.658497262057  0.165358259229
0.478812008706  0.593689164696
0.615234648537  0.638775716852
0.569559783981  0.516283772671
0.50983105297  0.498775608336
0.467445156364  0.403172019718
0.534506881509  0.340658493395
0.492218207986  0.603495379037
0.398821755592  0.510389131096
0.716807373411  0.467886587298
0.4368215672  0.544565022741
0.579332501504  0.548908557447
0.569979766418  0.39057261063
0.553419274818  0.487839916503
0.325328858839  0.332056100197
0.341869201648  0.570071949515
0.41625754961  0.541526126648
0.580198334915  0.52491200943
0.739865357848  0.522424914965
0.489095845541  0.553379327691
0.522648589348  0.590621904437
0.542178044433  0.39335784425
0.373936907894  0.299106616669
0.312553805616  0.46127418228
0.414963590693  0.411633695627
0.613395368437  0.636526802158
0.44309292972  0.3934098077
0.536612005064  0.550837136889
0.627530752402  0.489105932053
0.421311275195  0.354729198434
0.579391744149  0.647185057066
0.508726878061  0.320066909302
0.50952246036  0.277310504228
0.35272191058  0.607935323526
0.462518036297  0.470007978082
0.410410990215  0.55960489593
0.434866832289  0.449417115347
0.626156351793  0.405449368301
0.526745139673  0.419478655863
0.549677313358  0.274229854752
0.574550751374  0.628138481191
0.598269433191  0.396166963876
0.346195541072  0.435797756711
0.363443277943  0.577286376389
0.296417636315  0.432798479579
0.436221891978  0.417551645985
0.473083993826  0.461340539037
0.524249649042  0.600991737736
0.524622668026  0.415483221904
0.595209176859  0.335033577231
0.43598375726  0.377139022479
0.510420202736  0.354113820027
0.247259707152  0.676514839487
0.493780446449  0.468174602132
0.579592048225  0.506894617964
0.495960428372  0.505006165509
0.383277042531  0.401045375717
0.640963812114  0.446723986693
0.453647560265  0.385834766987
0.39883511355  0.646469238564
0.512262279226  0.55867658741
0.674440526754  0.48374589794
0.442001339799  0.582386352376
0.44606623125  0.43900199118
0.517448481896  0.533978604118
0.526601636061  0.494411628585
0.619841348246  0.461795293233
0.440092868065  0.484825442419
0.436464028346  0.442575132434
0.377827295845  0.296972297179
0.368910388175  0.512448251461
0.456792974818  0.578628431631
0.427780521152  0.587623641785
0.609771571159  0.497556300243
0.418818142038  0.474727103322
0.352286920619  0.541546714677
0.451486450776  0.340355686416
0.350910279869  0.504470938858
0.449112397816  0.460026267092
0.410243595186  0.540189995987
0.528186830533  0.503905812487
0.445347547357  0.570777460006
0.502014369817  0.621268986589
0.340645127742  0.51615829744
0.504006159878  0.415473444417
0.537371960449  0.426827201267
0.569257491198  0.713429757978
0.53359809596  0.485143703431
0.547954670927  0.531205779392
0.321890909502  0.554743699762
0.474664472676  0.321247447071
0.318181486952  0.426599326153
0.635984728571  0.355836272665
0.344191797695  0.577365185304
0.522202728919  0.516574632205
0.416431199137  0.361018233737
0.642043046818  0.640922426704
0.428048187092  0.51093306009
0.422120612157  0.502367222869
0.607945310933  0.470941277994
0.347539014765  0.543621014766
0.477123266983  0.636964353772
0.522184465761  0.304203805749
0.661039248652  0.567036344544
0.556636893353  0.514687582804
0.494818750097  0.533681765763
0.432366174833  0.23806977254
0.345250008533  0.515121457745
0.424110208096  0.356689579941
0.515801932191  0.372568459315
0.57097107091  0.467121668538
0.485651918524  0.594972148984
0.372675535099  0.548562360445
0.313894683862  0.562424941815
0.453756824814  0.284427172436
0.459406648956  0.351804417022
0.522526332697  0.49092296558
0.660322884992  0.712767585497
0.478523545425  0.607629521345
0.459416627861  0.429659510569
0.339930889893  0.437212274737
0.484664974248  0.337958912304
0.563340682085  0.403347786736
0.369017260741  0.315010643016
0.636760283601  0.37470525246
0.413714139139  0.608709621532
0.57885534923  0.434771650636
0.448295600084  0.417364531613
0.563713689342  0.668394511107
0.240722407391  0.610239425786
0.402411393891  0.56112496825
0.442892446678  0.496395273967
0.517008585596  0.595535673681
0.45606535744  0.441359287714
0.477736242349  0.469702640425
0.394922423032  0.40005108268
0.71037027027  0.366538434685
0.410093645619  0.630987959798
0.206995667566  0.485879709517
0.432880489169  0.464502092501
0.598467449215  0.471110893635
0.396199651299  0.536116836858
0.477945716819  0.283908510433
0.479764708289  0.383979877151
0.473227489978  0.3907279042
0.680182181228  0.533165851476
0.464560585125  0.434804577078
0.634950781195  0.461733355445
0.663584914119  0.530181128184
0.434165508339  0.489384753189
0.650964914089  0.479392511172
0.596254213684  0.458620804866
0.658520294332  0.500474671242
0.405174279776  0.57603174926
0.450549184506  0.472075752641
0.548931540834  0.430336739917
0.411513073459  0.397976618125
0.430715565476  0.610470166005
0.543586549677  0.441147119089
0.453109485692  0.493230202755
0.529012764829  0.654604635655
0.403891243308  0.473310421202
0.590295455064  0.43063344269
0.588506789737  0.46225663919
0.459934317615  0.504562001006
0.445591553527  0.450320349691
0.575085998231  0.438618085914
0.530302458204  0.517489029434
0.346355681265  0.345206422848
0.4364900965  0.304752392531
0.486289667673  0.588437122269
0.554290917953  0.635313718597
0.538972255509  0.545957004939
0.355010932708  0.238908222643
0.392071264634  0.50636935556
0.49960375427  0.507492793139
0.573000197191  0.559019579766
0.30739930611  0.366676919542
0.355400376462  0.364455708703
0.535990809284  0.276290895376
0.404678978428  0.579614035424
0.452214630395  0.607042776308
0.464430545405  0.489317810678
0.461708743244  0.487177993891
0.535461415451  0.460402146444
0.414326778496  0.389720995444
0.317982971778  0.451264911992
0.34516901716  0.332034866549
0.320759322658  0.468435623072
0.626803005823  0.602467122602
0.524121453783  0.401460895875
0.406569187292  0.452891298564
0.496294851136  0.468743775774
0.412085866414  0.51707185232
0.497290010232  0.39977086058
0.518783005247  0.485419754
0.408361061688  0.443625957615
0.54110598904  0.284430716639
0.578775504978  0.383986934118
0.373236316699  0.522054718976
0.445375689612  0.527413702457
0.462578633166  0.447872684011
0.554160317364  0.745705390937
0.563057809634  0.501647618943
0.634929222837  0.421827125715
0.445695663772  0.558195516499
0.55575743187  0.445015569919
0.337366916646  0.533483237757
0.502639862096  0.351973036114
0.405738468832  0.449597484222
0.496662497443  0.640973371751
0.565775737207  0.64070853899
0.344207744751  0.376894823583
0.605631161815  0.310576869069
0.507430652006  0.627649097982
0.248744070213  0.592794415269
0.475662792384  0.453370945635
0.582888572609  0.402611177047
0.467463351832  0.31418265992
0.353456326964  0.430068783735
0.558183181324  0.424424937413
0.623560856933  0.223680133086
0.54349602917  0.469347558058
0.472223690293  0.639173778644
0.523957515309  0.495710145663
0.387481453564  0.50697601364
0.593743933009  0.405455973366
0.472816683439  0.774395256308
0.553762314435  0.442569013183
0.36240487619  0.556439326738
0.576012999733  0.513045137969
0.447831127395  0.535724979328
0.473456189152  0.54015894309
0.621359211815  0.440720619375
0.542296057857  0.510132716576
0.522841981394  0.515449863608
0.672475154646  0.496420095372
0.401852039835  0.321147316271
0.322986752427  0.578242094976
0.374085167517  0.779547834959
0.38366112099  0.367195685903
0.416272702642  0.567863802608
0.369192290294  0.585259712352
0.413780026615  0.395979901973
0.57847332399  0.651621635406
0.453275258215  0.391996073223
0.417101961188  0.6091180135
0.442798001222  0.445797623495
0.421551658153  0.672844552862
0.451906701936  0.360439873528
0.461839072137  0.585370593102
0.472664560047  0.400778625241
0.324668034502  0.397326519777
0.472418648519  0.547250400785
0.603902066647  0.531982550754
0.511695794618  0.459537339037
0.318749426946  0.611563412969
0.654939278084  0.400999666404
0.43194905444  0.529456199594
0.261213084535  0.519413466602
0.388769760272  0.405264126592
0.639230100541  0.538660938288
0.526104115627  0.569336880322
0.511571738083  0.375560413424
0.44722731455  0.490949047137
0.471371650262  0.456288170369
0.304573641769  0.570985802254
0.57562378287  0.5894440225
0.543714085192  0.472146893609
0.523319184781  0.409333712013
0.578477770205  0.520414729438
0.386222082859  0.515984366363
0.606152822921  0.4180400375
0.648453425306  0.443804408802
0.636880017892  0.405869160621
0.697617042125  0.430666677755
0.657317979526  0.455154473876
0.524756089393  0.407797017092
0.50669360339  0.459851282812
0.423111351362  0.429140825481
0.399342636553  0.6410180101
0.486428455332  0.447808343166
0.495674086886  0.585242898832
0.345514450322  0.405778942912
0.389664446527  0.358881080981
0.569593799685  0.549533739779
0.4226609742  0.410010568752
0.50082648614  0.54592406538
0.412619240306  0.531631171863
0.31046304186  0.547273470417
0.547616069649  0.338969856661
0.583059134925  0.346573685739
0.450571848908  0.648727226416
0.534008727402  0.458647857908
0.580349957874  0.46101472279
0.514393492985  0.558005294153
0.434132270266  0.724061969685
0.480249840182  0.610817511509
0.625088281395  0.578200932497
0.275619944687  0.555567339688
0.612768817856  0.482875511035
0.666152749826  0.434783246731
0.498811910264  0.283178708205
0.380419884531  0.5782891656
0.553799939358  0.521146551532
0.407276137238  0.398288058024
0.628775854102  0.408221958278
0.29343576529  0.517073273515
0.567223236029  0.52560723258
0.488926500691  0.522128017969
0.536043465617  0.389603218612
0.369311911365  0.417079221959
0.519506241033  0.535814242625
0.400776509015  0.459474821184
0.346267134482  0.657322463477
0.46467740009  0.659622474709
0.433965399406  0.392312931129
0.416574789651  0.480588923696
0.420967405859  0.336511064877
0.370128985574  0.460850745896
0.484484658282  0.491065689174
0.584245291219  0.508289959329
0.40609968208  0.569946112498
0.526066809567  0.379794824322
0.410435168259  0.544556752962
0.461212347671  0.342142460226
0.464593738118  0.420713735306
0.468174624146  0.639007082755
0.682831877004  0.7676511826
0.466904987661  0.364200759391
0.463677943467  0.594603254805
0.385260433201  0.394227392251
0.433427792314  0.382885084782
0.395232628989  0.374495890865
0.574744761653  0.327753247595
0.540750458181  0.427123316407
0.600065752265  0.478066345756
0.372533658302  0.29494328108
0.489373439322  0.493914966913
0.536455688911  0.446196351725
0.743174423524  0.500222160537
0.532613476951  0.505661488709
0.51437485651  0.587233863172
0.36072069973  0.486548423186
0.620443005256  0.607188592121
0.496746448076  0.555935770977
0.437397958485  0.600502577009
0.418959752821  0.503019038691
0.606493067692  0.392490819376
0.262940234706  0.648402554608
0.64691044025  0.499114081961
0.525543208676  0.425723413366
0.456361783529  0.620276031271
0.618475690431  0.570240232267
0.600940224909  0.297981874895
0.424619602107  0.502502239869
0.427350121209  0.459424752945
0.389841391922  0.358589433933
0.439523240583  0.658109357286
0.498321070405  0.442943485006
0.48980072141  0.493462975477
0.31225305871  0.508644363678
0.435470359833  0.579965726683
0.383135801148  0.470883037262
0.435653523448  0.396816754791
0.573130464967  0.436624793231
0.500153120684  0.353186929557
0.380501278953  0.532571265742
0.720473802341  0.418898315332
0.446541311632  0.465077534665
0.46873997137  0.458912007544
0.450083043078  0.606952146418
0.466687792727  0.430603839943
0.563197907529  0.481698929082
0.551151195838  0.359561691133
0.497790503504  0.347226668341
0.629400354861  0.527675324885
0.452717724229  0.561271698859
0.527117978656  0.338597953356
0.511492368771  0.433817304503
0.472696548426  0.326635760157
0.381175355099  0.303931344737
0.346946528471  0.43719475058
0.495841245092  0.553935229083
0.456833701416  0.378471460808
0.720275851704  0.535701593113
0.513624332026  0.446368556672
0.573743440379  0.389824872896
0.590726246696  0.481649607772
0.338096521983  0.697163838183
0.420949553849  0.597911718164
0.582648959368  0.502753875672
0.496676274533  0.303509431753
0.550027657234  0.545071401973
0.580769903033  0.46833115161
0.510286352869  0.473439066012
0.66881205413  0.561826720552
0.596591620525  0.583522049832
0.556845259446  0.545292632796
0.397087640394  0.424496727346
0.506403130156  0.554527264627
0.415418776745  0.545373167088
0.43726835713  0.431950600176
0.511227706434  0.358396530033
0.309113825748  0.51895871951
0.492440262187  0.527640673132
0.696725714652  0.382528819575
0.506587485645  0.505427577567
0.506922296979  0.430158827212
0.566180204489  0.407806840755
0.577823718942  0.357259477945
0.559197272333  0.573882314107
0.245671664662  0.336780333977
0.53307765893  0.432432215338
0.451022977388  0.678854969634
0.462790781911  0.462361586822
0.423621446427  0.4830740825
0.341794662652  0.302942620671
0.473965935376  0.47310120622
0.554008229378  0.512138256398
0.514570950104  0.671821253583
0.611060086787  0.510531949935
0.337974184483  0.514918556101
0.405535932568  0.728395640776
0.321357861663  0.29316749459
0.491150510783  0.409377292779
0.603256896942  0.350444942414
0.579500324979  0.556958462575
0.547211639755  0.529943819502
0.493698443207  0.479585400852
0.663855011811  0.531191045815
0.794696171865  0.540154606723
0.602627687814  0.647683504917
0.478074362599  0.492643357118
0.576492716003  0.48946181852
0.503738434603  0.437577549845
0.426719829627  0.542356059774
0.575535423403  0.399072264468
0.581068397956  0.461610116994
0.443839230022  0.438406666409
0.59804886196  0.366540157812
0.419856720273  0.37406846861
0.399889900521  0.55075038191
0.467850959889  0.408800296726
0.764778028692  0.376324239113
0.488885445011  0.424821367421
0.548828219876  0.330127429996
0.488753599846  0.522124325862
0.472513472761  0.520718253012
0.465785304244  0.614849250413
0.450541959379  0.556239288555
0.560655888705  0.260623800149
0.437286045647  0.450803400822
0.653306634781  0.618404340898
0.566969687935  0.363850684526
0.388717726087  0.43343811701
0.314056373783  0.390086415144
0.644072662191  0.360115088976
0.471341230074  0.494356521182
0.498930162413  0.62848055811
0.464342521168  0.32320567124
0.561976295096  0.313813377943
0.482797461753  0.678924780378
0.489717102822  0.586653366722
0.520657158163  0.568504090069
0.504747290041  0.463224983785
0.540383553565  0.599691438249
0.417994951803  0.444918552147
0.522166850219  0.325201373084
0.467816797781  0.462194448791
0.585414826852  0.503805133662
0.497745960444  0.625054808548
0.422712098689  0.335874449665
0.281764181376  0.398409848705
0.432112682647  0.443071894329
0.55109325283  0.268477943267
0.540433996984  0.521077048856
0.500198670258  0.34015482633
0.644851209516  0.630028577642
0.524783551407  0.578779763128
0.524979842475  0.544889571729
0.599429528583  0.344272245542
0.461882019641  0.547444920693
0.416949759379  0.631399826916
0.283617967931  0.42262394756
0.600926202926  0.302404546565
0.463899601483  0.520937057995
0.527379417265  0.529140591532
0.596027523979  0.66191953243
0.580478464907  0.523399982549
0.608560555578  0.567666369141
0.518346278679  0.361903940513
0.511922939466  0.494662626515
0.669424694519  0.509876537667
0.491825652464  0.625802100195
0.649289257735  0.510604448221
0.370582124297  0.507298383279
0.46732383748  0.417476962658
0.420081776576  0.420211565254
0.402614621773  0.473017262454
0.585994698431  0.448766332742
0.631728272818  0.361948965511
0.371935078385  0.702667871753
0.550831008863  0.662985958653
0.557836691957  0.357270851047
0.450169767111  0.477852281002
0.453740544287  0.474037640533
0.363357077203  0.538406548404
0.780442674721  0.626769846261
0.408069397481  0.520386345269
0.650758648638  0.404309533286
0.424449448441  0.333016031448
0.553643310881  0.419014234545
0.505367761758  0.58047926617
0.416439117071  0.381207933369
0.47664896017  0.531471384827
0.59842034974  0.511180039816
0.331756184574  0.711226923037
0.564805347009  0.606153690813
0.386730522012  0.397089695454
0.490704945885  0.467180594715
0.327390544058  0.555474454965
0.611485407404  0.414303865231
0.356410801512  0.444661166047
0.609950277399  0.546323095395
0.391656216733  0.526322087398
0.58781112373  0.563296642137
0.513161040633  0.295867786764
0.525692910042  0.283620416649
0.393396984622  0.555237808482
0.353304872965  0.476932099194
0.476945647994  0.546288749319
0.593449362879  0.311420062378
0.575072971685  0.546562941661
0.406291675281  0.451298571226
0.512726278741  0.335162577121
0.511381953482  0.560294511208
0.552045970151  0.298188120031
0.437458865056  0.536600493818
0.492800675111  0.663926613966
0.426655366027  0.482378661246
0.371621878046  0.586528771884
0.360393225939  0.476219731639
0.588013073207  0.431053200709
0.655290600977  0.388758780879
0.595394874271  0.4841462368
0.483047969299  0.407464669208
0.343958216567  0.580223619683
0.551667586788  0.705173739336
0.361751038444  0.37979026205
0.381217932855  0.522912491612
0.461858432932  0.46670451743
0.485646521915  0.379923863107
0.382698920082  0.38396084353
0.579482597364  0.492202876134
0.350856338929  0.564559101158
0.524489442721  0.392429869752
0.42712024893  0.538257969147
0.312226635244  0.374340375298
0.376211246196  0.580790040828
0.365826362067  0.356746799091
0.264253280373  0.430831309183
0.498304834291  0.420954115367
0.308642379479  0.501474196381
0.536789668305  0.493158262886
0.438245265817  0.330211533169
0.456980239294  0.361483573325
0.365908881806  0.50751300796
0.371530775238  0.385549789278
0.511694757217  0.486430002588
0.662916357099  0.499538210231
0.545375265025  0.71947276668
0.59390836126  0.406859677753
0.436064670712  0.52853010221
0.556022857934  0.462032125258
0.518109685657  0.288394980241
0.471227297853  0.380626332077
0.259701561244  0.524409539883
0.436437217744  0.507574884709
0.432772451626  0.607260964096
0.334210076611  0.503187039014
0.495627115932  0.455754310975
0.38493921489  0.41100796006
0.590764550294  0.482994531552
0.566079021534  0.32294784062
0.614961188498  0.521395517593
0.571980983714  0.491889073652
0.42750610217  0.494350726072
0.565981949224  0.470520043918
0.546704211269  0.501556361624
0.612417738171  0.413999767255
0.485918500698  0.628775231726
0.618896925197  0.459420450946
0.528943566674  0.705573908261
0.378372349904  0.480441316372
0.533907648883  0.463729798986
0.491535931889  0.562766776818
0.564109142851  0.337597495454
0.431641285878  0.630300748606
0.479313914518  0.453805186874
0.393832027527  0.691660082977
0.617141510582  0.379488789247
0.499067401523  0.474630173716
0.395041686823  0.530722096435
0.585177813115  0.555521214693
0.452344002576  0.547284416197
0.53424585051  0.208341657152
0.378390414718  0.639704658127
0.44326683532  0.562089557486
0.636492956285  0.597566514785
0.548827798232  0.640062026611
0.440481737701  0.374471555425
0.574168955833  0.503355857225
0.445193372743  0.610917802278
0.526433400935  0.476408404336
0.706624793888  0.421918634272
0.497359593443  0.441770709282
0.555412863667  0.507227165398
0.589447692542  0.269938338265
0.564208126256  0.431176319638
0.290298674958  0.483198939486
0.607856851493  0.321048375474
0.468446788925  0.572898520218
0.526286802652  0.330825289222
0.642348074604  0.460503799607
0.417736332024  0.494732209766
0.497972227441  0.350622352026
0.471752795771  0.584049811592
0.27536897664  0.501617064095
0.402126643361  0.481824266363
0.554514129153  0.464454510793
0.533423592654  0.595501339077
0.368557906545  0.645895372761
0.457758102034  0.0887945732731
0.507888272979  0.460182757117
0.446562826167  0.414094056425
0.606483025796  0.294127444324
0.532175064458  0.365867515829
0.603635087732  0.6209159786
0.409452703517  0.435474127801
0.548224450664  0.62539987409
0.485377154619  0.374622587349
0.487955884719  0.288561920176
0.568702309773  0.549697721114
0.359519086618  0.597072306394
0.205921098636  0.327891326667
0.712026786258  0.454837247239
0.418806963991  0.541439153777
0.547517017059  0.514748525031
0.412712336039  0.500792222096
0.53935634188  0.354639041995
0.459774075777  0.599898746252
0.616195001807  0.55546215055
0.541981154986  0.520872061265
0.522071396555  0.46887281441
0.362331755832  0.517009938055
0.447290908904  0.231372571892
0.477659808717  0.449910934477
0.440378837329  0.5315298133
0.469859172041  0.380662872877
0.525251903569  0.319351701067
0.413105447187  0.363789092221
0.460284531871  0.599418962237
0.339879333686  0.443913404092
0.700827207389  0.560524259362
0.603262642081  0.547560813788
0.527986057212  0.283514576984
0.546664476089  0.563661708701
0.494969395555  0.26814319467
0.550532029919  0.61625446054
0.499208239943  0.381311685651
0.35320632156  0.545679913218
0.532485170556  0.484513497976
0.409958794502  0.590370563015
0.539896613522  0.457438080352
0.481201801015  0.540451419031
0.386079969546  0.481832494756
0.385758688582  0.320769976207
0.285343479578  0.470274974454
0.651650388101  0.397745462502
0.407429621768  0.591258808895
0.316640563974  0.375239636002
0.417452145967  0.695912410645
0.480658087629  0.593209053201
0.449497379965  0.5054116386
0.588461066627  0.46794586832
0.451190335571  0.428145888552
0.489441664307  0.41700482226
0.523451508507  0.70732578848
0.422120419622  0.447465759659
0.426675283735  0.32104168384
0.594629070135  0.382550819296
0.526271680897  0.452487476671
0.482877486536  0.513797430146
0.350019388113  0.680521826136
0.331240236376  0.442500191841
0.634431466012  0.418959258751
0.408991307353  0.524550943773
0.483386669486  0.632837148654
0.42861503989  0.425617990052
0.472376352519  0.617036492221
0.362385231017  0.553851137695
0.470268501936  0.349025536948
0.601701666989  0.366418021331
0.619845647217  0.37133077197
0.433931715849  0.305203430615
0.355013414965  0.522772791894
0.66246727925  0.473150270729
0.435740598369  0.267188013213
0.578406846825  0.577857703754
0.60284117851  0.565239706179
0.65752153879  0.350949210549
0.533866107788  0.622991609362
0.577037039352  0.560475390866
0.65164324492  0.679259256275
0.470494751025  0.378134551423
0.270904617649  0.564185687158
0.542981789353  0.516530566737
0.43441224431  0.585216588287
0.341591561755  0.576373004667
0.55273330666  0.394064618245
0.41175936006  0.670268652315
0.415361796026  0.522611309364
0.459137784242  0.339372803849
0.49777204558  0.651108906427
0.46432866895  0.605056962608
0.796709159988  0.29337168909
0.554778915348  0.375402822653
0.278491265124  0.573710695062
0.641454181928  0.544351653545
0.432438634706  0.440666870347
0.653173091024  0.592712643459
0.431975979245  0.547615374034
0.402302198381  0.496681249183
0.547583817652  0.405083794827
0.424090435293  0.338192222748
0.419387911315  0.652327155448
0.349199621848  0.489552953035
0.573257290322  0.329953219226
0.530653747518  0.364956726379
0.36044357074  0.557759320248
0.460562553936  0.776917680109
0.437926214218  0.6791166569
0.57325240328  0.343226601931
0.375243340789  0.52028403731
0.45501468595  0.514924375991
0.450792061303  0.355366928316
0.562458614042  0.518042388763
0.641757572409  0.544900404826
0.507835251823  0.591545996713
0.558420879763  0.427675250749
0.532283730004  0.571850551271
0.394686172386  0.537055670468
0.522927537756  0.561194991259
0.390470571986  0.454102532037
0.491084454261  0.429519077038
0.489071820184  0.359981648553
0.600406383316  0.436529380735
0.316318648974  0.593700016471
0.480128706759  0.493607037455
0.367386459849  0.624104490161
0.59494649683  0.558269240947
0.431399207197  0.566075036546
0.617339247987  0.526683817366
0.246831989767  0.292957492301
0.627246524309  0.494856598678
0.367809423459  0.698340520524
0.351768601294  0.452110737614
0.407943150651  0.496916594871
0.389606197647  0.363994923497
0.487982777948  0.430376752991
0.473862726893  0.450403403178
0.446613628377  0.612037853591
0.470384930049  0.298296844369
0.527221771237  0.523425688263
0.548670203789  0.528803251841
