0.400025335369  0.53823995942
0.576888471092  0.573447708423
0.488115436189  0.502959931029
0.367147661923  0.470209433952
0.495987028857  0.419444360614
0.611525216389  0.709148495347
0.437015834954  0.539267526766
0.38709769044  0.56938141014
0.2938395497  0.491230242076
0.519138798166  0.440291974442
0.390749655078  0.632960972344
0.403459202938  0.525160457608
0.674073136671  0.42046945415
0.569714850974  0.650055528762
0.667973118035  0.310942417743
0.462494372058  0.60732542842
0.447706055392  0.593155918376
0.469105536336  0.435280153992
0.550206436605  0.514581455794
0.434333276378  0.516296116696
0.677268310934  0.458753598848
0.579718941224  0.38543483319
0.655976421772  0.575670196115
0.62638242542  0.426394075519
0.521925410021  0.431736429757
0.280576604236  0.374672241333
0.646890069092  0.183237691304
0.552455625283  0.524389361027
0.586145604544  0.430794518751
0.3223662224  0.439533847619
0.328270109916  0.591289527404
0.555012478214  0.324639033895
0.36716220546  0.473569363829
0.558967793931  0.529115817785
0.533292130473  0.474097495211
0.449059388488  0.502421418783
0.614651935471  0.499604582439
0.417357934026  0.399198798807
0.478371726965  0.541124911577
0.424965505382  0.56599072191
0.621933993273  0.371012434768
0.457210766738  0.542460834537
0.535983495359  0.398265237703
0.704286054954  0.474637229486
0.460748008733  0.434362524699
0.435034619055  0.387548120153
0.358424672336  0.605208619681
0.559072313815  0.439438321302
0.536227656243  0.43825335196
0.458188933561  0.571820575998
0.570221662966  0.606551204128
0.411862709132  0.468706830089
0.415945600181  0.380504127974
0.471141214992  0.795597302049
0.517050007134  0.545469831524
0.533525877012  0.505191571437
0.640041962696  0.522998569511
0.263544644232  0.454499357199
0.491309732802  0.410051851559
0.561902474356  0.643711053435
0.512793968225  0.492993175356
0.636640658213  0.638232049846
0.506780794408  0.591583990524
0.496675601441  0.532250483828
0.516364396418  0.376024051802
0.381302201278  0.417793759089
0.422180063253  0.414859717079
0.441833773557  0.431693532309
0.299036214663  0.577496872181
0.492276059013  0.52081274145
0.390679208184  0.542738028646
0.504957730015  0.501622585258
0.448758326234  0.47964267881
0.575581297037  0.556404508807
0.527819345973  0.544092280349
0.511053772406  0.543911285602
0.554961997694  0.554773573998
0.427481944098  0.355522479739
0.425159151433  0.477470062045
0.561440811917  0.524125374804
0.695193608458  0.409148263326
0.626595653503  0.422738380218
0.405899543743  0.118298590739
0.637560912572  0.735897091914
0.573684777368  0.480959297035
0.378330441119  0.352960659702
0.310572709345  0.500592586045
0.555465444443  0.434729330302
0.572932947242  0.507825801674
0.609451223092  0.54838119573
0.386637665712  0.497169102335
0.422358314811  0.484606704987
0.518108527991  0.444101515792
0.573830429174  0.48335199642
0.409242390577  0.557323759405
0.600769683325  0.473577520426
0.538244020326  0.588875664564
0.650722488932  0.715577338664
0.524964639476  0.513998906788
0.533472184995  0.538373005979
0.475008015206  0.488242064632
0.49982839765  0.496216580313
0.517439890874  0.363532677699
0.523917120923  0.466580730267
0.676427564931  0.623442952311
0.509522638672  0.35871793835
0.540881546019  0.641162461183
0.421542144437  0.393676438434
0.438156606715  0.410982780323
0.36312646073  0.608942062966
0.44671588911  0.469435562416
0.482835015133  0.392882291501
0.482028164631  0.487985252921
0.4831464573  0.332489933523
0.434299950479  0.412998173613
0.628136533714  0.556191734716
0.5740550777  0.555408712205
0.557525994477  0.561884576183
0.602824494041  0.43043032233
0.615425541073  0.572115815729
0.2637015786  0.468849951562
0.539236885938  0.618220888558
0.567258305289  0.468622268997
0.688897919491  0.333894831815
0.39875346713  0.447735694854
0.517195784033  0.51194802198
0.476374002214  0.382772732616
0.291669683496  0.463861504194
0.435612916091  0.632960334537
0.376242847279  0.235519628735
0.592503263165  0.54412037038
0.559661310592  0.634874811459
0.663953900461  0.567869007984
0.497958923313  0.673528034222
0.449351317334  0.398311014949
0.389965815864  0.512714926846
0.390194601894  0.534338676971
0.48829071733  0.51187265468
0.303791846855  0.603795882288
0.478019444496  0.570473162589
0.516118437716  0.530356299107
0.563916975381  0.392325114734
0.503941694665  0.53864202871
0.582858912871  0.371100547541
0.571114578533  0.412114211578
0.582925570597  0.50962519745
0.508228965813  0.446691370772
0.46303151522  0.572939806892
0.522512547509  0.432488254634
0.539961648571  0.688706695004
0.597353805985  0.465181396196
0.474335289756  0.549640115672
0.329501540201  0.502488515431
0.421754559424  0.432499457738
0.667384709072  0.635525233848
0.637929871651  0.43728645642
0.574314030763  0.487062020607
0.334744540152  0.621120111224
0.418626475883  0.540173801722
0.341833357947  0.577491371466
0.425662765706  0.392313530716
0.490190665777  0.554664239921
0.357492329216  0.468767743402
0.565090084178  0.571796911385
0.63693654657  0.642056921356
0.64557214877  0.668295808615
0.396909384349  0.335569451372
0.654076048678  0.543007740913
0.44181534491  0.56401943832
0.388034654097  0.346206696684
0.466300090233  0.465835718034
0.658212905953  0.497699017762
0.668645668078  0.738058012713
0.486447380326  0.539069830264
0.442123189692  0.459913085482
0.523132515977  0.393372751554
0.597680225277  0.509080372366
0.705799558208  0.540894469436
0.559728071308  0.544398891189
0.448725798901  0.454166529995
0.66198503155  0.437520205996
0.458891210489  0.5787366858
0.567894761763  0.443872499415
0.506333415026  0.46310336206
0.488976853666  0.52875147974
0.572031255358  0.365611143781
0.559747735974  0.506061177598
0.631728334091  0.599373520965
0.413490883226  0.546556565235
0.50667348182  0.589111080534
0.416649600282  0.610463299243
0.504041165272  0.361675022881
0.587759955551  0.547536380809
0.506451577011  0.354516136288
0.660671563663  0.517296203291
0.428673747899  0.386478164064
0.318575477226  0.602407404651
0.31837893314  0.554232982577
0.595336304449  0.532106617703
0.547562489239  0.562951051921
0.460620552467  0.532610839921
0.520829536545  0.684026917128
0.617807090877  0.408778908155
0.397894634741  0.419559645396
0.48003716587  0.357567567633
0.556737637318  0.591870028922
0.58950769516  0.535938958271
0.399684454292  0.550106018101
0.512653336357  0.481748894579
0.400274288413  0.304636889312
0.381795043718  0.358241496667
0.426886011033  0.436856300988
0.4723922329  0.692812824569
0.624741608671  0.692064356277
0.541368960493  0.510495724952
0.477879241071  0.475333789424
0.574521744284  0.496000014898
0.492559411391  0.578320418257
0.49766066194  0.322134995026
0.372911325035  0.508504605441
0.604624498201  0.61610994309
0.474405932885  0.566883512421
0.456888127753  0.544259452556
0.704861964557  0.709832074756
0.479474878183  0.511119671699
0.572367682619  0.501464342362
0.542019457695  0.372671818608
0.496595072715  0.215656485574
0.561549627177  0.468330718587
0.535921194874  0.618959983759
0.432022406347  0.40980437272
0.354855206479  0.493894883981
0.529139531396  0.529132023691
0.410234647704  0.643953518616
0.492699056036  0.555775435909
0.480727941772  0.306556551758
0.518177293403  0.596662552136
0.680723560144  0.392745548787
0.534959627662  0.648073902479
0.445863927329  0.503005278366
0.511554193972  0.513134638435
0.586198794074  0.414539847859
0.562844694852  0.440767487286
0.502787846443  0.531229093792
0.627980681403  0.636841769899
0.343834343244  0.385412407495
0.422924925418  0.559005383708
0.725646068411  0.51932011463
0.428444681171  0.448009879541
0.319071334562  0.647228089633
0.396165393115  0.432094086684
0.506673544531  0.410785727225
0.517838313393  0.546143728259
0.61819154668  0.457102722556
0.441944802577  0.502808606912
0.403722932276  0.454054259276
0.415522581251  0.570276529789
0.447047675978  0.488041319859
0.465437583618  0.659166468937
0.48634155974  0.549479321836
0.36726983459  0.41977995206
0.571227485627  0.709508559486
0.406554827817  0.369765191979
0.328270112867  0.439284171909
0.459563228933  0.595929290165
0.524316216694  0.406388245778
0.616068295664  0.565804902089
0.463346485065  0.472693912475
0.581029319347  0.604395849605
0.738136165013  0.405317265143
0.584316195972  0.520949421903
0.377007677472  0.384958101965
0.618655985284  0.647755574292
0.601673583818  0.521144418297
0.334763437621  0.402433007623
0.614035533379  0.468344321349
0.373230030855  0.609329566318
0.455327959321  0.417739114014
0.540447920061  0.490187219095
0.465387646497  0.416693832167
0.243833017254  0.459728504455
0.530711130066  0.748976684333
0.471664285499  0.39659698533
0.611244218729  0.480212792062
0.559043658505  0.671206943379
0.663366382235  0.432276486487
0.651622968374  0.586175649322
0.553863069432  0.507244412816
0.571875948899  0.543368771687
0.482362471413  0.48410048486
0.452081606242  0.506516091648
0.516107855665  0.401186841634
0.346965285277  0.499344955061
0.403361666703  0.576336111943
0.524775636015  0.497762267463
0.572835386989  0.423700370987
0.549452725903  0.619180774878
0.331647304124  0.616575154084
0.502676263248  0.401225488627
0.56874871229  0.365726059574
0.59955301842  0.632946417492
0.509041502023  0.367518377914
0.573101711685  0.687493927924
0.640339138765  0.519235416155
0.60412212625  0.48146233546
0.723094787115  0.646340852843
0.410461020744  0.530427159224
0.428510788453  0.450753126315
0.574752295807  0.442749186742
0.673748001045  0.490073984231
0.505043324782  0.508672549639
0.439871774699  0.559236151643
0.577622751873  0.480095237895
0.489868823237  0.605900934706
0.545075007436  0.461561205342
0.356575724803  0.463826319003
0.596319861859  0.574428258361
0.673634450312  0.439923701016
0.273570214927  0.385216359394
0.573946487776  0.362880773742
0.449635133145  0.499849299381
0.518711059033  0.365014744511
0.547898611973  0.612408275598
0.451920056521  0.472307074703
0.448253036885  0.267662865413
0.698241106366  0.704393340265
0.378361308557  0.44635185533
0.532070350454  0.611350231908
0.578069809938  0.450670489363
0.444507509568  0.404637565833
0.53058731261  0.435970049332
0.589953119415  0.634813539813
0.492295623694  0.717699150686
0.43496987704  0.66062864272
0.414230570901  0.313170335904
0.58237979537  0.645848924269
0.576074228555  0.53317398698
0.608618598261  0.58804677393
0.461215598024  0.532114949246
0.58252395508  0.475900900011
0.598577422143  0.648082501796
0.388618967026  0.478629554516
0.504602475623  0.545053282719
0.364394014433  0.648949974882
0.504421689851  0.610199648303
0.492273313775  0.42415588379
0.422857688746  0.446347814801
0.321509781938  0.612784598839
0.410567018567  0.43750531785
0.475964710309  0.564099658141
0.507461586357  0.511872551008
0.369244928554  0.458372528208
0.56901610968  0.480180484949
0.44323232802  0.469835957262
0.477240410734  0.669150926362
0.424115917286  0.56889183555
0.540801721093  0.642505091197
0.448708419799  0.471213002469
0.561385308643  0.500488460837
0.432613793843  0.441973390916
0.439865465652  0.350233986225
0.451763036501  0.553601673291
0.603164759126  0.237795897458
0.522349620002  0.499620434074
0.45209407198  0.493530672531
0.431527723463  0.384861838348
0.780085098646  0.563282470153
0.469202832284  0.424996464803
0.67450770659  0.627338225578
0.23714719242  0.488402916168
0.484768708807  0.656478739463
0.574568222177  0.381957761824
0.284529108455  0.538021068774
0.452029828802  0.626584419771
0.544958780159  0.426594494321
0.524785691267  0.463448673254
0.577594231041  0.483368378885
0.565452639528  0.457803808222
0.495376447777  0.585687372562
0.484793223246  0.30467881233
0.436259641423  0.565637028
0.488960021828  0.347370845741
0.558431856837  0.553689175814
0.364382727024  0.68429611067
0.363559662724  0.51449783989
0.481146521889  0.582997772815
0.409806752217  0.445379415289
0.635358030573  0.528908456787
0.453880597061  0.511541280527
0.215118149963  0.432013168762
0.554722951774  0.469131377439
0.343248956676  0.403709699645
0.492935019671  0.526086553513
0.482901919614  0.46977076782
0.502510655927  0.587811765492
0.562065094899  0.416446641489
0.563509114493  0.386136056137
0.49499211652  0.52822100852
0.337262752504  0.405862847292
0.751237067538  0.414067305808
0.386703549684  0.516624593753
0.39186654455  0.48441554249
0.501974611327  0.478994716603
0.575050270088  0.454972178994
0.539782959301  0.476159302017
0.547326008231  0.476260513846
0.524423879496  0.597920332221
0.551392568393  0.448914288466
0.56098291031  0.607855015926
0.646857675502  0.673547193848
0.516090996762  0.426063580742
0.466469431096  0.522435467644
0.641489483766  0.465902633977
0.562439448977  0.63413793995
0.272681348398  0.478623032505
0.445111144765  0.656474486486
0.329757641844  0.455422373817
0.402361536924  0.494885861335
0.538639208768  0.464649953057
0.545244355205  0.367169004597
0.50321204928  0.343620789837
0.359421226836  0.435820963827
0.419712749254  0.628005691658
0.423381775748  0.613353696346
0.489646281613  0.523527252207
0.357727009139  0.32309176166
0.533712474017  0.604006266355
0.589480365177  0.450036188367
0.559471669046  0.341473877851
0.464823186804  0.64361631474
0.547254142215  0.453594128322
0.308037431631  0.53996566526
0.334674819656  0.529910954411
0.532042237826  0.49581452581
0.616232388004  0.737662883086
0.458683096112  0.557284491214
0.423032550728  0.653736364624
0.584828044248  0.576008713151
0.53674388442  0.55177620765
0.600765006449  0.504591539429
0.495945658393  0.528441842205
0.295821870904  0.438952528031
0.559997006078  0.43337683737
0.503769973419  0.519248077942
0.457774542877  0.426643076755
0.441273932231  0.520312692272
0.533863308366  0.599187108307
0.609933026467  0.558938781978
0.465974894752  0.505743546971
0.476831245448  0.449938751086
0.597623401916  0.439675779787
0.526133725413  0.555965436064
0.341023025218  0.51173560715
0.563373221318  0.307222052391
0.484099177604  0.402144917265
0.549540750668  0.436337990368
0.653479787609  0.539975666313
0.559701572215  0.385690733722
0.473943400261  0.684288500358
0.596538574516  0.457498391886
0.486122506874  0.523327105198
0.515457962479  0.477940345128
0.489713949802  0.522797357441
0.45859092814  0.535877220136
0.375393512639  0.338160401319
0.431080412844  0.487061530866
0.314472911611  0.519095703297
0.531140001471  0.70788001236
0.469566985108  0.347077185879
0.504156473951  0.554111263063
0.56255518251  0.497977817643
0.295135263121  0.357560422824
0.605262379042  0.448632776961
0.651934373582  0.557431990021
0.550550139712  0.522911154768
0.511161323203  0.43078916944
0.393837954463  0.387117604361
0.461817149844  0.459442853291
0.387208740111  0.57648012019
0.455637753609  0.44965652873
0.49891486453  0.563171939289
0.590126349141  0.433929979883
0.647032144189  0.653601953229
0.408603738492  0.387911128248
0.404112396665  0.588329742879
0.65443404352  0.551672698677
0.449256583539  0.738498143
0.454904948801  0.62343903871
0.377011971819  0.391704971875
0.642853015087  0.478475596188
0.576738568513  0.540969963151
0.475519659399  0.518937292314
0.529981551162  0.527818405425
0.646171529501  0.293740512474
0.478974070141  0.533001106341
0.601948053346  0.402654738546
0.504744559612  0.412207705127
0.426874672959  0.602005527767
0.358618446223  0.423604164572
0.473163790888  0.414479177493
0.469035824168  0.5082367093
0.596998481256  0.551059099983
0.490917272666  0.454948393459
0.437294442505  0.549369465822
0.420631558837  0.463059142177
0.465678091516  0.558251319163
0.508263411077  0.611400613133
0.369727477344  0.514486847119
0.486842462941  0.511532330571
0.524592775641  0.515953819177
0.583110232261  0.481115882606
0.653444982493  0.494110773665
0.601307118949  0.334007031319
0.453825247757  0.435139921843
0.28190864847  0.435286370606
0.525834020895  0.357327754427
0.510513742111  0.46068328173
0.460936458132  0.477660313904
0.505946200992  0.368831449656
0.429182423236  0.51611472073
0.434575363249  0.443451908737
0.523351996045  0.454331071077
0.396388921457  0.557212454838
0.486499315211  0.332795681918
0.528770251544  0.603508169577
0.544545977639  0.443623155593
0.481438062273  0.660561851067
0.631267527513  0.525006249487
0.731188883071  0.312296262966
0.349059894049  0.369580909638
0.334859508232  0.46069479949
0.609731245155  0.473780291572
0.438759644875  0.53024937683
0.433016986349  0.433699910495
0.423070535912  0.570786577763
0.473342149991  0.579702959393
0.593244231481  0.47424117307
0.524268932668  0.61856163539
0.460954757564  0.487874975775
0.476628954087  0.424768866307
0.364476495798  0.431180390275
0.397628200963  0.399696299787
0.50451405901  0.323058881352
0.407876849586  0.50792532598
0.535052805859  0.224322752198
0.590262651144  0.607811226834
0.575438555371  0.531511191076
0.462790087474  0.53256772922
0.423251566962  0.58963172282
0.5093196165  0.443904513318
0.419370087701  0.621122072166
0.422076016836  0.531160102709
0.398546793288  0.555397985006
0.585640499571  0.284088191129
0.62791451376  0.49936001844
0.506043248917  0.558331941429
0.574776306997  0.441298292549
0.543899520586  0.322472227859
0.420726058215  0.443440488376
0.460524331335  0.474516900675
0.338723163431  0.441670073388
0.550463604948  0.571058308713
0.374243648318  0.648668933821
0.772022123468  0.426521591352
0.42230959136  0.506609750239
0.548693868252  0.493485528113
0.440071854612  0.365490165256
0.420350343789  0.426894567608
0.378028618926  0.494942231127
0.446529544721  0.511202069935
0.408399126094  0.60832413397
0.414800305218  0.47621472295
0.491908424169  0.422011452927
0.362435768921  0.435720694471
0.663262708537  0.461155112704
0.479909493139  0.323023579464
0.345673322491  0.455864640277
0.544200068771  0.39012538743
0.49997905838  0.541256120412
0.692490761033  0.447665974172
0.334841009481  0.613209092107
0.512828247712  0.600941974275
0.602119926288  0.645871582941
0.300482071719  0.459427319562
0.267623523793  0.456540678021
0.388586836315  0.544475616188
0.413332771967  0.490005362614
0.410227939451  0.59158683573
0.454151375622  0.487121959828
0.478553182861  0.528930534714
0.635168820445  0.331818000666
0.62622152354  0.476854158984
0.53099795279  0.475869166423
0.577028756754  0.45136542062
0.613309518452  0.460369112827
0.551105078257  0.426852707872
0.392105179334  0.549271982929
0.683214038366  0.43195079812
0.552569557537  0.611505644064
0.568570454823  0.542370391805
0.417000629499  0.488237024678
0.571499348776  0.468272626315
0.624843382349  0.546711351151
0.310149059047  0.603243850057
0.489541286776  0.468770331908
0.43426842233  0.662398113333
0.519070712606  0.27944698345
0.628042538211  0.638031289158
0.731709073864  0.495677216426
0.492627869072  0.515010333424
0.414704864251  0.537873870213
0.522836580404  0.424262859523
0.492611811707  0.599408677952
0.575456227746  0.559685798558
0.483049437029  0.461165601249
0.618459353009  0.58347905977
0.514268867885  0.617648852422
0.376130253405  0.420151474365
0.651696663885  0.636009935501
0.582577908967  0.525585891869
0.427607629848  0.501157742144
0.633391912459  0.527763426482
0.558085072656  0.365333761952
0.289425019683  0.408528686137
0.486240000865  0.521457143513
0.503860838221  0.563876327887
0.668150417475  0.584970690902
0.322013825427  0.574831380589
0.559531753234  0.66166274125
0.371778403392  0.520815586658
0.345351721791  0.441378422711
0.462449613794  0.474647960471
0.520733098823  0.481789019528
0.582131051792  0.441498032005
0.729077119162  0.484747872218
0.562862550561  0.429877552953
0.345152056089  0.584796842101
0.342658879331  0.416402675661
0.445255600325  0.533302546609
0.586563055059  0.553598544643
0.333257600912  0.423246451304
0.565872494105  0.287264080562
0.340079111097  0.610127901231
0.438283828925  0.616787251318
0.575474274993  0.579152554127
0.444688439771  0.645178094418
0.485398477638  0.363171754895
0.51767851686  0.568686607252
0.497195758787  0.590268942743
0.386407857229  0.664017953787
0.510828530325  0.487215656722
0.319129779991  0.439660065436
0.485236843491  0.392697734122
0.369703496219  0.352944713318
0.51046395417  0.454540828086
0.574011078856  0.658315324379
0.721496700902  0.29617975144
0.532257353517  0.456248141733
0.518391862998  0.502220843968
0.559139030176  0.395569292064
0.309649294547  0.660437668352
0.45547147009  0.564664685481
0.63922952777  0.553258182852
0.485084036126  0.45427982087
0.364738847032  0.396117446378
0.575494337435  0.863158019851
0.397794410855  0.50596035242
0.471277939656  0.425554804042
0.648356730595  0.453375925038
0.565244422356  0.541781157782
0.561903941843  0.51131842802
0.520678054222  0.407358876867
0.412564353692  0.447123939898
0.330699972219  0.72638998848
0.464730574305  0.581532690058
0.433532605305  0.528809617419
0.515480221071  0.472770464757
0.581114149629  0.686014013374
0.384736730786  0.483226770558
0.353906599314  0.792908971098
0.423621939046  0.507512303384
0.509288575551  0.573618987749
0.361154846539  0.461763967237
0.612782544698  0.477689574037
0.654317536354  0.591810685493
0.485831068493  0.631491019183
0.675021617987  0.387525447442
0.578166632903  0.576961973661
0.626018347985  0.479548424161
0.582824048357  0.64481577842
0.464597167674  0.582869586698
0.62595136358  0.561292772484
0.452729688928  0.455932292369
0.552972447319  0.546025330193
0.557599779335  0.564912943392
0.437156246493  0.509840558028
0.340100115286  0.582001843484
0.47385178013  0.477835418583
0.561784858209  0.599815771483
0.345055857071  0.474681288143
0.722810032295  0.333857174724
0.56034659841  0.585549753665
0.702822037638  0.408755357208
0.303931929625  0.52767531706
0.42512092845  0.530240564292
0.557197292252  0.535316784603
0.475295647447  0.579662346591
0.372482748079  0.742888727769
0.532548904441  0.587239502044
0.47541103095  0.435665060539
0.512807620661  0.674877366079
0.453098076999  0.48520148222
0.482580892523  0.63536890432
0.520707704791  0.528123277411
0.390768678457  0.506868803955
0.318269122051  0.387776614709
0.678960421951  0.437833812714
0.354965590794  0.512253591064
0.501613588074  0.800327810676
0.348085406662  0.507780597517
0.548653422815  0.2628548234
0.547956593258  0.524757666581
0.506573703751  0.567874829241
0.709303477206  0.678470839192
0.406074092131  0.303714552073
0.35909418548  0.468022149463
0.420720315432  0.665208924127
0.513635282935  0.41699249141
0.515283517127  0.444422744839
0.5320338299  0.359528792094
0.463696795474  0.567903522175
0.506476444333  0.620049406374
0.569991864025  0.532789398312
0.722215187896  0.473623778556
0.462436958417  0.43049197227
0.412760873231  0.402043649055
0.462319007641  0.572788405419
0.611228809167  0.395873846028
0.520445977018  0.470428915748
0.545655417143  0.466284428833
0.405908128089  0.591957649723
0.434789496916  0.587542760981
0.715034472697  0.346899319632
0.340534838293  0.35959487502
0.575900239609  0.337508928647
0.453084929097  0.530557464232
0.667070868593  0.55776458741
0.575886994045  0.397096391328
0.592005376269  0.354987416542
0.527642248225  0.614387733389
0.388979139988  0.674634831574
0.530852602674  0.455007428427
0.470537144007  0.620034446808
0.542326423824  0.514435544539
0.394251243562  0.356805017662
0.681893178601  0.509790528982
0.298310584311  0.281727009658
0.426240975125  0.619531277133
0.465428824413  0.468334519464
0.472453786593  0.261898485454
0.297197769541  0.464532874684
0.396575650398  0.490698739158
0.599285292716  0.516058509749
0.425458395298  0.568576663087
0.288894191234  0.566799202224
0.521373380818  0.30774204897
0.429992745688  0.477117864848
0.5433977079  0.535855098798
0.441516708039  0.502994426618
0.545297522125  0.388577758048
0.551868688445  0.5257132388
0.500527168599  0.53671215887
0.575904657963  0.476231602564
0.527739293936  0.447959943764
0.448288565209  0.42110827947
0.532373419252  0.370670047658
0.353606928139  0.475377655025
0.51902052184  0.608697988988
0.581468232564  0.545863079528
0.68665545999  0.532495990359
0.526403433394  0.688516529849
0.660953492317  0.488025293752
0.458066628667  0.45655186612
0.563538188179  0.339244536197
0.540886202424  0.699790512196
0.382098308475  0.660785247488
0.644491347127  0.51098773404
0.361553893504  0.488754504182
0.320410126543  0.508084578603
0.510358696278  0.393848161565
0.526066557163  0.376593190107
0.419606742852  0.472549322007
0.437124542069  0.75243460988
0.499840591347  0.356267921526
0.486408116287  0.590677691541
0.417795189136  0.486302847667
0.537297756795  0.426938522046
0.528484237104  0.652576265841
0.51766785204  0.457456575617
0.3913252849  0.430538962687
0.691191049549  0.509964889648
0.48491797325  0.548014703526
0.557588699195  0.267252136601
0.542147417667  0.429515914769
0.566523271924  0.579009489693
0.764076461246  0.479348379082
0.597600043177  0.6300919009
0.590494585164  0.546440958455
0.479685653371  0.457208339463
0.528829334302  0.699196328284
0.580415311138  0.502001999165
0.431894660462  0.545350549278
0.595288381568  0.629602097358
0.416449963079  0.364473971174
0.33969412675  0.45055867899
0.574313898217  0.366087884111
0.626064036041  0.544486377792
0.61089883608  0.573152898047
0.482793734448  0.469220980609
0.353079133174  0.632555491087
0.405676928924  0.333457616595
0.435370153176  0.510833756799
0.360597417847  0.484309994705
0.355964865118  0.890082842373
0.434822468064  0.530309225901
0.382483675616  0.602063600411
0.64365403948  0.559590207179
0.497360945299  0.531831542648
0.440295660624  0.62059769269
0.568269138177  0.37315451378
0.452932280955  0.292800694206
0.463186250704  0.686248898909
0.39227491067  0.546194882251
0.707466805222  0.451785998964
0.605660999814  0.473698213187
0.597358939153  0.587909613685
0.583106327901  0.616431320645
0.506925274242  0.533276736825
0.515513634911  0.388306908183
0.530042189613  0.484481399491
0.398849245941  0.456524479093
0.462669723468  0.454400073146
0.334628600196  0.553796383054
0.540284856598  0.577952478386
0.525581462344  0.440844248173
0.583398815148  0.567643172358
0.645541894857  0.461443360324
0.565938108483  0.452684927512
0.547174324293  0.736453608024
0.436882995457  0.590991280927
0.572962896628  0.486173586726
0.674390769838  0.410323921845
0.567553553068  0.574411796591
0.395556463024  0.314078782422
0.372238141929  0.589932482765
0.608593473384  0.490602715995
0.642577475359  0.468850875712
0.365404423253  0.362854901943
0.492151778061  0.496694802282
0.432898113737  0.506657286793
0.762313545729  0.492330264335
0.380066103908  0.452495160939
0.600963710521  0.501587523795
0.48760122508  0.407678299247
0.32709320593  0.539357718265
0.348413064732  0.409819428764
0.488769102756  0.450866570289
0.400668304084  0.540688405994
0.51324773702  0.496398613105
0.479291421843  0.344114517986
0.46399555182  0.561855528098
0.600757229295  0.321922893483
0.453876416381  0.385547385988
0.632110028147  0.45625819408
0.367489812906  0.438659366505
0.421685843297  0.427060859365
0.579757337197  0.480631958706
0.52700698965  0.518215834183
0.393621031502  0.564933838027
0.522477080884  0.500239679844
0.494543953639  0.513792132962
0.685037910571  0.543616964108
0.418670928334  0.441070305017
0.417262087633  0.367427941358
0.391565946626  0.378294401523
0.417438115138  0.767140886541
0.391039288746  0.636808758243
0.387755267063  0.464953521423
0.52024317486  0.352058229048
0.52567142902  0.360214980838
0.372058850937  0.567378949537
0.413415166859  0.558922498621
0.569712274005  0.506231020008
0.485731826007  0.604873103203
0.308916939334  0.67697626748
0.501445053656  0.396099116866
0.6279679418  0.452026746747
0.343721045394  0.650386534089
0.568401782223  0.561056722833
0.396942264932  0.386066157711
0.579107492915  0.518673070234
0.516581848847  0.681341170208
0.53647170384  0.433270533114
0.560164448316  0.468157133137
0.473769340307  0.558126471275
0.57607377621  0.668161451124
0.627267356602  0.436273929282
0.606505990077  0.651991615313
0.467578030915  0.570649623993
0.414481558785  0.313282860127
0.472082821112  0.46330258756
0.561344508875  0.572705749296
0.445722150196  0.567570319625
0.431304595099  0.377534000627
0.562121859478  0.63255157618
0.491598064181  0.508019077002
0.658208601167  0.496119234244
0.423541711293  0.66485636814
0.507260907835  0.365506410282
0.357342492878  0.544847843601
0.530332859963  0.538325958757
0.422266611723  0.467746783792
0.340401934095  0.468721694812
0.470417370299  0.50040247
0.571138838243  0.46733832977
0.522333297247  0.572054640003
0.489435750736  0.346991866937
0.48718883854  0.469931594044
0.545573452223  0.463034689034
0.430965728091  0.396607651645
0.412157715363  0.493114668845
0.371279475716  0.436533142569
0.35595406913  0.517990111549
0.472791567779  0.606367167127
0.536358750259  0.586512864225
0.611734376393  0.451977903568
0.497192236065  0.277398972763
0.592856284304  0.552836645914
0.572148132157  0.492844506975
0.441946545523  0.61834638791
0.401765846388  0.614987064747
0.603325105829  0.359869486479
0.427642626475  0.572554237066
0.521634719535  0.464715201758
0.320049837216  0.561680285622
0.39385809404  0.623619617443
0.505553627163  0.476684487483
0.3253634926  0.661350030529
0.518667926641  0.434336576111
0.324773890805  0.519628153176
0.636251168015  0.485567371548
0.380298120305  0.465848030485
0.566082988406  0.551550519941
0.481634563897  0.673237433708
0.470960952453  0.573056191467
0.534102181916  0.580548223113
0.5230303393  0.666442945958
0.732648770727  0.590074262741
0.450515410135  0.589681171234
0.237012475308  0.559409301704
0.634685418995  0.392890890094
0.422089334884  0.817502981854
0.58429449353  0.499779244046
0.409570820895  0.495795090172
0.555798221008  0.363384350401
0.354928804215  0.480837285274
0.534144940407  0.474433773181
0.548284905291  0.63281175595
0.520275002955  0.494561194052
0.410141776118  0.39509059415
0.427662422147  0.565340165018
0.44727853963  0.797243087527
0.463789469328  0.665400794929
0.554734734708  0.52520064783
0.381340778962  0.488019891461
0.521925866795  0.520264731129
0.605630315754  0.549817541607
0.515652119891  0.470350228407
0.574164598351  0.342532940624
0.599419451624  0.431020472019
0.324338069873  0.627039240335
0.483627383309  0.555579870795
0.486717089581  0.474114200802
0.580712535113  0.534461884866
0.513152816808  0.515898980667
0.609692397526  0.531885623066
0.445530402647  0.540668937007
0.640057223894  0.390472982728
0.667820097955  0.65920905062
0.431699243677  0.608067284036
0.466500783946  0.559417383683
0.496160380021  0.663842197539
0.589111682369  0.52498841897
0.61103566632  0.399894650344
0.409100572767  0.359732497415
0.60015739937  0.378476700296
0.575906735331  0.612596176591
0.38595826591  0.434548893999
0.463210924874  0.40718612991
0.615781257527  0.489679401929
