0.590905913361  0.562549384607
0.674358668688  0.589154715222
0.285404497111  0.44924083032
0.398076751125  0.636018704844
0.685337482771  0.63099906355
0.324827340253  0.489543566309
0.570493394345  0.36471190164
0.271752497196  0.655592582255
0.649181113466  0.593969891105
0.643544107003  0.516572424926
0.424477179743  0.500885399802
0.308708051952  0.49707834112
0.438280171282  0.306704311812
0.402695081629  0.446805951
0.559319826854  0.503276521881
0.478441419104  0.539302196738
0.51770773315  0.591109426292
0.476404836149  0.516574662056
0.452528105589  0.376850710596
0.515730383814  0.441266668716
0.568291055025  0.595920732909
0.606906894756  0.619543483731
0.479899000687  0.533342154406
0.565332257049  0.407543630456
0.307428113355  0.569805617125
0.455660530928  0.610939039266
0.505728344042  0.641048579719
0.521431014416  0.578592144995
0.579740286373  0.467824099148
0.330379529879  0.431193783315
0.396134217735  0.508093573622
0.408427510938  0.500449042069
0.502753044453  0.387594105492
0.468355978662  0.50676117772
0.323204162932  0.563205854226
0.521853491335  0.420510908783
0.424091679436  0.490953556857
0.521330189105  0.423273486588
0.431647584782  0.486998121775
0.473224094796  0.567927366387
0.445998350188  0.524113393175
0.469403158702  0.503720327234
0.693056076193  0.332746588293
0.400013738481  0.569132734437
0.558642179957  0.516160080564
0.551047803558  0.308026760791
0.629619839326  0.470515069523
0.48398738159  0.564842776318
0.631235161077  0.454043447097
0.52187888908  0.616756808885
0.618309326456  0.498872724636
0.490743753859  0.591759775843
0.341422663504  0.513998473665
0.730237815131  0.541363147905
0.393210266674  0.614815669372
0.482418067144  0.443764302666
0.621697569032  0.410851909053
0.693123098628  0.52532849217
0.422579718929  0.421503863583
0.630058149009  0.528615997249
0.266308384312  0.418200518387
0.265114721977  0.518384000299
0.559953912597  0.281710383103
0.551659243853  0.571254068878
0.401140643179  0.269235503621
0.734368783587  0.487690837761
0.616287765273  0.534811517931
0.56575404076  0.384158743313
0.442044044086  0.494375833027
0.543272879884  0.472865281386
0.48953579912  0.491980405907
0.541624180973  0.256138272985
0.214018447848  0.414478002988
0.704250511572  0.648762375546
0.369610195291  0.465220559486
0.592484616124  0.461380495012
0.574589076027  0.533404220827
0.407333678156  0.624944843639
0.530630449115  0.392070546943
0.636968001662  0.403192210567
0.367220354156  0.766490707848
0.700849029399  0.612485129862
0.482329006984  0.410927003149
0.313641250714  0.37653115348
0.552293112524  0.48777015577
0.533571595771  0.384957883668
0.366670244787  0.50507237942
0.348453536146  0.505070620871
0.540447675244  0.447814573302
0.298849518497  0.607279910005
0.455840472865  0.618046037397
0.362953410874  0.528305003008
0.585821102528  0.468233637048
0.577175773597  0.329080337044
0.48292094352  0.495844722802
0.431523793259  0.553921296094
0.582203023737  0.57318670878
0.349599402048  0.550906031636
0.455155891413  0.505617657611
0.41218463897  0.574545298774
0.522127012489  0.562082236525
0.391731267947  0.449460832693
0.55208357336  0.397678305782
0.410466102103  0.620668872825
0.614095590146  0.417208878607
0.338708825143  0.516212710357
0.576112598797  0.509672757365
0.47887414816  0.351047857854
0.556360085182  0.488001844741
0.693026006793  0.449162861695
0.488675717627  0.338956730383
0.363436831777  0.636778653895
0.506855869263  0.480240471358
0.271644772592  0.478330723894
0.377559791415  0.437551584748
0.469853948669  0.459401105445
0.309478252638  0.3964404691
0.469357443073  0.37056275594
0.370581049119  0.589948993719
0.388812195334  0.534240738635
0.397543287091  0.412349525606
0.314779257347  0.50846469898
0.543245149861  0.343557988448
0.480706203623  0.523616727692
0.532564473936  0.565428701245
0.580395287152  0.528368659423
0.665528958621  0.419857334151
0.451341010044  0.502932318268
0.460390164853  0.589092110635
0.623032886385  0.422582119415
0.626826056509  0.515893259774
0.533886345413  0.645056659809
0.518651682835  0.388958978593
0.547886683731  0.595340384501
0.519565033148  0.433781547806
0.498220203101  0.659540827014
0.488531399992  0.358863995839
0.47059785119  0.437592555353
0.553266574437  0.498382214231
0.616319357831  0.361432906003
0.527569667503  0.400142996529
0.53260670125  0.510496874865
0.509062614129  0.495041001401
0.502896556779  0.507904054502
0.596394653238  0.546379234285
0.39094226973  0.480580616082
0.36617797487  0.426423677884
0.394894537823  0.372744949573
0.362414638106  0.362908852151
0.429498572528  0.483318783365
0.514005605372  0.654236114815
0.549803446123  0.477781646575
0.35690488024  0.42712926486
0.544419458658  0.534130046745
0.521523070875  0.44750911277
0.466540052091  0.483620326003
0.509826945563  0.562248874658
0.540182634946  0.714877259918
0.489399194027  0.597945367013
0.386700289489  0.52301494031
0.538961578235  0.621704206727
0.570717824965  0.508340691007
0.553904078358  0.545756423564
0.446416390417  0.300643147564
0.430777677593  0.395182645137
0.487369899813  0.520478124904
0.530911958342  0.622155318234
0.504881776581  0.604301843608
0.54229929977  0.463850385268
0.40002425803  0.621163770219
0.359262583577  0.439810805303
0.509407268356  0.493282166122
0.467366186691  0.644811644553
0.583479285601  0.540215101247
0.55599127603  0.727843435241
0.461626682991  0.666521061663
0.544251109267  0.600824311066
0.444806912152  0.536071227529
0.281536244008  0.676296337675
0.546505699297  0.498384835686
0.535865251584  0.434373635713
0.367713087216  0.505694327648
0.498237968027  0.495539923254
0.426680856956  0.427208896413
0.637361656877  0.404344057125
0.555738239977  0.527878162279
0.462647454103  0.602310038053
0.390217684339  0.465412527396
0.43420887981  0.521377662614
0.617945794069  0.426959855539
0.300235907091  0.495412922446
0.469470802592  0.442877382453
0.594219965097  0.551105718081
0.514831300549  0.478024465712
0.46965122379  0.473822397903
0.400311961226  0.38360792786
0.552791093282  0.43913740484
0.42743119141  0.482819092378
0.656116139316  0.452718018645
0.359942792003  0.591959308601
0.242678236463  0.527187384414
0.44058486823  0.574692617681
0.481568840847  0.489939592381
0.597749375348  0.566822108718
0.464435869222  0.529321708407
0.357563189849  0.601099158048
0.472003339832  0.55068170677
0.546997062561  0.43679195153
0.390380860393  0.465363529842
0.403022508543  0.368665569579
0.635082936386  0.652691328123
0.597488411325  0.56945417832
0.480547408312  0.492159893655
0.506441812677  0.236182171442
0.392369098189  0.592461703685
0.580558868105  0.421513420112
0.394627204937  0.471215947437
0.493011861163  0.727827151307
0.382121702929  0.466414517347
0.768756938151  0.495897436365
0.440014408242  0.515895775103
0.461700517921  0.539500744873
0.490452679468  0.553930713907
0.387238500925  0.58681615348
0.521007340342  0.451665449743
0.625539375938  0.650189769493
0.418625646573  0.397515317755
0.536172649234  0.459210366834
0.479982253537  0.526191041694
0.446449945969  0.443540453809
0.406108311328  0.551327776884
0.53213090493  0.365523810475
0.428689698006  0.379039819961
0.403544912005  0.564054138661
0.598037783119  0.627467969834
0.769622079454  0.627162393231
0.554960579797  0.334955364495
0.556607133078  0.508156697359
0.575282813993  0.369715681866
0.547181706869  0.468472641612
0.478353059491  0.696156830036
0.480569887414  0.516012116272
0.520966576907  0.408260888393
0.386480040808  0.553513955476
0.647440497936  0.559219711982
0.454837348042  0.418333258082
0.524987245733  0.481488244998
0.423495338407  0.437599922626
0.589455326901  0.543086465868
0.498049615529  0.279022627006
0.551562324631  0.349945558771
0.341587702041  0.613620696905
0.362324721601  0.458548416896
0.604717368117  0.487623075086
0.45830486969  0.481324892693
0.339904821118  0.428324696905
0.467641114472  0.604724830476
0.500238999367  0.390546355715
0.570056263346  0.487480999486
0.355686839353  0.464386875191
0.678404520683  0.451497996732
0.432472998175  0.318116577694
0.42104448888  0.370564376189
0.50510520737  0.614381346875
0.555503392687  0.428068565521
0.682950719806  0.361568653635
0.443258579288  0.38890304883
0.480847285854  0.485217703837
0.569020365299  0.6314523486
0.520574570596  0.65955316463
0.439477166394  0.578034583002
0.459289326203  0.332051141949
0.437797220694  0.585801985345
0.437045608037  0.472808435831
0.592554885936  0.362685259494
0.45645816392  0.43760712195
0.537027209545  0.553593004115
0.443452176145  0.364262832684
0.448568504097  0.556695398703
0.310852631823  0.570905505823
0.384501750322  0.459179189474
0.375318880843  0.492224621105
0.637005681989  0.380757623852
0.484223329628  0.451310312633
0.46188946973  0.447210379135
0.502055488705  0.628580461588
0.438551051508  0.536464585122
0.559249071847  0.377602438704
0.513992714335  0.601149358953
0.478473928744  0.587393500254
0.549472866798  0.435431592641
0.496983724574  0.599027309803
0.583772592973  0.626570490912
0.684790382358  0.541713885051
0.697221806735  0.421448486021
0.479012728107  0.644271738319
0.502725204174  0.519555213317
0.381055585027  0.576996759293
0.475326418794  0.464424902574
0.512566918188  0.3058293055
0.556667678309  0.585365772871
0.454245622278  0.67478069262
0.179544030563  0.542087218749
0.495390625945  0.574426240957
0.582564273443  0.521822857999
0.402063106389  0.402645714225
0.598272855141  0.40338954554
0.355844215008  0.528714683132
0.649915679434  0.487726911423
0.591648044141  0.488246277119
0.566895898429  0.559529793059
0.232817982352  0.474952892993
0.493274102177  0.541338825304
0.386030774971  0.503913256744
0.610242990974  0.740364733093
0.455103951809  0.558710422454
0.581337854914  0.529881364699
0.543969509299  0.402706026173
0.481810844024  0.380349771118
0.545082398028  0.57317443185
0.604570839409  0.514219019891
0.426969777016  0.452331373942
0.479375066875  0.526650634779
0.734162623167  0.479803310507
0.599595366668  0.39989407659
0.64479321413  0.433405842427
0.362548660421  0.442803820415
0.569453336198  0.717662022245
0.470462309802  0.382862241347
0.477614073695  0.599055187709
0.468856923777  0.558654674812
0.601311270624  0.360558151107
0.547118564304  0.668286407217
0.457930186215  0.541424282869
0.433515621902  0.453240035614
0.427590334504  0.527692541928
0.53788949999  0.400948477061
0.518588263812  0.377942060029
0.595165888002  0.419111276705
0.435770643659  0.487050896393
0.566307460605  0.516906331932
0.575267101976  0.542302503775
0.599905518231  0.452298393298
0.452882716583  0.437262146655
0.645958731053  0.546874155095
0.567954187028  0.452180412538
0.566664471194  0.718121639425
0.63727334209  0.556815880543
0.497569600596  0.442383509641
0.457869595283  0.493818354923
0.47480084782  0.261439129534
0.400273365124  0.613796569531
0.393839145563  0.446467393837
0.367531930399  0.491589595295
0.515408936533  0.513361711563
0.409293238077  0.519996783563
0.506101250567  0.555419549576
0.409950307661  0.53525891045
0.415609423973  0.437954465256
0.606649664963  0.662792850648
0.423925693149  0.414903691237
0.686964085381  0.354565726036
0.516230374669  0.53287318905
0.623337877399  0.543403709611
0.506938842308  0.657851125636
0.404566080368  0.520431170465
0.385799018966  0.55373417732
0.596514636449  0.583761711523
0.729023463621  0.371567807586
0.530068544155  0.609837711653
0.416955676548  0.367053858031
0.504508359012  0.512784286095
0.615212063594  0.500451045604
0.610001027518  0.436263921027
0.625485707252  0.418908434876
0.443551126557  0.580455421775
0.222992151446  0.606684303435
0.580210786014  0.539255087092
0.35734075257  0.603442768177
0.381529507535  0.361448158284
0.675543579028  0.399770265747
0.428255493656  0.565304244923
0.599595740324  0.522170930842
0.627564204188  0.487673154124
0.369350123496  0.504071647184
0.558138860533  0.563568995883
0.358149495632  0.642526341335
0.429077762891  0.473077344357
0.429101947488  0.531449739331
0.470892926635  0.349646985937
0.46459398211  0.575656349518
0.487705113591  0.592122986957
0.530223598994  0.520392322068
0.530496882921  0.47568118945
0.405013397881  0.440405895108
0.476691021732  0.513232624178
0.457463212498  0.472779548573
0.687967204295  0.414376379446
0.56529783297  0.581637017072
0.49719026129  0.595915748671
0.66670460305  0.597421895024
0.513720400797  0.535664068777
0.570083870253  0.314545036138
0.506238727467  0.389218755345
0.489934911443  0.469748161327
0.463850957946  0.482591753111
0.565234394461  0.712650794685
0.575960006658  0.535327193638
0.510810363236  0.317103237797
0.509833470195  0.540484639879
0.534057226644  0.428004953621
0.511549942414  0.428145952903
0.624058289217  0.5700980096
0.455975653883  0.428122132784
0.588220030479  0.581320760105
0.403400042747  0.495416930528
0.293158037257  0.682115609554
0.479034622543  0.636905848047
0.524877715508  0.518329539619
0.359448462429  0.45009098712
0.501964390355  0.476798027803
0.366174064792  0.399722590213
0.444364489374  0.543279130777
0.554899447775  0.625633611391
0.321797512617  0.400906695009
0.589045362113  0.506152794013
0.428985251503  0.564752226097
0.429783672774  0.220303597824
0.524193706024  0.518097405079
0.548514311252  0.494492060859
0.600906874182  0.432518635804
0.558471738541  0.582305987427
0.42493922402  0.651232226715
0.516031039939  0.562177655916
0.615342776552  0.491777279778
0.587906310499  0.586292013684
0.252882980949  0.570107571519
0.510799105469  0.485045304489
0.486654140283  0.571819687118
0.589648102321  0.682426810154
0.473781351943  0.424591900393
0.641318107598  0.661135233565
0.677239785082  0.905914504119
0.429610673866  0.495409092238
0.574901929514  0.535996238681
0.678091096447  0.526067962088
0.60095914485  0.517740617217
0.530060588894  0.476707452322
0.44474871856  0.432146701607
0.58318290249  0.465333527361
0.488166300953  0.559658023777
0.55204087159  0.492324391103
0.493544424242  0.554565585489
0.627199279134  0.488528921331
0.589200037702  0.382492456279
0.384903688205  0.510887713966
0.312898787483  0.580700161597
0.596169309892  0.720657089051
0.498135886807  0.572299382482
0.327819725404  0.587004559463
0.45655529461  0.503437152247
0.66522679648  0.470148332048
0.612185757498  0.532087223173
0.582446618915  0.417480048546
0.596080764219  0.575983315475
0.576236390496  0.367601665125
0.582189784866  0.501837097209
0.402511879592  0.540510612903
0.62552937119  0.409275899884
0.346471907518  0.341349100686
0.518000894776  0.615171584297
0.512345909776  0.428616442932
0.529718014313  0.291297539016
0.511105602579  0.437942041762
0.571357235287  0.399997742269
0.656239799357  0.591744756786
0.468509754643  0.65355164391
0.31419698591  0.648367088435
0.509664113506  0.525688673471
0.598020252378  0.377555486164
0.708284182146  0.387173618245
0.489971030703  0.492601540711
0.629787719601  0.54865521988
0.513231074778  0.782970689751
0.557328463736  0.317007216553
0.563728276016  0.465008578214
0.652948671948  0.60984415075
0.589132381089  0.68119216484
0.540088191842  0.507551907557
0.460867533498  0.448703823898
0.357792914039  0.50919736528
0.44465282361  0.60182648379
0.400267124825  0.375996386214
0.467551604895  0.616565795376
0.46617071588  0.426829328358
0.370237382344  0.466396060073
0.532325264334  0.429366546117
0.537479895901  0.500247945021
0.426964098758  0.241521093719
0.620327883562  0.35407373641
0.413384686063  0.541359728166
0.473668827509  0.532010952527
0.590538053106  0.373325221103
0.533543895436  0.34467561133
0.433356512031  0.423928014645
0.502583685729  0.476364596591
0.544760410947  0.684661625451
0.540739759397  0.529928172849
0.516913594315  0.518851426718
0.49267602457  0.511889780941
0.372325678324  0.675578138074
0.515291067061  0.477235168168
0.445969906536  0.441400626588
0.446163072255  0.388606200521
0.300369082054  0.344282999975
0.439733548283  0.377757012745
0.509744646033  0.182445536075
0.499399389838  0.552513345173
0.630813019035  0.657855170166
0.433668246576  0.461036559398
0.574530298019  0.588736529924
0.42573870163  0.553767396483
0.287602745675  0.451713089004
0.360660949485  0.54766248711
0.606143307271  0.343150324787
0.405853412741  0.624329515482
0.352570244493  0.352351914824
0.410965822324  0.452891209474
0.477597997043  0.379746479543
0.422288912214  0.328773273356
0.486605201667  0.497961105621
0.478886994911  0.480639660482
0.472281318155  0.561314399394
0.57169998028  0.451592290557
0.499912581171  0.581891413309
0.540295582873  0.473981652888
0.674955383233  0.436849314906
0.490264257071  0.488031384404
0.517943308235  0.559898503576
0.680317738737  0.505639218377
0.587687612549  0.502676404653
0.137890758561  0.420017064144
0.494157204681  0.515135395499
0.483585007171  0.37624394823
0.441703040634  0.422464901638
0.545221435237  0.365341744615
0.535012191203  0.538013017003
0.426980976585  0.351945339264
0.52466877497  0.431792673222
0.284516680384  0.418815317646
0.557715795044  0.498090368635
0.393280738281  0.579451087135
0.639572406743  0.688697403721
0.528270111941  0.420901844183
0.483593807683  0.353195701316
0.336820527853  0.620028085973
0.544474635334  0.562066000436
0.416847017917  0.561111736608
0.414154257025  0.440057022862
0.611831838457  0.563499640105
0.552962323709  0.598385174672
0.478284177161  0.539124521582
0.572696396588  0.535058519215
0.590637689799  0.523194282134
0.545198161073  0.469061277385
0.357385081202  0.514306674572
0.429234560466  0.635704088163
0.615405272899  0.353171753225
0.533714656877  0.511816651452
0.397226969219  0.493662882402
0.482089615121  0.674941465712
0.408331014305  0.63033131638
0.813375355405  0.540014357392
0.530043077332  0.436363734933
0.681779645273  0.44091640414
0.496994508407  0.497856704053
0.519447587357  0.381071454805
0.487950597576  0.371260382535
0.591682663426  0.468350955161
0.500303790085  0.525782468794
0.641920318708  0.565749730807
0.385718752109  0.390532069134
0.569136728509  0.532608353749
0.501620238531  0.464267096978
0.38918830938  0.649718892223
0.599328274888  0.383421467867
0.537663841352  0.653500139505
0.323534120085  0.575544754717
0.540162685451  0.518463546026
0.484773628818  0.418503085227
0.528441174626  0.355534524738
0.487235400663  0.46064249136
0.455139624424  0.669473757196
0.739485928777  0.516152983745
0.562728927284  0.375086624067
0.472358164688  0.38698642215
0.472735002713  0.529546477929
0.505796688576  0.542467601233
0.515612297271  0.547388017419
0.579458627221  0.571385499761
0.638129891571  0.454237683972
0.707545382195  0.440940353169
0.696271418  0.453636678007
0.329584972384  0.478263104988
0.471151221207  0.53637932108
0.445095998862  0.439883116134
0.496833467464  0.446930077425
0.465884251278  0.530774971428
0.372182452361  0.45565588809
0.275826326457  0.403210757388
0.437712376239  0.49560316271
0.460968770264  0.450781790425
0.497483528371  0.526240590647
0.516306941391  0.346435199063
0.543041373844  0.480345094935
0.567054995331  0.595214446695
0.529079532954  0.450742347015
0.511067361776  0.60526429695
0.399050185046  0.457471111457
0.412420987163  0.40302798938
0.602476030358  0.563914734628
0.494843739738  0.540911869694
0.558088242944  0.55775488582
0.628773762397  0.664984784335
0.445897292994  0.470443752171
0.490279923592  0.576309838384
0.49970029664  0.6019584514
0.586907642299  0.566109734335
0.287547871434  0.461970703558
0.627194305671  0.379136819724
0.56113656735  0.34391443783
0.53854251688  0.542688172729
0.571144146416  0.372878731286
0.530923967882  0.456944307223
0.489871312572  0.416664074502
0.587350547502  0.45263888642
0.400468494432  0.376190194422
0.408950362607  0.515957278711
0.627492879016  0.38029438521
0.47993168259  0.45653771385
0.477610025571  0.455009804624
0.481738586668  0.579482454826
0.650057924246  0.456744023824
0.36046206255  0.554968473418
0.623078575177  0.335859801114
0.458087459657  0.277151315542
0.597705607696  0.406014883624
0.372389562492  0.459953343475
0.548694714508  0.473823907074
0.50073809209  0.556308972915
0.472061154825  0.506333354016
0.579925594845  0.464883381761
0.374804796637  0.644080022852
0.476843840426  0.569204939356
0.701928014099  0.413205100686
0.376329245695  0.613401184039
0.53703670985  0.619562011957
0.425204231735  0.285670255808
0.571165816071  0.579465471975
0.409099821005  0.467363923395
0.515395493035  0.677106465369
0.616413874488  0.397112395239
0.461695370541  0.441814894687
0.474053724362  0.516389130448
0.7995676855  0.41075175264
0.399369021414  0.495119034562
0.543118784882  0.484926913243
0.46352318905  0.432021539039
0.431737076645  0.695873501411
0.421938743061  0.46940006395
0.384149315302  0.409857831233
0.534841824329  0.764764867215
0.540150823075  0.459469497199
0.418976850938  0.51922989373
0.426965042368  0.650615947691
0.37164479642  0.332663792062
0.654497509564  0.56319860077
0.419467889331  0.574280945871
0.694885961183  0.550638193242
0.48728389543  0.468724868404
0.496158135366  0.405742611241
0.574077736638  0.522097300011
0.519262847974  0.277869652178
0.240634567292  0.538672252699
0.502239123667  0.396218351265
0.503601458664  0.525663026534
0.497943262765  0.609987021248
0.523288653964  0.564006674177
0.591289665736  0.609321194243
0.588196608266  0.546867597911
0.444323650333  0.46512778285
0.712458799252  0.499841573383
0.356426078199  0.476987498849
0.618226147392  0.352604215866
0.480901401992  0.478266898083
0.47322291933  0.515460132271
0.542209063017  0.43730421606
0.556332465194  0.415606691275
0.569117652743  0.355247787765
0.675849207776  0.368924027737
0.602140960095  0.449784100456
0.52317608664  0.444222231022
0.446688577701  0.442123534763
0.458682217671  0.668076149551
0.426207515547  0.532421194941
0.543575927891  0.381656099449
0.552919586603  0.313543477976
0.541260018935  0.378236732013
0.534143282698  0.611641720321
0.358726295608  0.399036967916
0.483920841513  0.531772680664
0.330010071563  0.490154679085
0.606137212774  0.446858016941
0.605495749396  0.325039339394
0.66547414881  0.396390386689
0.498101243618  0.489087639196
0.675254905673  0.41184691733
0.646900908215  0.62982159993
0.75273433846  0.598712552799
0.444153853713  0.37674485923
0.551238293278  0.457544111666
0.661455900505  0.5428983742
0.466691241626  0.458909026353
0.484718883149  0.643123353096
0.458855043496  0.507824225741
0.634332682935  0.552886892811
0.585564477611  0.49607907199
0.515390478523  0.608544662996
0.646260045847  0.65318771392
0.528533264418  0.377235931506
0.544977558549  0.452371641284
0.532528890773  0.301221506299
0.49676297717  0.495625555095
0.424804386745  0.574443715596
0.596480762401  0.467168290632
0.628761755478  0.452228406781
0.432817320736  0.73386642134
0.616095265637  0.511504632551
0.391843301193  0.43386596559
0.5312220026  0.447702234999
0.600318407742  0.355966803053
0.444434963015  0.455368419791
0.488460085573  0.37303626044
0.597794478514  0.306875951644
0.45024160755  0.423037225485
0.346075772158  0.350090838167
0.460887377189  0.490346498609
0.554014453205  0.450521165873
0.524039758254  0.527095547472
0.597726864817  0.506594608083
0.51366416502  0.566205392628
0.511146627131  0.413534726908
0.520792420524  0.741021061069
0.546897512141  0.42880311039
0.502689437168  0.326998374438
0.675033375953  0.440686316301
0.409678379057  0.594844433425
0.49492540056  0.461752084582
0.532857127728  0.570581839069
0.580291561121  0.401682450694
0.335369988367  0.463223761011
0.437409087535  0.543461889981
0.346278302128  0.574708719412
0.489827350696  0.48893467794
0.546653928957  0.85102749939
0.575465561061  0.37114962474
0.595367847579  0.584307013522
0.478532311644  0.445681937744
0.617885794464  0.57831015027
0.554525569948  0.464110897651
0.619680247713  0.54925795456
0.455067328786  0.239823140863
0.581137939124  0.515285570547
0.488249391407  0.396913276193
0.532894980299  0.511725766992
0.362640980071  0.593488113576
0.562888894887  0.705409066075
0.610395148975  0.576979454211
0.799779065551  0.428991830529
0.452828529079  0.549248961282
0.51734910547  0.677468886985
0.419961593432  0.417417748151
0.595196078868  0.498453029044
0.513532597202  0.501913817644
0.443141536308  0.42796302525
0.596299591495  0.323317481502
0.595750685292  0.498519893324
0.397750517624  0.548658845502
0.600898129483  0.298533219576
0.667487342314  0.368381294538
0.446121302062  0.44832087318
0.585686911414  0.563654683056
0.399651711032  0.530594459854
0.578762853144  0.529288737973
0.618691888139  0.400859048721
0.452042206646  0.355984825629
0.346949907922  0.583322010095
0.615745793574  0.491555792327
0.516241435851  0.360541717044
0.380252515463  0.50652835992
0.594189473488  0.484929409878
0.68871217721  0.501554043341
0.401487054978  0.531853504032
0.432298218001  0.507511423247
0.382012412798  0.514788890628
0.44907254772  0.671378400952
0.469566821388  0.681510058744
0.373345012508  0.495311703304
0.485086082479  0.427162179502
0.50963181012  0.577408640172
0.427993397616  0.560829232539
0.45208110177  0.506561999239
0.523086389961  0.456869147169
0.577678167369  0.62857035461
0.443981459132  0.3707653952
0.294370640586  0.46997747086
0.491063005273  0.453385870421
0.52235328935  0.511123479394
0.636711347916  0.366468781339
0.252069257655  0.439333716372
0.487263666979  0.507079415313
0.519452817304  0.411097877211
0.371430004949  0.538324211765
0.340294365331  0.618230536408
0.491031153572  0.424455782397
0.599058105392  0.666866148592
0.472289323374  0.605659367394
0.592515731189  0.349584528401
0.455116458652  0.48438888271
0.507358766827  0.454692274199
0.522529929913  0.524243319682
0.474076499672  0.327063752543
0.443191974292  0.382533355531
0.346597418826  0.474618790048
0.525772682086  0.61215677612
0.499996785344  0.637247673347
0.655508392317  0.352375666734
0.472246114106  0.596138690955
0.334212003466  0.427038587113
0.205271561093  0.432519906917
0.53802927142  0.48208581754
0.385658479662  0.415723201229
0.447484356772  0.432146613604
0.501765524478  0.564038877398
0.487685112934  0.465523878862
0.527792737026  0.553985600509
0.710427603436  0.563973255024
0.397182375202  0.422080360513
0.371914807841  0.399721500253
0.541036675644  0.448548058372
0.440399512617  0.522329868138
0.546627697535  0.622815445444
0.574256631925  0.285385415348
0.575508911904  0.523120355296
0.621736045015  0.443764521233
0.657589058658  0.515065493785
0.498681881232  0.523830087503
0.575619489857  0.531676289611
0.472856706468  0.518257247974
0.542135046154  0.274208082232
0.449535991412  0.564542982639
0.464285492464  0.194013489425
0.625615378057  0.672081243126
0.54339547393  0.41346217796
0.519791383633  0.554874252422
0.510413343874  0.785541106094
0.556119079039  0.566075537416
0.556207901956  0.514503041548
0.500827546784  0.51999931816
0.476725195052  0.589824852539
0.425243536663  0.37598608614
0.556410811715  0.486811114561
0.32527622101  0.559306549553
0.448306946036  0.432228454687
0.453346378803  0.424051908806
0.558154916323  0.442230214796
0.520852251031  0.583010506804
0.497195252695  0.5401009807
0.563221942198  0.638058791387
0.49515161612  0.526637639488
0.410739482112  0.598449598726
0.521901021557  0.638208254882
0.340545191745  0.575556640266
0.535117072745  0.436067769865
0.441549897312  0.519161551931
0.55900669658  0.516097067
0.539054913779  0.571189649932
0.5662565573  0.566074012073
0.737819150828  0.514007149622
0.623354013318  0.311940557557
0.517488753501  0.571488505964
0.412365631793  0.543615654636
0.581992525003  0.313600966152
0.565970827029  0.468924236233
0.437149976108  0.328637234863
0.503125264273  0.567428041153
0.327059575447  0.338889950244
0.342655125591  0.366900211318
0.576095915203  0.553942776392
0.517015319258  0.566210932424
0.361421224634  0.651705134641
0.521222416834  0.668497119396
0.523716069421  0.391710193568
0.171564346927  0.395652949132
0.371596755302  0.636453883409
0.558411583003  0.56982363707
0.234101737563  0.64076903938
0.464411874279  0.532993823599
0.487581298421  0.505626292863
0.608651080487  0.692164870998
0.45506473487  0.485948350504
0.478498476862  0.492651874775
0.669822947687  0.442713618622
0.405369567192  0.397208395215
0.622360861162  0.549009963723
0.341167886216  0.328489453707
0.498869712028  0.636574215417
0.56880737391  0.595877134346
0.392315829217  0.634707941334
0.506153295086  0.591925552371
0.427842514888  0.620384726866
0.284106725381  0.452479871519
0.595755865983  0.419614685603
0.513149502071  0.584625255107
0.609107499276  0.558888768666
0.391087954847  0.440276407266
0.418663567335  0.458087631943
0.528850383273  0.529063332597
0.601408557949  0.600878046343
0.464182939715  0.328757556614
0.414691722589  0.459115887028
0.497496208534  0.539381014038
0.509242856504  0.421999941915
0.586605771269  0.37182522801
0.467316239282  0.507320258257
0.535481865692  0.525636495799
0.396431800951  0.37715030069
0.408656549547  0.298652676246
0.504397551458  0.509056105095
0.39831798598  0.366181842895
0.514723214627  0.475561232266
0.707345673171  0.527999748352
0.471130214365  0.592917686248
0.357402880091  0.473048922968
0.459537001774  0.493425164027
0.509256346591  0.551714792734
0.530909342117  0.545230794879
0.350405410398  0.729813222161
0.656184777296  0.399634179786
0.347030748845  0.568153960919
0.405162522388  0.425325946235
0.739077645461  0.337571746734
0.447798434297  0.615069099145
0.575039261389  0.457235812281
0.574864821778  0.548993370048
0.618121112815  0.59624639058
0.474349223499  0.361222038218
0.564378896185  0.315963597671
0.415941721756  0.422241345996
0.552744257099  0.331245441471
0.476871371468  0.547918845268
0.478877549734  0.443621383376
0.471075901083  0.433080887593
0.446597124931  0.449711679306
0.530930601569  0.433503427713
0.548814256252  0.341400850881
0.66592621535  0.354716687682
0.437295194499  0.509120642487
0.503626190671  0.375447297024
0.458805812137  0.493518106043
0.610948567697  0.515035088603
0.679454337073  0.494729019047
0.453399232442  0.50911723096
0.617026014287  0.436428746163
0.408510478268  0.53523153875
0.560675562848  0.554863797086
0.431801895501  0.532539312334
0.353481245712  0.31413404819
0.503403745126  0.499108336079
0.331460170774  0.372661295672
0.56979979677  0.550270772859
0.55797471017  0.5422767435
0.574846406503  0.350427379699
0.508323794425  0.647195528991
0.5854671759  0.371633720935
0.727388720134  0.333171798137
0.509613728259  0.523519555472
0.513495195379  0.445837011823
0.509615632929  0.43445732741
0.448737154969  0.453460546429
0.621251118754  0.211673099047
0.381205845438  0.599004342788
0.569115114519  0.58371744204
0.468462465648  0.504359856324
0.523574146921  0.379976391217
0.498712815043  0.623038066447
0.660719762771  0.461370584314
0.468292497669  0.52058842687
0.635862175494  0.526743745934
0.436772083886  0.539231660102
