0.451899767948  0.577793735581
0.360247595455  0.466407729305
0.53745382196  0.383724468224
0.593963720636  0.324257572659
0.360454289655  0.363900320444
0.468348688461  0.383278490803
0.560602515617  0.436500771174
0.719509466469  0.400800105923
0.629939066696  0.432227547416
0.477311809341  0.327002253257
0.440397141177  0.354561888107
0.432053254805  0.411254012123
0.523992618698  0.538827320849
0.43836450771  0.313372718066
0.628359481202  0.299191877392
0.692986468578  0.58389940509
0.491431036484  0.477316431106
0.382842473902  0.620341128837
0.407541183084  0.435345763218
0.42490965363  0.302731224839
0.427180013683  0.48997354735
0.514979801305  0.48485456766
0.559141328845  0.469287386742
0.42479828089  0.591696518315
0.374032325892  0.603323015405
0.302847744297  0.336454450892
0.48062582343  0.672824102562
0.546934063607  0.571511071084
0.447713960867  0.2997815981
0.408935232112  0.385318438415
0.392947074705  0.644280326469
0.290901565507  0.412451667585
0.399884290444  0.539938781617
0.489302156646  0.346142925979
0.391787607056  0.55911873098
0.407785906896  0.53400251517
0.344910244278  0.55322430672
0.369336770109  0.438947105245
0.542407908655  0.573749907104
0.379215380701  0.549060947898
0.494066035582  0.468634399776
0.291741484924  0.529675366941
0.50442102888  0.387140659303
0.568478609035  0.403872499626
0.477960372817  0.613816613099
0.48148342849  0.514130121495
0.431505191447  0.373925743168
0.325443325794  0.441525906576
0.280156491826  0.662857520311
0.425783222857  0.442780663819
0.347246821005  0.514728389684
0.368095380657  0.55906769499
0.345142845304  0.43954868804
0.570817394223  0.339311527889
0.435581221673  0.438699470786
0.462203023839  0.417345808151
0.467795936045  0.552302088653
0.401453507359  0.500446632605
0.518007690056  0.384717327007
0.467702088959  0.290607732456
0.511655955456  0.618059260746
0.502562733084  0.316410108412
0.443743504918  0.546095044918
0.413598051171  0.55492762902
0.58998170023  0.465867818735
0.376564940047  0.293985506266
0.440539957674  0.637483162678
0.562766208852  0.417048760976
0.715344113573  0.510906447681
0.355905389433  0.454026310004
0.430157375799  0.607312350445
0.588447896421  0.396809354259
0.45630877718  0.312579934965
0.586266004165  0.532170470961
0.483457047784  0.437874786172
0.429027090518  0.552383530808
0.485192895575  0.462960213284
0.484973992638  0.532496315009
0.330594742552  0.419764190242
0.469273602987  0.449443966786
0.570054587862  0.41669620117
0.580680543725  0.597891882783
0.356707629207  0.327913730503
0.583264777783  0.573020647728
0.451581584925  0.478613523254
0.376118586682  0.719221378211
0.492619784612  0.387149559768
0.556174683566  0.428890566988
0.418920247113  0.387063702347
0.45159245114  0.452404767962
0.394926055796  0.444536918703
0.635299478355  0.569272788971
0.370515437292  0.281452940157
0.49625965277  0.502063960284
0.587937743512  0.537739201694
0.513581798289  0.538097475447
0.538997486206  0.416648042932
0.326333987551  0.434196350196
0.5560732774  0.360265080787
0.671139293545  0.557502196615
0.352959166029  0.542486123083
0.603536034705  0.482473522208
0.482758494585  0.551797798142
0.361366450266  0.523026983202
0.566969276875  0.39609508338
0.564622629823  0.43645829345
0.408650463538  0.504905511214
0.738973087078  0.425176825386
0.306194190453  0.622294473664
0.630423088834  0.471926236883
0.60330673464  0.415729437927
0.566703489239  0.413691445913
0.615976244089  0.337165462986
0.458224249491  0.563837228454
0.55714993848  0.415507556037
0.452091755625  0.523891537713
0.382943791553  0.543438974844
0.454803677951  0.570060342708
0.361876851011  0.448418008799
0.519654223667  0.61821515162
0.510428727395  0.404731993981
0.63174924829  0.495130474282
0.380773860867  0.54068126933
0.50693359111  0.507422798981
0.409619693486  0.602348919999
0.624594347378  0.610152184336
0.383084249082  0.377255746451
0.464771314687  0.368036841475
0.505115728483  0.708892587183
0.370510149055  0.431292164823
0.485472908514  0.44758181147
0.615122500394  0.564119715443
0.446975566727  0.20955489783
0.386959950477  0.571784870111
0.482115441859  0.531082903674
0.551862608938  0.303196885897
0.374972730867  0.576574493009
0.535057224716  0.252974097071
0.608713349439  0.493818300652
0.647249560578  0.484062989462
0.595233961808  0.54554274119
0.30878581386  0.570960547547
0.260429350434  0.44375642165
0.372220018021  0.63040470659
0.535265324704  0.526384194759
0.460855139094  0.408765026074
0.507975225015  0.372256891477
0.457808831989  0.53943077994
0.404963694101  0.474602858388
0.557059833342  0.407342092498
0.459452248425  0.427108453662
0.638853551121  0.526180336725
0.496447790442  0.371050817621
0.440307604244  0.449304871992
0.468822973636  0.455990882083
0.434904361716  0.404584944111
0.416178844831  0.384008489013
0.551556649652  0.463529021411
0.536596869266  0.418138368586
0.506651772257  0.577403675913
0.483115828393  0.479781955253
0.500326568011  0.517740873388
0.620127973236  0.447903057145
0.368647916015  0.578381320729
0.461358809485  0.479168520288
0.447925445653  0.575467263439
0.567922343756  0.530385175415
0.428190199804  0.600000976859
0.433985634305  0.504728797463
0.602230286202  0.390303852981
0.461482849454  0.445869597637
0.512537185104  0.409621938528
0.524854753914  0.416277107653
0.568084528343  0.46087194998
0.606227817497  0.613620739598
0.517700642981  0.566506512475
0.466560405875  0.601581763053
0.644163660721  0.438695343369
0.365116866504  0.688377354493
0.543539336273  0.520235623527
0.313034600644  0.546375211487
0.672877643359  0.551217449914
0.399657605749  0.299322051109
0.472154006277  0.532154898874
0.71990586288  0.489057874743
0.383451666697  0.53123339071
0.525579463001  0.475712139134
0.47903955062  0.464613268081
0.635189203867  0.661101188418
0.500766525827  0.478858696731
0.538660163196  0.345165176394
0.533760922555  0.436207844374
0.464590594873  0.669146758642
0.37937542364  0.531990959188
0.487731304823  0.393924656809
0.434825493833  0.485530425181
0.304603426338  0.492117255357
0.604180360949  0.337468221991
0.596064445285  0.374070103639
0.379184250234  0.487040539975
0.461641565125  0.513220487465
0.550413081337  0.441521701122
0.5789878496  0.481561708437
0.501167263186  0.385346127149
0.510386371489  0.433072189609
0.345989280821  0.475007531734
0.546763538727  0.60480401127
0.464979068084  0.385711763804
0.579294848351  0.461545054989
0.385444411471  0.502729171002
0.436900265367  0.430353827875
0.352344252675  0.515574366521
0.524772642392  0.418293546133
0.507876874933  0.420328982911
0.583248528552  0.364982108409
0.46796191608  0.520640492296
0.55592502857  0.518718815288
0.540375260523  0.515602466897
0.432421785358  0.427641540741
0.561291582946  0.365934148636
0.584085286797  0.41779322947
0.489129444266  0.516385969701
0.323161075864  0.391505464545
0.705277781321  0.724963146018
0.271271500823  0.458632005631
0.450328992117  0.452112094259
0.505359878694  0.49899921654
0.602441476735  0.804519446815
0.394788403724  0.453024375841
0.714195172291  0.436113079901
0.408718455063  0.478914605137
0.492572644445  0.400995320343
0.683866498574  0.401349206299
0.472096742128  0.38235206615
0.259003571987  0.402530669166
0.431201928597  0.50707908247
0.493444424895  0.740063659485
0.554367009336  0.495145105406
0.378976274516  0.362132444603
0.435136085412  0.401399307663
0.512762000732  0.525657668058
0.548979349743  0.59134970704
0.351960397422  0.373578038789
0.553032287413  0.388722645252
0.555179380863  0.411867067659
0.496061034354  0.529841688003
0.62105523076  0.423770440154
0.462534860326  0.390368336036
0.372035986716  0.705257004491
0.551161712096  0.45004941804
0.360090247565  0.569530686386
0.512770865401  0.357546229526
0.492160541658  0.597665924493
0.429709852768  0.490294221693
0.347049619525  0.522528756134
0.589022152013  0.396320522068
0.411859170679  0.534308100476
0.545327459804  0.555763547262
0.39100588233  0.615102934433
0.495944529496  0.372541843954
0.439696273629  0.55455439769
0.34801451626  0.353528529349
0.36565969336  0.501028512985
0.375588024574  0.302397836772
0.406851124843  0.631753745108
0.62379339838  0.454315971516
0.536535267676  0.295581981154
0.435658161791  0.514022695734
0.313606814678  0.431994758112
0.501261818116  0.382973990124
0.54771978253  0.425187138465
0.232415917908  0.560611819915
0.510253502757  0.418214828509
0.480304035486  0.422994507051
0.459624085873  0.621222815246
0.445240622968  0.49695841408
0.394117159831  0.427234673693
0.583056470502  0.467012162832
0.486873120178  0.494649244754
0.461177547689  0.530682258436
0.657631473786  0.454365855729
0.51369216711  0.53237984647
0.560966503352  0.47044420556
0.530733136092  0.502608437399
0.478937077787  0.553540440859
0.483659618024  0.471969831123
0.316017310237  0.465015417411
0.542652363357  0.581558205795
0.624530763795  0.317009119469
0.576253476266  0.388457071328
0.515916685749  0.548813975612
0.515345195891  0.567938479749
0.463178612943  0.501924004383
0.397527219635  0.501340648008
0.482887719669  0.412951200968
0.535387584582  0.453509342035
0.425363963129  0.422524934858
0.630898675078  0.519174514445
0.516057244694  0.482577201777
0.372645863888  0.439778520943
0.594603332414  0.489820250277
0.417996440495  0.483064745439
0.428411999833  0.62617604991
0.555934959952  0.467807938675
0.367598377205  0.42048371523
0.495139509182  0.493831807494
0.579991344233  0.524980845812
0.439933171539  0.453245587594
0.475576699237  0.475344024238
0.570758364474  0.468141162976
0.579091006184  0.294315164344
0.560597954275  0.449267662137
0.51264806398  0.433992796311
0.386405854618  0.569453020087
0.50667992629  0.428148764023
0.377385921539  0.605895907379
0.47682101056  0.535958321674
0.658897615891  0.525092036449
0.466037618232  0.313635308366
0.430206974919  0.394862279046
0.439066628071  0.372526377479
0.490976480011  0.369886808112
0.458320799585  0.420171781367
0.58400489698  0.533340514761
0.467423993855  0.410256851355
0.267376534607  0.53188043319
0.54618147539  0.466648853807
0.459576489484  0.406493233477
0.614624823915  0.50000652426
0.245911152982  0.438726647563
0.517595075411  0.656990408285
0.522325094568  0.520279160651
0.465756976206  0.392387413338
0.374354123794  0.408928328329
0.457678976739  0.502143481934
0.490643603549  0.489337684181
0.500888211688  0.590982535751
0.541015289247  0.346819909196
0.540556145158  0.587116897048
0.610515202153  0.490426726201
0.703253463759  0.677873283823
0.591180239501  0.536304199064
0.524334063729  0.291334041506
0.484243311346  0.41897570095
0.560687810313  0.469297800721
0.457824203699  0.485115025859
0.482041261038  0.45658770903
0.499566143557  0.394881852268
0.464738539018  0.405172041351
0.568304970943  0.506197034341
0.467546520732  0.617310023141
0.73135452149  0.370490077429
0.516957165  0.328186282121
0.562090246723  0.480988290931
0.324059752955  0.338634012689
0.668014092672  0.544785099997
0.634880905037  0.449592380936
0.556727865009  0.475651225594
0.583881198297  0.500078232772
0.601410985401  0.339178485959
0.46972352854  0.499775245823
0.496227933951  0.519313095862
0.368568924519  0.653961836438
0.48601190792  0.613698832702
0.605085336165  0.366710190061
0.452642325962  0.490627653928
0.646261558801  0.464368645518
0.476691926139  0.631488363971
0.52673555402  0.438883567085
0.513509910796  0.495598521445
0.441090605958  0.531953232843
0.583830699475  0.380050703603
0.388579392407  0.195236592497
0.503195993108  0.475301844908
0.541057651994  0.431861081996
0.35029406112  0.623379069741
0.560521217408  0.39628471048
0.333622438096  0.551391641029
0.362860787616  0.600295489799
0.372681431577  0.553296799161
0.487451681017  0.357035114727
0.52540465721  0.718533318192
0.44605257418  0.573204228671
0.396957104156  0.349274734328
0.692469069811  0.556088744645
0.64328372438  0.43522495419
0.500550219499  0.446660857559
0.407393699784  0.707385110395
0.609156831305  0.643414755916
0.573688700392  0.63587816787
0.340185939739  0.455333775082
0.395081022387  0.55841201885
0.494062807718  0.54164852129
0.488516894945  0.616692028183
0.603293662094  0.420992864963
0.538856594512  0.560063639798
0.352277122289  0.635821733669
0.498112638731  0.366294140204
0.308790071463  0.535075425433
0.428633661584  0.314506906184
0.461537973184  0.486584243783
0.529308559358  0.414286601996
0.35459896815  0.567840929307
0.465901530145  0.44398618514
0.300968954794  0.475273465423
0.421470836052  0.410910230604
0.511632782699  0.36786548226
0.336167182988  0.682340834701
0.539963447096  0.535350705529
0.39517746526  0.497208382539
0.464940220025  0.487593912949
0.5676240698  0.557294747041
0.627586513485  0.429977803749
0.556635409732  0.563493480467
0.429396604768  0.45196382857
0.622381921928  0.360379925242
0.521235622004  0.46377460062
0.457491489007  0.553697655938
0.598949689409  0.454634637802
0.464800633402  0.608982193348
0.623713737004  0.655776178257
0.383538128251  0.484948096645
0.426900738738  0.604427355934
0.422575158263  0.555130875103
0.709287680864  0.365073255446
0.482308074702  0.38280007061
0.509913067907  0.565485097204
0.444031972116  0.417488165929
0.400086926096  0.540097349496
0.368629194602  0.305844881229
0.520794633936  0.482170270634
0.330385476037  0.575854744105
0.458871296357  0.382594116244
0.32353787114  0.476456349002
0.437202417628  0.571378325123
0.632603299514  0.372723867064
0.526127263893  0.50216602905
0.512993039394  0.629289844831
0.632449240139  0.399071267147
0.603884673535  0.482510712519
0.416740692909  0.524785159704
0.351268708618  0.323039754775
0.301814549726  0.268932367303
0.414196513477  0.312091101359
0.475769440611  0.748010292666
0.377188797341  0.364879186832
0.384141863187  0.539137364454
0.535331957996  0.481117043036
0.516157352466  0.455471255555
0.346740817884  0.606727686746
0.473902073531  0.479646564231
0.390849879575  0.592222027485
0.56615400761  0.655264236092
0.495613793152  0.493841663181
0.453399102805  0.444332940487
0.622385131273  0.626619103379
0.573908095693  0.503111765483
0.501535625501  0.628558371562
0.367670701696  0.41649098363
0.549967387717  0.563592613985
0.364149550371  0.379401800933
0.568637903763  0.579604739288
0.510387864251  0.445572855836
0.636440659291  0.460971050363
0.56425208011  0.540203922796
0.574623806116  0.425372284259
0.372862022786  0.690047924906
0.45055161294  0.502482007158
0.456222334927  0.300236183623
0.380129400479  0.238455666007
0.455805149972  0.406828254919
0.480521440819  0.404944273686
0.495461124157  0.441842646857
0.577920339533  0.42367314381
0.444683632207  0.461407686953
0.354376008927  0.419091226054
0.495700027  0.453602927618
0.514974854711  0.464593615518
0.494423035099  0.345959086488
0.495948167545  0.335107967508
0.507518887849  0.434401370877
0.415401053925  0.556023166769
0.622827187647  0.43761617777
0.479895528519  0.489452413834
0.633705179596  0.547303663532
0.321482004146  0.454805113511
0.501486083853  0.34312246777
0.577383842667  0.512670207051
0.42519035933  0.567065512485
0.675443327312  0.454265140421
0.51784084056  0.351902362074
0.550503765976  0.563554399744
0.5852717199  0.531222478674
0.481988715343  0.42957050749
0.452703111375  0.57295385772
0.484535060534  0.33953934052
0.423301227038  0.50908205795
0.548717554925  0.527895264072
0.353812259577  0.564285129015
0.403010436404  0.382749211499
0.672927710346  0.565696928875
0.629511919709  0.59286361245
0.554924273974  0.421878103457
0.376784090183  0.408834925965
0.633274655774  0.309512011208
0.6953074426  0.622106286757
0.480507517197  0.600974684295
0.362314185638  0.382811263264
0.35902416129  0.492986563135
0.518567321378  0.473948140356
0.488363493636  0.575191349775
0.449056744  0.645236226946
0.50082786148  0.757422977129
0.508957366819  0.521792111239
0.360844693496  0.549123590452
0.511114365059  0.429603934094
0.585785417767  0.453444602539
0.348453058004  0.41882440312
0.399326320323  0.487935461596
0.739744592192  0.765102157522
0.493727626314  0.49641923002
0.536715401451  0.515444441369
0.362675296409  0.530560881092
0.449781757613  0.396966137835
0.53021549618  0.5768575985
0.40815737608  0.306180027973
0.478602122623  0.532452452046
0.431103776169  0.491477813433
0.478696702819  0.609560801752
0.512617697171  0.389734337167
0.400470544901  0.589435769453
0.435942242032  0.439546429634
0.430338226168  0.326514379847
0.519625200979  0.262362109895
0.390267494492  0.560780820497
0.508486132127  0.553305196556
0.470966569137  0.630568765414
0.323554437517  0.578001886128
0.509709043283  0.340472663041
0.319066239003  0.453786500063
0.455354250703  0.60530554069
0.333327763606  0.40187363489
0.307869641683  0.581024659643
0.29157048629  0.336035239019
0.489021460962  0.41068320948
0.644450372199  0.448874126458
0.411297823285  0.340524246865
0.411279242524  0.445214158021
0.594263138399  0.571562563179
0.343543669456  0.595590861117
0.472334743021  0.404526780896
0.623001539883  0.344385516652
0.473940167398  0.432192719652
0.393538565942  0.668935850331
0.530165678655  0.416945426164
0.427380758593  0.538562750907
0.37356788409  0.55408309868
0.330470160532  0.597979297294
0.493453678327  0.455866110564
0.457287148297  0.435090281839
0.451980761219  0.609706390287
0.600436389366  0.52140039118
0.606752195914  0.41201157328
0.426696250359  0.454872810683
0.256260717914  0.573361149624
0.361537574671  0.510001121633
0.368464076519  0.500255648707
0.419185208788  0.370514388927
0.537733829211  0.499931775151
0.468439642261  0.509226282647
0.483493262292  0.464239114294
0.512381990712  0.5692398203
0.610023864294  0.215723966076
0.634038909835  0.377502144416
0.539924609577  0.415371711018
0.286057156188  0.425746348406
0.400908130436  0.639362958066
0.362115401736  0.652462960314
0.432111739281  0.448804621213
0.397177772215  0.472481146867
0.394502151148  0.378157010513
0.251497397877  0.384638779899
0.585683720428  0.592304278154
0.454879678468  0.399821304179
0.479702122679  0.475858948639
0.465787230987  0.541407171932
0.374524388673  0.53329850829
0.639036284092  0.501640034202
0.502207038768  0.529133300569
0.466902890104  0.542986593138
0.410985508941  0.396125036355
0.358758300391  0.36761477949
0.447566168536  0.756415287001
0.409903102521  0.42030433705
0.24612219574  0.513167596486
0.612408768353  0.545138986195
0.538381723304  0.481188881239
0.464548319006  0.544669245551
0.399560316892  0.410736073214
0.35692870648  0.438544503618
0.584634745733  0.524629272753
0.222086658964  0.416357634284
0.470647301076  0.646418894703
0.568352787874  0.428115361759
0.516832561905  0.425086367519
0.325599137413  0.384315489236
0.612309334787  0.510662278267
0.426928337353  0.583694207714
0.330415122184  0.188575436795
0.604083208446  0.742223754834
0.600680257269  0.347205403332
0.41651572423  0.383303921583
0.379310905701  0.419493954789
0.632284906157  0.31514211708
0.538022369837  0.425830413611
0.535685547876  0.450521496221
0.379127242705  0.458746021649
0.474100997103  0.4988363719
0.602732689166  0.489359826699
0.581433268792  0.497610834779
0.540973398135  0.548574461965
0.43265371739  0.353556026103
0.523254545544  0.472539696232
0.578289235317  0.402680054524
0.529443630811  0.320912133192
0.58556522504  0.57013093024
0.569145567713  0.494008291809
0.414810960485  0.549526730889
0.491355020253  0.495569205342
0.499324603921  0.465790626411
0.550004917213  0.520073961669
0.42271328055  0.516916722254
0.572312547951  0.469756642522
0.677607968632  0.499386366203
0.531794408731  0.534037886339
0.60091271171  0.600212368049
0.291352632973  0.648902762959
0.45217723469  0.453511455773
0.495761310927  0.541869517897
0.505701132306  0.560617239173
0.308650735603  0.480994953154
0.467791460254  0.377341467955
0.588554944454  0.438981089189
0.507238601401  0.605935534105
0.599195229875  0.616860599351
0.444946482223  0.411732060483
0.494283182415  0.337685488856
0.438307761458  0.710283926007
0.446228911165  0.513150796879
0.453262428098  0.543705416675
0.470892800152  0.475226517226
0.455430060367  0.605122739971
0.510269730931  0.531459519047
0.547814291837  0.589738952111
0.509236691866  0.459822437643
0.548150680471  0.504414480076
0.460568370621  0.606208213162
0.495237212433  0.59703889939
0.390580265552  0.5110860718
0.457095126773  0.586339286507
0.518070460374  0.649675079862
0.474936097315  0.418737285728
0.56020789026  0.399569766354
0.526972577836  0.603951102929
0.519299948751  0.623172235232
0.468269763664  0.576596549155
0.488530786286  0.415422005591
0.44083803254  0.480677272265
0.636984325586  0.495629940887
0.462122552145  0.590850642827
0.400360242788  0.486761068774
0.711689036435  0.72050406172
0.551476667279  0.4273797586
0.288600521509  0.588562112881
0.507586905528  0.325248652859
0.634937723916  0.443912369526
0.400329949847  0.441232504975
0.426632641292  0.536173719873
0.476215526237  0.684575569996
0.496658985262  0.445503241257
0.479783866302  0.556794579423
0.415991751306  0.44727829567
0.543853609375  0.450095262848
0.294867639004  0.494730925436
0.506393348599  0.262338663221
0.568471481114  0.663219905015
0.51213584728  0.636758782867
0.437940747187  0.725886300557
0.618204984091  0.390207443144
0.501182454574  0.522193674312
0.474319771751  0.469058568857
0.491352768992  0.711606967309
0.523353904746  0.536023651321
0.427016549067  0.44335952024
0.543614710956  0.628584846311
0.542835920554  0.464190655861
0.624407528804  0.603186056793
0.706533836089  0.419818371076
0.545227973566  0.486593702193
0.500855625714  0.339259702552
0.43676847135  0.430041232369
0.523508679505  0.400453523671
0.539403159082  0.493216821337
0.5090627304  0.564517232792
0.436572724376  0.423663559024
0.365297673426  0.386995140993
0.486689698804  0.468089191309
0.428477720857  0.498595561925
0.434540322192  0.511809647948
0.528215416959  0.443912264921
0.478989846214  0.398520813787
0.561992899991  0.430204978393
0.403579843686  0.512434515269
0.417453091091  0.438461339101
0.558859394187  0.359761705419
0.539987193692  0.287544783077
0.386969058222  0.49120682592
0.459461807079  0.375909113427
0.395891198681  0.415611794443
0.586969932028  0.602132135946
0.513530727525  0.512622452734
0.435506620133  0.495494106853
0.69217096815  0.41489852458
0.427536098398  0.347163652734
0.520977298749  0.638643834855
0.741971710434  0.638659298529
0.405528322202  0.574012910583
0.409025176553  0.589278664616
0.340379716887  0.404992994251
0.341055107055  0.473874743111
0.613773517033  0.526896124396
0.343165450676  0.606216241317
0.559853030392  0.521219616424
0.492236300797  0.540062791178
0.25996588296  0.480197817672
0.545798314905  0.608739688372
0.569368017509  0.375243456402
0.514544399884  0.488448024034
0.567153435219  0.391682593565
0.49029965239  0.577784025016
0.396531690593  0.488695600691
0.502502333902  0.394183929811
0.628207501823  0.458278960036
0.529455998219  0.347577920491
0.603274478083  0.438899940873
0.338856185316  0.647251376442
0.430838970861  0.598634810792
0.473278423267  0.468419008681
0.465541941901  0.649440392801
0.408868852377  0.527814344327
0.463891750047  0.495039605852
0.465237350541  0.415872521263
0.457920740908  0.439325223984
0.457278655588  0.44245698951
0.397125469303  0.386034845166
0.51804585694  0.407526449771
0.524017662488  0.492878692844
0.643836940285  0.371893944954
0.327801677466  0.531640508495
0.454278913205  0.44133648112
0.485281894044  0.422643415146
0.429384880279  0.57577497745
0.289963732553  0.468754583827
0.517381990478  0.373380276874
0.592829341993  0.472617149124
0.434767827964  0.567692985287
0.559971900201  0.361308227091
0.474566059559  0.474939225482
0.453822539457  0.623722681349
0.607783721859  0.40868314244
0.554884070234  0.622012401657
0.433707834469  0.589090566743
0.355385683792  0.380799490662
0.415801120892  0.488633127897
0.636108446161  0.456816257217
0.453330665621  0.473396537846
0.303271614535  0.648436840177
0.561248081025  0.408616019548
0.556671984169  0.367195036418
0.493080682861  0.391851026148
0.485446106798  0.461099277441
0.291232123422  0.504904091788
0.523626087422  0.535326044529
0.60522255662  0.230649905061
0.656822943114  0.484342247486
0.567478637712  0.572417448317
0.496025120912  0.609332136772
0.516528215671  0.577395306131
0.480071712916  0.495547544719
0.426396477551  0.384564488439
0.390130771732  0.416195609709
0.338335891576  0.420309767083
0.593807025742  0.441327235688
0.541669929136  0.35541398909
0.404772230101  0.485568083648
0.427659619051  0.415349608787
0.438341441298  0.39036976446
0.590766992702  0.371465496629
0.418625665293  0.287374862162
0.519145799674  0.486176733774
0.424133950469  0.485099578931
0.477343452848  0.358606015413
0.506079494487  0.486948566994
0.432561153666  0.545941194156
0.565030887111  0.538141190795
0.377900127354  0.494250172452
0.665481356198  0.433544455365
0.471469080189  0.433163867873
0.317420781354  0.53102586073
0.287503614416  0.507147959964
0.455334600702  0.494830123758
0.520034655405  0.550278243217
0.569819017825  0.443310060936
0.390381158556  0.357972199489
0.38380788869  0.483163897693
0.509681698016  0.511316041477
0.620845503372  0.229424765109
0.567134972102  0.404005117957
0.492234724197  0.394006437078
0.498813002618  0.425580145376
0.596172409448  0.428602993582
0.48738327978  0.378882719478
0.564212596926  0.6580132009
0.339135484277  0.492720211947
0.442803129215  0.580990719959
0.336746319932  0.362549880966
0.497312636482  0.568059996417
0.564796457209  0.501356561536
0.538657034416  0.57964508532
0.339099352701  0.508238967429
0.52483293431  0.36734626555
0.474294198834  0.512881626552
0.353071294021  0.573551732433
0.402004205147  0.493856448324
0.590195505031  0.48201390058
0.541026542943  0.476846188023
0.444918745233  0.511334930476
0.44072051278  0.420495242382
0.469698040232  0.365822561637
0.695547413554  0.357668848129
0.450460235623  0.585388269083
0.416763249759  0.50025253567
0.25784378709  0.371696143219
0.731169652358  0.530163094855
0.53936219186  0.48423208563
0.374767388248  0.421509504268
0.291808359365  0.424870489845
0.62998800538  0.743091321343
0.384515874145  0.49483731194
0.44497814925  0.472627578387
0.464244508351  0.41883497862
0.436218879514  0.662510844044
0.377738718976  0.407917917495
0.467508818236  0.594964545331
0.420896341248  0.468228269882
0.33282400309  0.535593737867
0.477312712947  0.546045382415
0.426756618719  0.455377945593
0.497436499492  0.499963499666
0.487606630854  0.604143602883
0.29920368489  0.435242333697
0.407743192955  0.51667693927
0.481638392942  0.587684940622
0.236956875071  0.494740121948
0.439265351148  0.559082729032
0.35955320295  0.735948101378
0.492313642248  0.469253055587
0.585235416214  0.322606582882
0.392019524905  0.332513135402
0.53595305944  0.405500663065
0.4654285195  0.451290002919
0.378861378514  0.763712497726
0.5770805893  0.505752516999
0.608933066828  0.631727210442
0.458469616286  0.470115501553
0.38426542901  0.544056712881
0.555641036224  0.541483175035
0.530967039208  0.543965300766
0.54239262542  0.441904678638
0.279260524795  0.434642400337
0.549722879743  0.36465830316
0.554641223167  0.703051097083
0.387113329325  0.578129162911
0.575646769007  0.495359222647
0.497926407186  0.532256732632
0.620736734025  0.437572561401
0.736649837387  0.558838651978
0.334186503172  0.716305550678
0.522425491792  0.484624306297
0.456792252289  0.506852275177
0.538281740833  0.405144689657
0.577163780213  0.348896926733
0.626664429222  0.487739059767
0.387576918859  0.44801821357
0.339596533337  0.611587982454
0.585573754144  0.639035621945
0.475080769641  0.498281566936
0.509812435096  0.383203022782
0.443851531794  0.414421776619
0.560152300451  0.400943283654
0.682472353549  0.362772346097
0.434431974087  0.370525356406
0.306156875318  0.493879964712
0.473995107898  0.277944121576
0.394615563497  0.38046701925
0.486621189645  0.480675644502
0.539288185586  0.484939471416
0.490631735474  0.52928463536
0.481242233924  0.342917913463
0.321997185853  0.478603953079
0.499670863072  0.27486695955
0.528215491057  0.37298298852
0.386790636168  0.534737689649
0.592179255697  0.426476084485
0.532505244761  0.414181344372
0.54798631829  0.593910304935
0.466590806853  0.394602191969
0.383248557351  0.51492920867
0.492524661038  0.621172714148
0.469889872271  0.402315590507
0.459880911497  0.463095866919
0.435066431959  0.526648458008
0.303962509097  0.54535676319
0.628110927707  0.55478362157
0.420381704107  0.340905483581
0.512600827444  0.484798025999
0.364704182447  0.500844432692
0.342785928053  0.496044465716
0.480113930549  0.688862870994
0.344961335866  0.611131204345
0.368308167928  0.322846403365
0.614163656553  0.373989532751
0.470557961251  0.571704257611
0.476740227305  0.483235244128
0.688799808575  0.543254980398
0.553581473063  0.418415840697
0.462683295729  0.577806209775
0.245617561654  0.315669944043
0.430808131869  0.538030099199
0.282015034548  0.507910529083
0.2985840614  0.569057502119
0.34307330716  0.36847935744
0.700972274403  0.40716299844
0.237880557441  0.416378251299
0.56900226361  0.415516582105
0.691705542458  0.481635381971
0.603537745216  0.505546673284
0.473267749267  0.433210658352
0.309170938989  0.615582080663
0.50366309264  0.433987585619
0.265763507156  0.607752595614
0.34518413991  0.592681122197
0.390544578554  0.526783163112
0.284886463207  0.620580676308
0.38336486236  0.431177869796
0.359560333139  0.509967318295
0.394381462967  0.520826656053
0.580247569185  0.583162998179
0.628934034675  0.464951999913
0.355282774272  0.510322235455
0.524465653741  0.57545511135
0.288020413892  0.637080195511
0.496720774815  0.668390438285
0.572169360071  0.455465185488
0.502102560507  0.482345089784
0.459587989329  0.599264697684
0.542049591184  0.365468715926
0.384972811853  0.619964933115
0.493732163099  0.645044406957
0.61074804129  0.404694143175
0.478397764398  0.458993118818
0.589003845009  0.418614211191
0.482977255218  0.578282304639
0.4365722217  0.560154789104
0.571119020503  0.486163924798
0.453386965721  0.399561193739
0.432285137804  0.314440818769
0.628521726528  0.667590757177
0.686465482214  0.684939894703
0.460377605709  0.484346288044
0.405924539003  0.448397557059
0.46160147688  0.488144256864
0.488882185661  0.57406351758
0.637198637238  0.299540885142
0.69233358173  0.552701132788
0.39295405427  0.596407633939
0.275688653456  0.260336113478
0.55590910451  0.491649949739
0.377915354714  0.380782381986
0.468225154303  0.587787353136
0.500223555544  0.468325252169
0.389462546748  0.52455242667
0.387075406669  0.526250820318
0.326473695371  0.685195304275
0.566218594843  0.479911227783
0.40750817431  0.467858091097
0.416039160388  0.630008009469
0.4698156464  0.583672845839
0.430434472799  0.553210071111
0.406246011159  0.480591425616
