0.54364946877  0.56159910555
0.516743875649  0.496460835714
0.421638106112  0.441353468516
0.579085597831  0.392433116211
0.454941308496  0.349223381189
0.450887838956  0.422460992854
0.565739850188  0.516721308107
0.515603021159  0.39627997244
0.523500521674  0.470120911489
0.329932412096  0.57587988979
0.489981759878  0.4053009026
0.462958728958  0.397217037857
0.466372445478  0.507749015712
0.472137537589  0.392936067712
0.66851102531  0.477113295454
0.499439659743  0.677975094733
0.52254140827  0.541197922872
0.493070013761  0.433090817134
0.318627888402  0.430763246793
0.561459800503  0.490547986218
0.733724778352  0.336313142169
0.396380486889  0.569582987365
0.444020163385  0.362227558892
0.485430174714  0.479595668628
0.444867895147  0.447882295311
0.524729678648  0.447481679249
0.398992093359  0.360690721025
0.517313832349  0.406921902526
0.63876416632  0.309240233938
0.523838627065  0.574429154726
0.556596801743  0.315069289584
0.580810912787  0.330518176178
0.586360916392  0.517959587077
0.451640818756  0.601231007995
0.416715200269  0.578306281327
0.455607719081  0.486114234288
0.50435596466  0.522452028742
0.517886658163  0.530517961244
0.430416516551  0.621714603424
0.550933888546  0.313801182234
0.566453623004  0.499194665551
0.624958293924  0.487597344918
0.384304429574  0.558550160912
0.338694356405  0.445219435912
0.520661707811  0.504693896074
0.294673894212  0.490687358019
0.459330435608  0.316592127544
0.665667080049  0.499289900573
0.513736634595  0.240031009547
0.323448636376  0.395563091439
0.646206431573  0.510913350615
0.305721300813  0.383596071731
0.574151984406  0.490408213081
0.510511847822  0.526044868815
0.528538161142  0.471852983566
0.546679005524  0.395325053687
0.628971295027  0.497829495636
0.520820705977  0.4930552399
0.494383070622  0.528616908401
0.398820199026  0.623279878879
0.313198170793  0.518738517515
0.481721513534  0.294150629303
0.526440992797  0.593154470343
0.69896652381  0.534206991634
0.454958245956  0.368104056886
0.604145782619  0.648618445146
0.599300979961  0.368386030159
0.5391790402  0.479931820063
0.453456177736  0.591735969898
0.487063785851  0.412699126621
0.478083237728  0.394314104579
0.418703547404  0.481516613258
0.543503661915  0.530844441895
0.400266105596  0.243812210038
0.568471391954  0.456154522215
0.501952769209  0.425631113174
0.549005132333  0.409864041745
0.526354006481  0.50598162295
0.534261333746  0.613636780885
0.307048375698  0.441016881586
0.462757460137  0.586885990771
0.511219755359  0.591232837777
0.410486425332  0.273312120485
0.438880475849  0.490466516638
0.435034403784  0.624906818284
0.691269024211  0.637682109438
0.422150542962  0.544691103236
0.594805808508  0.464278608473
0.647817473392  0.571380576484
0.527223468181  0.559062571967
0.581421914574  0.661365884845
0.222167156857  0.556680004434
0.502501464319  0.474817307087
0.525600786842  0.425884903464
0.504724585671  0.546323233627
0.587612766202  0.584693973191
0.512260531414  0.644104923418
0.462104035  0.349976713752
0.65168322548  0.47934520583
0.689742939932  0.40192433472
0.526694134735  0.493852198665
0.358735166983  0.487216061202
0.477147606701  0.484577152544
0.669720501455  0.383695879376
0.518534481334  0.452175820159
0.53078846519  0.502376042742
0.585837734748  0.409510856013
0.544824449089  0.279049468579
0.304144950759  0.269273987712
0.361283351055  0.497992609994
0.406108240313  0.43605844363
0.466290823602  0.62825391011
0.451363348659  0.747699846195
0.509836584203  0.527154437222
0.576913390633  0.648480535325
0.544911383972  0.474751055283
0.166935204662  0.535653199722
0.334122324643  0.543716961144
0.438421134589  0.345313134989
0.39359085099  0.53478691186
0.529162708944  0.41751333704
0.415239113244  0.521855633955
0.442227791317  0.488974536189
0.559352842043  0.534631109601
0.38179195927  0.510606656163
0.666724039216  0.475268294315
0.382048507026  0.573819732603
0.592288049763  0.50888757052
0.483646650126  0.645942277848
0.45593675864  0.488832327767
0.542012832157  0.506099373945
0.678033329833  0.398767177788
0.479563329906  0.386459055366
0.411099155674  0.517681138375
0.446168467717  0.474790409263
0.64143845208  0.561560083318
0.551544334373  0.440354024393
0.263653206786  0.424374700665
0.44304161903  0.355799643522
0.529421875945  0.576956253287
0.511001164283  0.553591091891
0.648691065505  0.536302654041
0.462589071499  0.330908614531
0.37196166008  0.632003865413
0.489306968055  0.494456791178
0.488537196363  0.656805482357
0.478962432897  0.456300858987
0.535853576393  0.361392884834
0.509078293815  0.530868861296
0.536542473689  0.629280558431
0.567027704197  0.546738872078
0.549990498306  0.511192840982
0.434086350931  0.51407727867
0.444152343752  0.289407309085
0.680352578247  0.46503012629
0.481412765261  0.4578356472
0.401273997317  0.554017562417
0.445913869871  0.536699037693
0.319824746659  0.397323639554
0.507447298399  0.552439560366
0.475859698887  0.657272730844
0.423316436662  0.350370231872
0.542804712207  0.622166506977
0.526226076001  0.458366014274
0.516252154269  0.382240941218
0.512045381859  0.470228404893
0.539153042492  0.579349580789
0.638857824275  0.437615425319
0.700551290452  0.513823877764
0.464257234644  0.550199135378
0.487953142618  0.577303163813
0.213605157526  0.295998283466
0.380072623701  0.491655209467
0.493651410106  0.512071957833
0.492281976476  0.329526608273
0.531576173155  0.27109530073
0.458387678562  0.522415634799
0.558977117284  0.607264139722
0.427010005207  0.502178275136
0.538973902428  0.419502619264
0.719118331754  0.470290393168
0.397162674093  0.509666781368
0.421897075683  0.384638794558
0.400799051521  0.54339515782
0.641730832047  0.387948422521
0.589211055702  0.583771635225
0.432313735029  0.390736973713
0.676903673018  0.714888817408
0.45861958543  0.644766967927
0.615263049812  0.651048092912
0.310152580997  0.588817330408
0.516692173165  0.42316274394
0.417621282111  0.509846076176
0.457622653574  0.418862206258
0.582466045749  0.612836204986
0.431530050887  0.520060731418
0.452989704437  0.457186860146
0.618093399727  0.461277483874
0.517607191998  0.567009152543
0.742829809802  0.514264835933
0.65000274453  0.300737245791
0.4246995309  0.520751086293
0.62899144489  0.374601636039
0.4567168437  0.483161520301
0.504333890969  0.481137902411
0.510183867387  0.459375506631
0.675391735282  0.493588501153
0.502884380539  0.452731965717
0.395888464937  0.509212339607
0.412974568451  0.508894854722
0.422270599422  0.540339399529
0.496308427611  0.463200687164
0.618107402568  0.405243328926
0.513986086813  0.340923977294
0.449071010896  0.709367704447
0.579624846223  0.475253604791
0.486742038356  0.491332301952
0.538585981325  0.370675320421
0.676477177719  0.526277446417
0.408008044841  0.487051937969
0.625740182412  0.481786062576
0.449112359197  0.430999158785
0.48201231207  0.405768227618
0.591300464353  0.428450548786
0.436333229415  0.338005309831
0.485374677237  0.593512803454
0.628016915869  0.559632095675
0.49154101143  0.445297764898
0.48440105388  0.095302837104
0.535559110211  0.489131994733
0.617800499559  0.382463820329
0.580949500935  0.663494821128
0.47751321103  0.339604874577
0.513637422963  0.615305666908
0.480681278482  0.743921988293
0.648468491731  0.443938001823
0.475364527253  0.46459508049
0.4821232289  0.480812883824
0.510771076652  0.425955926874
0.623331084628  0.483084242663
0.579080855881  0.495693889098
0.483290401527  0.429440841694
0.432060173292  0.5138422689
0.642294734848  0.329473064813
0.539471526771  0.593784365949
0.551643243022  0.444169992994
0.520110450797  0.463550494249
0.544150779148  0.418914387013
0.603204690991  0.62933881323
0.397694277587  0.312776892942
0.567450926891  0.554549003502
0.414409785029  0.569548949896
0.610783511702  0.378013599174
0.60918370986  0.458107362912
0.455926292374  0.599845138502
0.517235025809  0.619146757569
0.409261615231  0.562395825961
0.617942845394  0.404064580049
0.553702160297  0.473286889431
0.429065773555  0.427191322593
0.69359202268  0.571970670458
0.592891567749  0.47927590532
0.542382944222  0.348503349125
0.344857640166  0.561009551583
0.332740050532  0.309756518848
0.481026981068  0.561274258633
0.317185217805  0.588890049861
0.491322428295  0.59081343
0.407901968655  0.592856929196
0.509193506531  0.639122200895
0.463190349226  0.430397741312
0.471130319927  0.367262657598
0.600632683751  0.46230295004
0.398740921928  0.523787315559
0.377523005187  0.237700405805
0.588073854264  0.549723412663
0.51667866032  0.575425076634
0.552009560608  0.470331299969
0.702884319083  0.518471080036
0.199130480051  0.497895022657
0.359927309298  0.390271269804
0.380936482502  0.375517301617
0.494595009683  0.411838154596
0.496611923363  0.4268647041
0.446317998378  0.523435081546
0.502231822401  0.516552066124
0.657863952827  0.489398430159
0.501301306668  0.487832858204
0.557649176678  0.482187545124
0.440247715711  0.567490190352
0.402038643281  0.707974110747
0.369892823503  0.569327701313
0.675674802706  0.517934921975
0.573875086258  0.516038541889
0.438715721652  0.568949103937
0.486798455702  0.567839428364
0.586986379482  0.436731892966
0.572117550795  0.33742444609
0.301748615933  0.550780107197
0.567071316755  0.487066257436
0.488048519362  0.534651178318
0.437657203933  0.397501191664
0.457777762469  0.384473419474
0.551556712496  0.389699146739
0.425872223488  0.541897194711
0.490187832937  0.541869046408
0.631442139791  0.496042668889
0.548110194863  0.340978817287
0.48873481185  0.464666613859
0.597241406533  0.591763263512
0.432728800926  0.407534604019
0.570754261457  0.463656449428
0.495987454851  0.477692269722
0.627775085766  0.606578247097
0.51133818622  0.582140358564
0.592861020466  0.473828512433
0.6848041326  0.537685016863
0.507916150802  0.361584262489
0.556542945351  0.453132911987
0.398092098236  0.412176710645
0.516392355129  0.489626238605
0.575509580251  0.38383681656
0.463760648592  0.479204230372
0.329633690288  0.424144490654
0.452461449162  0.471616949638
0.412910736404  0.476279574259
0.669345408458  0.487345698981
0.249835842794  0.496642853482
0.554181769138  0.710028995353
0.430691669025  0.529489856039
0.624433349511  0.382030211283
0.643158847135  0.501513540927
0.636576171453  0.323388523057
0.464096976625  0.352250201598
0.585646269876  0.436130928984
0.425950770633  0.411497497567
0.48931390575  0.578789778991
0.251265257544  0.340378301245
0.437902230936  0.30525757516
0.480221678201  0.488725600784
0.494724670743  0.525044617918
0.492251835888  0.339364277297
0.525832425413  0.333575653617
0.599398990262  0.433292100253
0.439785460827  0.505860254485
0.431387353417  0.478330287138
0.566608336466  0.377728982312
0.280309417765  0.425189792525
0.384090219933  0.535467799729
0.541332861813  0.534262608204
0.642233449662  0.434708174032
0.339656392234  0.552338097013
0.404257462263  0.55617329591
0.28211034064  0.641264728181
0.628637335805  0.528829648981
0.416871994393  0.490195697843
0.599884007058  0.37978184288
0.504041948908  0.367121875627
0.519624034974  0.610632559253
0.573234443765  0.684117379487
0.511075137918  0.413230207429
0.598941469979  0.446799666189
0.478879583777  0.431093138961
0.497452824656  0.47119769086
0.441479870559  0.561261539471
0.543443013885  0.404761805118
0.442224248581  0.662280197027
0.420701076004  0.317362396971
0.494082259585  0.443083990968
0.468472097389  0.532481042196
0.534199705854  0.466722487777
0.447194964901  0.291063008793
0.486986761616  0.500600234203
0.35745649517  0.403127951039
0.630087112225  0.556723560169
0.468024299965  0.433014720504
0.617067967458  0.492850332042
0.484575419866  0.586979178866
0.557134841489  0.434114530228
0.400606039833  0.376444242281
0.47591373284  0.61129727276
0.502182145957  0.318254248482
0.752459661604  0.523526949655
0.578542083063  0.441670129369
0.517245199362  0.405171550793
0.647636198682  0.481725687761
0.583458484004  0.593175469424
0.415799342497  0.349261377999
0.414391863446  0.59611085007
0.568345622248  0.438677954729
0.504132380085  0.38312532047
0.623636783698  0.663384718194
0.482596316457  0.641873725725
0.437673960088  0.627291305548
0.635541937077  0.436381514125
0.411228635982  0.544664501755
0.413069112292  0.484018175583
0.577470928647  0.295903405403
0.482154221353  0.530423942411
0.612008216767  0.377418049464
0.5978946808  0.525974606835
0.514416904262  0.515573597443
0.463267869912  0.542587539887
0.408769480939  0.4732857728
0.726083286824  0.454527418812
0.596394501558  0.537808190884
0.509957160911  0.462045014766
0.533343521008  0.46155722415
0.626427874045  0.534573110467
0.383726956166  0.650158219873
0.514644324798  0.694964147552
0.424734768464  0.650115220574
0.718072630671  0.439431028421
0.486505654304  0.384279984897
0.585057300082  0.50621806212
0.435268436779  0.471574207415
0.464270416119  0.662452355852
0.542499303047  0.626097605815
0.489041476922  0.341933704099
0.59767266479  0.54347007277
0.602793631675  0.412726530924
0.501168913517  0.529943070057
0.471962569272  0.410819527322
0.445691077499  0.572347681635
0.578060529677  0.473930146141
0.358662523888  0.352058819149
0.47653895935  0.529674344167
0.519790906488  0.416164659178
0.653964123225  0.355525101712
0.461369533142  0.494784798937
0.464980447451  0.513571903535
0.533902183286  0.465846148791
0.393856821113  0.299625926697
0.503861593392  0.393137540447
0.396336418779  0.520015954557
0.474538459498  0.492814590548
0.316792913081  0.446431708595
0.365043254266  0.438161654621
0.64119999574  0.391798088849
0.665909091848  0.474794845213
0.431777163241  0.352264067764
0.510434640715  0.420414129633
0.543624114364  0.479185716459
0.48291715654  0.535061754388
0.503030440418  0.414223480282
0.38183056663  0.567831554288
0.496636682571  0.470466204323
0.343839273218  0.618529857227
0.31332929258  0.478494488746
0.427382507902  0.452321320788
0.417972420081  0.317364919016
0.465153084283  0.612793691742
0.50814225534  0.415361250606
0.539503374621  0.375404389552
0.391221379315  0.478989265044
0.589782724323  0.617532422019
0.462952555052  0.761024681378
0.600084865464  0.503979386027
0.605150261171  0.743675048724
0.519814811251  0.374872879972
0.472535387514  0.435674352894
0.59159113506  0.510436652418
0.39234450529  0.587062060959
0.358439499095  0.390228901235
0.599129847138  0.564508918068
0.44495676101  0.518908148669
0.509461053609  0.551361337208
0.545397051524  0.38960435943
0.27780129332  0.461840604072
0.583918037308  0.524527646151
0.551654508309  0.476938124678
0.543622441963  0.486648697038
0.763652271803  0.465409456522
0.470724617106  0.580644892307
0.319334411302  0.537220494176
0.523636583132  0.451003237885
0.477666445741  0.443285250922
0.395225117807  0.739381429011
0.556889236369  0.400950141755
0.295286120881  0.549741878109
0.414290304952  0.56673145145
0.580924044712  0.340820318286
0.692836609162  0.567772629776
0.383532479639  0.378269105701
0.597743580974  0.435097795062
0.503487588423  0.512226999324
0.383361375633  0.614082205852
0.443737379946  0.502197061593
0.405083281078  0.581763666038
0.508737234678  0.622001142848
0.385604066136  0.591372694242
0.442391240322  0.52167110255
0.39925537216  0.433863787456
0.591157827473  0.469667802506
0.31156457291  0.516118043541
0.343489772994  0.555940864364
0.483318583623  0.465833999061
0.375816289785  0.673084909051
0.387689135398  0.585290882777
0.488559797707  0.651353315305
0.399554433136  0.570853516722
0.652761392143  0.467391617949
0.556279843115  0.49464013409
0.457292754495  0.420187826862
0.50071808732  0.59934011292
0.559075526606  0.349933723041
0.497378812568  0.451462562426
0.660654320976  0.48551880844
0.26910327969  0.405335559571
0.806056788719  0.346887840855
0.616730905725  0.356291037338
0.49914448405  0.558299881162
0.416266011716  0.510764463984
0.52942987057  0.483289064152
0.423319642744  0.596411406667
0.329087631946  0.593308395369
0.574673655206  0.602489926392
0.503066794436  0.297673233758
0.463640022306  0.602815533073
0.532979664129  0.447473106897
0.502298958115  0.465994361981
0.49990377239  0.406458498838
0.513200850473  0.435795184111
0.457464355317  0.661698758971
0.593426613454  0.467476525263
0.523911056085  0.50687897011
0.251033085583  0.507460409456
0.537346807438  0.342990573196
0.581596767585  0.69203113387
0.587113978479  0.427494826949
0.668446492904  0.612699990556
0.438141944547  0.527049790005
0.552060586037  0.672418496535
0.497629613828  0.342321501596
0.411360186058  0.392513848137
0.619302660933  0.382400549481
0.504687918532  0.32180999423
0.530773721792  0.707823143407
0.522918259555  0.469307717927
0.39052013006  0.697106449874
0.354822304926  0.427037287623
0.638855447368  0.253714576742
0.358918601006  0.370921247309
0.593549411645  0.440068768309
0.51879964439  0.434855389061
0.469411577508  0.396369929765
0.557377294848  0.469980188417
0.572319584099  0.332490323745
0.517617603779  0.502493302918
0.533072252847  0.560894911337
0.447218127996  0.439432995635
0.459744859656  0.454886761407
0.557564594919  0.630107315731
0.459732119533  0.507997809558
0.406906744227  0.408445016867
0.463884106701  0.410537842402
0.549361537139  0.561791627304
0.539715743436  0.443432183313
0.564710672974  0.341189555286
0.581809743715  0.387461818948
0.637591429817  0.570077688736
0.485774432767  0.463643466001
0.713549871584  0.571128356345
0.427042934607  0.541305425222
0.600795837393  0.451458543243
0.378681679265  0.624041809782
0.420454202248  0.623878647146
0.33522928594  0.581373343677
0.599565729553  0.479073000317
0.516011050335  0.612349914955
0.433279527919  0.438055000885
0.433494053396  0.421033194946
0.62709218906  0.48127988898
0.375193476688  0.3791971549
0.492999614397  0.539754730515
0.611021304997  0.714902258751
0.782701305903  0.40067896956
0.631232499319  0.484376737816
0.576784980486  0.24317506371
0.542530215914  0.134881134548
0.567557089788  0.464570438614
0.388348229524  0.501236474351
0.587363270294  0.600087536277
0.293698670634  0.654196647473
0.568316626454  0.406418707576
0.470105997381  0.409834477415
0.366289795013  0.497841296278
0.429895363632  0.515981840187
0.584580605293  0.439607755344
0.467392658792  0.592375326513
0.371721584535  0.448873538733
0.560794400026  0.517743400258
0.658742550983  0.458202061956
0.40085744688  0.516956194151
0.571159881683  0.477414474908
0.439636934556  0.399156648493
0.607129893484  0.58371531432
0.546454634579  0.420301956179
0.355003778041  0.433588074306
0.431457877065  0.607962020378
0.588961243248  0.514803893504
0.430899594043  0.332502212388
0.450979141502  0.648885309083
0.569226595051  0.512785906879
0.392042018494  0.623698686943
0.532498655138  0.37007173504
0.522170856259  0.470346457692
0.38431602278  0.6246990065
0.555478369005  0.513946017685
0.45106945556  0.41093752923
0.564929133831  0.33051603866
0.485054564715  0.455106190128
0.383128025474  0.593501068709
0.360875793313  0.522202648408
0.596601257122  0.538487829329
0.480543661524  0.621373473582
0.631620390299  0.454097995322
0.580438126128  0.580606497117
0.720891472591  0.367174604082
0.64424200282  0.54731114196
0.42245306746  0.355222819991
0.518461123888  0.47119192819
0.700587604891  0.440577820582
0.478619528398  0.472736341943
0.765291496747  0.339182010754
0.57106774084  0.386525570707
0.654918125781  0.472783327605
0.448175938129  0.458257931256
0.533512914337  0.395871209159
0.547621576681  0.344074277248
0.525628081064  0.480210612535
0.598258148614  0.569679742477
0.503896563946  0.414688849621
0.489946379551  0.329943596982
0.413550764988  0.344635988676
0.568448961293  0.618321060323
0.451789722683  0.652479078357
0.37995050606  0.527857414992
0.693134546403  0.511553099521
0.392369298345  0.376521653958
0.506736716971  0.4082960286
0.655646627442  0.592553144874
0.45169575155  0.512546769902
0.378235340519  0.626074144819
0.352117963817  0.539274608327
0.656474355547  0.412466566957
0.511493776912  0.614543823982
0.513615379036  0.546025706967
0.395866996823  0.594925273525
0.47944908501  0.508932273695
0.693780003457  0.317081146115
0.497316295733  0.550432431988
0.677289897845  0.649082746949
0.602412314066  0.485022245054
0.291436909099  0.345835019637
0.335441985719  0.408348263519
0.464368733804  0.453520810495
0.280085085187  0.406967160062
0.315407798131  0.562676395673
0.421552430444  0.573721979713
0.483735035432  0.478015515818
0.640974626465  0.423976557197
0.581137426448  0.568066219792
0.48975103  0.437760859728
0.362715103489  0.564655794547
0.482911808195  0.577111271369
0.517566650491  0.542806211781
0.463040046261  0.293864668997
0.438473829667  0.435442922488
0.67701240802  0.439322086951
0.612322982326  0.369777137284
0.557454671262  0.538884476779
0.50156825113  0.441327404717
0.432144166623  0.547344471774
0.439318955624  0.383342222325
0.594065919352  0.362738288183
0.609089634735  0.448759331904
0.485414561191  0.43869792752
0.48564364853  0.626675345532
0.588061768339  0.416863389739
0.435018556605  0.579290230202
0.325708341778  0.54659009607
0.489406489593  0.434186989687
0.368328169891  0.289944157439
0.634922931708  0.408707442467
0.561775119347  0.565314522121
0.835030234036  0.447644910408
0.437400402776  0.446213641287
0.630317819169  0.532290273738
0.69630274089  0.447160557595
0.40295626732  0.57727930322
0.520361448281  0.576623529207
0.361129183931  0.512788151837
0.535869828481  0.602811417624
0.429400567696  0.393549712323
0.526915463763  0.441911847721
0.48476054875  0.409316399621
0.273695142653  0.585751276428
0.63862987651  0.72342064565
0.460537766474  0.37659226322
0.45395037643  0.374643704314
0.49343275721  0.612838383409
0.395660174972  0.568369966576
0.673860404395  0.206842131574
0.531586650871  0.337336086397
0.516619446107  0.366749485173
0.478036496199  0.6112408765
0.456433210639  0.616342946671
0.395406196258  0.623212593248
0.556225382371  0.412024308161
0.57065034301  0.495495953128
0.436659286626  0.579071890706
0.495733931886  0.472605696087
0.450724903568  0.463505857286
0.417608305323  0.402798827744
0.53747400634  0.497774695169
0.411707047273  0.524003762015
0.505991346288  0.448370510837
0.487166734421  0.443107843219
0.547848718745  0.573361914645
0.437431718193  0.69630004292
0.537130075574  0.338709626764
0.578976840268  0.507533661435
0.501131264586  0.469393360396
0.439687544167  0.511529351882
0.490311060086  0.378027259489
0.565638068317  0.464398008578
0.502375873677  0.322874238297
0.4783513457  0.419322916661
0.598479164301  0.456168644788
0.501693459466  0.435856564943
0.573416645688  0.575906196154
0.645471750173  0.540192171917
0.315024389708  0.688896128078
0.583104970224  0.293565733285
0.627993881516  0.520365017278
0.539674585444  0.458626438586
0.373051169902  0.72658059943
0.566882077771  0.317264949277
0.52246490284  0.591610149945
0.597327811397  0.563325569226
0.385713211397  0.635374687341
0.341065839417  0.415720996587
0.34469220561  0.678262481637
0.502625353399  0.523368580475
0.46264446999  0.437518608788
0.398700442592  0.480541296083
0.35831120862  0.313402852496
0.352239902624  0.579857240988
0.621661942572  0.466013185856
0.498480291628  0.391771830878
0.523024365971  0.371624300526
0.473143871974  0.635582585068
0.560533897733  0.527050581005
0.528450825854  0.508492619675
0.441201749765  0.498457396171
0.416652730479  0.394737735049
0.572263379172  0.430104304553
0.609397128949  0.480954880566
0.54111078524  0.506538221219
0.442823130437  0.462281595479
0.366245037873  0.444497108799
0.494520037327  0.386548449169
0.396331907477  0.548983227711
0.572024036179  0.640585699202
0.469210849972  0.441246943808
0.449890675634  0.66996013136
0.473939633626  0.454229807395
0.460159121833  0.504223474396
0.382683911858  0.360743016261
0.622612343137  0.441932304979
0.70158536173  0.433897266111
0.352886503586  0.451666638022
0.418969500728  0.61019397834
0.412960738771  0.510711299576
0.387701913413  0.619592335438
0.68119204175  0.442598298565
0.416631186097  0.596597210385
0.486066735068  0.489212610908
0.308911420814  0.258655591959
0.537126369169  0.454979192482
0.577602579577  0.481656147267
0.422882036871  0.402447832502
0.50813405898  0.435149905899
0.459675438072  0.481595198745
0.526949923325  0.589557157678
0.436592893472  0.314663476716
0.507222952772  0.566731331281
0.464058519612  0.381874038546
0.510799073073  0.454047956405
0.312289130875  0.632080193464
0.480824310432  0.485796064775
0.421760895036  0.428111886929
0.500679670834  0.468613512432
0.437632657292  0.352984906817
0.387395594348  0.48959780807
0.680814540587  0.488027111228
0.697657574951  0.59689829143
0.364753081183  0.513890886183
0.635314695519  0.518059258015
0.653178074157  0.459320374455
0.472953634348  0.415422150366
0.632270251054  0.579351861152
0.593160982585  0.260872497102
0.448419571909  0.619878077884
0.491783504977  0.377844844567
0.575626257172  0.633829420742
0.569026447399  0.452941545172
0.399895970107  0.469094273947
0.423277325846  0.50877239536
0.556754388083  0.362497103186
0.456120045007  0.461061240356
0.493108296823  0.256959757685
0.482028795558  0.738744760184
0.569283765689  0.195948804259
0.399367626983  0.500020118186
0.522211256719  0.563803482685
0.509469275801  0.37684591439
0.411241975478  0.64530238762
0.460061894683  0.484697540973
0.505994434994  0.421910887621
0.553166876602  0.58946945406
0.38237412821  0.31375265325
0.631381199549  0.418474857276
0.421232801662  0.52033251922
0.436540726055  0.527699476263
0.492272605739  0.37258359966
0.501942062242  0.633960256809
0.503456099892  0.378371872451
0.422829038768  0.395854554507
0.551369717497  0.658605842733
0.45327493456  0.436871561821
0.377913074615  0.313668239218
0.588919180969  0.460612446923
0.55592964027  0.658915748887
0.521810418435  0.551204569316
0.301014242622  0.394075876115
0.402246890222  0.327598463611
0.438057661621  0.413356692846
0.557556867485  0.418206338718
0.465513899775  0.69396168084
0.447077299387  0.550961449474
0.498250477298  0.517601991683
0.548296773823  0.502527097085
0.342743699965  0.378603614448
0.599337686616  0.526007364269
0.534573374163  0.525018701867
0.603591304015  0.55127728402
0.506250368811  0.420989524068
0.671723541372  0.45348643904
0.462150172712  0.533635559975
0.502065445368  0.558344270104
0.496260283877  0.455654259976
0.50707470346  0.561136362337
0.582404381221  0.418816641649
0.379267525819  0.272333385467
0.502384949302  0.393041549292
0.526689942826  0.501247931824
0.480594135833  0.477800532218
0.464725716355  0.514521125448
0.656345036128  0.564722207248
0.556519333279  0.421039273173
0.475228950873  0.543008720493
0.552940937731  0.292941690792
0.425439803588  0.388339068569
0.570051637222  0.589812589848
0.497501709483  0.476186989088
0.446393947338  0.323743129315
0.454298546364  0.569410232664
0.569007211134  0.621870903776
0.49391658252  0.675917352492
0.394971158227  0.514310248063
0.485099430202  0.472558837351
0.265105558309  0.540837233558
0.498418562819  0.484491661247
0.607733361548  0.603551309974
0.557837135166  0.552427813555
0.669859358944  0.410472130765
0.519999780714  0.414849920444
0.528811145363  0.606979569004
0.374784144068  0.42264101365
0.230886032748  0.365802447813
0.495799284205  0.398267219751
0.464467036238  0.376666700865
0.604104806573  0.47563744508
0.450080227578  0.503721017031
0.402184898571  0.602857144276
0.342916757405  0.446095567029
0.613122625774  0.315247352769
0.628490860883  0.614780521755
0.458786636374  0.400522655443
0.435218813349  0.608063133597
0.567132974271  0.532348301941
0.41726423531  0.29568568278
0.608328394071  0.402422298494
0.634756161386  0.389387253362
0.504890569486  0.37636783661
0.510982750254  0.443005539224
0.393995925764  0.461489585484
0.461971547518  0.471875568328
0.44442617088  0.471420634885
0.63614336428  0.582290715374
0.619602176777  0.400153889038
0.414518091324  0.363314027337
0.424018048949  0.466759845702
0.518951501218  0.459985001391
0.420884452766  0.377323278679
0.454584682274  0.5957267963
0.615612809513  0.402252452946
0.630023835525  0.659809439874
0.345285860905  0.589735857414
0.493434673695  0.357487680014
0.554031261737  0.611773901041
0.521939769057  0.520748429547
0.420630501802  0.49027452256
0.496399033014  0.654021927261
0.635100177192  0.550312710123
0.423205437381  0.495931567692
0.428491397867  0.554809835439
0.635052453047  0.476996788291
0.353579579019  0.53781310648
0.569252287656  0.538643379953
0.394522647529  0.576120692606
0.524769043352  0.520287296453
0.337160455444  0.471340959726
0.462709685769  0.421054071184
0.609485256872  0.421549084615
0.558949492648  0.424119384816
0.414371729515  0.457266022801
0.578235702723  0.529493510129
0.641552025977  0.582813854522
0.359633492924  0.577850836903
0.580800365204  0.471814727987
0.615098760289  0.460295426009
0.570714735387  0.6628187655
0.471917703958  0.45065359811
0.504101163058  0.686624127901
0.489258797378  0.418759509595
0.599562347648  0.48930774871
0.494513743044  0.451937823037
0.620648621192  0.555366385954
0.470628667458  0.463333195515
0.588514849815  0.373590572442
0.438268752618  0.327626919279
0.435776256764  0.525905937931
0.547467377664  0.446595368054
0.498056075538  0.554866255227
0.505347202024  0.349052090505
0.505525074154  0.400811910177
0.36653990088  0.445634959736
0.380345490351  0.555036597235
0.544744023614  0.639081885929
0.572784793415  0.59798683806
0.486634282428  0.268982034787
0.300930387041  0.332653513534
0.472092612776  0.562625144942
0.52076201101  0.488526599234
0.538404654275  0.393828787568
0.475535314759  0.535587292733
0.628465772425  0.367485445818
0.570826421678  0.500772728498
0.58087119984  0.605555060823
0.500700978647  0.587480642874
0.455141868776  0.446171241137
0.465168788941  0.276365503907
0.533773655371  0.490601361377
0.396456757402  0.513751620612
0.434861420439  0.53935579934
0.395860694332  0.475527769134
0.36151602194  0.504143667398
0.357044150866  0.385357422173
0.587930131869  0.532564210006
0.622692066217  0.53063725043
0.27468012459  0.51824961534
0.276623879601  0.466099598174
0.512525127371  0.360514571051
0.528637602333  0.539610373361
0.337841057167  0.443987412967
0.485709844338  0.581215273706
0.438733828426  0.458318088682
0.35728333085  0.502085022585
0.420514279678  0.743126240567
0.439775500848  0.62340859626
0.461110694232  0.539061016735
0.724934131544  0.611467036582
0.400498446174  0.521170677014
0.513013594984  0.346850233518
0.401056664341  0.563884884118
0.628898213604  0.562655073347
0.611464548359  0.48855290679
0.469433102704  0.591849013562
0.565406332917  0.581473889725
0.435329704186  0.371223917682
0.634201118765  0.292924597911
0.450042985547  0.335713264438
0.269299265863  0.548093363971
0.537102792036  0.280414804563
0.496074991269  0.463811324682
0.428616803488  0.692571150263
0.4541497893  0.539868482371
