0.506895843535  0.492747627583
0.555391470314  0.462815999863
0.386016971234  0.423266888142
0.566433183421  0.463694144237
0.403849475915  0.463853969604
0.35559781189  0.598218320739
0.487454114217  0.44950905487
0.536398774455  0.540546613539
0.489901772864  0.545570604139
0.440111651468  0.501351178692
0.663151469233  0.605649231913
0.49096106307  0.507904700485
0.565489005148  0.535983751212
0.377291677769  0.596916404196
0.430278135339  0.524437593145
0.653771159068  0.507585763295
0.421797661997  0.353120635167
0.409434572065  0.527734592926
0.421998148965  0.445909700443
0.568535646945  0.246514734853
0.446754714188  0.338332054758
0.569339312904  0.392478264946
0.585251532864  0.3320885239
0.54077321527  0.424474449477
0.413118456827  0.5608764233
0.35415487617  0.365744150064
0.462195799766  0.488990385995
0.580613136213  0.520225988195
0.558236075826  0.43613699891
0.476199758255  0.383528856049
0.385083348139  0.584779937468
0.634687220147  0.512846399312
0.517726881827  0.54400224109
0.673535992029  0.382341873738
0.523311480695  0.565804215707
0.529355576145  0.624678934644
0.512128227014  0.499871429999
0.626956095011  0.528167265449
0.452300736317  0.383869424662
0.450319584469  0.297681233786
0.56778413105  0.53252940381
0.421980197767  0.497685332923
0.391578365  0.427693092707
0.566112686391  0.532368403711
0.59121996082  0.514306661002
0.692618164206  0.314168468732
0.506988186124  0.527614319427
0.539971760546  0.535155046974
0.583665857129  0.431931773179
0.494601568636  0.346426896599
0.498302155247  0.398751898956
0.526551591993  0.449569858752
0.437372603513  0.350210814971
0.343440681743  0.606747594511
0.438759308273  0.426895330461
0.503445405736  0.369552361038
0.469299705556  0.56515275511
0.51906546437  0.285877112746
0.616809270764  0.564485000044
0.574916714618  0.289231163335
0.516557537133  0.314676706381
0.647242063893  0.659662619184
0.530399428451  0.399051210362
0.486832221584  0.714092829264
0.591346874787  0.67347171866
0.477132448524  0.600591844831
0.49584310621  0.474616421315
0.449584173275  0.401320293303
0.559157160112  0.50842728764
0.493936423328  0.444722942259
0.259042217301  0.541479088219
0.371929382248  0.585095637525
0.49784658772  0.376486317233
0.533567921567  0.444694710619
0.510310109661  0.50781921848
0.555045500662  0.523156904564
0.354817687362  0.529346910483
0.73163692679  0.489173007443
0.406989020332  0.597844173074
0.461411744831  0.340056791934
0.345713786227  0.443498224991
0.569985901893  0.395118584291
0.486033378707  0.568276094409
0.471091918755  0.544479545971
0.679170663837  0.557288990101
0.649993462933  0.471684530995
0.597784907701  0.582586423528
0.502066946862  0.590517106994
0.593069908082  0.557688223263
0.573984242436  0.437751658255
0.45747746747  0.418542636296
0.223071464543  0.504470465992
0.598950632745  0.372320851259
0.534624318244  0.342439817438
0.343193406663  0.529695367751
0.442980382451  0.425442078462
0.456322884127  0.505906697288
0.390148577157  0.544040438736
0.458617194429  0.455264809468
0.399940131854  0.399509673196
0.371124589164  0.433247730726
0.571681796168  0.550448033514
0.495286114797  0.553248642677
0.515680623977  0.45972167222
0.394080875658  0.49058654282
0.458257871024  0.350439126258
0.601004079548  0.516905063379
0.574176824237  0.530310217512
0.48894361967  0.423878931811
0.369354303319  0.438689934864
0.461964653564  0.526207032586
0.505574803691  0.518773820369
0.517737014211  0.422819857813
0.627041972005  0.633935715885
0.624839985362  0.30295374397
0.441691135766  0.571203059491
0.391950960358  0.585277371557
0.494202314211  0.455585744763
0.420383230761  0.410308922832
0.531881316158  0.353015885355
0.639972652961  0.635348273677
0.432295809914  0.381418317144
0.550048299364  0.465126655726
0.445673880043  0.750755294856
0.546891703604  0.432051085988
0.323971147287  0.54844761007
0.455755972492  0.570686788544
0.324582371403  0.574773223511
0.454162035064  0.399810268772
0.533399196964  0.680503036124
0.45637401191  0.415740360616
0.51282709049  0.526891603679
0.528299493763  0.380256161611
0.542230487739  0.546998016959
0.524198463228  0.44207584158
0.445634964269  0.447337670721
0.479612845508  0.484111781994
0.487807418355  0.589102378426
0.323275125762  0.500580143496
0.229158604029  0.484865427013
0.568766660822  0.509084631248
0.447329769638  0.682441874806
0.592061572462  0.462615949871
0.389722122854  0.504714910862
0.530787062093  0.428563709874
0.477158233022  0.576438868874
0.461427027839  0.540416788233
0.388740164305  0.630253351492
0.484653037864  0.457124675887
0.645151017193  0.63616516294
0.444711345329  0.501448151211
0.377493953555  0.651569874929
0.618468689204  0.353883992524
0.582705161237  0.319855949679
0.560092873731  0.769801518259
0.60204658616  0.480664798184
0.29769970375  0.536916510535
0.558721349925  0.551972727939
0.522278797471  0.58972311026
0.621726138622  0.533184204588
0.433089554924  0.502256654454
0.422229757389  0.640965262872
0.573714010359  0.684981531802
0.410296782519  0.512469711591
0.420210321404  0.598802880792
0.421258598445  0.621124732393
0.650697021628  0.432918996052
0.493952052403  0.52958900642
0.445438171576  0.620101934225
0.430380179238  0.26069708408
0.63355970511  0.583136127648
0.751651697465  0.435733719383
0.48505616038  0.62841454851
0.511072836351  0.529945125071
0.479188324451  0.341288486192
0.430550667346  0.525988465338
0.475890905399  0.417934343771
0.262781647695  0.729691256897
0.469128571096  0.538405467141
0.511352305132  0.541202964037
0.28326296269  0.477957225917
0.639565978266  0.506721310375
0.531941580337  0.529728024056
0.461100697858  0.419704806868
0.582038176535  0.51165035554
0.518685541651  0.572655331346
0.581324377536  0.375465656664
0.593037336106  0.584698060973
0.574041166299  0.554633465285
0.714996062522  0.617243331542
0.557649427995  0.496711045157
0.370882800015  0.471420109398
0.409452149469  0.436582010167
0.590514955804  0.291186336893
0.53642413596  0.627413091868
0.517347052757  0.475623798861
0.56381955962  0.547758284984
0.474039839509  0.42910875556
0.271002658004  0.495329244153
0.518673354689  0.508453811402
0.558313665044  0.518015260632
0.60426236618  0.537194858616
0.463041307561  0.56477353932
0.368613304792  0.524723786014
0.678792732622  0.509085982524
0.568216516657  0.524665227519
0.642117491286  0.430725811083
0.636970623428  0.349687487063
0.596080865341  0.420780095334
0.582255055896  0.639986439702
0.418293896771  0.372502091922
0.524662746326  0.515164435442
0.522802535199  0.459954229522
0.473782203564  0.572849462863
0.42938906874  0.564119492925
0.473055556044  0.45234881408
0.521383525874  0.449541454733
0.571605585938  0.531201006816
0.442634950727  0.562067093781
0.677793995378  0.462810042029
0.67278744671  0.490197706497
0.435183160378  0.520057784198
0.492181172573  0.549816006234
0.514569369029  0.336156547148
0.498828463955  0.557131226813
0.356319822994  0.574449776828
0.494683624477  0.501782035113
0.336440337673  0.631649389064
0.394120040442  0.306220909557
0.31028998711  0.592087114047
0.513625778907  0.473556219612
0.316421515857  0.324584554854
0.565145938081  0.494588582813
0.402218343515  0.600712880017
0.572438897859  0.68397977198
0.43737607964  0.254445897387
0.55270516335  0.322937148015
0.44504699259  0.60787926666
0.386321073893  0.446310455628
0.71434348017  0.540805495071
0.52269452003  0.404170866775
0.37079839669  0.526441268038
0.513165653672  0.606427952185
0.403901414275  0.481887477783
0.599547019274  0.593305599382
0.562621791725  0.76472049279
0.435804882496  0.68563163847
0.422598115104  0.377935824225
0.508805337321  0.654267433163
0.547044961438  0.626948727047
0.618160490877  0.485639563391
0.424235951303  0.335234539225
0.555551271012  0.393182543997
0.404342632115  0.39857278825
0.346031736693  0.611732603311
0.530488892813  0.436767899294
0.633877517052  0.524973698667
0.54331942615  0.364644500742
0.426469831656  0.408480181023
0.563531796162  0.645892442089
0.412422444381  0.543157809371
0.581608477979  0.388561636889
0.780106250324  0.419330101645
0.499081018432  0.46913694517
0.576665913753  0.398725628121
0.443312237475  0.293719173619
0.696703239278  0.544202948097
0.386625576306  0.463414611254
0.65276698982  0.606876866255
0.41717346131  0.547012039017
0.534038709456  0.593694193547
0.481800655032  0.579658717054
0.594962731039  0.46085561757
0.562943826294  0.471309208
0.497491983955  0.567460318033
0.502627739662  0.626152479652
0.503992826406  0.598676834154
0.558365899876  0.399291732268
0.605999862167  0.512206467064
0.626474305751  0.385576102844
0.408540637526  0.58854967737
0.570374694257  0.389490004583
0.447900420419  0.339618301127
0.48426957355  0.521733216955
0.520398705598  0.460501978765
0.526950816437  0.268890064216
0.57510194755  0.416948223776
0.527808952881  0.46561235905
0.449000620147  0.499543301138
0.397200183746  0.54349791805
0.517649901577  0.342083084792
0.632660030156  0.489422940355
0.534088021166  0.586322317659
0.524851154186  0.37323804299
0.330892534012  0.410443692339
0.500006570596  0.501783667701
0.446251393725  0.516493759651
0.414398404935  0.590158737013
0.59940034196  0.654171174284
0.533533692038  0.442952961796
0.581262824436  0.340279119137
0.621974072866  0.304916084825
0.510515316504  0.520510896941
0.538567592052  0.405769854662
0.606960455606  0.447135305464
0.625948386009  0.550701153729
0.289087678709  0.537644604811
0.496287338959  0.506667361823
0.454639258742  0.564076869646
0.505996523422  0.346876441895
0.594582584582  0.564176335574
0.541405490789  0.589277161967
0.467109220415  0.620169295209
0.604070169904  0.632626075609
0.44736024289  0.305463697575
0.397363796167  0.412182014867
0.410426744489  0.475470927336
0.357959524882  0.499598926025
0.411243587994  0.432010338412
0.517508463352  0.302845296294
0.470122690609  0.301136713258
0.51376061748  0.644859371048
0.320826085897  0.511303996415
0.494194251281  0.481124083785
0.704609730933  0.541965973323
0.431605705157  0.498574506525
0.499952256796  0.674656331212
0.382597669894  0.468263393523
0.402088421808  0.580420262826
0.642876667767  0.671989898004
0.538962840601  0.389113032121
0.507058851474  0.477872667637
0.382125986937  0.606184726766
0.603141052004  0.522915046251
0.534990430979  0.555961972348
0.310355512112  0.434267322163
0.448538541937  0.338977466439
0.559494827915  0.324378620101
0.34288873971  0.588500487663
0.43708210945  0.2545153478
0.405067262351  0.451194836315
0.616125807196  0.675703762294
0.389304850609  0.469558234149
0.265075212363  0.489977124944
0.374496513953  0.561119283657
0.57030602856  0.507038249254
0.453350588765  0.411874730498
0.569409845937  0.450183409536
0.440296372875  0.438574276451
0.670547623607  0.42963614928
0.662086298479  0.5605856091
0.51754765072  0.647211730874
0.510587320901  0.494643393812
0.548971356097  0.556681320189
0.509943660239  0.602559173389
0.489549158168  0.686652522186
0.532466776127  0.509232602323
0.401432466008  0.569015244587
0.422571232241  0.436838167032
0.389663682966  0.363463560779
0.475563969845  0.332674808176
0.515009785853  0.57914214443
0.611983177754  0.468022681789
0.576661848259  0.308412601253
0.49718449399  0.515092249431
0.602280281421  0.312090249235
0.410856026604  0.498319346197
0.616032854587  0.577408198778
0.462617677678  0.469397058167
0.66458259213  0.60371981725
0.481044560938  0.399082258915
0.586628006436  0.302941636331
0.477001960332  0.362375795287
0.446854308221  0.436268260197
0.342976217989  0.549285274689
0.601695278292  0.588449596016
0.403377957301  0.553815522526
0.421616372075  0.438086045611
0.560271343116  0.491292251793
0.419298104185  0.513069340223
0.290202995035  0.704754414129
0.567559390053  0.438452531941
0.599451446819  0.574644381386
0.392360135776  0.47036949094
0.449015905923  0.627149148464
0.569819054124  0.273781198407
0.579191361203  0.681399866258
0.30829204347  0.416201378062
0.454693971365  0.59588468264
0.342286402239  0.556393693196
0.513728990936  0.426719328139
0.503835081309  0.388543261033
0.511110725122  0.517915654163
0.591159008137  0.426123881344
0.604218992167  0.518158095541
0.484666823115  0.404062075484
0.583008325698  0.568139964197
0.400592664421  0.379546405713
0.549126346757  0.461464151134
0.508893563239  0.552533385864
0.415087777953  0.456412858104
0.425066785639  0.487756170666
0.570652959992  0.609916870148
0.366031729779  0.42708047888
0.448627738801  0.499075562419
0.459104388229  0.609130827223
0.436925472722  0.448462180674
0.634682374903  0.411763981965
0.320579821656  0.345332312165
0.372915189633  0.477583321682
0.498129075976  0.364846003876
0.489334938335  0.549698348975
0.486130483538  0.439072084027
0.655756176831  0.658842333105
0.484876064713  0.604396690848
0.49018924267  0.55869169776
0.358687604622  0.56614293913
0.609547794793  0.576071470413
0.654305357265  0.527840061934
0.763395225959  0.584598777046
0.445217133812  0.531291819138
0.632918300916  0.522353607016
0.39369323688  0.66607132593
0.446353577763  0.516866891384
0.705572533844  0.444951366705
0.56410418371  0.374621371478
0.429203411053  0.589206566456
0.659719851897  0.519274324102
0.642004049702  0.62240687403
0.468304594849  0.498414961145
0.552567958541  0.320019240724
0.59512448795  0.534470335565
0.667076139539  0.535828475132
0.507725685009  0.644968230885
0.421013560589  0.666467861002
0.430172437312  0.508378349961
0.549198902358  0.385213917917
0.428895465608  0.469817612887
0.694445823973  0.370801459017
0.467816977012  0.761518000868
0.545731149405  0.572524064819
0.519531681119  0.836135222944
0.515987976993  0.336026064044
0.418609369313  0.490235113395
0.550828758318  0.621633142872
0.720046185658  0.412498492077
0.445876393194  0.624037656478
0.518903852109  0.447908460439
0.378252180791  0.490372274322
0.608461017737  0.330194517902
0.527476103359  0.447989555143
0.302870120436  0.625238717687
0.488888543835  0.485122951034
0.664582013908  0.603939381503
0.434209624893  0.450086296843
0.673102248211  0.617328271517
0.66667240275  0.556483823365
0.462466478764  0.512443378836
0.598485204452  0.345446250323
0.37838642819  0.578747944579
0.420348287631  0.596734192452
0.393492306703  0.337167350222
0.500081055894  0.553901252774
0.516922039584  0.410277771282
0.33943750742  0.445191394312
0.399722731233  0.373589413386
0.454411657401  0.471538301234
0.573532687273  0.65965537303
0.766269575754  0.40434773603
0.385255137895  0.608546146796
0.521242965177  0.521288393366
0.356537947493  0.622650717278
0.618500288939  0.569445764577
0.506176770957  0.475919612016
0.696675512518  0.462417437186
0.453898037315  0.692626242232
0.586974789818  0.603117059187
0.574208465977  0.53616482926
0.414274988587  0.676470230167
0.569689007995  0.471773708652
0.46849736179  0.555383082931
0.445761095071  0.331120105199
0.418340926631  0.43857789461
0.476395013649  0.783366527589
0.515310618887  0.399321706217
0.323840403999  0.493619098513
0.438937643942  0.572909777289
0.358479713391  0.427028375971
0.630608382136  0.481103152658
0.553664683761  0.437318368698
0.514183666975  0.458997447616
0.52787397732  0.541440817525
0.514872322183  0.481645912601
0.45403232357  0.558275871374
0.703790971118  0.572535636766
0.440421281111  0.580013078075
0.527095679655  0.384084758443
0.470199396727  0.532539167182
0.50093938012  0.439306957492
0.525787438918  0.54912972912
0.508005293462  0.559601460913
0.654054214245  0.529493007243
0.498328354902  0.293358978066
0.525655116086  0.585095758445
0.458831211504  0.60774046098
0.444347933045  0.480960407159
0.630973906075  0.464498205791
0.558387326815  0.418415381806
0.504468994689  0.56707914311
0.497345876632  0.528325395222
0.495053269155  0.567193238411
0.614113690423  0.437593867003
0.533128669102  0.568726380054
0.248350191063  0.462544176195
0.375333178421  0.532238005422
0.640912061401  0.342014439367
0.727228281123  0.326677394273
0.500895289377  0.595970037761
0.27114942292  0.32450618656
0.409067686438  0.460012287524
0.48504152052  0.573903476164
0.662081448673  0.595355816458
0.697368682474  0.646040248176
0.486378603504  0.500145656462
0.371375033201  0.399250922866
0.440347342908  0.57333322527
0.542850775104  0.513535861912
0.583456683735  0.479282403336
0.597409979849  0.602728099982
0.479295762345  0.583077758785
0.504382167891  0.485205877347
0.636297369102  0.485735312311
0.47757948696  0.359740076586
0.380568556022  0.45499523723
0.369447082267  0.429986688859
0.516801516185  0.540616167502
0.548671151231  0.460926242404
0.448278965362  0.45434941679
0.512692304705  0.334131128962
0.544095018389  0.47591992117
0.7185249146  0.451710506467
0.630784697957  0.485919137662
0.563726612985  0.457430549479
0.613545886547  0.679974163825
0.545275687843  0.458791423205
0.368459793882  0.384284255038
0.605584829049  0.386330266565
0.377492539296  0.446787957839
0.466709153949  0.670921621117
0.69983030924  0.59836188438
0.689477392642  0.465273566513
0.433809284238  0.373200835539
0.477382670721  0.378937423235
0.518749350561  0.565403580831
0.578344397281  0.301956176514
0.511153917449  0.389428516897
0.558421285386  0.336460119387
0.602332449942  0.39886808984
0.562977163298  0.220168013538
0.510317363114  0.682700216069
0.428094789915  0.390043407571
0.590791404083  0.510051788789
0.412607176946  0.385893204937
0.521586605286  0.438369338379
0.400560206256  0.668805230584
0.562590212715  0.481436111972
0.377271984079  0.486405341761
0.583165983381  0.377571780094
0.603862291213  0.651398725722
0.458209565388  0.747188475527
0.599390350477  0.511560822341
0.544373537924  0.518117938985
0.501564480373  0.512706687476
0.726038800761  0.362182135058
0.448249716109  0.473424590289
0.544045062167  0.401570741315
0.467261249604  0.54397663926
0.563844800137  0.496512696044
0.443917294645  0.421604019338
0.443682544744  0.522094871997
0.453537841612  0.407162284807
0.463810718645  0.396165466863
0.589386518237  0.560610027348
0.51138992084  0.435275911815
0.452873610487  0.49983253018
0.455792191974  0.515396310957
0.548158123025  0.608170331578
0.548529690323  0.418192890781
0.534946998674  0.460564378702
0.504551733395  0.592013485498
0.727950832127  0.503962562766
0.426943422061  0.444759530408
0.649972875391  0.456269276689
0.258289392391  0.33556756845
0.641837275896  0.322868782535
0.554447729639  0.444669523747
0.471409933093  0.504549800258
0.437817394733  0.473857725625
0.500529473044  0.482992760544
0.37675504686  0.562479159252
0.206660600861  0.384560627695
0.713419115131  0.636617074184
0.463681354915  0.459554751998
0.604160117473  0.442695105543
0.539739843724  0.592162691367
0.569381868234  0.39048656676
0.536592571939  0.255530735556
0.539276244038  0.469989826102
0.49164754668  0.614455592593
0.502125475713  0.539874301353
0.417992171329  0.595259139061
0.588004405185  0.642501526976
0.558718342779  0.373255893728
0.477204472624  0.454262520471
0.492601809778  0.472325754306
0.592566855825  0.441796268641
0.619799303989  0.457007310881
0.62798161417  0.548917425378
0.40645422479  0.524653347002
0.529637621548  0.331760524981
0.588192328552  0.53079950703
0.451340156336  0.620876623866
0.456947040332  0.307396189917
0.512365202931  0.442242537715
0.648778216452  0.641645417135
0.376740610388  0.356365663943
0.52245275131  0.403684989103
0.564109116308  0.60227335409
0.444927732812  0.494984678644
0.652130070183  0.189236994988
0.604199126275  0.626239972086
0.34977579161  0.385666070071
0.384199351245  0.396161473611
0.657860146694  0.511191586995
0.6373832209  0.540856501037
0.500896536919  0.432642896552
0.555832852636  0.474647804312
0.544742312846  0.652725045447
0.524407570904  0.357408451903
0.327628106521  0.333805284304
0.393981259321  0.400760387858
0.403060221874  0.384380633916
0.391332973414  0.481885133595
0.562857199266  0.381821019409
0.351606767219  0.450452824452
0.266422690444  0.406541656169
0.377543744069  0.448513692149
0.575656875275  0.561773794896
0.643335131613  0.537433119943
0.430996989111  0.42997799526
0.475297979201  0.496525223942
0.472211363785  0.560244140484
0.526432385169  0.414075507834
0.462237228922  0.651221895528
0.432658635762  0.488907038667
0.516199116327  0.56778509254
0.465020672765  0.514973819919
0.475114129706  0.501780525544
0.345055895692  0.49938497368
0.570398207224  0.469063846841
0.420778400188  0.35480506393
0.672435988471  0.451344344744
0.335863469751  0.513824689571
0.404076824375  0.423098068698
0.326931806208  0.372532768087
0.555051941933  0.305513986688
0.429137326705  0.508203693289
0.615032024275  0.545476647064
0.526933414624  0.335831598878
0.582438919608  0.409838495274
0.465226175803  0.406412903811
0.416662022363  0.580693086188
0.560624106643  0.709601534541
0.496874034067  0.391457534595
0.67245519743  0.378969565637
0.474866475066  0.433255250099
0.497088461792  0.612706486656
0.723414477745  0.502693412914
0.371425180405  0.618323401028
0.498310888753  0.485222841108
0.552779314048  0.420712785653
0.589868099191  0.508752364139
0.61735025109  0.632625623169
0.404536468885  0.509586041528
0.254052802891  0.433464511778
0.431079717685  0.569745680546
0.608968713824  0.509750464689
0.30411992274  0.47930607168
0.43179008635  0.459784580915
0.275070697263  0.493599363395
0.522489217211  0.584691282994
0.510664979287  0.542892140764
0.741724741179  0.289480093119
0.536836834555  0.368252421171
0.55054462609  0.503938135767
0.347881917088  0.526080907852
0.411652408814  0.571843108201
0.594382852825  0.431396348516
0.546092179922  0.362660200064
0.621304591374  0.642285600969
0.574667726075  0.556043726467
0.447930621167  0.579804441206
0.508587129782  0.547160287239
0.470438017888  0.670476159107
0.397989646845  0.535630856423
0.512101182632  0.471577048125
0.640460941517  0.528266634861
0.422282144126  0.426106028318
0.542844389615  0.430206624783
0.467961365497  0.632650142314
0.41513380797  0.380815120514
0.609845600965  0.405150679489
0.442163805589  0.555975340289
0.478897222648  0.553023488748
0.627890572544  0.52245160887
0.502468259875  0.641785505078
0.538222327558  0.615459321854
0.587309314881  0.564145573203
0.704944833455  0.463434104091
0.488588906011  0.445251579668
0.521223221596  0.484771398144
0.659240371032  0.434808846673
0.481474701471  0.508016939281
0.539851853017  0.52933186475
0.558783004866  0.489361583159
0.522592560074  0.682592657019
0.483006389733  0.531031111749
0.514951835921  0.485474332241
0.512089713452  0.493808249899
0.465191025103  0.602058875089
0.447838480389  0.422694909017
0.635579205594  0.520649025433
0.47256883334  0.417718281719
0.360827033855  0.490215254094
0.489591778461  0.562614974083
0.432483740033  0.522964187934
0.354035722921  0.484561050338
0.559496794223  0.392961122581
0.610588275972  0.720157149471
0.449485917949  0.396818669279
0.502998691877  0.278658736318
0.370123566712  0.581208948953
0.579457946922  0.41842318163
0.590531326915  0.548384161719
0.435920217586  0.557370857131
0.60731669295  0.561952612346
0.441779130123  0.390306451002
0.620298021662  0.58576474081
0.582847399663  0.558906832863
0.448421397979  0.378158227909
0.678430677725  0.523686008602
0.32603572586  0.488689599259
0.58529460911  0.613704158892
0.498457033388  0.324942413911
0.444142007457  0.397741260867
0.410903881729  0.406019470182
0.294119304728  0.661823604063
0.576107064061  0.540495739431
0.408864196035  0.506204523729
0.518753725433  0.369688091794
0.566379847209  0.417132311525
0.526039316998  0.361821840864
0.47183835527  0.418225216879
0.310817448612  0.501359616913
0.390603979157  0.625952619829
0.462032820708  0.49459856443
0.495944597865  0.607436776092
0.526955996911  0.559717932032
0.658633580297  0.36253123213
0.568727622523  0.380871468928
0.363590638345  0.777106987981
0.543698378641  0.366999927792
0.51853375828  0.570947590992
0.506397559402  0.373976894306
0.402187207429  0.386993806907
0.504428336045  0.556528095647
0.663611992304  0.538126861134
0.667292544955  0.596441011421
0.597459016701  0.592649825835
0.401311015453  0.61748600926
0.429511036378  0.363280371714
0.504813693858  0.423511816215
0.404621155864  0.545462492237
0.349004951822  0.640519031925
0.393244785264  0.487775751726
0.552328497046  0.568718892986
0.553218390574  0.455466571341
0.537616482976  0.469424091722
0.608663729029  0.388889961111
0.381710826599  0.44903017943
0.498065236564  0.305327618143
0.535644555547  0.595983688168
0.372814814109  0.682025962417
0.48877251737  0.535834543111
0.537875899987  0.464569852584
0.463641853401  0.626057899207
0.562695022623  0.537943639511
0.304225081644  0.568602748247
0.450643396892  0.423897381081
0.716613197731  0.429852682939
0.398721501102  0.362092871268
0.497886690353  0.542085885093
0.434425692183  0.382361619304
0.562334297473  0.582453593695
0.491876165387  0.454118443182
0.439799432267  0.482223445613
0.380592616564  0.606071073713
0.519124698211  0.585446583894
0.554325509225  0.424143206765
0.332543686794  0.59008512609
0.38090897643  0.482125084552
0.422301956366  0.49064047005
0.156969547216  0.657654887525
0.531770290885  0.446870192915
0.429293664007  0.463584624238
0.510742427109  0.500050510387
0.502398415981  0.40523309581
0.697026017321  0.56271889785
0.550352413155  0.406824617502
0.350168565568  0.599206088163
0.441756502206  0.636136493907
0.383562745285  0.430699053652
0.449923931099  0.716825368093
0.592706294127  0.441792040699
0.578353209812  0.635312593468
0.602249989263  0.546859921342
0.462518714943  0.412761601801
0.475722642573  0.656305134609
0.342058082708  0.631255015661
0.709785878567  0.372538758772
0.545005690679  0.497262196707
0.518434054092  0.499068969126
0.464973925074  0.577593913674
0.354100622515  0.424980758915
0.485638268007  0.709921635505
0.458299353902  0.557243909674
0.272701402959  0.548094161932
0.442744084955  0.474656995299
0.620840739341  0.718924713468
0.541953084091  0.352595638205
0.367768180755  0.562175037628
0.457185688709  0.538027108352
0.523881533331  0.580648967832
0.488449797128  0.536510733402
0.431312759435  0.658312835989
0.430216161424  0.535864399377
0.634186174177  0.433918317301
0.353968043833  0.457782640802
0.398237851516  0.371024837297
0.629983095085  0.389872381383
0.596812282271  0.4976639796
0.425902535617  0.505539756295
0.502488817897  0.659607375256
0.579840274757  0.45870091266
0.509577267521  0.416612908406
0.532513029229  0.493146594262
0.503863760495  0.513146172807
0.607986868413  0.418219685512
0.475731375849  0.38675284956
0.522266711183  0.653995642881
0.395709505999  0.54670014736
0.516865182488  0.424204239077
0.420144491643  0.412563160163
0.493918979356  0.619879782925
0.457857409814  0.47219304609
0.537588107564  0.532379813004
0.425418550133  0.611512686695
0.379494174221  0.456983860752
0.540028831729  0.45520304493
0.344639732593  0.499059596578
0.462489919604  0.653885887238
0.383149320268  0.561458113307
0.488201933041  0.513224756658
0.456467708577  0.646885469139
0.376132331958  0.462742358651
0.610530941243  0.425634681699
0.493541007876  0.400887910511
0.222706382449  0.472602309855
0.423538732833  0.517125506019
0.466583925901  0.518261455898
0.629380255388  0.338647816245
0.390517409521  0.614684354199
0.533682235001  0.343889397263
0.70824588325  0.602467892488
0.513336614167  0.691557310495
0.642988726126  0.438825709279
0.477043995705  0.516113211123
0.450328103956  0.448941774052
0.283090676316  0.497636817617
0.30766120826  0.506141807334
0.463067475812  0.41276671149
0.596795685359  0.370070556135
0.380818978666  0.701465406254
0.454665682951  0.555324305306
0.591154674047  0.4595851079
0.336792591332  0.743926792001
0.369039642575  0.460138437109
0.651950361459  0.487179701867
0.634934235209  0.373390609883
0.670220033068  0.427247677527
0.595030934406  0.472719827661
0.539602307199  0.499236501581
0.554666520638  0.477520462928
0.532521899076  0.495881976507
0.211032564286  0.364656392311
0.589184769882  0.432770844063
0.481435522047  0.412512435452
0.609905312313  0.557911409792
0.304387911565  0.45979939191
0.378799829669  0.771041130885
0.581959923486  0.658321488907
0.514068009847  0.423948347345
0.496570423551  0.554917922696
0.51276014494  0.575253487919
0.368363909157  0.36105856803
0.681110782808  0.513377932223
0.524413994111  0.583050296254
0.407083894342  0.572475378723
0.416463532103  0.272538455623
0.410527309856  0.455429767994
0.339745807683  0.533167159864
0.541566198152  0.388868085531
0.534679248622  0.443997181135
0.395823269237  0.424859024554
0.53468376557  0.578458221288
0.450773300307  0.622005548241
0.664096123741  0.430695387199
0.561780258722  0.539806186365
0.642296802216  0.518120680897
0.447666885869  0.734776797638
0.494030217631  0.440683209102
0.526111047799  0.412075062038
0.444754185345  0.37592552117
0.512194182983  0.415048271629
0.557070698924  0.554199179466
0.42867326369  0.512381528072
0.565659762402  0.557373226796
0.556435522704  0.529521577204
0.640153224476  0.422115643528
0.461656865809  0.563862043759
0.378370493036  0.468388148329
0.571069086241  0.538680898576
0.55435217989  0.522638560042
0.702898188769  0.514625805726
0.530810857179  0.498799342736
0.626656001066  0.519304582373
0.526400675071  0.593756587251
0.534251484008  0.500307554881
0.468617035732  0.487390492852
0.421987050946  0.481242758829
0.372555502512  0.453429285292
0.483700271953  0.425072961786
0.488177819891  0.360626015932
0.685147475425  0.449527524119
0.325806351895  0.639260702517
0.442777448216  0.408293728794
0.633759241589  0.36249005194
0.356282295065  0.416517885872
0.603838479854  0.609708382598
0.420924405639  0.502365177067
0.385026645288  0.595498731873
0.352290454624  0.234569004235
0.466427353691  0.511506066663
0.699138696151  0.629891702705
0.349543862376  0.645952180307
0.405735526046  0.468938810245
0.436609404074  0.57452985902
0.353795745967  0.491934277521
0.548595805234  0.458063979313
0.521139384977  0.560346786861
0.653287780404  0.380229958078
0.57458148144  0.578277271458
0.74582510098  0.324979558897
0.477634169085  0.496503835421
0.433365235778  0.335917475345
0.573639064096  0.4248411025
0.546581369093  0.442496182438
0.338381819576  0.389392168511
0.624553972275  0.643057793267
0.595355458278  0.61414598438
0.415697982247  0.459759260442
0.603068668601  0.450753351526
0.614662675381  0.388276765493
0.591159207373  0.436679361025
0.617627604588  0.57115520995
0.460083091102  0.53497551164
0.584548015894  0.521218178843
0.60839698499  0.556968751381
0.517294564954  0.495819486136
0.455980226637  0.287860551527
0.427909547014  0.562489549012
0.637376205778  0.545891913947
0.632029466256  0.555330788138
0.507627343993  0.309556006526
0.280473807578  0.323253151451
0.544113032447  0.471555083103
0.403889225935  0.568350241061
0.427316485476  0.288485663889
0.707660631485  0.55912179541
0.54621314665  0.497364017063
