0.321253342164  0.443844963386
0.522939954132  0.397546137247
0.4489213482  0.532262840225
0.494469337589  0.407564117933
0.543087214269  0.452195172685
0.394857218171  0.498025568887
0.613460187699  0.271396680894
0.474649725361  0.348072169033
0.356208554163  0.404844690169
0.459210012275  0.338978764649
0.421081234749  0.478567717598
0.519939324438  0.301796842171
0.457296862081  0.520098225797
0.523953598601  0.501947899143
0.399621342627  0.292613027892
0.509872673412  0.642854013699
0.471290586564  0.50287454036
0.308242424215  0.624812823753
0.382770132828  0.562956853428
0.393783568501  0.594921036167
0.276598500628  0.316070719884
0.362944812431  0.408797886301
0.272236045535  0.316860406866
0.416907125888  0.420145216385
0.505828215263  0.475630289558
0.480734900565  0.372430681106
0.560180486622  0.470420214932
0.380070956207  0.473206242307
0.317924790735  0.424316615635
0.427806465724  0.426288529609
0.423020324486  0.474918302217
0.503153456398  0.537144379876
0.478708235327  0.333126915494
0.331083343045  0.199686859937
0.419150901707  0.362281214997
0.526581090396  0.497125743046
0.271882651984  0.515318526904
0.490723891369  0.345174857507
0.454717117248  0.461128596715
0.376246719619  0.318333633078
0.457202184959  0.34158702873
0.446984575244  0.497655911369
0.382266419614  0.532696745585
0.316099018336  0.260413730452
0.560008261803  0.625381303174
0.618251197733  0.472964045341
0.346575840841  0.614642018921
0.680709368396  0.511082292311
0.509314558319  0.367833049039
0.343741199483  0.379042248113
0.640463934033  0.559018302832
0.347600708885  0.597924852379
0.593379759748  0.441830857508
0.395421989937  0.448024863955
0.500636549805  0.47888112177
0.412274468134  0.502605623747
0.524402927717  0.417324351456
0.345024941521  0.515914678319
0.373652730066  0.527929661512
0.545043643028  0.483463051316
0.442562266643  0.549567389124
0.598068045472  0.582663183654
0.316191149167  0.539927776104
0.390886008371  0.375149693901
0.492481990089  0.439153682673
0.43787108534  0.430328219475
0.362870188256  0.352543116642
0.539242863614  0.552160899984
0.251008436397  0.471034641045
0.438184423183  0.494325115922
0.454982955114  0.411219923449
0.339086802044  0.495832712489
0.322943680184  0.49498156522
0.395594839102  0.396770269809
0.403653215127  0.436497822435
0.66994234637  0.521813496704
0.413905531578  0.416025387275
0.324817441842  0.50770229959
0.552602431775  0.326756250218
0.294583260046  0.42311348706
0.472977511717  0.461939843209
0.458790914408  0.388248815541
0.574875083327  0.299028561117
0.566767705891  0.365578850346
0.46277639261  0.207602620995
0.374821756741  0.473442165744
0.678853740955  0.487349599046
0.412049900106  0.362351626339
0.582445916999  0.329500459539
0.514089841655  0.545621464527
0.538350362671  0.501410615657
0.475058942157  0.3791426373
0.57323838772  0.46767367522
0.412770432698  0.580305201629
0.506701018738  0.437145741926
0.514266524766  0.615147707245
0.228210016528  0.546510841991
0.367213303118  0.401633676525
0.329166622889  0.57717015752
0.595183462301  0.394057874937
