0.524244966272  0.531096216084
0.484459207443  0.317752526636
0.477686590863  0.339801869557
0.484674152416  0.400647286856
0.682282125514  0.427474958259
0.681482841247  0.576478083299
0.41849426619  0.502660984908
0.609003322484  0.590527777488
0.494789389085  0.492617011978
0.562104823214  0.482334775827
0.49479640497  0.492004942009
0.408451315645  0.401994733492
0.573756493366  0.51300445062
0.383507560736  0.498450733479
0.589157231418  0.403876024157
0.604312953551  0.676866347016
0.558832384358  0.489173638835
0.423256382212  0.470513124834
0.59599991608  0.558565179153
0.569264523662  0.399696633993
0.742776321431  0.633386113485
0.597086331319  0.406834712115
0.471823213842  0.616300171336
0.379450980375  0.27542708191
0.45298631887  0.415281894874
0.409664932109  0.593875527528
0.588422669426  0.475728054604
0.419916822018  0.380022985879
0.447616021113  0.517209926789
0.419803061158  0.558483322541
0.666479527637  0.423057160164
0.385492784947  0.371527279619
0.549878294547  0.269861149161
0.43873161942  0.483316672464
0.456675544627  0.41958274236
0.41483554246  0.330040274308
0.492015850815  0.474761998131
0.456231135279  0.467112542392
0.541772311815  0.586757309047
0.456199419605  0.55101764362
0.399480843723  0.550028758621
0.363368341282  0.503381048148
0.546131492292  0.55597155497
0.609022557891  0.532339617599
0.579728745478  0.413048961768
0.733335471743  0.562252595422
0.633847755065  0.675182162361
0.56515111555  0.561098957062
0.283862155842  0.600849980303
0.427502063459  0.517099950046
0.493584197393  0.466534661041
0.470548519474  0.422241304663
0.489435811792  0.434441776211
0.613932308193  0.490169842685
0.372081106516  0.518012166594
0.501715222276  0.437550199488
0.684822215054  0.513978201538
0.491299000888  0.520738159097
0.42040790033  0.467548291444
0.52424172678  0.42384343652
0.522819433025  0.457707821954
0.504106816238  0.482448524237
0.603757134601  0.46553216766
0.457643876206  0.486459305648
0.487363233701  0.549123741754
0.42080094369  0.430104538645
0.603258564177  0.454071731399
0.490057254357  0.674315168275
0.551060438114  0.396440178595
0.572336600937  0.540102402481
0.460859719354  0.399971163686
0.398453173033  0.493578207151
0.351257706514  0.4754546189
0.458230047908  0.462747625938
0.54154103342  0.429624839672
0.388498260072  0.361779730525
0.494340034951  0.422407149407
0.447123001265  0.319736023102
0.649868666924  0.556502873884
0.623547324538  0.57809347964
0.555151168827  0.490225790438
0.619493757245  0.4651464322
0.536210633439  0.529783279986
0.588542048704  0.484549301555
0.460013351601  0.32846361845
0.599692599398  0.291806583172
0.516007734852  0.422582309064
0.535562157137  0.551246464531
0.674910046639  0.442260320194
0.535213181992  0.198155596056
0.498377256467  0.575615536593
0.657239531504  0.414515233759
0.447767268454  0.440120572591
0.554216503091  0.686920436816
0.348785391111  0.444185314009
0.452736421256  0.548219083826
0.517447813888  0.463852185315
0.557753169608  0.313950478796
0.484223618424  0.415029794478
0.607577955156  0.451131161438
0.553690108233  0.546579794592
0.518686962586  0.502325101672
0.417990538131  0.521278774236
0.63484834043  0.540545722063
0.552504640939  0.408675688936
0.641960349617  0.614799271333
0.540565913193  0.403782564176
0.439311850679  0.374983019548
0.458640962089  0.719563040973
0.66845412408  0.589847523653
0.348422703726  0.440701775576
0.561705808755  0.436154159342
0.562578436018  0.529807977673
0.478535708716  0.349665545159
0.591194416659  0.504958967301
0.591138006751  0.436446731434
0.410369093887  0.556571298212
0.559043950106  0.594130226537
0.669730322028  0.426464340811
0.447464453721  0.398298723656
0.498238293293  0.470727603754
0.587590018948  0.573087433808
0.460060668414  0.598523001264
0.486383321325  0.477581188252
0.628868492072  0.49714592278
0.710247669494  0.59271266789
0.532054600044  0.546244132914
0.817442345221  0.524573152333
0.302916280149  0.465787066084
0.571437905063  0.585400927952
0.509231501594  0.456077824488
0.539148971472  0.645431977116
0.669859597509  0.459118780493
0.48915230991  0.688141876897
0.583069464639  0.496570214174
0.457472918257  0.532405775531
0.468282055446  0.357075730141
0.447822758906  0.289362469438
0.409725646635  0.682435202304
0.665422499774  0.24021431559
0.56434852659  0.606629081419
0.751387299453  0.536057639367
0.451712723554  0.212806765186
0.632274315623  0.416383152149
0.457692683727  0.443935313542
0.532006996784  0.56802802654
0.465287475351  0.491118074632
0.384433341748  0.368841308057
0.453401020197  0.591406966799
0.368947323631  0.666598225431
0.711955929025  0.618566293872
0.42070833215  0.474846404178
0.322219944646  0.528321373825
0.426651994203  0.444055066726
0.509040470535  0.588177318289
0.483968463845  0.467260834634
0.623567694853  0.482044862281
0.307762556626  0.633865813858
0.401815323034  0.454744094878
0.387212322705  0.462364656517
0.371794269051  0.416088828013
0.471671174391  0.464019845342
0.331375546913  0.342948348792
0.516682702387  0.527295224823
0.412683030389  0.468875093467
0.44069959725  0.288424432325
0.60970343204  0.557578607855
0.477616551116  0.516955174182
0.567956343507  0.561577254575
0.607468994165  0.450944387844
0.613613657951  0.463525651486
0.456030223029  0.55058996471
0.472144066729  0.598112814489
0.532864918217  0.541988839458
0.386007601344  0.374737817089
0.396703848132  0.356263800734
0.571869452727  0.302219060754
0.36321055329  0.597462752719
0.780861069641  0.481991615352
0.439698732004  0.549998875989
0.446970028652  0.580813351586
0.448678230936  0.567745142987
0.365226316336  0.489532903988
0.506646266161  0.428244488114
0.423608447304  0.414703741095
0.471963463502  0.528770885445
0.624919667337  0.257106168027
0.474719209707  0.681846161044
0.491219051446  0.457329144474
0.495409597722  0.344847229291
0.487405198843  0.502262403864
0.449099807768  0.389064074269
0.674090238366  0.430510186272
0.570824478052  0.529825867314
0.488854208313  0.416717792001
0.686907348514  0.474641824504
0.496225290897  0.40214328041
0.547039351391  0.596353841034
0.451396921941  0.354980962249
0.431086969627  0.509570324823
0.379702795004  0.490559076389
0.645897928156  0.519550170094
0.456815186034  0.578746577217
0.616429507147  0.440707402589
0.559059851343  0.336868259557
0.48958723305  0.494259482021
0.238078384992  0.325670293651
0.454070254199  0.434951461344
0.620638554585  0.444704742267
0.368720893589  0.406922198263
0.481019970678  0.486975833715
0.492291620108  0.52085275637
0.614934929215  0.600046508558
0.4314624617  0.686307258643
0.505535494312  0.380765343349
0.279855085334  0.346395744192
0.650300471578  0.542071349883
0.524896139589  0.3651069767
0.526414871505  0.450920286801
0.665222561395  0.515261394536
0.587829041288  0.270107211394
0.480741447222  0.416379248495
0.64480396588  0.552688158493
0.529555714666  0.448090036974
0.447245623705  0.539310341301
0.490647029152  0.722903115805
0.602102513908  0.631120877385
0.606273341328  0.606330465898
0.376644938781  0.577241212778
0.425517107579  0.470597845749
0.391394693249  0.421766583701
0.420428440148  0.277970611991
0.456867739237  0.489059387915
0.851683489418  0.525540618083
0.430871964935  0.31182204187
0.424505736847  0.322248439518
0.444194983043  0.631137234119
0.564132564239  0.297950088237
0.426514581085  0.42562554041
0.596298400286  0.478521812925
0.551031592031  0.566701174756
0.475431058448  0.274628809672
0.500853762735  0.553101044523
0.558266258933  0.56181372537
0.511415112255  0.351093000368
0.539955135221  0.465386526564
0.529111712846  0.524162392456
0.550358904574  0.443202820047
0.732324076468  0.162677200047
0.298122020001  0.433062533466
0.602594704486  0.49242733474
0.594251189958  0.58606770416
0.277566754056  0.544418009891
0.577615886583  0.418781138553
0.603208290768  0.494389175617
0.575672934296  0.530288930674
0.51522809501  0.582453238326
0.601108159295  0.490696329711
0.478531706872  0.508873658749
0.582654755318  0.437628842308
0.437545366934  0.312397104772
0.527581074783  0.497243016755
0.385100017871  0.432742865257
0.37371144496  0.251220403837
0.489984202415  0.599089176361
0.589120935988  0.575098011095
0.471904101438  0.567954157803
0.47998437094  0.497751011444
0.393513357173  0.568091514217
0.382731031806  0.440358521501
0.293828222571  0.477941541689
0.514093744298  0.617072628147
0.485790211127  0.701762201119
0.598323924585  0.388802202735
0.298605788359  0.547055764515
0.420445149653  0.449968945114
0.628702586645  0.50889613275
0.581950953718  0.529530703627
0.414450400262  0.345879270371
0.577174463038  0.580943048595
0.537246842585  0.472727046137
0.52322214001  0.351556642699
0.572772201579  0.642316973823
0.396155806721  0.282189758278
0.477375199899  0.470637148529
0.345480672498  0.49530464405
0.469488398425  0.654317526345
0.540290896541  0.501852221411
0.506477302368  0.434354108209
0.347163957989  0.428634850085
0.657331384064  0.43932434649
0.355244792559  0.443335885424
0.59270005089  0.613739972018
0.509889231644  0.303030072402
0.620229649683  0.288725205264
0.581253932081  0.419831758713
0.622883655776  0.502623847524
0.56825997921  0.465499607829
0.482841871608  0.533789008369
0.46633867477  0.640587305134
0.59966975473  0.538531411266
0.429471236633  0.404643423604
0.650999352214  0.432028449781
0.446687217799  0.395923407305
0.542419176966  0.447440647945
0.522357614412  0.320816416073
0.621657758083  0.572173532245
0.576449431454  0.526997274668
0.48240672423  0.367578457626
0.478385971363  0.605043510618
0.473085311213  0.604663457843
0.530998682847  0.596484094598
0.419625184176  0.35284955798
0.475315538312  0.518308776692
0.33004156394  0.467774019113
0.495833972318  0.485910925497
0.475670283877  0.321863376282
0.440500323568  0.443686217086
0.458064765167  0.514920500174
0.497583706677  0.42012784492
0.30087170291  0.557220005798
0.439240306968  0.61727051928
0.573643559773  0.443014524024
0.559418557779  0.450079579801
0.605469183908  0.378913205167
0.680083385955  0.778346980204
0.493617394921  0.426872965087
0.438008330118  0.46412672868
0.425634716798  0.409375226335
0.564897644049  0.624779013953
0.393293946913  0.421707152628
0.59195267974  0.259351929758
0.518979598068  0.501068067726
0.578705438812  0.439659306209
0.486711336005  0.44829061715
0.557018180291  0.358609329267
0.424275896617  0.638432490716
0.447763353697  0.580511548482
0.409534989989  0.335953989566
0.488135283478  0.498007234752
0.550417521103  0.507304478872
0.605681707725  0.351378175779
0.419288418575  0.595345613598
0.554092590889  0.430146276832
0.452864998927  0.591115931396
0.421959062592  0.474705459131
0.706528481241  0.245909678268
0.424904883729  0.401710379689
0.313267554558  0.511629151013
0.586792538867  0.539651983203
0.404342647666  0.470226347072
0.496034965305  0.354121895632
0.461963932089  0.526728653789
0.57184637819  0.505106848353
0.438016534297  0.567617086073
0.584404637433  0.448883670026
0.427568363822  0.561508537651
0.570133213805  0.45996515105
0.430093008754  0.407643329921
0.582961826249  0.444473232453
0.622084572563  0.611857788337
0.459669219948  0.401386517003
0.521002589495  0.56202025455
0.661202257352  0.486173958836
0.378234758824  0.408140277273
0.428079288713  0.650636346633
0.462718485511  0.576181151372
0.417588149282  0.44338263106
0.349727154133  0.417000661146
0.596700207758  0.503518904431
0.384040265508  0.481715302558
0.468007886852  0.549333715966
0.55696772795  0.386804361919
0.637537062792  0.352374795137
0.44567575004  0.484933990777
0.390301308108  0.408810760726
0.454372350317  0.455859550419
0.516724547575  0.6096465594
0.564762714793  0.290508317775
0.288243531758  0.676482502031
0.4908496906  0.559051707491
0.577425223937  0.27376586099
0.326326751558  0.576012830242
0.472885146865  0.504358614998
0.492136461218  0.428598673181
0.531117343393  0.418255750676
0.494015717938  0.371923971791
0.456795364555  0.394449007579
0.503076524983  0.452849847752
0.380585854925  0.249042827174
0.647834186869  0.461706975145
0.271131826046  0.403876311398
0.441655082529  0.475114779885
0.405997466985  0.494009315454
0.541014156277  0.582360719863
0.553265764478  0.544683137746
0.415906286014  0.471069153854
0.449172793396  0.463865600461
0.651591896316  0.546217813864
0.514609700153  0.375979094019
0.598402998024  0.622199803239
0.535119053818  0.514626777556
0.548094829236  0.486863252656
0.390144932609  0.374068965999
0.624953362531  0.499118567959
0.456868040475  0.363758536978
0.664546550551  0.568463754487
0.670047307294  0.404281681739
0.658848620164  0.532399906194
0.550710060049  0.391059581147
0.437129458141  0.35463428689
0.275014235541  0.401871406064
0.54437051476  0.462045057335
0.535609440037  0.51852441006
0.43721540978  0.530964782607
0.473964660899  0.62095091404
0.54930560232  0.617318475763
0.251848725166  0.52712714737
0.402554911894  0.439212550567
0.45049388593  0.603473333192
0.442896270452  0.757291716126
0.467112433754  0.517388242811
0.495120345241  0.505699683558
0.776512799049  0.610175296789
0.513863615416  0.410623349722
0.362065999362  0.533038921118
0.41504778958  0.431888104241
0.501592755171  0.414810271651
0.449088941689  0.407902954378
0.449922174703  0.558572335233
0.578973150002  0.310106340614
0.342283130605  0.433320100347
0.440165352336  0.548583946726
0.553784488676  0.60777583622
0.470216026878  0.672871465817
0.424863177452  0.362025549624
0.619874838854  0.561076702869
0.59741910438  0.488055907299
0.491187614254  0.40503412586
0.554955506868  0.497252502356
0.505394585442  0.627641207175
0.530432572784  0.529177465408
0.540022457878  0.551261040055
0.670022991653  0.47033983322
0.593704407134  0.447346097621
0.589477051653  0.535632553022
0.316690408458  0.481583985506
0.528413322446  0.510073420705
0.477615652095  0.563838604344
0.564143609912  0.347247822197
0.584415478853  0.467640901175
0.639275339331  0.377387611271
0.430064503654  0.516391337247
0.46417588247  0.511840913103
0.538332646  0.487119827437
0.498194084622  0.447279980241
0.576997928871  0.434137455538
0.527495431366  0.527402927554
0.476535450083  0.461878301927
0.660747595415  0.373946705893
0.492455353062  0.352933728606
0.569760974808  0.304215620808
0.672118467966  0.388555468493
0.526795470349  0.390059213865
0.621627684605  0.505095197869
0.522031535622  0.590869604855
0.31469758269  0.2812613281
0.314686829013  0.553848611576
0.617825362182  0.414825250683
0.523196549669  0.531214175585
0.423774617479  0.450042675244
0.511803180766  0.500668475399
0.676564994965  0.508974669522
0.418456001732  0.519743663335
0.501665513047  0.534793175186
0.653262997945  0.462078670596
0.54691222521  0.386596886089
0.699349869431  0.355308675157
0.360591149141  0.617258618062
0.391924065038  0.395971530629
0.543018880492  0.550379808589
0.509123417455  0.253088038167
0.644936919487  0.366048924934
0.572312131145  0.664865674516
0.681911113715  0.498393803131
0.416533334101  0.412953443089
0.521550086764  0.358455446112
0.411742192501  0.46955859847
0.784377451915  0.471658132319
0.629313551547  0.380610334486
0.414540920031  0.582993526289
0.419635751113  0.455893392864
0.58140980194  0.374003726209
0.517503822575  0.483773672902
0.678519830537  0.502457737559
0.569842006636  0.409000023781
0.500919138234  0.489909443381
0.418745092066  0.38554849372
0.651303697754  0.715951482838
0.629200954341  0.544494249082
0.304087620592  0.513131434311
0.648504028294  0.693526826222
0.421572210802  0.243522148097
0.461792870772  0.453536543936
0.527332323984  0.621564469058
0.673667664098  0.413276247906
0.326044839521  0.405658293725
0.444880687136  0.36369984321
0.437030796875  0.521152104798
0.450878495158  0.371359351642
0.335180443385  0.386289557305
0.560575913191  0.660935050891
0.560543316796  0.576310162684
0.51049730259  0.561531384555
0.5922679107  0.293964737155
0.334587595506  0.707633093861
0.480396274883  0.453392293478
0.294792063727  0.575278294235
0.568963346493  0.470281157789
0.394181451441  0.451226132883
0.478338366623  0.490281873128
0.475321221769  0.553111797807
0.425062901382  0.516643068795
0.537699246629  0.632117258329
0.559476374179  0.315759694519
0.600372209443  0.378585912536
0.625010070932  0.477881650106
0.447493108174  0.579852951027
0.269778914986  0.489759693166
0.490431586791  0.678134467648
0.479309256904  0.378833351668
0.598828228125  0.621124886124
0.687998715011  0.510571023065
0.442820390859  0.459557347207
0.441846552827  0.322322921004
0.515780744103  0.566427355497
0.585505849204  0.482924309646
0.662747390951  0.529640759867
0.281311148732  0.264595304907
0.438894644116  0.21218846846
0.525442493426  0.481563747049
0.521269412759  0.605176137873
0.485420821578  0.458410610872
0.486647135534  0.402370132786
0.420639019629  0.507523301323
0.380219275255  0.390368770027
0.506013555697  0.540612399629
0.361413962646  0.386150579726
0.439967512122  0.318806683755
0.443626147619  0.531540122763
0.493142240647  0.420011602004
0.437813158272  0.44013533636
0.705788145133  0.483169373602
0.395295372631  0.524650505309
0.447911032401  0.353274227196
0.645723267859  0.516137182099
0.382477267094  0.617669593473
0.44048301073  0.337551800194
0.534104003389  0.525429430267
0.509682408824  0.594166464465
0.578714467698  0.398473532634
0.541812082719  0.309399199626
0.598725687092  0.544948560946
0.523946217281  0.556524221506
0.642408391099  0.484907453675
0.233422748456  0.542798496294
0.459008548704  0.509431582701
0.562845521146  0.604086961285
0.60959489312  0.581418193479
0.398935883713  0.493773326253
0.458770449634  0.61346551334
0.612946859013  0.509742126859
0.52393317766  0.308474970104
0.477323393901  0.317881113638
0.323979930248  0.503079445425
0.692529037851  0.527912161378
0.498514368191  0.662947994879
0.345014153208  0.636506574665
0.647481261051  0.512110138392
0.512040246248  0.619612784541
0.479925584032  0.459625207217
0.616718460951  0.513215286844
0.49499485405  0.49333361495
0.600113360054  0.622082346616
0.46481336902  0.569708003982
0.525281522991  0.416887286983
0.533341045599  0.405059416343
0.403134327621  0.325031918361
0.489627489465  0.433749627544
0.390926149308  0.570886105058
0.517833251226  0.380846069598
0.483310948784  0.525367315485
0.41409529986  0.651363047559
0.513473555852  0.526611843753
0.583394094732  0.550258456498
0.583912490365  0.5358405603
0.460975083593  0.439630522651
0.522611597644  0.290366106316
0.523378787875  0.355553341467
0.353639586101  0.351476105125
0.527046721324  0.613365891429
0.63979502219  0.39159011755
0.496246538631  0.615390389904
0.517026852098  0.419565535015
0.479991506159  0.371895915784
0.506696345228  0.477887634395
0.612645608433  0.593834273522
0.497480634922  0.38665729903
0.633913241333  0.598571495962
0.395451792992  0.506254942863
0.520302838941  0.571472891931
0.559027567325  0.631449304988
0.574914752582  0.512689367138
0.429241999266  0.383303522752
0.550672439122  0.482101401106
0.470202709174  0.404872382864
0.559181163751  0.473668141352
0.57177761947  0.635573723589
0.481129803907  0.612671249593
0.482772381133  0.580459626734
0.620773937998  0.46829574114
0.344581302843  0.342258289083
0.609736907858  0.388804102589
0.470481095125  0.546134145943
0.539203313997  0.603036770175
0.694119235152  0.491935235189
0.586731546824  0.630704934776
0.531608671885  0.407975558628
0.615799053942  0.558573960436
0.637886147377  0.691473751247
0.453520302572  0.577122687788
0.397708384634  0.571631313535
0.534756625256  0.500296048828
0.479371576853  0.452983230536
0.382803139976  0.38567884481
0.455272783488  0.47493032418
0.302670850012  0.601345444224
0.578673989442  0.624525216824
0.673460291943  0.570918317714
0.375424853691  0.448723015613
0.393832182119  0.599412694565
0.388304523379  0.512048154235
0.377941534511  0.415812926826
0.432765736  0.558544642394
0.356933342948  0.477998156952
0.671308763981  0.430937804133
0.567189075836  0.58974341858
0.533159411111  0.577010855442
0.400930460748  0.608250954039
0.614853073395  0.36560174587
0.532550312275  0.531089004906
0.351759577913  0.383040287202
0.355343358793  0.500489419677
0.414247001555  0.486006829505
0.632207420812  0.498593646102
0.520907271159  0.40378420873
0.540330161458  0.449600301614
0.451136085667  0.443134175068
0.432097750314  0.411457397937
0.469395150009  0.809715746056
0.513087730439  0.510718271938
0.510131792219  0.44773152631
0.47808307067  0.483502164661
0.611700594267  0.528453420442
0.384584731822  0.460634559995
0.713100540481  0.433174684132
0.670616083773  0.492819620728
0.531090807561  0.396495476435
0.453885838132  0.295231760433
0.683013829173  0.542026227505
0.519882626698  0.705058770924
0.534908321144  0.373109730544
0.443675231821  0.477425882273
0.438420092537  0.394024653008
0.522284443231  0.494488505666
0.58708361329  0.734762616085
0.415683730623  0.388272271662
0.37961984107  0.506738164265
0.736008349725  0.385504129593
0.622248045779  0.525207111563
0.29188508086  0.573673026691
0.488685935346  0.521042382162
0.514123923289  0.50616837736
0.456601504577  0.437183309511
0.682473521107  0.443335393735
0.543195611753  0.460330501677
0.436313223323  0.402531624597
0.44455212749  0.56286700023
0.480983958084  0.347482819247
0.72110885917  0.311966105911
0.522519770685  0.466660124925
0.492057452498  0.608848921901
0.657007340624  0.478557549332
0.727482849248  0.443701451262
0.511116393447  0.448112119793
0.502233580268  0.462231777158
0.786402837116  0.491107831965
0.585932621597  0.52917441043
0.555146382738  0.485356312266
0.408623844746  0.58879307808
0.50784459492  0.456170343725
0.456024872606  0.383828716908
0.494768040231  0.713270564212
0.569731601194  0.643648854666
0.500682151205  0.518177465232
0.320310874571  0.623571700952
0.568559521681  0.505876621102
0.389066280121  0.446043959704
0.768999134366  0.549026346476
0.445942455372  0.543511301887
0.583356598052  0.477072486555
0.489587395226  0.466150797103
0.426943280497  0.53610453958
0.495269943005  0.63879417326
0.407670672477  0.734871096672
0.609671820339  0.521878704488
0.640988141693  0.628497857141
0.407382440823  0.45014509804
0.601969798152  0.455978778006
0.424296447661  0.571170339145
0.5520072114  0.569571174672
0.496314282569  0.34807953136
0.496479381267  0.494304204253
0.405104857392  0.332840936997
0.475788024667  0.424507185535
0.388899118838  0.398937046033
0.650742865186  0.405452732149
0.456441011212  0.769490131875
0.564418732004  0.562945190554
0.49008551632  0.628441305454
0.417260958521  0.424953456707
0.455539993003  0.394987893815
0.50075072238  0.639477415832
0.581910526998  0.440323012913
0.634244834885  0.465495059421
0.594630372689  0.487326240674
0.677591113085  0.408560766094
0.408009757131  0.620969486268
0.455763389038  0.410972615339
0.501140585737  0.407209135236
0.342794549929  0.494129453067
0.546579938017  0.526467475531
0.740390804035  0.478029303495
0.608656734989  0.564482172082
0.343466484822  0.425111492299
0.460970945206  0.555064049994
0.550106611729  0.467682456762
0.667700451532  0.529578704645
0.662982254182  0.374878650383
0.466653844051  0.519256615914
0.433583393045  0.711268279644
0.601319619853  0.518453975937
0.654731055234  0.534001650364
0.456177407778  0.527677484214
0.432039660962  0.531124358692
0.426470220522  0.385224002706
0.482887997527  0.644250043022
0.346130155706  0.62544517167
0.478431393516  0.461097802717
0.36255707081  0.456130057641
0.359587267609  0.730304790621
0.430049601657  0.56511489326
0.365935897285  0.376657342515
0.578514497702  0.339326980773
0.462835067113  0.505925871177
0.538496315903  0.444223224704
0.415448236003  0.527506297322
0.328490568139  0.560323306571
0.447773505428  0.445464068702
0.735225708893  0.381401118265
0.444470488113  0.531420803359
0.434147491125  0.480647295816
0.417634547793  0.440886723133
0.704059566489  0.441842541445
0.535518808031  0.397374742143
0.570989365224  0.462952063525
0.46340013164  0.414994925054
0.70335863698  0.488315685117
0.448397770293  0.414223888507
0.315828194229  0.403494067067
0.328320399809  0.387670915971
0.567546845318  0.391766954402
0.664545307676  0.631066448898
0.437349524543  0.416798948226
0.564163014978  0.429768094273
0.555882096279  0.466436741342
0.434403409411  0.498380059002
0.457499899694  0.525874157563
0.470233641542  0.547380319462
0.672737065005  0.662118460999
0.419264720386  0.366847695659
0.563684407837  0.594595205153
0.436770119509  0.57778244923
0.582657518395  0.358478604125
0.598198394482  0.599352399904
0.425075736403  0.486814985029
0.376343383304  0.3287787638
0.539903189419  0.484553607157
0.518834417705  0.529273673156
0.457185272737  0.592531045436
0.440247451179  0.600400771932
0.471426993023  0.635411502558
0.464497332061  0.473060729134
0.600274532041  0.553783417861
0.414664971363  0.512376033223
0.538296058092  0.477988389663
0.611555928918  0.307358564546
0.530001005938  0.483158432497
0.62467704224  0.319772475478
0.42621773848  0.559228315757
0.708191604195  0.596399564056
0.585513689016  0.571436635734
0.735294408536  0.528679628908
0.51177726141  0.505435709714
0.58659592515  0.587777272456
0.640468254084  0.429958189461
0.414258221299  0.426817975684
0.469924871549  0.581149663825
0.600122075506  0.410010135929
0.34326147458  0.387914144201
0.538948645124  0.424149549222
0.538103838979  0.499021384542
0.251175469538  0.540888255376
0.539794678855  0.45774051966
0.613588082505  0.300873839178
0.531194203158  0.457961217266
0.387263065624  0.466666711477
0.389823323682  0.422582746704
0.472691983865  0.41736427227
0.555499818082  0.544807808043
0.444623442924  0.554785727211
0.659755218614  0.445838992774
0.451137432425  0.436277221889
0.579190074974  0.322065114782
0.394090038479  0.353288785366
0.574807440674  0.472986553142
0.536235610142  0.719990237629
0.503511901079  0.66535994277
0.69958474173  0.586061754072
0.559919255876  0.605854234033
0.594056139548  0.466017258167
0.497512725604  0.435399614815
0.439219833357  0.348547598314
0.533727090911  0.391196548543
0.520541073765  0.549019754203
0.580447723369  0.457052822256
0.579357222048  0.541413490593
0.61194041158  0.54692868597
0.580342915903  0.455050826572
0.584835667397  0.375863702702
0.600388393756  0.247865606618
0.347748114615  0.498410722254
0.606495569173  0.559194736493
0.290886233664  0.410616349874
0.556800572077  0.352180150115
0.370917330693  0.584403360701
0.377822155117  0.396843561633
0.577600604082  0.432275681709
0.568098312601  0.4108349365
0.374848180117  0.554309932485
0.470814583898  0.556860972214
0.519363388269  0.663982571439
0.519562202335  0.680402987574
0.623279603737  0.349234673975
0.365599223856  0.520564881696
0.577857061194  0.356983604793
0.390034899554  0.500383531553
0.479471467931  0.495243218178
0.542250843797  0.574328583717
0.540906649182  0.482016117193
0.392638410134  0.577335368589
0.525744664177  0.680736819518
0.34537735479  0.303906550355
0.619040907041  0.551177410876
0.506543200791  0.41239062423
0.458412813662  0.550725298204
0.576971518912  0.521827342715
0.682963699398  0.421737470094
0.361437313129  0.489507842274
0.312623528686  0.341412353656
0.596952328578  0.414608066976
0.565867158477  0.372030097671
0.331413768965  0.481294380242
0.52603228948  0.3492632571
0.559972636515  0.462121144298
0.453006958675  0.5230781002
0.565315280007  0.555043545173
0.588564000355  0.652526953743
0.726131010585  0.450848097255
0.657204976663  0.653395810426
0.615181635254  0.498161925013
0.359358958437  0.326415760451
0.536995771131  0.630257681924
0.451748295716  0.570295343466
0.561489940998  0.516820251077
0.458123620676  0.366158830001
0.589536411222  0.550287469181
0.656529685272  0.490426600636
0.567342814907  0.5251387747
0.637719120383  0.529482821041
0.423167571401  0.715115097176
0.591583085143  0.543249008952
0.500499718973  0.355120913797
0.461472436018  0.535016681846
0.466088626103  0.560515094545
0.418150236654  0.534465800903
0.360531494718  0.408366316171
0.450873051733  0.484979735105
0.639923380478  0.336270425599
0.346201912727  0.383658515112
0.540312678213  0.504401806934
0.526078365604  0.285484305225
0.487072401407  0.568239012106
0.291831804142  0.43614712607
0.612577917827  0.411333598779
0.456661259143  0.528087625688
0.439943282998  0.505432976252
0.675936059267  0.613925923868
0.631313170319  0.408228414738
0.480809266632  0.411036114292
0.330330770241  0.442678686371
0.619390658866  0.363448463688
0.439625462583  0.356847601425
0.354786943032  0.421097959527
0.440650291625  0.32138325525
0.526613843321  0.478780944681
0.362840593096  0.670255288163
0.583985862497  0.496437466118
0.629576480748  0.301082268643
0.453004020027  0.560602217849
0.535851836487  0.513470757131
0.737232598163  0.473337702216
0.520412217182  0.312184265193
0.579080613029  0.278778980576
0.523784275184  0.715268461739
0.222565417659  0.500409345163
0.492871155073  0.436983892345
0.277240367079  0.55903348772
0.419113488512  0.383418338959
0.57680707033  0.644535331268
0.404665722755  0.288283815913
0.62568972178  0.352908289267
0.407177658039  0.581087629882
0.392740964058  0.546603113148
0.520543659331  0.513900267628
0.56282277142  0.581223233178
0.390229052927  0.560039813687
0.44588010928  0.526780335676
0.637417599667  0.45310539759
0.438635073889  0.508028618702
0.511665182741  0.388334640969
0.386628293845  0.420128568487
0.41781807619  0.19633076189
0.341773592478  0.422197996422
0.653508693181  0.500142448962
0.512125967108  0.371813562915
0.431091339597  0.538106180389
0.413424655534  0.304116542326
0.372196530448  0.329916998853
0.481274013715  0.399991674214
0.524372182793  0.444794872655
0.394143879752  0.596873334246
0.55365685398  0.501620039972
0.297201174921  0.657810671525
0.532003215458  0.447880252942
0.606441176185  0.518798827596
0.6993152727  0.477716976046
0.616931380465  0.468936605263
0.392729843327  0.432491003152
0.651414396369  0.42899913956
0.540348802655  0.42729667602
0.443137714593  0.49218027882
0.583433459536  0.59604805683
0.37141184648  0.486383970547
0.551137251657  0.540338206942
0.587190318057  0.357454621871
0.62145741102  0.357214399581
0.576919508982  0.43270482805
0.475885376082  0.479578344587
0.524043319865  0.383335875466
0.557046018567  0.373587963579
0.359195930226  0.43167040853
0.560012293068  0.517293899946
0.327595354058  0.476900203299
0.597553135187  0.339755099023
0.648709952389  0.311999674892
0.57589889135  0.610907604922
0.556097629939  0.529853600148
0.543222358182  0.488469405771
0.627319073365  0.275318689604
0.46731347711  0.251587765722
0.629447128014  0.377943478485
0.323674113899  0.580411137647
0.478078942105  0.487963178828
0.341812243133  0.511658558418
0.600811498717  0.361513737374
0.551939785584  0.416971283907
0.363912489507  0.282479915261
0.429710401689  0.594390576375
0.611427412474  0.529432415048
