0.729898316013  0.26977237155
0.492156865068  0.24177638047
0.4975336567  0.296474489427
0.612510530556  0.483110154252
0.5097426192  0.47225904444
0.509484274129  0.265670891242
0.381606805028  0.36300463048
0.34621730779  0.395335358
0.617351135673  0.503363679229
0.458640062534  0.343011391323
0.51184029899  0.461656870274
0.530487126932  0.345203497681
0.579227668868  0.486482473968
0.54875025608  0.615239418911
0.674147978743  0.479869803109
0.289473692804  0.407274795346
0.458230823811  0.448201489557
0.587025836474  0.593955949509
0.653529094853  0.403555220795
0.545013064334  0.439336033315
0.556883172194  0.275396267058
0.421012617924  0.590060701282
0.510570715072  0.458422014016
0.616942245463  0.356598176999
0.282417514533  0.462053878851
0.658772178407  0.44163466444
0.58685460441  0.520128993113
0.502670294323  0.444947121635
0.625752535002  0.47876250044
0.411521766841  0.319893195908
0.484857008438  0.708614501505
0.490696447732  0.384380120442
0.637551673023  0.613006405145
0.371324669584  0.579313937182
0.396727075903  0.46516554237
0.555186451718  0.489788138774
0.577739903536  0.289716610241
0.418624138507  0.607051501146
0.433611313282  0.279139068943
0.586103142783  0.479237038911
0.475957937603  0.50882576773
0.592110104992  0.516491922391
0.354763675847  0.549804692899
0.673060639759  0.625988979144
0.386731108925  0.639659288231
0.412102984091  0.419161075264
0.469209522523  0.613433912276
0.487344749088  0.450499394576
0.664179901061  0.473097358828
0.469126534675  0.470008039165
0.421019117391  0.402312102523
0.376102546999  0.552176217813
0.419469623809  0.566581715335
0.393056532265  0.355956819298
0.525317939819  0.366866243917
0.31895455618  0.581330089129
0.483612901825  0.617245604762
0.393611401974  0.507902760525
0.484260197952  0.476143283941
0.556825552794  0.465628247693
0.68427897905  0.535448122024
0.532350023197  0.408290838991
0.430311131671  0.535435779952
0.584581403801  0.540816957344
0.541511545569  0.443315508493
0.313766321661  0.458147548094
0.470717587826  0.578930653936
0.467542033355  0.289732186517
0.655582446033  0.510611581538
0.565034768165  0.506356374991
0.469015181395  0.516618535183
0.464078206565  0.553171295052
0.523424698436  0.212158608656
0.486891546729  0.530542968422
0.586098039139  0.420701009479
0.513990463024  0.424039001883
0.75642454281  0.481084436581
0.374121124245  0.467074867711
0.54875985406  0.645946978525
0.495998320312  0.314215454238
0.542876136183  0.352725637713
0.722778947524  0.501384201088
0.642518793277  0.374811884492
0.393905188085  0.467418197659
0.534111430263  0.380617887073
0.615300335855  0.192410143204
0.492622191726  0.684214147947
0.4783835718  0.496293392077
0.513132922617  0.318635595757
0.380637848893  0.323030717253
0.56632760034  0.429432531369
0.521335195648  0.501751645349
0.676248004878  0.538218436452
0.564922969415  0.397056131208
0.440957486862  0.618234697607
0.673288413337  0.454698813095
0.359747096073  0.368068666662
0.471947358881  0.54362107287
0.429578585634  0.494063438049
0.494391591803  0.443645934616
0.369231000994  0.300008244876
0.474672399322  0.61950453102
0.482595001241  0.487270971894
0.40127183045  0.560048795824
0.321688082553  0.436922648
0.289729093487  0.53357011261
0.370002388506  0.416950710885
0.409079017043  0.590539736362
0.673989948165  0.397195286245
0.377841460997  0.379314504634
0.462175277915  0.420920080523
0.497889229956  0.577783417911
0.661521713804  0.673759969193
0.588562187612  0.520503993911
0.543601988338  0.40473045301
0.657431045243  0.526796350949
0.61609843969  0.385179812353
0.568039474792  0.530296809566
0.763125418056  0.464761139068
0.439040678405  0.475686024281
0.59801308704  0.451860692233
0.398467944889  0.579988599158
0.495446683262  0.517769445087
0.581748832015  0.635255672537
0.585848497579  0.534871802058
0.246089628607  0.488348658356
0.231299362771  0.558933510096
0.550827995783  0.366862283012
0.472446775869  0.474295102289
0.437400118133  0.419568032212
0.487769462974  0.578461253327
0.476329988416  0.386129701225
0.746316590456  0.633783440566
0.520497902283  0.484521961262
0.573346942299  0.559080468362
0.508483831262  0.354925856904
0.549518412678  0.327352619662
0.557623459056  0.414680530787
0.357414659151  0.460199349427
0.436874123329  0.520391193995
0.514465520486  0.567308594012
0.389300778061  0.495817938163
0.613444325434  0.372501095256
0.592982255483  0.800388000232
0.391914847201  0.351410149674
0.393771074399  0.410199268614
0.592133224731  0.47219372454
0.611112127556  0.463712873886
0.60061347729  0.516814215349
0.648447884998  0.4147846916
0.487448402828  0.341969741461
0.641501400512  0.497730949529
0.354205127665  0.402556007126
0.380131813595  0.558950411411
0.59754855224  0.450041248542
0.513581807133  0.482825318106
0.472134332483  0.615088137905
0.468417959818  0.404715929556
0.49277549189  0.523147397949
0.347573975996  0.517622083832
0.633221899055  0.334333037222
0.699620959725  0.417897624473
0.385928850245  0.411960988578
0.589693922953  0.300492749594
0.45422779191  0.624265469875
0.534450821481  0.45458161216
0.485708230073  0.321162900306
0.56608169686  0.358064120238
0.324650837551  0.335073737833
0.568764449352  0.632949296232
0.365790470765  0.537680886249
0.404713100715  0.346561031812
0.613697583597  0.579000632983
0.636499921837  0.626096469859
0.514925962432  0.635876134946
0.757177862437  0.408171168828
0.541918654582  0.520718191532
0.383692851972  0.542378710751
0.429178855133  0.474241372477
0.619121076977  0.439771456944
0.485050183466  0.718797468448
0.415908830912  0.559179433545
0.482405464204  0.491792929069
0.436243157139  0.496340412606
0.22748054626  0.490910520439
0.551346900311  0.587883359585
0.409212732293  0.532565219452
0.668755043621  0.461089248131
0.46192195098  0.581332069653
0.400774825615  0.457117214831
0.723527767349  0.639882371503
0.798828899575  0.556521747227
0.45347412308  0.335222175305
0.331304315077  0.38655331224
0.399522952491  0.335955164248
0.493434807848  0.348206481568
0.605998531925  0.634677879664
0.516964811033  0.697401995725
0.29374925952  0.621371481421
0.467869405177  0.52577320548
0.590926056733  0.503414938771
0.375899870381  0.547881745232
0.375778947322  0.331103495583
0.635575376395  0.329539086848
0.612094939111  0.504566625446
0.517818160788  0.433092728005
0.381172583587  0.61267334351
0.459887840796  0.628303921801
0.492670307795  0.42980702239
0.54312693433  0.581727077622
0.525362907006  0.450341450425
0.534640721525  0.35923373667
0.439975376314  0.563152646053
0.54659813167  0.396444504783
0.457623796129  0.454600199118
0.594634095142  0.46820736756
0.631008056698  0.542940788467
0.652402118214  0.428127242105
0.69036761949  0.384105143221
0.533083369771  0.277979560599
0.61372691672  0.415460664369
0.43370953646  0.476673790301
0.354879429506  0.469484111603
0.660635094111  0.476126791882
0.52070542259  0.450925579488
0.578342742681  0.56989660284
0.52025043361  0.576566527552
0.358280125986  0.648614201991
0.731322795677  0.43118151344
0.454888113919  0.409595604499
0.475665581667  0.489378851439
0.497122573483  0.629943370563
0.550388737199  0.366615430711
0.474882204546  0.530890934492
0.476691090044  0.406979408076
0.54553047503  0.565079576988
0.650988171834  0.481401002826
0.542492319173  0.566699828638
0.724849571406  0.350982409067
0.366483493857  0.521712884644
0.46621513075  0.467009200447
0.624367932012  0.376526048982
0.494315378156  0.494122928174
0.182748729898  0.51503339007
0.530364972771  0.49157014196
0.360850731944  0.431340787467
0.615206860921  0.507682993616
0.49145623972  0.458568071314
0.456957032994  0.512534841306
0.43152562678  0.356927418257
0.36720907305  0.459045679249
0.467034582069  0.602095515055
0.570910253056  0.504156078852
0.60463743738  0.58982887013
0.54693537517  0.471846167091
0.356601852594  0.30442335762
0.524087989127  0.44334642332
0.382091716692  0.468159799274
0.570804480747  0.472863842864
0.471161646515  0.560439271574
0.373839934687  0.379266989087
0.607006598452  0.596506771849
0.565520588426  0.441154645375
0.591156422086  0.544027233735
0.602389161708  0.28474108695
0.365687983615  0.41221183192
0.563510514286  0.17155284219
0.528064634971  0.537131852056
0.308139751065  0.653444819118
0.489356263098  0.350490554011
0.356437851081  0.567452650914
0.559769380352  0.42833993295
0.543160647371  0.426504059875
0.599375447151  0.365101101879
0.578164952517  0.652170722024
0.454721134506  0.368269762314
0.618485273757  0.512754181018
0.50215007983  0.504430648163
0.377453469012  0.29509001205
0.47698191244  0.278556672965
0.48937837597  0.302157730629
0.576478847776  0.468802040455
0.376438801372  0.522452199864
0.357241821466  0.534263182252
0.496220741537  0.578111589777
0.596382137443  0.435594749439
0.466211937881  0.622326326498
0.512494699841  0.481192486198
0.512217974968  0.431886787083
0.499501393377  0.670389188409
0.494744842153  0.388130776828
0.530543510431  0.4395151557
0.527879018813  0.537626798803
0.317708692738  0.685964983279
0.723096537431  0.515369312756
0.441801532828  0.486663878582
0.265046576289  0.468922476608
0.449726909063  0.540179619249
0.409644380531  0.565978635934
0.600615054995  0.56528933127
0.516306263554  0.610105591735
0.651201308648  0.29934106673
0.612893197433  0.427397672591
0.566542390812  0.54723875534
0.506159977504  0.462335663897
0.631000318953  0.455604500557
0.511368911091  0.449580186605
0.271305652103  0.573105929307
0.436240255789  0.465281725158
0.420812204179  0.429000151147
0.486444362549  0.529888578165
0.366352266684  0.597544698654
0.57845904622  0.517494090519
0.532899479758  0.522972734411
0.552510483462  0.495191934545
0.715211973972  0.590249662794
0.533495646174  0.424797371077
0.45293255511  0.443834283849
0.700108874331  0.294478416983
0.583027150896  0.533977528555
0.610255087548  0.391244636095
0.481725376315  0.492637630097
0.470223315976  0.531393042794
0.604845700043  0.361424511695
0.567162564884  0.362879089025
0.75717176222  0.343791385079
0.440162350836  0.583379912708
0.575319889597  0.43366093638
0.451310092627  0.617612609955
0.651318553574  0.583419620499
0.554391771343  0.470059187739
0.62566933174  0.455402405986
0.21524117886  0.381241965653
0.574206778366  0.479716029473
0.464927727378  0.568976768254
0.378056034442  0.424422367973
0.50949823094  0.588618632235
0.423109259006  0.616923766384
0.697504503713  0.375678177707
0.562593513523  0.457877729713
0.381724635382  0.416136378314
0.613733770047  0.432977134466
0.523075164892  0.466196686668
0.355634076334  0.390079274194
0.361404653438  0.313252579594
0.644456815676  0.33655654967
0.660099690942  0.499484961158
0.607887085522  0.524986261341
0.538904003336  0.595715504688
0.378910937306  0.737866904976
0.629500332237  0.57083482723
0.598642033705  0.530474195583
0.51011670029  0.431475249357
0.70214308162  0.409631175393
0.463804720397  0.433367071693
0.47554715425  0.545447656301
0.45200346531  0.504295696933
0.405801782521  0.525584089375
0.419893709821  0.612152819839
0.618273949827  0.504158075019
0.500469317761  0.48994647059
0.312584387447  0.54549197434
0.415000698217  0.528430147828
0.379728394998  0.58857826121
0.538133248796  0.484032105392
0.40464139864  0.516699109986
0.594573074349  0.454374355537
0.620361635609  0.343436834939
0.539442813868  0.625244479826
0.473888321353  0.417490672354
0.586824025739  0.325203207592
0.576036862727  0.369155526908
0.44529182989  0.475471259869
0.466389450961  0.352274596735
0.607989770686  0.41827132273
0.577244305773  0.422551405205
0.478321713245  0.435649257949
0.439676141624  0.480925173555
0.403934678962  0.430981921347
0.509523091722  0.512498929027
0.510640915648  0.413517931558
0.585583419295  0.725162243344
0.531067643528  0.414649614009
0.716725769553  0.268300711527
0.507251795134  0.343192970291
0.740737129928  0.681529108687
0.604517407625  0.37306644524
0.514404222288  0.588038807861
0.615425417752  0.481224209143
0.636825788637  0.323738761292
0.329786102792  0.370438524207
0.529022899514  0.466353084652
0.504799189606  0.568089275472
0.480582914936  0.586725345732
0.589237748485  0.510572989698
0.333526963801  0.393489643751
0.393199300733  0.473778805949
0.63825339956  0.470607766791
0.452947583067  0.386452586523
0.539344620553  0.514955777133
0.470395502221  0.486533054665
0.537239192276  0.463490632141
0.36413542249  0.528760145031
0.539820710425  0.640464706589
0.397813109853  0.623929863583
0.368536706249  0.502304622713
0.443055330778  0.539848865733
0.468252853661  0.431336434225
0.58139160009  0.578309775026
0.633031949058  0.496443431702
0.4482433393  0.367649245112
0.458035589235  0.340701739809
0.51761616679  0.340928874701
0.531743337563  0.577092114758
0.557333964687  0.499306560387
0.483396585737  0.389730478975
0.455226427239  0.453608243683
0.460289105278  0.428383353944
0.522066761781  0.57505109989
0.545086637249  0.447422563132
0.349124619502  0.436481650754
0.554349490372  0.528079345049
0.227301324529  0.357523875526
0.481133621642  0.507800878483
0.731890351532  0.424813342718
0.65022723201  0.470537907545
0.713125123684  0.380236028129
0.39433875138  0.54812038728
0.457029718275  0.533850283597
0.831532980919  0.492702646704
0.214434294504  0.541527291773
0.51241450718  0.416617605966
0.533701223031  0.500632152681
0.419925432172  0.605565530545
0.49071677499  0.455902410226
0.539632988366  0.443398852483
0.581787245371  0.436988296085
0.519990373606  0.502351167744
0.367101502877  0.552539147954
0.475680966135  0.55710505977
0.467521251894  0.620014659389
0.529852907134  0.310358238178
0.550161091861  0.46456001948
0.585084983388  0.430165591548
0.550939755338  0.405940333716
0.578650817879  0.566224658827
0.61631599522  0.362192303654
0.371108852909  0.66051864444
0.566725187057  0.497160687881
0.398409095339  0.401272720624
0.623501247096  0.355664268703
0.719742415397  0.452123558933
0.291083188142  0.577731761183
0.334151357241  0.395965975338
0.548612038428  0.434660032996
0.566503289398  0.532783297867
0.53405526928  0.406904416104
0.518699262031  0.481140806631
0.546547874816  0.360900185702
0.52618844129  0.41851944203
0.531303641699  0.571674918011
0.552353242876  0.52467629307
0.512298065433  0.397154500763
0.743108836354  0.384123328155
0.517929298058  0.625173110493
0.43257572531  0.451166367256
0.584069853529  0.446613911679
0.659861901825  0.737674015847
0.456673310077  0.473548750896
0.498835745831  0.551729087328
0.634528653098  0.552032000279
0.448167121117  0.60281918398
0.538373811951  0.670408864443
0.464582870807  0.510203276038
0.599961124436  0.392004137832
0.446236208635  0.61360657662
0.518132338375  0.523608002312
0.460371331692  0.515762586898
0.568951709802  0.617009894969
0.431128768715  0.428042259857
0.641518789719  0.451682394005
0.494172156354  0.45926477352
0.317803258916  0.651380456767
0.526217962877  0.354403654892
0.431834273875  0.569836480989
0.456803467398  0.531565349841
0.526921868122  0.462945295039
0.474962006037  0.466193590653
0.289145334278  0.352592733945
0.374647021509  0.456314924103
0.518847890764  0.59878266105
0.490506064965  0.509347119946
0.648784907783  0.436228552982
0.526190409729  0.553900399865
0.601134157333  0.384776304467
0.619155698041  0.388092031834
0.464919748647  0.586264416578
0.547228730859  0.33925283507
0.746675512243  0.421408191455
0.562484495659  0.477868128461
0.505531884475  0.514659364169
0.469545235313  0.348470494067
0.503755541159  0.363812430198
0.576086475721  0.540377732195
0.51807429365  0.4646877856
0.490473642107  0.664874085845
0.429482686102  0.40897622561
0.394744117272  0.356411801977
0.495683793139  0.491209729733
0.598438107332  0.381999245969
0.463853125498  0.440303190418
0.486148385027  0.508623173628
0.541466167368  0.32869766189
0.381990223136  0.602094309087
0.58972281096  0.495265808749
0.762627597926  0.545697868707
0.45619814935  0.47991473754
0.448743898923  0.523250543209
0.481317484026  0.537907696969
0.466852446567  0.487120315812
0.426441869769  0.425627156926
0.42949137985  0.606454888845
0.539326170851  0.342113984876
0.595545012691  0.490538678639
0.422138259063  0.465154031655
0.50339561131  0.605430467822
0.517399497083  0.558563564654
0.390858213328  0.62311391698
0.644409543094  0.500397118635
0.283587144107  0.491291098561
0.287813363051  0.504998358886
0.489145819729  0.547205609266
0.604836465797  0.550263136755
0.508436264015  0.491464870943
0.427231705583  0.341968026236
0.432017543433  0.720202026788
0.533169416229  0.668625406029
0.548770998708  0.559418504016
0.528422907422  0.499649060731
0.492898550317  0.539383794098
0.709607596062  0.63783777122
0.329413064536  0.581133855548
0.298705231114  0.703261946138
0.535639313013  0.401755683614
0.459354664128  0.800654549773
0.410379121819  0.496381684216
0.486858930962  0.508979445179
0.35022607065  0.426865145884
0.457391936184  0.542445471975
0.393664052612  0.493878210787
0.570580710172  0.433048282478
0.591579301884  0.586631418376
0.441350728592  0.720956335091
0.694966621523  0.476908419621
0.528641086596  0.361510095573
0.294215737709  0.411804442325
0.328390780282  0.444076213641
0.451475211547  0.43846831231
0.485463319028  0.34088830092
0.410306277154  0.417562964981
0.429675407498  0.543025006265
0.395235179313  0.476109939155
0.374123742275  0.413563575291
0.589574262342  0.453558568735
0.431419173365  0.394694687316
0.455385907145  0.627209660381
0.601243324592  0.448427216901
0.503355549864  0.580684291375
0.53849679936  0.373339018532
0.392345491548  0.390570672955
0.609123380794  0.382772902373
0.488133664273  0.536649322046
0.446096404526  0.734047659683
0.386393694228  0.383795929819
0.549132666817  0.36915136993
0.486270234044  0.504659532276
0.401903373353  0.439394840176
0.280866555516  0.370575226786
0.6014432113  0.485072152161
0.489156371516  0.384186226469
0.358272483085  0.419112083426
0.379502930935  0.470439075057
0.598190088751  0.513663328431
0.574732667875  0.361077369474
0.625522130685  0.530496776047
0.370509710115  0.451547200853
0.51228938813  0.489846060752
0.342352690717  0.430832355357
0.426435534348  0.508888752992
0.555778467665  0.48567346455
0.568929816243  0.272136146393
0.671966794693  0.779035042085
0.45746046621  0.63189519939
0.358337405489  0.615079299979
0.546708918562  0.329249305119
0.388339945349  0.564655895009
0.564887313709  0.545586286224
0.413387297995  0.554862854951
0.501053047631  0.224869129353
0.494120230364  0.451415267772
0.444745298274  0.298451540712
0.425289604763  0.171031847907
0.530329818626  0.440055984918
0.685236845604  0.538322796825
0.585160707829  0.406316150127
0.541491726415  0.333688503987
0.575532202061  0.591180600617
0.50826783824  0.644849440393
0.552043720829  0.439594372158
0.372291869071  0.416566605152
0.620013072527  0.49753790455
0.412933082961  0.489182994175
0.561744442449  0.61268093452
0.468175964911  0.480169232748
0.625483921969  0.503388484244
0.672919955942  0.568668473093
0.535407924793  0.603836553082
0.507076652763  0.42355564364
0.493197703835  0.330571567598
0.672033923433  0.781774382886
0.62367022525  0.272624913704
0.509510079276  0.507699856874
0.323278467435  0.321726310052
0.454526017146  0.437657469343
0.530541562255  0.530548726515
0.690510038694  0.560845697518
0.458575777421  0.799516227321
0.335851714433  0.367279066674
0.473932533117  0.568624528369
0.545837052084  0.681955281184
0.542524481558  0.449690054841
0.374999871678  0.680470227835
0.459659687103  0.42380205573
0.50037728764  0.437977707621
0.623504221766  0.489556723642
0.564091108008  0.498125769041
0.273147468478  0.517136446614
0.471112701481  0.354044679931
0.500092336868  0.503635974621
0.221264780225  0.631859535688
0.361121328255  0.556595669665
0.50287869825  0.522111507393
0.53098605687  0.620979006401
0.337438407458  0.560002990783
0.51823620919  0.661587383754
0.557455774222  0.519576974699
0.549757188849  0.462749218499
0.391381839532  0.540051407724
0.524947452908  0.410143501672
0.522939317111  0.547305886888
0.556641338679  0.507248532685
0.359896284085  0.40861175823
0.458724423875  0.339995100783
0.586029480213  0.529660999413
0.702166987911  0.72539036788
0.448200318749  0.480998070191
0.367299553284  0.296254033527
0.543073836604  0.513823708824
0.359953985665  0.240693777521
0.425846916103  0.490911110273
0.456165835921  0.531756869836
0.63731531319  0.431286505245
0.40633705558  0.529249471038
0.505876271665  0.460888239758
0.545802714163  0.482331056599
0.453771350489  0.380391057394
0.595159028988  0.430136677927
0.610906884513  0.490944728675
0.50401540775  0.435155529439
0.499961534914  0.566132180373
0.490138521927  0.687266389734
0.549882229308  0.596262316663
0.408962789452  0.502720591718
0.642708980996  0.629799543649
0.316072053109  0.564242625663
0.488969262896  0.574443228964
0.383132319981  0.370348601661
0.534319431464  0.620623252631
0.540635765688  0.464162551278
0.474167017301  0.577091049706
0.389273214337  0.57679266826
0.511137907047  0.489832002648
0.549489803371  0.61508318673
0.534082580721  0.485842798839
0.567556237647  0.463906863137
0.556967192153  0.510121205502
0.571979043093  0.705082106622
0.676624464602  0.599018773706
0.396096723085  0.553872581915
0.518753739251  0.646013635898
0.568165713486  0.420512835614
0.608268672794  0.662168701543
0.610723635161  0.394877016361
0.405356933156  0.463189516863
0.357782550346  0.441029497467
0.599183117711  0.478818807331
0.565986421674  0.445783096834
0.54629067749  0.422822451396
0.519964875405  0.263193891577
0.591527831974  0.369398333262
0.334026608018  0.428827394663
0.441153641582  0.423411168123
0.410728075131  0.472912447677
0.688017957071  0.443330951946
0.371902559794  0.449544693029
0.427415647522  0.483954879991
0.574036693009  0.353447766436
0.516299368234  0.59040749812
0.558736583891  0.515635027474
0.433305553456  0.478889618737
0.811261449217  0.506087793545
0.402270283706  0.412753653979
0.455142018616  0.455822661659
0.515122667014  0.482535836837
0.278196893259  0.533329281493
0.575285305377  0.48696164461
0.605262902334  0.54267275942
0.595511556915  0.486260869745
0.639413108563  0.380497513915
0.453541146755  0.432709522179
0.404359036568  0.763620001021
0.549818181783  0.56025994338
0.492742476734  0.475217673712
0.551382306256  0.504092011227
0.391392745041  0.463401732049
0.572438408657  0.489659237545
0.468423539714  0.605722267838
0.50111015067  0.354782559481
0.593210758413  0.34795449198
0.668351774228  0.510996259011
0.567949914083  0.447009659328
0.422487221936  0.456454052306
0.556932744995  0.485962089992
0.634029061887  0.582311549663
0.484913324392  0.2910227753
0.475133045109  0.609150929915
0.492148886269  0.509450942188
0.56108792737  0.556859020779
0.4704413428  0.403896430758
0.401001737147  0.392371838227
0.601779296672  0.509263653856
0.318409079428  0.458664638405
0.310070699801  0.52726548498
0.42543906817  0.379240944603
0.510809963444  0.551834740521
0.501797070437  0.445464755129
0.43944950049  0.351031297075
0.471775653765  0.356192516401
0.588826057111  0.483377347021
0.453306050871  0.553356733545
0.626429109465  0.577678036244
0.319203017325  0.5132085834
0.604672360695  0.613486032903
0.690495758412  0.548609986556
0.330589796472  0.479984645388
0.454424071286  0.412888922091
0.55040541097  0.467224907108
0.570778643297  0.419600358948
0.457911961542  0.449555308235
0.696483047176  0.29109118431
0.49159271941  0.570202852157
0.684960250903  0.517746212226
0.511454787992  0.583318413825
0.595275710277  0.574798892136
0.524628370891  0.528670951025
0.430664372625  0.538498230677
0.40753804318  0.442725578565
0.458919133883  0.399726209592
0.509091735628  0.513661377096
0.332359011826  0.570069620345
0.384297001476  0.624842396542
0.502635799891  0.50764370707
0.517685802602  0.463126794358
0.458854904993  0.298999218645
0.412509408027  0.614602445599
0.460692502151  0.410004160371
0.499144079393  0.477556199826
0.218104682448  0.407282786738
0.549413674502  0.526824037833
0.599331636919  0.610375496511
0.412167493591  0.263767100938
0.574412888048  0.432968907732
0.42441810515  0.33706053191
0.521967723921  0.333523129394
0.492316670245  0.372980671675
0.43325218383  0.605998991409
0.669371441342  0.629994025759
0.798510236315  0.677577972261
0.568066578224  0.513840283407
0.563570403934  0.613754714544
0.553211870984  0.742571278399
0.494499208293  0.506155149751
0.342893346382  0.535545522878
0.523955567033  0.586596053901
0.436646195226  0.38602309777
0.492369349127  0.424761439154
0.51585900767  0.635754726465
0.450404386304  0.659779909947
0.612589969804  0.505325142371
0.515088733272  0.622830627226
0.519689302548  0.496588515414
0.592698712493  0.519041636182
0.601461880774  0.467151006195
0.412677183986  0.35170994828
0.522928525203  0.478193938161
0.448790671702  0.434430853646
0.435398931074  0.623925210286
0.582828021728  0.25588851357
0.417993950476  0.330047112759
0.571342893652  0.535666416795
0.550166505985  0.378364164029
0.503221052604  0.59489650212
0.540185267316  0.450144501107
0.432600903992  0.490159888338
0.574223196559  0.452112088198
0.28887795884  0.614214115456
0.562285684435  0.600399367999
0.579841939368  0.366920314159
0.619529743917  0.269015748349
0.433687111317  0.645085070556
0.414176001789  0.426662134183
0.409046617928  0.326711651744
0.53578346173  0.43681184405
0.516869856534  0.351276298241
0.704652114654  0.447910719061
0.451417765099  0.383673714577
0.537459559125  0.639879367382
0.405678918095  0.430836523384
0.581080575601  0.374464275579
0.413149606623  0.412896386022
0.55330275174  0.480656659215
0.543910765387  0.484573144332
0.533280020482  0.483342870725
0.438176096783  0.317700967837
0.733782626813  0.478949241453
0.425581500323  0.523222217368
0.791063890877  0.483054344369
0.510053786867  0.504629387715
0.517049558354  0.5614473276
0.539169434863  0.457686872593
0.613281510236  0.519113118321
0.453087016312  0.405113891891
0.491283676391  0.597137678603
0.465949976881  0.577285225594
0.460043315373  0.312558716995
0.737747213198  0.408290581203
0.588842269895  0.556227809028
0.568808829981  0.402330487421
0.532927475623  0.431084708593
0.375763141157  0.662029049376
0.326950387058  0.563019410231
0.345735447558  0.633933278208
0.575890405763  0.51075518064
0.365759075022  0.407640445734
0.633838994512  0.488229735484
0.600891446471  0.431934690842
0.448348652788  0.337563057308
0.338383238699  0.534105685994
0.551801365828  0.355119213628
0.63979560305  0.409365722808
0.480269441643  0.481613967228
0.428084839503  0.572995648321
0.65905641371  0.316336759134
0.651168988991  0.827177583908
0.63257859604  0.520956860168
0.328085118667  0.483342162884
0.686302334928  0.48778293261
0.524518597676  0.629003898262
0.48118762904  0.415840931711
0.526469710359  0.508555125053
0.419445048642  0.424512223767
0.332749153987  0.590430476065
0.36906634416  0.406277194864
0.49803133169  0.472821532221
0.523600485884  0.234838370937
0.659171069929  0.599214566049
0.429426487922  0.45712064351
0.565332934072  0.316690384069
0.639002049437  0.361027835077
0.466732871019  0.467605243209
0.566665265853  0.610468883466
0.637366550086  0.446626963635
0.493531230766  0.574221146269
0.557158092095  0.53381896177
0.624143654877  0.603995666386
0.577270628689  0.391833494019
0.472679789919  0.487720033088
0.545790256618  0.32604683198
0.751677237047  0.446589931161
0.205870392927  0.445935215589
0.638650681598  0.436505890557
0.459361952388  0.57616072185
0.440533117064  0.538602400884
0.428120109763  0.577432496069
0.639456914161  0.289879505238
0.376012378075  0.613008932126
0.659107835574  0.43685489701
0.549103944633  0.407912358507
0.571669430819  0.508485820275
0.628761299639  0.367835168805
0.538945136905  0.452801223741
0.315836391755  0.370140302799
0.432562096685  0.641582693736
0.485874448721  0.552105426447
0.520396527691  0.462958244412
0.533874169609  0.644443661622
0.416783351173  0.651946644797
0.610031893692  0.522870856035
0.417338293154  0.455958583545
0.703163904034  0.456650454211
0.583624744178  0.435896508755
0.608197415402  0.54292857752
0.495614381359  0.534841433205
0.599267970502  0.678004449567
0.397141602978  0.571237146185
0.445482826337  0.531013854363
0.337849522611  0.381787706092
0.731198952504  0.590708386092
0.497038193307  0.556296915239
0.666086304145  0.405372879159
0.575367307427  0.578788308816
0.544178867798  0.568063380087
0.670986469661  0.266211353207
0.552185466523  0.390809711568
0.620429067493  0.617599609542
0.34966867984  0.494147800963
0.377859908157  0.470343213923
0.456223811181  0.385045767993
0.539045914841  0.618143098214
0.4354794491  0.376934047812
0.460169405226  0.603797717425
0.430440745607  0.466211020575
0.526972159978  0.46379110268
0.537369585565  0.348656503912
0.242445973717  0.473009203533
0.431059400095  0.444493830082
0.581564129531  0.5253820231
0.498179357487  0.555523294094
0.714071710382  0.459056669184
0.68500377983  0.741354349584
0.635830929589  0.615298257402
0.546532697253  0.504515108989
0.524978808241  0.45777639254
0.530499835649  0.519521592682
0.418254804078  0.649977482687
0.517835961166  0.581829900097
0.567642025669  0.274994948872
0.711503317513  0.448507576875
0.379442404426  0.630575633004
0.47073518357  0.602807854214
0.504848702647  0.535251181989
0.270201280131  0.512443089513
0.534872887211  0.44057849508
0.593966572986  0.563047509631
0.566100570446  0.589081066155
0.266509871811  0.363170169334
0.593525919444  0.446435161394
0.309453881016  0.420282537721
0.413520728837  0.516956380139
0.582449794326  0.564069523601
0.525701871436  0.531800296088
0.535551265819  0.51444427711
0.460619475324  0.672309121906
0.58847027564  0.361012360741
0.548202624821  0.439431879087
0.429315128104  0.56017459882
0.563725494114  0.436980814153
0.64990268506  0.456447097519
0.541410244358  0.365131923902
0.44544989727  0.31867021434
0.465426378255  0.569062345218
0.594361613411  0.513816505293
0.391383315347  0.481302241979
0.56985447404  0.469359728958
0.560318214877  0.399623820749
0.482369285486  0.521612718514
0.443202648975  0.384315988386
0.370007754115  0.553782334986
0.470346927796  0.663005653295
0.463463241762  0.408458594651
0.548869149444  0.666803327987
0.584030602848  0.667996812667
0.54390065057  0.535659958829
0.581426435859  0.667068165464
0.633708071374  0.434645016688
0.602572682604  0.467971089829
0.364689914937  0.391400609691
0.810321924294  0.697173555845
0.522108099309  0.46369070266
0.43341815319  0.506246358792
0.357269238178  0.64928422583
0.432495705113  0.58639034589
0.365076569332  0.236734301661
0.434995328325  0.57546825954
0.533693379031  0.557674474983
0.514302310879  0.587367654353
0.561561512717  0.36306906538
0.389020538466  0.490272214269
0.546707517695  0.50899307724
0.335097224142  0.482841788027
