0.566742065717  0.62430691482
0.455029256241  0.492785471135
0.550145503162  0.416992496377
0.359237546125  0.61835225011
0.443644564086  0.324944701135
0.503082813823  0.443497926466
0.611156940148  0.376119820219
0.358184071572  0.417491104303
0.397642960072  0.686490027698
0.521600148859  0.492710419592
0.612582925303  0.528498342139
0.616307768367  0.363422618031
0.532031113591  0.485695098443
0.341344971212  0.401504684219
0.489453676199  0.429294391006
0.441979609282  0.448506481021
0.55257374134  0.561941183216
0.492680375716  0.492693970204
0.546781522176  0.473097067857
0.468847885139  0.368606587325
0.406280362164  0.509497742104
0.519094913518  0.327460553513
0.485710918916  0.563148618776
0.447275661097  0.419117941114
0.521420459975  0.450423796275
0.356688873371  0.345626582297
0.480856890873  0.296386367997
0.470984786787  0.288688926335
0.550082240721  0.491767863094
0.378240330011  0.388004374509
0.46105743384  0.481954471585
0.370203454976  0.418538008193
0.581585284169  0.539199588607
0.458288573374  0.468207426236
0.441125997205  0.366357363114
0.389324764536  0.432927070765
0.488719487369  0.253204557501
0.40403273396  0.527045559414
0.476032017544  0.610472252649
0.538934875427  0.443736093837
0.544997836455  0.428316277065
0.399474384394  0.375588372589
0.420343455051  0.461633520937
0.462874988678  0.683947620878
0.428566827225  0.461177145345
0.347334577265  0.41774579225
0.572537416247  0.716602190247
0.576216404534  0.541441390763
0.666038862554  0.373615157952
0.248804175619  0.368510418609
0.369282930044  0.375647292366
0.497250759526  0.576494461891
0.448051535138  0.470640687378
0.538857910793  0.388687378794
0.420200135831  0.44381704025
0.405298771422  0.580234364713
0.44448389395  0.400782019984
0.426776934425  0.396228182559
0.552379486391  0.38395256299
0.504711847226  0.553766081329
0.446380973588  0.315301403018
0.431692522787  0.507389842453
0.606523621401  0.44598059713
0.468340041944  0.343973298704
0.580835886192  0.634567211064
0.636317763426  0.388723758265
0.359414082715  0.453294155173
0.38840897923  0.425974658195
0.503169499207  0.597479567222
0.514380162749  0.44386151541
0.32042081508  0.454542186557
0.63434394006  0.422071611275
0.544457031545  0.717207694604
0.489678340344  0.470075321315
0.387675231727  0.601858933011
0.665489449547  0.320890244218
0.451308877879  0.432364486032
0.474263557126  0.529966040139
0.547409530958  0.580037966594
0.490604571168  0.594354601907
0.60395789643  0.520046835225
0.556458018731  0.464471754899
0.588018390978  0.640474283007
0.507122654565  0.300582201634
0.574734334019  0.590986127149
0.430601116182  0.386060715649
0.344917060081  0.659789451467
0.542087706045  0.407376833438
0.545876220725  0.525061706684
0.323412419479  0.481194560817
0.644863245517  0.477007497869
0.547899425082  0.547299972476
0.598667363436  0.39945892437
0.534951277987  0.542755406562
0.59132898601  0.514908434753
0.497765141299  0.493140961274
0.594781641553  0.508225424799
0.413773083087  0.443997819551
0.556487033106  0.538004862162
0.473442517404  0.325818914556
0.606175350724  0.245263689218
0.636427332857  0.337184139745
0.5575680174  0.261203351339
0.513037346096  0.52605580038
0.492751322243  0.49368487422
0.440304878567  0.544953458807
0.436308804197  0.505997586892
0.334042552092  0.61269850676
0.34477899332  0.366597324719
0.482248214637  0.393173123969
0.722066783493  0.46424322427
0.488712195344  0.475046652948
0.48360165314  0.446210976664
0.261793417015  0.463941565912
0.542188916358  0.381999992353
0.548404597314  0.54559389509
0.518589745532  0.35914843975
0.598297204823  0.449020406565
0.38708570402  0.375904911562
0.462468098762  0.476725245838
0.398377911054  0.652554858054
0.545576332625  0.504804144084
0.371602849897  0.292519774693
0.584162605087  0.511343155345
0.507210193035  0.562977833643
0.420257140215  0.60898426131
0.595284932666  0.407744200595
0.656625509823  0.444849226946
0.432729124513  0.522207408225
0.367554415372  0.523622426762
0.313247601189  0.509594717833
0.427454497753  0.553213393887
0.428315242267  0.604365192925
0.358478362833  0.470473125351
0.552631533422  0.621561581889
0.351916929332  0.480697834606
0.577417118663  0.467271393818
0.42409736255  0.560428854694
0.358504345956  0.473072602454
0.558559788438  0.663185462416
0.375151875314  0.461293383086
0.554023137419  0.566150654052
0.568105972736  0.596682460169
0.555379906966  0.518752499794
0.430036020985  0.554511776547
0.56794630345  0.441673261277
0.573905757402  0.530654231191
0.47219316346  0.636978756081
0.476814015615  0.471143208753
0.450457628723  0.391587397685
0.643207311865  0.447521460295
0.524431894728  0.460477792243
0.353596854105  0.526835987208
0.454168230611  0.608095726088
0.145835592997  0.400705697351
0.559430069729  0.448592352455
0.446781083301  0.281273290529
0.308040043062  0.458653644532
0.516624103842  0.50306210889
0.486513681304  0.533812239927
0.6451574088  0.646351870455
0.503395129456  0.30029657588
0.399690415635  0.449401179974
0.397675088225  0.432065366144
0.626330283731  0.567029744774
0.46140402535  0.406781448139
0.430819029421  0.484271634132
0.49193802533  0.413968299062
0.527831772746  0.516397917464
0.490865587652  0.601119134768
0.371566717346  0.445477121692
0.297418961537  0.542729399533
0.501000876763  0.518821717146
0.561140822755  0.541698044773
0.312656642625  0.516044315772
0.722090760977  0.346360754447
0.384208664479  0.53281245701
0.466887153505  0.562991700675
0.521229832702  0.565006098928
0.471478769532  0.421183539312
0.409784600134  0.618958235467
0.323709507405  0.378321219219
0.46581053706  0.415808127015
0.550430463604  0.458903923496
0.576997858567  0.460943224128
0.562974614703  0.460515868936
0.479366391501  0.383994338149
0.589203565339  0.479545497283
0.331956782124  0.524348935837
0.382288590026  0.611896003009
0.428504339435  0.705456837703
0.530749618819  0.477825619079
0.539965971196  0.577641010868
0.396500351722  0.582102135136
0.486013232506  0.493312661905
0.481525999095  0.362790041149
0.407818107801  0.51101691071
0.633850021991  0.401695354335
0.451283789797  0.541863372593
0.347946041403  0.447095545667
0.495752151425  0.444177683156
0.450794803761  0.386787445326
0.739375431656  0.405458546314
0.368317792697  0.486144258097
0.443991568968  0.362381304447
0.523210260959  0.479606690821
0.463294621495  0.511107144156
0.557705108532  0.534815842957
0.378713640474  0.538227667562
0.399058686569  0.488890021547
0.507015388747  0.567343682839
0.382962913969  0.450972705071
0.62183831824  0.46087693854
0.423761984012  0.773081229946
0.525753357317  0.553009936448
0.476885627272  0.642733272268
0.560206914992  0.52784696525
0.509093404759  0.414754682567
0.551557975481  0.403133080429
0.323739128792  0.428012311745
0.509259850718  0.451212273218
0.479760021942  0.425449701903
0.411994362951  0.557837910742
0.502281687369  0.279972411848
0.535412759189  0.414502024912
0.50614149738  0.502048260273
0.45061967747  0.432142418009
0.387726085064  0.45830444529
0.461577047632  0.376939215564
0.570493978421  0.672040761432
0.466243800353  0.430408348496
0.664744632588  0.335912055351
0.39688634159  0.45418256202
0.391674745246  0.375448119743
0.520764509364  0.539980941831
0.502956064811  0.407172093181
0.378013297696  0.494851916472
0.396331066042  0.362622179301
0.400794058822  0.651457288371
0.427086848941  0.587857162348
0.485198783672  0.191887579026
0.388223474816  0.331054725913
0.369496810101  0.556093054217
0.515808879668  0.29398822583
0.38082889628  0.377924412341
0.638369060954  0.405769697713
0.551334690589  0.479807522377
0.522268708772  0.369800860115
0.535406990983  0.4558798556
0.399523675684  0.475482754421
0.492683700889  0.432177138304
0.316641436264  0.524831211207
0.469487032533  0.39583738197
0.527891750675  0.508241876206
0.535751852198  0.566563031857
0.37900418371  0.533085666622
0.668187667662  0.574564779003
0.280617314919  0.594921892389
0.297849077014  0.483629845128
0.323821409598  0.36392931255
0.542770661797  0.421458767438
0.452136621704  0.706248484524
0.373226249807  0.527460903703
0.581348365573  0.487313860181
0.477078663351  0.35383534251
0.615754868051  0.565983338825
0.482573026065  0.59962859235
0.470020305396  0.397699288965
0.521903805539  0.424911293441
0.408267806064  0.515714875468
0.531628464908  0.4643797825
0.708196396397  0.476703353949
0.482486454529  0.514912420416
0.487634309757  0.544179282822
0.441927173939  0.430304799841
0.276214625157  0.51731877534
0.399081454716  0.44982359439
0.575434762831  0.573838407216
0.569989286004  0.579822656295
0.702102087456  0.407535916222
0.55331105884  0.494024856026
0.525109380561  0.533696826577
0.373153566088  0.595068086418
0.547050156437  0.455831158693
0.629622695384  0.398358618552
0.557611718668  0.503374418205
0.492184835964  0.595592298876
0.478270334722  0.370648871844
0.429408816967  0.40865139415
0.351083505635  0.497887558198
0.374959239034  0.496751577105
0.436102691004  0.512032324418
0.268034511016  0.481727858494
0.527149876332  0.590588567648
0.57487302754  0.353445905157
0.589047053687  0.624556649202
0.594363669702  0.432753636631
0.503408007297  0.4833552928
0.321236307555  0.524195113825
0.497764743028  0.481574094644
0.442720123315  0.434181620538
0.568249453743  0.69953568982
0.440235825537  0.418457679078
0.32133951174  0.653068764175
0.435315504612  0.429796652781
0.491245478171  0.646043164032
0.461966241318  0.340553017144
0.4658078424  0.491492254013
0.457588930843  0.401455194426
0.475287144457  0.262999605836
0.321052669914  0.651540386366
0.545289811465  0.55717077267
0.584130883951  0.329075869323
0.490049845925  0.5593876453
0.456646075047  0.229460971405
0.407219902325  0.615364312616
0.414429727291  0.638172948135
0.289679569083  0.372042588322
0.5809336872  0.641191105641
0.347460458999  0.506773376168
0.531132453943  0.609750498607
0.556638520421  0.21907781068
0.444097012196  0.539432559857
0.453346568261  0.448648559924
0.572714958363  0.37308423351
0.502663367007  0.390913410074
0.332129014905  0.593377183815
0.321862827681  0.677352874011
0.534066043864  0.359638417372
0.460461395399  0.636748347269
0.446167745491  0.459205544159
0.413610306762  0.466342095065
0.477013497779  0.392111186878
0.35851563748  0.498604126577
0.572084393053  0.598231733603
0.478396200367  0.464857171811
0.431707410628  0.416306181628
0.325636582309  0.520572533905
0.663654251313  0.42410136688
0.36851081775  0.592641439694
0.397063965696  0.504568242867
0.511755523992  0.429263724101
0.469308103646  0.349305596255
0.455238918098  0.430605591578
0.422850477096  0.454703826849
0.479238929322  0.490243547461
0.384621254824  0.43740058398
0.712317300386  0.462506207115
0.334462165636  0.495971776698
0.449231586369  0.474539154851
0.409650976133  0.440310771757
0.192898666177  0.400836347041
0.376573754108  0.459970285741
0.40987480039  0.404026967645
0.586429706914  0.564855226519
0.585770649565  0.451451657406
0.45048300899  0.354958664915
0.555824154283  0.60239964182
0.447417907286  0.452716055151
0.440949195532  0.463981993127
0.347802159517  0.642263078789
0.52578141518  0.344936652026
0.648121393844  0.400449835359
0.51735241791  0.578066188836
0.527548268426  0.306123502906
0.603758093403  0.410044556017
0.541372835698  0.665440909505
0.339493186521  0.475056711331
0.572864226789  0.50673809106
0.501553038962  0.601060685585
0.383020614163  0.44451034039
0.368742111723  0.667237484287
0.521803639014  0.445304839693
0.478440197279  0.445134179804
0.427179144802  0.434210277898
0.432935430483  0.432293171894
0.52536027079  0.406419809125
0.345617818939  0.518157144682
0.520443692928  0.502323274248
0.246802683436  0.512302878212
0.395555672787  0.328096227903
0.492885661074  0.686657341706
0.481724891028  0.377967436994
0.505164826149  0.541490250311
0.32904266509  0.488711469425
0.595529171595  0.341483128513
0.415699238794  0.326170502363
0.494780051229  0.55084026744
0.472970522407  0.319165677048
0.637690177317  0.399451278777
0.385439948378  0.384595228086
0.515273284385  0.584251979177
0.486746466365  0.468880960284
0.479763611798  0.45806432513
0.405812157964  0.482761652551
0.401058932074  0.561235385388
0.443152047775  0.354970312028
0.53339217565  0.385799963063
0.474489242192  0.491997218657
0.487769672236  0.359021700503
0.454400276456  0.508829126259
0.57579091337  0.527603198221
0.280784145683  0.321354870414
0.589262045548  0.566853019453
0.43285159577  0.546802987123
0.464271820563  0.564536179235
0.693738256262  0.553954827379
0.527001056944  0.477242766651
0.395150816408  0.261995651472
0.604484066197  0.484259764315
0.374640601876  0.619880687561
0.550475691666  0.441855670505
0.640135937789  0.423008906614
0.419870788473  0.585151821398
0.464440220637  0.430933492699
0.457602709598  0.516793796486
0.554708985638  0.53973549819
0.540820315999  0.457101773428
0.390148368052  0.644186087545
0.587996592281  0.31187823769
0.554284182851  0.528407877947
0.311522844451  0.345685650113
0.623557018752  0.611204849608
0.538722513332  0.606558892683
0.526866651137  0.344239527656
0.586579400174  0.487657742415
0.436695180927  0.378456108541
0.340457209184  0.324211873294
0.634424098175  0.478166736953
0.481143261095  0.37080135425
0.634606570033  0.561850649218
0.523800810846  0.431382784921
0.521309344795  0.611365186184
0.438390813284  0.454528533592
0.364312495264  0.567522943406
0.43110499727  0.560208048176
0.524968926509  0.563272797746
0.475618991653  0.519967360312
0.426191531077  0.347283869718
0.537525724094  0.495520821531
0.581424199156  0.475652083662
0.627302840778  0.474825705518
0.504807690189  0.485120667638
0.353785800444  0.424646573124
0.490200998853  0.417948240533
0.522311573779  0.614153669784
0.438462955062  0.236096325543
0.574102802853  0.461758089321
0.37700975144  0.557293407261
0.300858309678  0.338723737717
0.394313325552  0.446994490877
0.368354015095  0.410045808626
0.324473782175  0.302184571568
0.413014830224  0.460151654306
0.51304206488  0.443945171213
0.470194485623  0.506606910086
0.354054126347  0.462360094491
0.36956474694  0.529038734718
0.506993906305  0.38512383826
0.34147996898  0.606103765718
0.458934537693  0.446029882069
0.424687035091  0.434579915506
0.44104073447  0.547011798509
0.343581194223  0.390794697101
0.520110546874  0.543885157067
0.504267376178  0.567843446106
0.465195224348  0.593670837285
0.330744865745  0.385194956525
0.536521706368  0.371893223121
0.499225748857  0.424362497643
0.466772916787  0.484573017922
0.415250682711  0.509235280373
0.425036680843  0.39357277963
0.458024651917  0.421429379535
0.586217228673  0.525701332761
0.543927625653  0.488520790295
0.395377617413  0.431549989702
0.406285406539  0.464011393988
0.641434290282  0.552430228805
0.545485113445  0.38883722788
0.248032656182  0.447649176027
0.335788606935  0.425027857088
0.487166280345  0.458274427399
0.415166493657  0.407507310846
0.389380362732  0.598653696539
0.62244192034  0.766792698358
0.524405939797  0.716549050718
0.506684213527  0.351068897315
0.608549401443  0.456281454916
0.403079338888  0.705073186752
0.407044709784  0.416985680675
0.515112572227  0.63791817305
0.386667142826  0.46807516157
0.472471198852  0.568559874594
0.461398856529  0.527102759857
0.338137941934  0.400489312197
0.437248406983  0.534281250704
0.569466500593  0.498342167046
0.306380711489  0.309656675375
0.530706438198  0.51489037313
0.420236488042  0.375155360176
0.593355038947  0.352687534256
0.649039722332  0.374401719599
0.573844168056  0.457910033092
0.529897899135  0.496203983981
0.567367155913  0.523910557898
0.348992973819  0.419594806662
0.580363779938  0.473082550626
0.487052869584  0.53875042833
0.477529412105  0.495408176458
0.34311376626  0.470890612898
0.537801941439  0.412683015922
0.456441432767  0.639714007133
0.45606447238  0.432485962371
0.493146764895  0.547515351104
0.504790344518  0.536835418183
0.50865354234  0.624889564959
0.445356526618  0.529255379064
0.437282023335  0.336048201188
0.56698302279  0.588747847615
0.452828892571  0.663830528176
0.369799261597  0.466931502174
0.267589959419  0.542872588802
0.579347303209  0.393941450728
0.426205326221  0.382917782886
0.443085232839  0.707747887701
0.503810985148  0.412759590274
0.480316664233  0.340346357546
0.478019251277  0.497070486908
0.436260797243  0.47617573195
0.560772373637  0.557295909656
0.480277085115  0.406250610162
0.535193283399  0.512245784299
0.52537683812  0.602383344892
0.362941034364  0.350332312091
0.587332025775  0.464596933136
0.466648647205  0.410845244378
0.50312786424  0.479095716983
0.502890698539  0.418445407836
0.32729062784  0.562459238145
0.495463267015  0.397631847552
0.343603402502  0.573404235474
0.575143594919  0.395250057414
0.533894516186  0.442000291817
0.341971626025  0.628780737345
0.546305952026  0.448825472515
0.616887250159  0.57131134172
0.431143157973  0.439787132159
0.643365717548  0.430439810379
0.456325888004  0.463719819288
0.437877912567  0.522649809378
0.493150720441  0.55468166321
0.396550009351  0.420008169924
0.458320259375  0.488736498043
0.46394974372  0.430734478308
0.451943803069  0.458895203873
0.305736461502  0.450607924266
0.539705851705  0.505364200419
0.353140021651  0.416692115022
0.441933328906  0.617326446822
0.364807022808  0.357818274168
0.449290499848  0.38917241579
0.439963068563  0.41462662825
0.484400714877  0.561744758006
0.529755399019  0.450269298378
0.459225875887  0.594147667121
0.598283507167  0.405564035414
0.283199954871  0.507157471052
0.578339386432  0.40930622084
0.457346686912  0.481029621358
0.454485156273  0.52998928455
0.555621464098  0.602980543426
0.480994114283  0.506618507081
0.637296818606  0.635993891853
0.394576728783  0.462124041134
0.276810090636  0.485717283423
0.487923080362  0.438752940368
0.377488394528  0.424084552469
0.490748650514  0.444513560558
0.558668572701  0.405851588379
0.416199476525  0.340467234481
0.458755047955  0.537010817621
0.416168207804  0.772614986592
0.506546384241  0.379126897003
0.587966715054  0.621683484992
0.524925011284  0.59261709811
0.351020126471  0.446022142395
0.544958435162  0.497747710215
0.410282150812  0.390575456087
0.493326320896  0.601262133432
0.611490551623  0.540911214729
0.545715025177  0.605912905576
0.473674283358  0.534612798661
0.244161729474  0.419670605296
0.521553890768  0.506531692369
0.41106279532  0.348759637397
0.428253622835  0.540660947675
0.537103322612  0.42819701356
0.394127512623  0.489344480676
0.474107040237  0.514530642671
0.73578827939  0.531973417569
0.579666014729  0.477500618944
0.497284102569  0.602644844384
0.608546724975  0.446269032801
0.486617017781  0.576877461023
0.566452568385  0.502368721779
0.504602519083  0.528552191524
0.44604452715  0.397523228944
0.626521538252  0.538676898145
0.73387020544  0.538065838647
0.432545999887  0.560688888162
0.520104232784  0.573598169212
0.346841345601  0.483381340151
0.445177018407  0.436065669789
0.439170736266  0.490810663071
0.685291272342  0.603589133259
0.570705807928  0.44259995371
0.444931363118  0.406366497214
0.370548705968  0.534149427673
0.579966920527  0.487171372141
0.485670814042  0.480329879544
0.478819583957  0.418468899386
0.411598504347  0.382796227332
0.689245038294  0.586120703557
0.545667685639  0.425402063645
0.381984392501  0.469465605126
0.694732722815  0.590112335306
0.547096612871  0.422756499221
0.284972571832  0.516914910433
0.556318198912  0.352424121439
0.45108656612  0.353185521607
0.578288536682  0.50283479476
0.634487686589  0.450130899596
0.54056762256  0.549407318534
0.521983225999  0.592492935848
0.675260232101  0.620918063786
0.376581252633  0.42386014262
0.427959353566  0.651738659011
0.400315382398  0.430193931579
0.644247707871  0.61724308615
0.460325536923  0.426754131932
0.483541679048  0.46245106822
0.462315804037  0.452680407192
0.603050285557  0.633858452193
0.535870737426  0.519028925536
0.448430050173  0.496676039828
0.564972231166  0.491508325343
0.526344961855  0.365781430218
0.376473919002  0.414609681951
0.569697429827  0.605341548297
0.477710985661  0.555543577222
0.542201383471  0.424711727454
0.443704834463  0.432874846114
0.273395343952  0.395362368717
0.601178528185  0.506014660437
0.462776246349  0.471625170885
0.304025839252  0.464068742686
0.406151606382  0.447391174017
0.410442448097  0.292396945534
0.417555353325  0.453350722525
0.626387803438  0.294737181346
0.456965454468  0.404512130654
0.446600380251  0.451448702752
0.398387362583  0.23497046859
0.519675607358  0.474993989465
0.49546620556  0.47879903687
0.694306206648  0.436950578905
0.43831730126  0.565613964838
0.383686196252  0.333858400378
0.424554569458  0.458192964009
0.64575525667  0.406648582454
0.455445083885  0.566372658403
0.623411500461  0.399674298318
0.532476274449  0.384902849296
0.332155766167  0.536177096214
0.472092023662  0.739866413631
0.304831690167  0.631059513576
0.465880789535  0.301302944596
0.447359329253  0.379949800757
0.552904966586  0.515778337077
0.517945556596  0.554218546893
0.514978249017  0.349916355324
0.475052749773  0.548010631244
0.39403645681  0.463489514232
0.523938811555  0.488800818922
0.576854689929  0.588800288476
0.485482960975  0.459040664947
0.559645649127  0.395744547188
0.466146586263  0.569146888734
0.430192010952  0.461419475349
0.505660059226  0.467367387603
0.427279416479  0.501069225399
0.430632975894  0.567400894695
0.678588200053  0.54790533662
0.605220020366  0.476977117966
0.450611211044  0.587657264542
0.53180949392  0.492414165513
0.577449262361  0.434058413089
0.632971932227  0.467283034975
0.465175348288  0.529123731228
0.423791954367  0.606177174373
0.420684573339  0.343791575073
0.436518959825  0.482472894017
0.613461595838  0.34235332047
0.465692511654  0.49724536489
0.445781743083  0.416912804047
0.528721936934  0.475446126367
0.562795765605  0.578684855425
0.592200298089  0.50538903143
0.487227137758  0.443974588448
0.330243616105  0.422486649346
0.398823342926  0.457439970161
0.374755905377  0.47107890943
0.299425245752  0.48872147571
0.449834099801  0.595774559308
0.691624375676  0.651636489114
0.572704702831  0.377486692635
0.536536281655  0.471951932543
0.440243264081  0.551190125958
0.546888505594  0.454782189281
0.564181302918  0.474960493397
0.424733075873  0.345284203408
0.411091638245  0.363035409155
0.576684920891  0.405094375511
0.509723943959  0.739157902089
0.345236994083  0.634040088081
0.190364821363  0.427645260097
0.250736841949  0.517842396548
0.489643647043  0.460004406729
0.317642924206  0.485134641221
0.40069190124  0.597945577261
0.427196490123  0.488902883948
0.463122237426  0.545015297594
0.559059741167  0.540707383323
0.569017212489  0.447409861788
0.594805453159  0.387646661753
0.455454674956  0.482463767026
0.503183057239  0.449470706245
0.6014866217  0.432829796732
0.713983312874  0.482981722703
0.458105163255  0.386135674986
0.389595948644  0.645156826776
0.339384249762  0.621054091563
0.462659749124  0.586596273974
0.414227805255  0.714805821868
0.543790194224  0.600549153781
0.65986687555  0.477557421083
0.437367821671  0.427320117656
0.522813556026  0.479628067709
0.414972337392  0.41774458765
0.420197861113  0.502142510009
0.24447492412  0.458063614384
0.415129169843  0.535606414958
0.380046191814  0.541588921735
0.484056644147  0.310566026817
0.507154597248  0.406954814045
0.452033507414  0.504547675613
0.54004776848  0.628930288207
0.380123913707  0.427486617474
0.340125383529  0.552911401718
0.471378594748  0.434777032437
0.536705696229  0.564603982281
0.58291806122  0.461798978599
0.50809309247  0.457839162293
0.382255203576  0.511194607634
0.475107896863  0.57123053281
0.446215605267  0.464120241159
0.618009676485  0.458425242281
0.457216381286  0.237067409107
0.515059897571  0.503964422533
0.456070905686  0.659405102776
0.543038124636  0.444330641917
0.361994873514  0.596143329326
0.370744796543  0.238163324603
0.326048698774  0.441756664179
0.678390908514  0.577424034692
0.384062799924  0.445487437582
0.303570794303  0.354408236283
0.404282746533  0.509583528809
0.548562336655  0.629741570466
0.623838695275  0.573040608993
0.427700808107  0.436671238481
0.532422953815  0.441433578446
0.371587532577  0.43471094848
0.540969965634  0.638420343265
0.512955064587  0.384125262096
0.670523928341  0.440162758597
0.39489126241  0.446720628109
0.546050099466  0.433181633827
0.614874502746  0.578703977496
0.512169174987  0.384500555098
0.526155163146  0.494685673171
0.597141418385  0.56560569973
0.61933008242  0.44952275047
0.321721064795  0.572329112141
0.430475777556  0.629815428446
0.440524690139  0.365037900267
0.466059362801  0.524405212245
0.612174998451  0.482076412189
0.595254368248  0.522697461984
0.527073476249  0.430311467772
0.540999901205  0.461125489872
0.379536983617  0.499336783091
0.354274968262  0.591295971991
0.419163065527  0.353607400593
0.405282288135  0.444687059996
0.625098873947  0.554068839161
0.512900011205  0.589518685195
0.530386956169  0.407383185911
0.544258753602  0.537074542858
0.393393790339  0.303756489638
0.456839610483  0.549593264359
0.471029699461  0.421270681179
0.442949776232  0.467045418914
0.449691325881  0.519241505321
0.440962198038  0.425068505216
0.503397159396  0.433665136305
0.489684576679  0.532328926383
0.541303465411  0.278162915676
0.422053949532  0.46759232556
0.433505778761  0.564909032574
0.512480539032  0.601060222542
0.514461297835  0.506382554628
0.458774098884  0.605871060268
0.427174067159  0.639264698384
0.589579682699  0.456480829887
0.532709081781  0.613278863282
0.527552158187  0.516056981209
0.393664228241  0.496880678249
0.491129096915  0.422681982058
0.485165182528  0.386700668191
0.592686528305  0.701545753992
0.603195344879  0.523722090483
0.453503334768  0.551292415804
0.347428294109  0.56643340205
0.324765410023  0.530119915302
0.619905348327  0.499396291106
0.536875125392  0.337312927711
0.636315164013  0.45751267561
0.529565547346  0.388772823656
0.350154066645  0.577962134144
0.56522704364  0.633305008885
0.45290322543  0.57758004081
0.401371718133  0.451940695949
0.438538817746  0.368045982217
0.654311524064  0.386246908392
0.515646121505  0.456545598303
0.489741009952  0.586700740465
0.236243769343  0.521559891585
0.409983183754  0.571873489309
0.500813614951  0.386294905013
0.487670810738  0.437302225074
0.492240539997  0.547424230245
0.379832545432  0.44138759544
0.486255193137  0.460676385595
0.632017027943  0.354946973556
0.487681569632  0.453444352342
0.699503775916  0.518607376078
0.332117770599  0.281372820871
0.393975866322  0.538646111336
0.373601673215  0.520607130394
0.257800484855  0.447134122883
0.528968068551  0.464316263275
0.470199896881  0.45575632574
0.462439193993  0.516282409233
0.502579995103  0.536215149711
0.449133558878  0.525914951857
0.340288144905  0.481071997358
0.430466899446  0.485396617881
0.648562439272  0.537324671955
0.630168852402  0.468626800788
0.387088122022  0.443581561016
0.491567043659  0.507776634302
0.375775222152  0.409105781419
0.522561968148  0.548854581573
0.384636704776  0.543463286624
0.401784876324  0.436527218085
0.479904520194  0.423141880852
0.453463390302  0.493941466105
0.418584112411  0.434576676415
0.450628299185  0.660531510784
0.583612577935  0.428650178797
0.412343541434  0.603629076157
0.520343234735  0.49422233333
0.432024005907  0.490347524798
0.481226862976  0.516120580379
0.400943036278  0.592700965455
0.481890756751  0.329106421145
0.373251383703  0.537849775911
0.481346182587  0.368071786029
0.438977547329  0.356000917836
0.562759839531  0.462941259611
0.46621084604  0.595278100917
0.717829510482  0.649139970041
0.579458840141  0.632735544907
0.458383050395  0.403872601831
0.508519196494  0.835903420248
0.508224700779  0.537829628119
0.266474701564  0.272927174171
0.595841927742  0.517339157349
0.415241972664  0.392477102808
0.40368336131  0.354686955977
0.529490744213  0.518031379822
0.615471504219  0.548732454607
0.344164922112  0.517506450425
0.433958534448  0.687415142022
0.466783868016  0.480114613111
0.38732531876  0.462731598297
0.518723252943  0.662649197878
0.511985131661  0.489560213674
0.417480906513  0.368261704739
0.312089584861  0.432320653187
0.486890353426  0.60556154558
0.416616175372  0.532436045448
0.501828500278  0.421167958385
0.352179786188  0.503243123273
0.68098500985  0.665051235526
0.435356598126  0.536443983844
0.245505852063  0.493230926243
0.402614633759  0.695851633621
0.649960213784  0.47586777418
0.464762774673  0.404977176156
0.31681211049  0.393625584049
0.459058662149  0.617001958386
0.291804512813  0.437504325578
0.386511172693  0.453595648439
0.705924271414  0.579228719523
0.407519067438  0.396862678397
0.349940644281  0.5932380876
0.657354016695  0.529292722538
0.361587013796  0.435840790104
0.481134011706  0.478261551708
0.494128631181  0.563681423926
0.401533217902  0.411719817572
0.402341656714  0.331642984052
0.334230659575  0.487982215742
0.375654477161  0.560749672136
0.48695272072  0.568840977605
0.604473831946  0.36464378665
0.57021420938  0.181311328114
0.438243447087  0.441072612274
0.41460290152  0.457672111632
0.461973540207  0.369472368231
0.34407685435  0.384180864666
0.460689949779  0.529452556468
0.571401654065  0.600163634261
0.53326080932  0.515753201326
0.514558796067  0.400254752336
0.311283025759  0.540002002641
0.366978278801  0.434445118511
0.585410020947  0.487521120704
0.447451168835  0.539009254282
0.430087775276  0.592081573328
0.546835171884  0.468012128989
0.496399124648  0.436127562148
0.442881356864  0.537138024754
0.499174004253  0.430971784112
0.44514034816  0.596147090265
0.40532505383  0.347559256911
0.404106348845  0.332378274571
0.438559993303  0.497694759312
0.563553672839  0.39399342022
0.381699484254  0.402574074461
0.423641299353  0.647106612376
0.593792874403  0.4267008797
0.457326573717  0.525495656122
0.557206684751  0.582457479064
0.472603010353  0.483380899608
0.462310432807  0.335603099914
0.508902451473  0.331551027865
0.540661313295  0.444970203621
0.359328748094  0.725890199083
0.524633413674  0.672853563195
0.367823014329  0.588179867747
0.54399776398  0.555687214212
0.379338285552  0.370008429006
0.481597130542  0.423066175271
0.519874064535  0.49013061791
0.472539558231  0.563776513456
0.413889670834  0.502473944953
0.594231116407  0.49792312678
0.370769898225  0.52423371275
0.482987249556  0.323131938118
0.415543129964  0.605126858907
0.302214404374  0.541938866525
0.407842137825  0.556137738329
0.530005865532  0.502834465401
0.391103523871  0.411344424647
0.450765531419  0.538325119405
0.538718448484  0.521462357411
0.525790148935  0.508187978456
0.528977801621  0.391924117159
0.552448391967  0.506196043438
0.644215092699  0.573089509646
0.408958827766  0.45801455672
0.47824025673  0.496211943125
0.703685223183  0.391401514398
0.549755611761  0.418639087769
0.531112280468  0.558751308061
0.568410407516  0.499524933344
