0.468981569474  0.528903272456
0.410429289816  0.440738953432
0.502422675647  0.428982970122
0.625458713671  0.604882590821
0.607458172799  0.385831009731
0.371016379586  0.612695150515
0.551498243417  0.320724867019
0.557346934402  0.509420391312
0.398700480549  0.229710779596
0.467341657109  0.477399283742
0.419958566668  0.465576819159
0.543332344656  0.43162313656
0.376616633086  0.56313468789
0.552560043022  0.4480712522
0.53056276346  0.706633091494
0.516932434822  0.458015003008
0.67407423478  0.459933482573
0.579332959872  0.58358632808
0.384960781762  0.532418594298
0.459399852707  0.673139598092
0.349531772747  0.57157783999
0.500615230923  0.575957334203
0.648622304284  0.509366242063
0.482211676774  0.473233888512
0.380172856712  0.439346071288
0.539900125996  0.506464590646
0.322375779439  0.465049233019
0.600326780062  0.252544161112
0.338569100207  0.53620037365
0.587888250264  0.319062864956
0.596997332465  0.483977317035
0.446892360916  0.417506533935
0.516946464541  0.43493762498
0.490334067261  0.585947783975
0.392226870948  0.542804813893
0.43363987496  0.308475032021
0.659450764409  0.352942443111
0.457355910203  0.602396960853
0.529068134583  0.576492421622
0.573665563512  0.51184051052
0.426654542396  0.458766183771
0.453022563373  0.490139182253
0.55420612278  0.583801240377
0.395257461817  0.552386854934
0.47159634373  0.446894801501
0.526543337961  0.506338646643
0.594939660211  0.558101139138
0.631460215214  0.328734560185
0.505871671838  0.595135054755
0.676921048108  0.560165489586
0.511818815019  0.603192398047
0.422711419856  0.609897155067
0.326445699988  0.365684970391
0.610981981311  0.458827160273
0.285442164762  0.591965282566
0.53713727968  0.523476607873
0.639104348295  0.535829793208
0.43894269655  0.378037468558
0.514771900244  0.469448035597
0.674543705389  0.536140115803
0.428340163494  0.430576531576
0.439664987352  0.655045051411
0.525801405036  0.588113931222
0.538094113881  0.571854764139
0.50264486149  0.527584484036
0.333429153706  0.445743648147
0.451193729588  0.356062828859
0.435229358617  0.433339878543
0.545698967606  0.446735430987
0.580100677256  0.492682559114
0.41192312765  0.693068639872
0.488580854124  0.687705011905
0.545359816322  0.425765036374
0.288749052237  0.628283875853
0.4722686347  0.400171570279
0.436488341465  0.354565924695
0.588916771084  0.524658926444
0.589373305592  0.364168736993
0.59253882819  0.506207087369
0.384362794602  0.449868039625
0.475682747653  0.510566845335
0.425399687621  0.283458600033
0.518220808586  0.512494221916
0.352939302451  0.507324816861
0.558569949065  0.410691528841
0.658045708159  0.420268189047
0.607306097722  0.619382784367
0.507564855726  0.483798899264
0.533162305833  0.499306034214
0.525506009081  0.470039510892
0.470524484036  0.588361874173
0.38856405971  0.356492984109
0.656547600031  0.421153190121
0.519836918875  0.549072755602
0.515849118283  0.554399871871
0.411418486695  0.499465747737
0.362337491196  0.538918025427
0.414093144321  0.515593561929
0.474475297151  0.357544426223
0.41422514714  0.526714473606
0.324227157601  0.459800720943
0.534057100558  0.558810898125
0.534446953399  0.517121202685
0.319774844907  0.435828080684
0.632713698733  0.440245899011
0.406701819565  0.605708203472
0.623262270097  0.475091476642
0.388829268271  0.549732056959
0.380979491479  0.347491875618
0.331923522426  0.477083711903
0.485170641539  0.546643509541
0.310643360167  0.58692597304
0.323413420414  0.546239803697
0.357835256797  0.676877067433
0.500449792654  0.541135817219
0.54513149641  0.534440416391
0.693781443043  0.546588193065
0.762507545551  0.475821753519
0.433752768675  0.458649116188
0.532759766001  0.48625282526
0.349325459721  0.526155281348
0.466170769806  0.625448510251
0.381869491165  0.468245825253
0.600044174652  0.525455076067
0.491239803395  0.444236423594
0.40097751835  0.597926393737
0.31325383519  0.547933465075
0.431276110898  0.478094952634
0.672552412088  0.469494252237
0.433870736338  0.330681063433
0.331564117573  0.420819629437
0.546303999135  0.548266719494
0.491241371868  0.364072510065
0.60767440904  0.421177236431
0.326024093372  0.535654649931
0.604465824743  0.317835805853
0.356162240399  0.386101095808
0.371047464506  0.385390775334
0.610630107937  0.57844746228
0.416274365404  0.478650325385
0.341711346213  0.350886538739
0.550209147895  0.653373609992
0.586637883429  0.558350794977
0.445346232582  0.427203853104
0.429242940667  0.469387854172
0.386559641862  0.552608216934
0.582421638777  0.30680422409
0.456399568993  0.337104671335
0.403916794664  0.491278980148
0.45278397361  0.423523963482
0.481081296132  0.453083463938
0.485303528745  0.551310524706
0.429411942928  0.271721526627
0.508784973504  0.709851470206
0.375931185066  0.507060079465
0.470083616654  0.454342479546
0.613523594337  0.442326214182
0.455686797576  0.374408912292
0.495158997853  0.525851761063
0.49176471068  0.55829034039
0.531099740996  0.602776044299
0.262997329125  0.425314429791
0.540289684989  0.33687822883
0.358618565567  0.498958552093
0.689590375323  0.294236734445
0.488666404345  0.273537589429
0.588521048235  0.486575589579
0.397588925818  0.455215650633
0.536226875607  0.489206755272
0.556512802374  0.409639312208
0.698002999082  0.534543613072
0.485450615086  0.456667436365
0.168841208366  0.444686122424
0.415565007943  0.614802428693
0.417160739042  0.563179527358
0.452600187607  0.282103780217
0.623006977681  0.453360580267
0.458027509989  0.644744847813
0.556436885876  0.43068163483
0.523554733977  0.610913414479
0.474501301403  0.547555547474
0.519588157441  0.476835323727
0.520694458342  0.415036233532
0.396119791787  0.861153002835
0.609901321426  0.273844624733
0.676398402535  0.535536288619
0.386129250161  0.598982807503
0.118953916515  0.519332230078
0.267201461998  0.446518937397
0.364915002663  0.464086537008
0.452199999592  0.46603001224
0.500864221593  0.675833259116
0.571749040372  0.630745684772
0.362700316978  0.581287509767
0.529763799929  0.393132122821
0.526252303279  0.45568244501
0.513053322435  0.367474050853
0.433090498047  0.435001366509
0.373153548238  0.397362043387
0.557685636717  0.690999778943
0.48892680396  0.324166029298
0.544715484637  0.476623675964
0.6055392353  0.413422488924
0.35148104598  0.384537787582
0.300958682521  0.486865976546
0.435179591079  0.498794613593
0.504077170855  0.316000464986
0.339011714536  0.454186477043
0.388757654485  0.420383337998
0.372505905007  0.366461722753
0.390654461889  0.486798831328
0.389917873327  0.475492384495
0.751336788105  0.364099132509
0.380154953635  0.447015836394
0.537774364458  0.437760580197
0.47631548324  0.424079523591
0.501016356323  0.579670446321
0.415027035908  0.483855749926
0.492308363032  0.396803254917
0.404682159635  0.445154610974
0.366045287304  0.574509711408
0.481353568763  0.585316508019
0.430018582786  0.577446414212
0.373237788872  0.575335063528
0.51599767432  0.435145544745
0.534108692916  0.599965857771
0.400572089199  0.583257082807
0.566684215465  0.48828982231
0.507478667052  0.522147330011
0.492436860722  0.477250951089
0.557339590106  0.249469863086
0.458107074516  0.406475031939
0.514187236161  0.440718794569
0.53716510191  0.448585213891
0.457674468643  0.375702252191
0.345499945512  0.464871195088
0.437797665404  0.427336127331
0.4805633714  0.603243913479
0.370542996298  0.359893190844
0.396605314951  0.470166786341
0.395441598999  0.506180511323
0.379969551101  0.523692524531
0.468325970718  0.492487350643
0.682680105448  0.400131265539
0.402844996108  0.521132329374
0.549129090031  0.54704262445
0.629407402243  0.425843121113
0.316947020226  0.597753834315
0.503048116974  0.574747956415
0.517080926241  0.430806488267
0.399413834123  0.445052953794
0.397940683807  0.636604245213
0.613238960817  0.370996486388
0.40091925101  0.408441460146
0.57685018963  0.616102055813
0.405147743922  0.504492018181
0.454384519461  0.643710650583
0.456367839394  0.474312095236
0.534825510009  0.458077908066
0.486723970629  0.647970070121
0.560931755966  0.393698750155
0.32674438892  0.215863764446
0.435872531389  0.436259928044
0.561241203903  0.487627381918
0.456656181479  0.547962885517
0.361322327452  0.457379236005
0.22432706683  0.50248997119
0.369625069353  0.491440421495
0.426238013128  0.490144697352
0.588732002172  0.614681176742
0.406112133166  0.588142330324
0.584932079411  0.480622732586
0.329462158965  0.294586698359
0.483237188389  0.462053362576
0.43028212902  0.308500733534
0.679853173808  0.179735334067
0.470000007047  0.514324685298
0.399040626168  0.566992966235
0.434152677098  0.34928965555
0.496286522763  0.507656692684
0.432445265587  0.557782617195
0.480417466025  0.447004589996
0.222786131751  0.420909275056
0.560149524392  0.462852512374
0.649789631745  0.558533227221
0.378646867251  0.518414175413
0.319512621345  0.393900832201
0.372351075232  0.176738857875
0.51294539412  0.631885878998
0.4723490731  0.265126404551
0.518473322241  0.37198625486
0.510560550137  0.525353730524
0.515949144384  0.530786484486
0.617509562665  0.525683486126
0.44401504873  0.403136033072
0.386965883139  0.417234537772
0.426374288497  0.54042114482
0.458489089737  0.421496950232
0.69499372475  0.705162179933
0.617182300297  0.536156923744
0.340698159168  0.579083821324
0.362156014377  0.604183772355
0.507873974095  0.328675010115
0.46518038176  0.509025975377
0.488303993598  0.269461092747
0.439243503332  0.654969660756
0.33327760482  0.759867310263
0.344409557846  0.455156558197
0.512033761458  0.51441659954
0.528787296012  0.606207659669
0.502645186672  0.56183586547
0.443379539344  0.650016206561
0.436973138921  0.463689048829
0.475508602301  0.527027766896
0.270771244231  0.427044953335
0.471000088773  0.436866448526
0.387841144404  0.583562913251
0.320699437478  0.615244284368
0.350754738956  0.451074772437
0.548028469555  0.385504069176
0.46289025583  0.399873719636
0.492644922368  0.477499914936
0.418539290606  0.543251378458
0.409100480278  0.429444512752
0.554400551004  0.435304405659
0.594361294699  0.465470840016
0.406587492382  0.637904203115
0.402383800013  0.552933088841
0.632483405212  0.334143338939
0.434033774618  0.372791238793
0.182902052387  0.581173554547
0.270911090475  0.439852719141
0.625260142118  0.479476145927
0.696064928724  0.311192573797
0.38877776223  0.422790882981
0.349485931792  0.415290634273
0.379591166037  0.401859958983
0.274921066215  0.495673153789
0.432128657443  0.517625099096
0.607286781922  0.602176581783
0.602294375024  0.401466805044
0.81567501888  0.34882309656
0.492463230258  0.393001243003
0.454006342419  0.353379310419
0.248877240465  0.617648222017
0.522672393101  0.457138833464
0.624141660054  0.528127070193
0.436738521593  0.378089152978
0.637420164675  0.527326157387
0.354888548618  0.40367576705
0.539404299871  0.576670743568
0.609105381127  0.585287769911
0.439307628402  0.414667132052
0.395078071626  0.531709640583
0.541327274991  0.355090852223
0.430856437365  0.456704386247
0.3919196955  0.493680382452
0.543326962481  0.621587774024
0.497638592685  0.577996250915
0.401221601847  0.458894871666
0.568215763541  0.516738127677
0.556838019301  0.406552635745
0.45182450741  0.431097879703
0.776397167221  0.526159547449
0.33037743543  0.390170110911
0.384328797273  0.506278139523
0.45012500159  0.372963725245
0.483944031105  0.49229763833
0.53251655127  0.5658963974
0.336760178729  0.682399550492
0.464670492489  0.477443927173
0.574903600199  0.363030706446
0.53556736359  0.550643311089
0.576676843418  0.580637555936
0.434889670699  0.540617161119
0.357830067644  0.36884929507
0.518000809822  0.606798080795
0.536556507752  0.390010325889
0.529120730354  0.592872190604
0.555739844994  0.565265892567
0.602829182822  0.406815055639
0.558965408858  0.459460488611
0.53045413525  0.58235034625
0.575321342269  0.554207266218
0.404893528691  0.58882950673
0.48704431099  0.582219355797
0.457742548187  0.487884248533
0.339150903103  0.463956642863
0.334773902183  0.532367195967
0.564939784523  0.748575173678
0.484389692763  0.56105752649
0.328081397477  0.352538802417
0.43195393201  0.320907432581
0.342545878916  0.494181676173
0.455645116391  0.599493298664
0.386605558934  0.499911083923
0.409042522784  0.490066019751
0.312072163475  0.532320650732
0.563494923787  0.358479288082
0.509073039343  0.390875110153
0.459592225096  0.507085067327
0.500061914916  0.37964140411
0.398495450762  0.483045967595
0.606469749524  0.356398279192
0.497094882595  0.321038457432
0.392762149218  0.243565023994
0.436664559088  0.519934133313
0.438126738134  0.310485663433
0.588303903486  0.56211944534
0.410449433577  0.318307667007
0.471264920336  0.446785906042
0.407846192578  0.56784101784
0.469497909181  0.362476686837
0.382571040322  0.393547613273
0.696435731242  0.336762471538
0.553906038893  0.498086736657
0.523419233489  0.452300353379
0.669700729763  0.45237177096
0.551438418718  0.587960388117
0.505684623272  0.352051489885
0.559452927835  0.382098952943
0.43147682959  0.362174843967
0.39636143548  0.740525796142
0.458224973992  0.527393625194
0.524735803098  0.350896853867
0.576003946679  0.461121234064
0.348540200378  0.586428861698
0.267617669994  0.500471720372
0.451277726874  0.272587318167
0.549459759252  0.656526911039
0.431986105986  0.500375687752
0.518726444608  0.556045165285
0.382301344316  0.382449388448
0.452100626123  0.413179853915
0.625483222146  0.413017982875
0.579910408375  0.428615742392
0.50270727575  0.618426626211
0.590431069303  0.306568196289
0.318692607338  0.432321869076
0.434370747669  0.335356185212
0.598752565593  0.464070422297
0.519632960017  0.476676408985
0.49862354874  0.479751147297
0.549367331226  0.34131082859
0.510658135854  0.412910402866
0.403416248804  0.458062754547
0.529697124417  0.500989880751
0.493975278413  0.784226438026
0.411761340678  0.396534771642
0.577305439341  0.530942059727
0.392621488856  0.540815719725
0.636777747736  0.606032300157
0.404039774947  0.528668710348
0.261966269361  0.389011816634
0.420894938812  0.536510249543
0.518907156854  0.498899419762
0.421083624245  0.435775845223
0.397990771569  0.348712324007
0.45584930447  0.389993659624
0.559407476242  0.556635874099
0.422160126275  0.413765712774
0.604127965934  0.467222604345
0.592079910711  0.405414700633
0.560157843861  0.528463447989
0.336961950012  0.66114328463
0.66984066707  0.664539157279
0.339273033181  0.475924151333
0.396192305008  0.262059215008
0.483480253072  0.621287078365
0.469674964662  0.445598351644
0.40462795389  0.514218151696
0.500586703965  0.528976708814
0.532436667774  0.535454625184
0.406708104951  0.431209824188
0.631913609857  0.652399805873
0.439429804957  0.427196932262
0.443476802976  0.55550365721
0.483713462744  0.473375232934
0.2650582193  0.52186408829
0.471123458432  0.558391974805
0.631849374218  0.242538286812
0.38475108106  0.636301931246
0.476502069165  0.413103603344
0.296311738922  0.452020043731
0.336023297895  0.624314671252
0.297839907788  0.471733738852
0.625649248269  0.616088159017
0.400470682799  0.378983248091
0.454928631788  0.457678871532
0.380455242545  0.338739282369
0.464545186013  0.567378246176
0.42746409735  0.541198846552
0.385423535555  0.665067221148
0.511908675332  0.3854210172
0.352066873454  0.628561761508
0.502417504362  0.356410794532
0.376407508846  0.406415652307
0.430132765931  0.5404691148
0.478847885523  0.407856986175
0.401755198427  0.374978706572
0.55320058611  0.378134036427
0.448141034765  0.56651222952
0.444796961426  0.351976196918
0.438168591158  0.40257120916
0.56943913041  0.35992523841
0.677661007041  0.455022311964
0.627512789578  0.499213411879
0.554019221758  0.432827766704
0.48445335575  0.468713170291
0.415454582403  0.593196217978
0.601129309832  0.459576801191
0.464837352574  0.475737742259
0.405372715707  0.50741007585
0.505342172166  0.51302231503
0.498235466003  0.498761490341
0.270144566067  0.376441365265
0.342044971424  0.399988302435
0.518756480575  0.246842920305
0.371344706968  0.432004485755
0.628010826419  0.517176816684
0.551815189458  0.567221086485
0.48516911412  0.418972118791
0.626942116964  0.525346212211
0.318327912314  0.611687686728
0.218756843849  0.444496733924
0.583135280997  0.443789721243
0.549610153697  0.655469821155
0.54365124924  0.368089537511
0.46075414755  0.595169496846
0.433868810149  0.49939635939
0.35941094773  0.652292221348
0.544595866241  0.467592806287
0.400194459869  0.561146193147
0.537217135301  0.359483284763
0.430735861688  0.553744369726
0.568502284263  0.636590076459
0.497143243095  0.400996941421
0.512082960543  0.669454626119
0.309954564756  0.534560089391
0.572589051484  0.558065643411
0.52057541193  0.508271631691
0.651847487863  0.275178315267
0.493810841606  0.543919044901
0.480144857049  0.518211869784
0.52792415248  0.405537408069
0.652321728396  0.558069376744
0.613143815456  0.349938791139
0.520427145232  0.573959405609
0.330980145147  0.562548406599
0.478140428577  0.514062389873
0.390033738943  0.530210743338
0.409028403765  0.320497768325
0.432158447395  0.428543735572
0.386265760722  0.386584109076
0.517523941696  0.428233114085
0.401861894614  0.619261140662
0.677211920239  0.538415510812
0.450740802809  0.449596455695
0.529589252348  0.470869338149
0.359075658168  0.382046726957
0.329470017384  0.450054533894
0.492965408277  0.618126885731
0.501171311992  0.440430512889
0.50252453264  0.459540218198
0.532782600325  0.378183396788
0.542381162156  0.411069506737
0.569648771915  0.500324370147
0.394633375765  0.46511231858
0.438163544473  0.616757652187
0.488950666736  0.541757201471
0.385360785958  0.536777777574
0.438235545968  0.280899736459
0.437915911303  0.508568758165
0.462506463355  0.400986267552
0.486522887123  0.493734834606
0.379860806604  0.627742599183
0.491371985271  0.471531044708
0.510082376584  0.504082090086
0.530893699448  0.49502155944
0.437449737888  0.420369596374
0.398028197594  0.308188780083
0.323992461999  0.374187225145
0.547970420769  0.428441713685
0.385125844235  0.560185965495
0.767358218489  0.476011982536
0.467901404237  0.45074007899
0.515719527157  0.498174307876
0.626296241212  0.424850752025
0.42561144804  0.642051238429
0.261335908836  0.329162086614
0.503723244458  0.580950226404
0.544868025485  0.486915562171
0.422357431541  0.317670884258
0.415572974839  0.371531444812
0.504048862477  0.345901784993
0.69299016376  0.624534689054
0.348168885603  0.385462870728
0.499109425046  0.57327902096
0.374217089758  0.375396544662
0.348632523302  0.347937330594
0.523083650668  0.403850940359
0.612536916983  0.563431704699
0.611803721154  0.752722357762
0.484275501544  0.371514736171
0.511355909569  0.325336465274
0.407015685525  0.462769235997
0.423293243298  0.565001433738
0.547847637394  0.426809667109
0.481065356683  0.351553166955
0.515636335925  0.483417014782
0.448785409496  0.451930327234
0.647272366308  0.336262947747
0.498456475699  0.538689665933
0.485954734196  0.556924586399
0.526218048645  0.410151730646
0.29678334288  0.429297499682
0.442153741775  0.452584094201
0.582602922417  0.645066592125
0.550104356023  0.387424607351
0.492651774779  0.56518382365
0.588299929841  0.437700604234
0.473226436267  0.366598697175
0.397191066144  0.530461591277
0.597211899452  0.420616341168
0.649657566686  0.532238438141
0.481567508916  0.500042513761
0.470622535881  0.536711521632
0.530256613591  0.419034546743
0.51283926831  0.546233477162
0.3829256136  0.454446324466
0.455178884474  0.357116796066
0.363542669891  0.446195870029
0.360436586479  0.58361164765
0.462581411265  0.419788968646
0.30207836396  0.582871680093
0.567930475038  0.455855124157
0.429987456575  0.518734025073
0.616022643299  0.365289140551
0.486186627495  0.430345393937
0.566566769155  0.476027569028
0.491622516062  0.468836214137
0.584127393563  0.52942299587
0.534598313267  0.322451043238
0.609298436553  0.490973572549
0.511963235802  0.525981583357
0.564624098049  0.426787459001
0.513277145475  0.690660377273
0.488227213202  0.556163737074
0.374012352086  0.333468572361
0.619678276545  0.384821733335
0.567827143172  0.522906559424
0.579793527715  0.436880868223
0.513452792107  0.654356619513
0.550301184054  0.47849419747
0.422193214966  0.612773280946
0.550265837451  0.486239156279
0.482133029548  0.332233595336
0.563182954258  0.423864758935
0.643787985114  0.653799535543
0.637913745166  0.406173964251
0.550054528141  0.50096178844
0.436555580703  0.407712526365
0.550146934706  0.628858570748
0.672007080231  0.50427729438
0.752176341878  0.596580671216
0.51563408701  0.46351772189
0.364676228608  0.525004936801
0.575075010238  0.649464719795
0.493509588215  0.497612985587
0.541946517557  0.459088817411
0.402232787778  0.604433167297
0.371676387226  0.466329058585
0.454130190567  0.370970664463
0.650619490684  0.433662732214
0.501087150841  0.579297060152
0.505033672205  0.394838419739
0.575188206499  0.424841583242
0.551300500458  0.47355193998
0.71373545361  0.542103818367
0.407551202531  0.494924921533
0.512165428489  0.369898265045
0.352417271763  0.453271989741
0.560243806482  0.443679747988
0.434063344532  0.539229865503
0.537784023664  0.66215661216
0.544301932223  0.604660357891
0.399806622162  0.575482592198
0.352075051859  0.551555489253
0.490951919168  0.511072569484
0.676819552376  0.52271261185
0.583634363578  0.361635012752
0.382197196745  0.469724798396
0.493633201002  0.427800433572
0.355860167374  0.392292118364
0.486213797477  0.598682352579
0.521682344819  0.268385584979
0.520324906562  0.598479219692
0.490600620217  0.509674642997
0.318697193365  0.554637741303
0.361111754994  0.578435656904
0.298024867206  0.422299123743
0.335822406901  0.766762687091
0.362926125896  0.503743417988
0.548213039457  0.413968917965
0.341354151434  0.406212260252
0.501277030938  0.412654850986
0.435032843544  0.405024370228
0.249565402829  0.37817602683
0.456343463241  0.571844780375
0.648366205625  0.434741944245
0.368370063365  0.568678916915
0.487585465758  0.589398643406
0.503525686544  0.34284516688
0.484007637909  0.455349778034
0.326939050212  0.554276474076
0.509332176405  0.547272973174
0.441799490214  0.431279238848
0.334947789874  0.448206735255
0.478320790833  0.604390040349
0.518244929042  0.475787728
0.475744103544  0.478493612288
0.467302247374  0.478766111309
0.34782458494  0.366767139224
0.549865054738  0.456619280657
0.615349165316  0.483621986057
0.450195901524  0.501208110308
0.380840078362  0.248693759806
0.706743265719  0.454305388321
0.400500553484  0.57018710156
0.555271406037  0.532471931325
0.614450137332  0.470310372596
0.49579518972  0.410558731738
0.507575497187  0.508093708582
0.436789130492  0.527608288893
0.31834469662  0.432995637729
0.65172337806  0.594091013855
0.5158266087  0.265709871914
0.565875106879  0.593692358075
0.528248889236  0.514505783881
0.530450756076  0.618417862618
0.550076152206  0.476753384359
0.49845343371  0.356678771681
0.747451943455  0.497804090009
0.416969337477  0.572114953372
0.368158415625  0.586696948015
0.513787196619  0.532930731627
0.513029267881  0.321999931928
0.384977467281  0.481993986784
0.59900986635  0.486997015208
0.605799497133  0.47221446946
0.495718398756  0.300110166947
0.277373045997  0.34381356725
0.354503117222  0.56540732311
0.623323575097  0.38620818137
0.502045348255  0.443109592239
0.598072276272  0.494958230146
0.565684629549  0.332589546096
0.659577523375  0.43337765798
0.420604230228  0.558608510018
0.654584633115  0.599915602832
0.492792775514  0.519920468406
0.416715947954  0.561736798812
0.375615828892  0.514822827694
0.435626734693  0.335915820686
0.632423505906  0.490100596133
0.382470256813  0.33240006703
0.492770964923  0.438709925639
0.65426907643  0.563266797055
0.43590809845  0.541697712315
0.528380731571  0.304989540638
0.467992801896  0.328457219607
0.352587956091  0.554962698292
0.560821029985  0.459343907061
0.425961869548  0.630997564385
0.493203449998  0.526946463872
0.497880439574  0.635208622645
0.531833143825  0.467941474245
0.447996552306  0.513913729228
0.620378170193  0.521780437815
0.666592891415  0.482057991241
0.480854701825  0.518287700099
0.561953428814  0.506381822862
0.499334202869  0.54568226835
0.517174710693  0.444322299062
0.662518984651  0.65113206887
0.335039848332  0.505643567256
0.436076644033  0.551526516105
0.414017507575  0.499522664834
0.403967921398  0.396099405111
0.371476637232  0.42862009983
0.672622483434  0.40175086697
0.455520340143  0.596746751204
0.359472782758  0.450262386024
0.645361171565  0.476810003039
0.414342639657  0.373720158647
0.401429549583  0.404211851918
0.512062348245  0.494027834432
0.583302896854  0.39357519551
0.570087760845  0.747865411458
0.476683992841  0.461595163752
0.362671168579  0.431671930856
0.439336147878  0.454255060347
0.532754650568  0.44024013245
0.583090483966  0.426010930573
0.300279705159  0.626970770406
0.560314450535  0.288620443845
0.451555989498  0.37128399997
0.584445958368  0.455229779733
0.422515979302  0.396844353841
0.454772330052  0.435582585885
0.502428127547  0.429965114779
0.549937228493  0.725024614096
0.488755916969  0.496134957466
0.634179736164  0.401788610761
0.554000097402  0.478724864417
0.287111566525  0.417730195004
0.381407125759  0.35345770693
0.37036244735  0.421786258701
0.643961165291  0.394688782893
0.419338941327  0.537917702172
0.413832965247  0.503701213042
0.633194134488  0.427264304308
0.562825274145  0.319129047372
0.387374937671  0.36422235029
0.632130850226  0.354336049136
0.490752742483  0.531331026556
0.5420538423  0.548203544471
0.582465394079  0.473489793525
0.601126429422  0.526896789307
0.561395614104  0.490373767493
0.459504790705  0.494165673368
0.44019977064  0.362367506344
0.592726256859  0.608364169929
0.59977492997  0.541163733314
0.506061150667  0.425735443557
0.344569452754  0.408209788379
0.591566138299  0.472124086505
0.478840252274  0.5145786195
0.481116942466  0.504629851284
0.421625040247  0.490015941305
0.589501765582  0.435754733647
0.385848424597  0.40989760661
0.570105889497  0.272740470178
0.481464989624  0.296138587987
0.388402486232  0.605005014161
0.54015284846  0.50908353256
0.45274121644  0.517603625346
0.589305739257  0.19916106724
0.433436466352  0.472694419459
0.479719436148  0.412634011507
0.406301348421  0.450651690593
0.404416156243  0.466569192735
0.462719276867  0.550793102986
0.552195715101  0.515565137404
0.540030625319  0.540376879245
0.695395542577  0.446404935401
0.513440387622  0.517736338351
0.362471795358  0.584335765588
0.571263714061  0.667611452101
0.386286761413  0.579218532075
0.380980207388  0.503796675124
0.364784713122  0.506774400943
0.353171791204  0.548356986333
0.548636849174  0.347183854552
0.398958418152  0.390119576679
0.506398832298  0.435149675806
0.419065744827  0.547125115928
0.590301826772  0.425615353436
0.413245409215  0.393875916315
0.586647856652  0.527540311254
0.642166427012  0.41100959481
0.425188727146  0.394597619662
0.508011353536  0.527469924439
0.498983723002  0.188076303297
0.339590380961  0.667426747
0.609955185177  0.281851226329
0.530594821882  0.443133172233
0.47189444322  0.645179336551
0.579121439532  0.364702278957
0.414230748214  0.364383186639
0.659139879386  0.496290553936
0.583677169379  0.35437866921
0.481284401672  0.462903187228
0.555054741644  0.550403654901
0.440832419659  0.604419836918
0.670514250072  0.548180671442
0.555341516941  0.567680289984
0.578953075614  0.438292434495
0.40850801205  0.35233612113
0.440591840363  0.546419274641
0.460492706123  0.293070935346
0.363594120909  0.412437295831
0.401673201453  0.422898506532
0.413791591171  0.44756713889
0.586825576287  0.426053410011
0.545562233931  0.281411936265
0.43198052437  0.671345321247
0.544989199857  0.509501708875
0.434472734559  0.450592254076
0.378682443517  0.52573971454
0.412780552562  0.368685076783
0.462469963069  0.573804426495
0.391719581163  0.377656859578
0.531508601725  0.579485313941
0.592471827838  0.446342338802
0.531688983407  0.508030208036
0.600153579144  0.598821669168
0.636528901769  0.446594610905
0.497220156183  0.620509510437
0.575695107795  0.343523690882
0.236656683608  0.60699584106
0.532388325359  0.439565496664
0.537996193129  0.490779541303
0.353696752434  0.292188747759
0.409662865753  0.591081199899
0.249415878513  0.558611187636
0.466706771824  0.591776922951
0.625008033129  0.463323601822
0.33084336216  0.586670628706
0.440192006353  0.557068980781
0.568408336053  0.391001549558
0.628073356706  0.45243207347
0.603641547313  0.446954389394
0.452169628684  0.38681537025
0.377078004799  0.491109251818
0.474454930382  0.372141788617
0.594298838018  0.491114938848
0.486009148701  0.38354269374
0.381272848774  0.644617383301
0.525730780665  0.452204686418
0.394475563749  0.521421877419
0.509138396102  0.46343874179
0.444606172491  0.555805680084
0.523044783296  0.401992997751
0.540502676202  0.440745569143
0.587519931623  0.531846681808
0.446016679419  0.475746491866
0.411015672425  0.552369957296
0.508693454254  0.669162384028
0.57792227517  0.44483113613
0.521106743165  0.447068606266
0.474134608789  0.374345544864
0.439692765038  0.433751588767
0.491758900196  0.522787978898
0.333825527882  0.609317997394
0.400886462019  0.54158144969
0.636991015387  0.446122396414
0.345188785112  0.39478006901
0.449043668665  0.591058998189
0.517500033861  0.487316770957
0.606429933465  0.653681608027
0.520300889929  0.362342381523
0.401189409449  0.469017089382
0.52631092372  0.783247825096
0.497096603371  0.550417440338
0.558185385493  0.557300816439
0.37578224897  0.455017631763
0.483754836419  0.472541854833
0.342195370687  0.44278495653
0.636721360283  0.488089591129
0.334228309369  0.438983889577
0.354333207406  0.480181211584
0.497211558783  0.347039750331
0.337006723459  0.59705443318
0.329830302342  0.560666943437
0.575016066777  0.549888061507
0.386341534629  0.496403880577
0.498775403367  0.510219216942
0.452750878874  0.547409537001
0.358944513872  0.532956399561
0.464509544446  0.400326682326
0.38383087554  0.607288410456
0.482905845669  0.513538836425
0.537260523425  0.534411384626
0.554928536695  0.58852804254
0.49640939662  0.505542866086
0.50848581531  0.457849893748
0.42418601724  0.532492048794
0.541528211228  0.497206243268
0.428537866292  0.631239736072
0.590285678906  0.56037084493
0.292008911994  0.398290827849
0.375473969876  0.399318539888
0.532696352146  0.573832274224
0.54359544453  0.547337518428
0.63418734489  0.405207507657
0.48528648933  0.579565801771
0.536312300602  0.345283644666
0.359214671261  0.52277169598
0.493801648278  0.29295043827
0.533668187161  0.421427342667
0.601736677668  0.460850825717
0.238175890582  0.41777090458
0.505971452729  0.347412197045
0.529354567863  0.594826190784
0.520572697275  0.559816857897
0.340941279655  0.319483145615
0.571825626348  0.309768062017
0.516672865241  0.622795798797
0.708687768824  0.659347967055
