0.537692216623  0.62984837799
0.615698497123  0.53929164482
0.502827770239  0.359181824842
0.462447533143  0.449713554431
0.332676319686  0.578912989375
0.610117075567  0.511269330121
0.372967844883  0.360373462197
0.631094982047  0.432314926746
0.614933287016  0.495612825066
0.36600203534  0.398947483166
0.356926890176  0.48542505868
0.506171947682  0.468004398893
0.511777230285  0.441430944729
0.55377019324  0.556139681811
0.471465511263  0.533160571162
0.457273570186  0.474697980268
0.489910785587  0.418237867775
0.493945369768  0.439546245167
0.290137163995  0.59294224437
0.647260947543  0.637868599496
0.703297429245  0.454462345292
0.616284622871  0.601300707382
0.676028938443  0.459014654748
0.383021135722  0.497162846147
0.378478522039  0.509934595338
0.513095132965  0.557625717247
0.689205074959  0.596588251268
0.349573135292  0.3626376042
0.385862783589  0.605192218714
0.518760304582  0.563624889124
0.403866578021  0.484574049272
0.5301604253  0.493651578968
0.505370252415  0.511166304133
0.582778390859  0.659361760763
0.569768105731  0.425438255149
0.366916120077  0.630072722553
0.390811844014  0.502176394474
0.509678374018  0.340946389728
0.523644863286  0.433901331338
0.666661678329  0.539932242744
0.488325718028  0.47255541677
0.46775688477  0.327651881386
0.475107432517  0.485113476401
0.284363449874  0.641751176841
0.42960914377  0.419029824971
0.359283285838  0.241227384098
0.592348147905  0.461748495024
0.503427746052  0.501222829757
0.609388768916  0.538184620966
0.575314427033  0.58702691302
0.494052961439  0.372616728888
0.524953242301  0.537365050009
0.410108044038  0.58527333382
0.596649413044  0.527029307773
0.571246514607  0.561200745061
0.482683115172  0.531436007337
0.650607003032  0.496756637193
0.529909638166  0.350476471237
0.525517116887  0.300605251359
0.473309987901  0.446486160574
0.510600306392  0.587429986092
0.378841491889  0.574643438505
0.524101205771  0.482095709043
0.54424645685  0.506618213553
0.601127947883  0.418903321268
0.707509802243  0.49665268826
0.529214130675  0.529756660946
0.498841671591  0.54986318305
0.46590340922  0.452279375117
0.392811832441  0.37848173733
0.504861865085  0.430180727402
0.466443567189  0.538957214325
0.419931795729  0.485422434578
0.438675018633  0.700679971804
0.390797526855  0.582904307281
0.494041222366  0.470497223808
0.416741191182  0.502779877446
0.416418202376  0.568708725109
0.56783454132  0.381944361607
0.555519606682  0.574328380682
0.312615973703  0.457533264923
0.414813551544  0.505750476351
0.525618409127  0.620674021887
0.260066720806  0.517594027684
0.490177040098  0.572779990137
0.482562170395  0.517286269398
0.508240831634  0.395217840843
0.639575300717  0.609143231919
0.445138047034  0.580969469874
0.406517292004  0.529312035487
0.72065280933  0.63566488506
0.531142975235  0.566144885165
0.477165966134  0.590512449689
0.528801470408  0.623926207995
0.587017199128  0.577450898305
0.463841235971  0.540950545011
0.552025447661  0.512790698966
0.509711967923  0.418127422395
0.339004595259  0.539256572294
0.550324658315  0.677895132423
0.505089589882  0.502122914333
0.523870936052  0.485353045606
0.379053351059  0.499364258106
0.62949283366  0.475128089014
0.599106963402  0.370068922681
0.403580674877  0.513246186911
0.453232958098  0.457560103303
0.435359157224  0.318406155257
0.564108552881  0.386498088236
0.219603459838  0.619318939263
0.674991398417  0.426813787019
0.535686186432  0.560784219677
0.654275699329  0.430236856943
0.728846123012  0.488089937255
0.579543486358  0.2283050193
0.320438305695  0.470775435535
0.369578450808  0.387979276511
0.53045668391  0.599956471198
0.457326680296  0.542821048695
0.61072746097  0.465870499266
0.569244082065  0.524763264124
0.470395885156  0.538284121285
0.499688272915  0.500857081489
0.597108720944  0.366670906863
0.395271341065  0.322215738297
0.44028321356  0.477452189718
0.461562165184  0.648552389967
0.599987278504  0.29384816769
0.59954007825  0.547144799139
0.353722641761  0.491605666299
0.685776018243  0.348166237004
0.447370759947  0.585756641445
0.280072056358  0.264009727832
0.584264574966  0.486824948116
0.452538411696  0.397792290246
0.405585937851  0.548994748907
0.460014141027  0.553662430699
0.660281355264  0.418684530025
0.744371336992  0.461907188129
0.418498272825  0.48985681943
0.580730242038  0.481963035917
0.554595443786  0.513120895669
0.51589995777  0.406661166444
0.439093077981  0.658189732714
0.4781822432  0.531069434767
0.267898475604  0.477570925982
0.561724207204  0.29092413854
0.54078707782  0.588907876128
0.457443632919  0.370688513389
0.425725742696  0.317700284472
0.523281746824  0.435630932688
0.584178763901  0.442219200542
0.470604571854  0.521963285417
0.531847182031  0.447549642091
0.602825896222  0.434874825179
0.408428246014  0.421079664704
0.550643010524  0.452016355923
0.429637359679  0.37070817371
0.599630506022  0.42575109219
0.457597468429  0.474518809277
0.520793469329  0.4998957861
0.594298595021  0.515968223148
0.656946367529  0.404719745312
0.475118268111  0.659079591139
0.457979344884  0.519207697545
0.436184324161  0.559884717295
0.299653661694  0.34893348366
0.410370454096  0.598790733855
0.42794832252  0.396101608466
0.425719644113  0.389840364024
0.42689443226  0.244317695995
0.46547359489  0.41697128782
0.362382725273  0.533274148414
0.407114531334  0.546618795353
0.427861432263  0.591794772201
0.491645892426  0.528514950353
0.561382935467  0.420530664652
0.594641205299  0.561884769255
0.448725219957  0.556633714622
0.564725270854  0.487530662281
0.462591041149  0.667107901115
0.563339601172  0.488149696856
0.422287339441  0.440332658675
0.516727677558  0.500836915961
0.443667456613  0.657569980232
0.543954016494  0.409984560563
0.365875694821  0.385248590622
0.679304498153  0.500854098238
0.412260203041  0.614845594633
0.48831015342  0.347425440289
0.568248855796  0.46608596409
0.319251326091  0.364002359213
0.418817178244  0.483586407531
0.515478069297  0.630251962345
0.41345035067  0.615537281078
0.69484095617  0.558521475113
0.469827425083  0.466287626154
0.594278776698  0.456901676499
0.463797000572  0.709143643211
0.306899688191  0.463909986557
0.4349641737  0.486279753829
0.628969715672  0.557650611222
0.333357913725  0.53129551184
0.562236394083  0.540028472566
0.474846700812  0.384520522523
0.574640462823  0.686574860151
0.482943394647  0.505538713007
0.348943043764  0.662952273331
0.491793571888  0.556573945604
0.543039872482  0.531169195557
0.52974929423  0.360349331422
0.637762302128  0.511798385071
0.275146090077  0.623163160273
0.383418040365  0.530676911336
0.448140178327  0.677129951642
0.66289069842  0.42618030045
0.523214537548  0.518731485177
0.576608363887  0.560909436895
0.547714573583  0.510301454052
0.544172845103  0.431934430766
0.56053558351  0.471802928341
0.416597225971  0.435559421919
0.480175420097  0.320445648084
0.49071206262  0.529919550954
0.728929200284  0.528519672449
0.62634153163  0.397461837657
0.437822593783  0.530735069385
0.534761529557  0.481291846788
0.60161471706  0.56455357536
0.451529211127  0.413209543425
0.408808983494  0.50304661191
0.565490238624  0.381903094776
0.410287371145  0.307837883854
0.356139109336  0.520714896046
0.362149655166  0.462095706445
0.491636234569  0.416796930222
0.681808952016  0.531858959146
0.350209175712  0.435057761919
0.472952625307  0.378525266591
0.581241886714  0.347437134633
0.537825905818  0.445053066132
0.365134192384  0.616319086983
0.308303466636  0.548133459171
0.675258454234  0.367060815546
0.390641030123  0.260755466002
0.325951539253  0.243645023914
0.514404292714  0.455616379308
0.586452869727  0.35247626364
0.536341804055  0.467637329348
0.670820585798  0.503386629549
0.603162295607  0.440432361308
0.404426316378  0.420031201313
0.41078333081  0.54838067553
0.793419454835  0.422809719555
0.391333241318  0.479296734133
0.380714804417  0.608249499327
0.43162086917  0.454413579264
0.464655613116  0.59244113905
0.52662596785  0.51236734877
0.567366399403  0.232004047421
0.573208224446  0.55847433772
0.546328011651  0.56858639432
0.501513162997  0.287408422137
0.346681713878  0.540122283002
0.442337976747  0.384253308607
0.591409417784  0.667019322948
0.445034630486  0.583676788419
0.585078539172  0.403953388442
0.565229346086  0.568008902056
0.637666863952  0.536042740206
0.667577586672  0.355158795255
0.561875966762  0.509268955035
0.590617232519  0.43459947963
0.639136626856  0.513590372771
0.620344653157  0.431435479617
0.557090617203  0.419638938381
0.372089338864  0.474801798004
0.52367161232  0.485809480747
0.399508101349  0.401921931222
0.468172075068  0.421128801269
0.44795400567  0.495308777971
0.577277633213  0.533848788304
0.420688513588  0.51010025795
0.400472179973  0.337932850268
0.523754013602  0.626445746924
0.707779404575  0.625707574712
0.565346004413  0.569831756036
0.498295424613  0.571332787536
0.587333446925  0.459179204855
0.394852057981  0.560763652428
0.484898443009  0.531492203731
0.517595836596  0.475854489056
0.479841238247  0.378796333162
0.456149395587  0.366245040517
0.570039110066  0.414090634256
0.441334866773  0.495900021461
0.500332880104  0.559188755449
0.592331113574  0.38440234821
0.596064247165  0.430483888685
0.374047499868  0.526524452436
0.6442881275  0.263804702219
0.572516301626  0.509944545289
0.480583080958  0.49305586497
0.515492211193  0.388332678401
0.539626284958  0.365649199051
0.636964049139  0.477901048948
0.548313393215  0.625401675629
0.476452866593  0.53281037529
0.517610459191  0.633258582417
0.631949448671  0.314634828404
0.66934422851  0.43577906778
0.450667449627  0.579000310861
0.366394316388  0.492333024445
0.634218215157  0.44130819339
0.418638619407  0.793385695567
0.321746357252  0.380799542265
0.579822551646  0.314494805471
0.490334458904  0.568598886881
0.39211051454  0.437321747709
0.491799917153  0.31542131785
0.519238083655  0.400953401778
0.616632784137  0.424034341309
0.543142122319  0.496583415644
0.36142253867  0.495546341556
0.457686953755  0.452380394745
0.451638512359  0.531531736479
0.419399043916  0.456238607508
0.515161562793  0.419546854717
0.378836903168  0.606314376235
0.387769821268  0.455969935074
0.558749130828  0.406921632416
0.592645465083  0.431945875423
0.412593530618  0.500511459332
0.454751313678  0.531673574389
0.590232786936  0.482103465291
0.650395590409  0.435985756242
0.477625847187  0.543801707772
0.416997171883  0.628521599641
0.526227877345  0.688367607138
0.602237875195  0.416284934392
0.433525638729  0.579742438624
0.523755605852  0.287217646972
0.626396577762  0.565764672656
0.513354838495  0.411072662233
0.622979276622  0.461590824809
0.517432973222  0.718807352734
0.390455705625  0.410939892593
0.444352086159  0.48430162812
0.427978266699  0.494786366387
0.484256715467  0.456357840887
0.376581003546  0.382803289636
0.400315964706  0.56563851085
0.52672864526  0.357957219276
0.591363555396  0.562518781333
0.524734917769  0.552481844046
0.553422056357  0.436375796127
0.216222042421  0.518976929547
0.598293820207  0.54923672841
0.596263354034  0.734159788831
0.489914193199  0.528582580789
0.435669305595  0.37283096804
0.474066317168  0.585493918353
0.543670305447  0.649475746718
0.582781117338  0.48837651721
0.435586988141  0.588432091104
0.476062504973  0.440615581551
0.53799580964  0.570905466939
0.51028912589  0.569930741866
0.724189524707  0.466529720544
0.527372980054  0.483066527488
0.510889954581  0.539105632896
0.537826508551  0.377662358673
0.641392738169  0.592476579857
0.44248079142  0.458546570429
0.388398230306  0.434317231931
0.584404136963  0.525950703913
0.409389640277  0.410366908476
0.611851322204  0.567930314778
0.333897735188  0.536800644124
0.433114787856  0.61687308177
0.72436923369  0.448991254914
0.505800388861  0.460125707423
0.386259323498  0.508159481616
0.61762879799  0.395091573615
0.562484054169  0.381416478476
0.486153960949  0.433941293552
0.382148448364  0.611535215535
0.558193177785  0.591628059642
0.415201450678  0.29672061789
0.515205139994  0.448305340457
0.502789661504  0.545802055808
0.520151776709  0.214294064902
0.55043809007  0.47025030125
0.417554093449  0.571638851966
0.393920230714  0.531081608859
0.503709408955  0.390778416964
0.58661638559  0.476947325707
0.404023289073  0.506602058664
0.499721756034  0.471580851487
0.481333606614  0.528641563182
0.453902401964  0.520536501914
0.597895868255  0.51095002656
0.550331682483  0.65526267732
0.642535305498  0.479634274243
0.327732425189  0.530654123068
0.474444160405  0.315316186332
0.538478058461  0.527177719758
0.5801433263  0.435450918404
0.468101014474  0.422801882313
0.450824373671  0.579623599291
0.673036059564  0.615607883981
0.519297183926  0.373723836802
0.324992031694  0.435203525691
0.620214311561  0.224079072365
0.542624380189  0.440038283093
0.592340159841  0.356417930229
0.605676293459  0.581086241753
0.358052737681  0.652398792708
0.591329722347  0.42351042895
0.387390663389  0.486681623582
0.527843647859  0.41365130844
0.451808955389  0.559404058891
0.431076578498  0.525549699165
0.523676927623  0.475674190786
0.569855000039  0.681786991252
0.430282713018  0.433294383168
0.327358965115  0.327304922272
0.432219059374  0.498542768084
0.54554682057  0.360224907821
0.430544871806  0.413421764545
0.367962941559  0.406417662863
0.427351928472  0.545530518278
0.493962675061  0.522997133397
0.421281886854  0.524021895397
0.496425507671  0.476852878434
0.337661369765  0.60895885719
0.513944627593  0.497605730941
0.522974515195  0.398386126507
0.528642684807  0.597435473923
0.588721231769  0.382087281441
0.483470875768  0.275388080675
0.633197556821  0.589397812713
0.465324724163  0.531142208422
0.391016968922  0.535370495033
0.566697817973  0.600017068781
0.390277172749  0.441689801204
0.441042865644  0.478530773342
0.417228130314  0.469374885157
0.532968404403  0.583529054891
0.52746555678  0.438370534473
0.417416059494  0.722413503116
0.633443376276  0.415743561808
0.609513642616  0.48004556257
0.47472722593  0.521125342047
0.394169568728  0.473159443955
0.485908558991  0.511056463865
0.38688446775  0.625984214393
0.315010346155  0.310885141421
0.413053495206  0.471742672908
0.387815656064  0.241236453205
0.683392261807  0.376316837971
0.424715064832  0.315819066859
0.574367525741  0.516899670105
0.49876800543  0.500025863008
0.482893649314  0.413693511814
0.308092686032  0.361566109131
0.655214954383  0.607127856126
0.352534350531  0.660068377643
0.580094792871  0.45186395226
0.470208730482  0.482594527469
0.523562951487  0.371942186822
0.542159668364  0.376920581315
0.492914362723  0.365356289638
0.513318986022  0.532551263688
0.527817567611  0.337076954774
0.430570010784  0.478700420264
0.588177473475  0.487889917892
0.61315131054  0.472632206327
0.504076180279  0.574484911561
0.548328139649  0.403655020431
0.610332155765  0.621064028644
0.374443172028  0.471650581441
0.511761680561  0.519888506744
0.283084167009  0.513819867378
0.548403174284  0.530247462747
0.625160162338  0.377303480791
0.604445707874  0.555707331086
0.441171450694  0.36464786712
0.599793827871  0.512420757874
0.54753995754  0.700876366475
0.497332000263  0.300652888903
0.583093438258  0.537331387735
0.55115803336  0.464088568498
0.527747873386  0.364199100499
0.454595397629  0.636236643862
0.50628749303  0.346371836089
0.459720482159  0.280799215258
0.524800462036  0.352396568709
0.400588234184  0.334808201422
0.530638486789  0.62727646204
0.604761756564  0.420637661156
0.513224857187  0.507333900604
0.310305868607  0.623621275753
0.365603153099  0.51467998701
0.605093672268  0.598132236159
0.661301822126  0.571109433806
0.430689691659  0.476622898344
0.487024588088  0.457629342881
0.551632429468  0.497280009141
0.419847442727  0.383581195533
0.617875814759  0.400327129752
0.41489172176  0.692103940961
0.542502564203  0.37222821237
0.335813283914  0.63835540252
0.457952176523  0.449535722732
0.500678935343  0.55744358756
0.482489868977  0.488013645901
0.505112233921  0.554581716734
0.627685757132  0.489308997505
0.44134417884  0.56835885193
0.5640366434  0.463978569884
0.411622929774  0.700061101437
0.536588151875  0.461604420755
0.394712671367  0.397599665942
0.68405375192  0.600680694857
0.51005346684  0.47420452049
0.399962974445  0.243501903928
0.58091129653  0.542419475528
0.46422442764  0.60923232162
0.537818191805  0.441475099474
0.405178728713  0.425002111079
0.671104579995  0.394755335191
0.532862408226  0.548144173254
0.543523092218  0.505574248774
0.481292069006  0.488374851882
0.660014174048  0.49149699803
0.586160221714  0.446944909771
0.472891602649  0.595685090782
0.263010254375  0.472736915577
0.416360974947  0.438158347106
0.507727397627  0.551302966956
0.44429918787  0.333999869591
0.27328285666  0.518482196352
0.658439626761  0.520157608897
0.446854708932  0.238707434247
0.453871541394  0.3060358644
0.483504123855  0.644254862627
0.544115404872  0.460149055825
0.448108253295  0.630637937182
0.581990892815  0.540374918391
0.478763763892  0.41409434797
0.587261983175  0.531083210499
0.479396100407  0.61804799946
0.509968376561  0.481732964846
0.45580800329  0.541709539094
0.535111559864  0.579060463824
0.544126221694  0.549164957508
0.439819309094  0.520365555121
0.637298041484  0.560216507564
0.492750782601  0.50295593614
0.424787162551  0.396741224193
0.446860195351  0.463143644478
0.478945616623  0.399905040574
0.400236940196  0.576015295798
0.462911060102  0.500341055959
0.426809038851  0.422748793258
0.617911101914  0.372702179226
0.446275172692  0.456888227369
0.381945476524  0.480660456414
0.310889717265  0.502282328076
0.440586501416  0.436735165725
0.471521928083  0.536208538775
0.281787910002  0.560958954664
0.437563168734  0.349414036021
0.698011512117  0.483921746752
0.362128118137  0.459335852656
0.411137273141  0.388255805216
0.535362956509  0.440889028213
0.553994811042  0.506985520175
0.38879143776  0.480265192191
0.627626903339  0.376921723173
0.581823335823  0.501233451528
0.516013042111  0.461499278257
0.607242344902  0.612081962046
0.563052513288  0.658767668579
0.522438888062  0.626644719514
0.578275125716  0.428261773069
0.483324909057  0.47718296362
0.45672331421  0.612738637771
0.48860377713  0.435323773598
0.592074280422  0.501176327874
0.503200666305  0.366239984653
0.614036819287  0.613040455201
0.432789348269  0.665118577942
0.544889862918  0.577397791438
0.608503622181  0.47866503506
0.22174618906  0.457318018606
0.613577934151  0.613582583009
0.522843295998  0.394336851009
0.34423580408  0.706175104615
0.349972145589  0.356532808908
0.492761243906  0.389791246649
0.439646608361  0.556299346075
0.348423074924  0.432165592505
0.658234304291  0.288789543586
0.811993999781  0.25449973563
0.517114168626  0.571915861545
0.332307194579  0.690953461586
0.648947595364  0.364531199289
0.559161810297  0.379402562163
0.620888150902  0.488909485154
0.566177548823  0.625515862416
0.47363571321  0.257930584854
0.65756280219  0.434647832782
0.475167322327  0.42990619291
0.396759595317  0.594658350983
0.460142611147  0.307504725287
0.588687392256  0.523457076097
0.596252674727  0.513741743103
0.39376172496  0.634989170572
0.571469410132  0.626633882729
0.608012244516  0.521930466677
0.603492461713  0.38020088496
0.472165537702  0.394914078601
0.47440527436  0.63558962406
0.53903449838  0.614184534957
0.477509370049  0.676742556541
0.545593544258  0.470659855378
0.592200137123  0.35768510615
0.516204990167  0.346171458739
0.542816564015  0.333432790631
0.597026777169  0.496184594901
0.464192871488  0.402353282505
0.4859448393  0.423849424971
0.566243973751  0.461434989713
0.606019473978  0.682337526819
0.52199524943  0.536798546375
0.518347545823  0.680148213981
0.5970235087  0.553586620823
0.589328213321  0.558765740066
0.493264305408  0.240279150961
0.546496367132  0.523943978171
0.558264702684  0.469035918725
0.443531835893  0.397001288408
0.505187239267  0.302785452102
0.575461174071  0.531942076902
0.416747978237  0.506087293279
0.59531955981  0.459884798466
0.450723112184  0.631420990106
0.539030453907  0.527836508229
0.684854027799  0.415508998379
0.478045331274  0.683193932633
0.598585991502  0.48147703108
0.609757681318  0.567446291879
0.525876011149  0.419361327945
0.654821336984  0.578635273287
0.549803457665  0.578134961308
0.622008830997  0.337194230375
0.704442196439  0.347343658952
0.644846670409  0.470100828875
0.561237995197  0.428416262406
0.522596345251  0.493231232455
0.690948197755  0.464717486928
0.363955697538  0.508927031795
0.419047594685  0.619795431457
0.417915761187  0.548168326208
0.499944476997  0.395846492165
0.490305107212  0.381067818946
0.477410533093  0.491314817219
0.553053191203  0.493915248984
0.485226897448  0.567567007465
0.4839264388  0.379841436784
0.408605773813  0.459985147226
0.369051194695  0.749466931274
0.498260361149  0.370423549661
0.282148918821  0.364985454207
0.731625799149  0.535355573612
0.525755598962  0.647288659605
0.538539781808  0.433475335713
0.458634702542  0.431841155596
0.434326061672  0.357131573639
0.662984232404  0.357490625271
0.739798901408  0.542494258702
0.390994963014  0.292578287151
0.504268176045  0.413415260051
0.399688921156  0.455564947171
0.510551329248  0.422089975796
0.622011673452  0.529140766312
0.679726484077  0.490956781659
0.614527876475  0.55814578887
0.623392504154  0.638032600997
0.616600737664  0.533485685072
0.520212811632  0.480935504836
0.269278296644  0.415816553631
0.452815510292  0.457770117218
0.449926458484  0.495216032514
0.481494173396  0.572075867417
0.360566980829  0.548637378652
0.54541703598  0.495615305838
0.377773729541  0.526367506304
0.505477493221  0.532840412029
0.593004523516  0.580485120635
0.529547166644  0.406217448599
0.410148562906  0.598148166306
0.569275435234  0.576959647451
0.539763924561  0.496494411271
0.449758091761  0.435869287414
0.355044497862  0.585226154867
0.554479664102  0.388475656529
0.479412671055  0.39490063151
0.456225711193  0.683620075505
0.450209809569  0.474777796352
0.295002414162  0.391328318403
0.364416255552  0.536801512017
0.589351070679  0.493424507796
0.388922360484  0.386917368966
0.448168954477  0.266883104311
0.62894191209  0.505063089878
0.528284752811  0.535744744527
0.465420695307  0.561157389921
0.415444198452  0.487268007345
0.530916064366  0.329132051498
0.626979499361  0.591464621427
0.290348129973  0.443573047166
0.384352776292  0.606641725584
0.562829842481  0.662431447923
0.454153417028  0.273622765237
0.535736971666  0.63709491486
0.360923679885  0.484133478644
0.486810655361  0.320593131446
0.621952933054  0.361363112539
0.64067246807  0.505370350884
0.48878279201  0.608366500375
0.576510686531  0.300968039484
0.600612732043  0.526734238881
0.464514227497  0.563191564469
0.485451991983  0.548130880752
0.369659718545  0.523215684137
0.469399075259  0.521257046397
0.551602793889  0.517732338092
0.504814979005  0.433959855136
0.443476562511  0.505401882584
0.461628386547  0.498361526114
0.637203819644  0.379960871747
0.586613050672  0.446783733432
0.523948347919  0.535332154063
0.472140461521  0.393115998855
0.409883279865  0.365500914077
0.539566301727  0.553100358408
0.325273127165  0.472568794701
0.300703062697  0.611779118575
0.399553407927  0.518001887195
0.472048521538  0.520057859935
0.47404472799  0.370993803062
0.54734071903  0.56803830216
0.40214654435  0.565250948366
0.518755058513  0.429450302562
0.409848044583  0.496274417691
0.563680101362  0.476010067286
0.441112409443  0.540989955209
0.518788113775  0.451227519104
0.392481493863  0.494283861585
0.453395048639  0.358355299234
0.502530671034  0.408211817673
0.305967811406  0.316889973738
0.484508519485  0.498561428732
0.589920608845  0.493115375814
0.537372011179  0.431675372473
0.432970566652  0.408163366042
0.54768404341  0.543876059045
0.651172059561  0.489455007497
0.582858027033  0.411298608401
0.307979416729  0.488029826171
0.520008139982  0.430062273858
0.577930911907  0.401409427753
0.529580366495  0.47643084101
0.507061417022  0.599732662447
0.491925803617  0.461483453295
0.581831450166  0.527192376503
0.564269316827  0.396215366605
0.377629022919  0.584725409316
0.541877610733  0.428878106272
0.459132293919  0.532298914395
0.616978625814  0.631751039413
0.572332543802  0.39358956663
0.495077539538  0.467521520146
0.456512051796  0.51784747334
0.480543605516  0.341906418063
0.548859220768  0.442769185553
0.520999445166  0.426956175049
0.517693172166  0.406159954775
0.640644558146  0.505113815596
0.254454750061  0.581074669363
0.393839692363  0.528391878406
0.519114170393  0.385618136189
0.545572987064  0.410209248285
0.379027976152  0.433094235561
0.392469278351  0.526895540359
0.591149694122  0.348416095498
0.373645622233  0.454949530512
0.486361145394  0.65943934428
0.395293088086  0.598608718984
0.482448877479  0.483321711738
0.425190501413  0.617315679473
0.471616095061  0.399934808917
0.459019757943  0.437903866173
0.494387638523  0.35502472599
0.517266521018  0.570484908382
0.524767784616  0.395647865277
0.480397452703  0.526217589041
0.294888371998  0.494021553222
0.590773526059  0.269041803456
0.278397961642  0.477793120606
0.364614542427  0.455635917177
0.495868580223  0.457457700683
0.567169130178  0.50465128186
0.612293569832  0.399069630042
0.460105850825  0.576127460144
0.564357795088  0.569782680079
0.580944280716  0.582397712401
0.488421036713  0.605626068045
0.667232450779  0.623076035113
0.558613500171  0.574074865637
0.509163463634  0.450841064879
0.480870492054  0.430431810759
0.382504248703  0.497792605157
0.365603005997  0.349285311547
0.470170473791  0.317266704644
0.424140303397  0.444392735584
0.520772192404  0.600041584057
0.493199429994  0.523523059697
0.704377668341  0.523091925145
0.48361190624  0.637197828194
0.542039955889  0.512310890772
0.536456078395  0.480601281968
0.425739698661  0.393239067961
0.607808910627  0.375661511651
0.616228319672  0.466821048564
0.46977587563  0.559698467966
0.419199077739  0.299565761751
0.394051796523  0.415141499986
0.514919631741  0.356497026994
0.460395886052  0.626925291508
0.46740346628  0.532753342853
0.526632729517  0.494030562473
0.438254069574  0.475722372278
0.539192318194  0.499632791253
0.52190969123  0.465712086514
0.609446576249  0.434815890715
0.44387319993  0.584439293387
0.373560191278  0.418182749516
0.40951401239  0.390361027408
0.351752544704  0.540744795174
0.358338984998  0.386091569447
0.558331156193  0.48929757693
0.621932830253  0.460772635764
0.572332005595  0.338423396851
0.505187487856  0.481615095459
0.595034974245  0.537379512218
0.493278948967  0.498329565647
0.579024684457  0.532171786609
0.482423498248  0.657710736423
0.473964234839  0.460774554649
0.674691714225  0.304486412513
0.412240823714  0.412691152129
0.450110890231  0.552994781251
0.553496824103  0.295795097318
0.552150992988  0.446720825683
0.501218596279  0.402707058313
0.463812862429  0.259314894004
0.535283112391  0.283585558291
0.46703291384  0.607375233672
0.310367741613  0.55077131276
0.393033722507  0.386042343679
0.47831289751  0.642996830157
0.475356522704  0.434550138072
0.387911794688  0.559368891614
0.545857801349  0.591842386739
0.533390118823  0.474585270469
0.670222580002  0.579379106775
0.446190844745  0.490320299836
0.535641134061  0.528310971655
0.646348422701  0.350459048084
0.346221946267  0.608364775351
0.602068409318  0.603443258559
0.529030395555  0.522537422037
0.573404373711  0.423714347429
0.472705857722  0.47604837554
0.723342480887  0.395147752225
0.382250025553  0.443244589829
0.735528302309  0.557466170298
0.572530747446  0.577679888015
0.496110683062  0.576262129485
0.604646935779  0.479662440679
0.409434788351  0.409267763349
0.580185467389  0.462169610498
0.423120505045  0.480496541419
0.540244827537  0.334133066381
0.542587265849  0.434355920938
0.447347124793  0.430272466899
0.469854202174  0.36199306239
0.470262987977  0.330579429392
0.462019432764  0.737475973539
0.437089557581  0.393875300979
0.578663416368  0.576449582797
0.424696797945  0.405304695462
0.3680597905  0.562374215088
0.315692570439  0.595406269594
0.516839300672  0.598523839577
0.476606329974  0.484971001733
0.461732016232  0.362602431525
0.561139001655  0.439015870607
0.554007453065  0.547313615191
0.689943302296  0.466381761136
0.374799565258  0.338520935916
0.388354610486  0.516154549912
0.422384234098  0.448777821941
0.502104192115  0.531276679506
0.470233736878  0.327918166589
0.569219066007  0.53023150236
0.672058845585  0.359900462935
0.600426072036  0.425510050029
0.345345856297  0.375406582414
0.615160455581  0.425832041291
0.28787087014  0.512869340478
0.448200648908  0.566641132938
0.522003389344  0.33810631946
0.325706957583  0.444875276192
0.668870411164  0.570126431565
0.494580944685  0.495907989333
0.561883602402  0.647704010021
0.397381250194  0.522029574465
0.319674552956  0.381516924011
0.465093161883  0.327510995136
0.566226511365  0.639497068977
0.506242574301  0.554213788472
0.599456873124  0.296371338665
0.541937422892  0.537778608079
0.465731263541  0.605126900958
0.494974473363  0.464703642584
0.473287420565  0.480947659127
0.481122402069  0.623374672065
0.398436209511  0.520143257028
0.360208984345  0.599124365714
0.423933544245  0.42274340009
0.466027067547  0.524304250325
0.399130307142  0.608104862437
0.404772552354  0.616637794578
0.507429700876  0.409872642256
0.467483418466  0.598267882595
0.421334524692  0.40118354377
0.50761664956  0.25299028897
0.513759102124  0.480138902209
0.556429203433  0.542506767131
0.475762829855  0.384505770127
0.542541244011  0.508844589434
0.59022961356  0.593515715977
0.59194411299  0.612163208338
0.41828450438  0.521410100073
0.364058496763  0.471207133588
0.554733918912  0.46607246903
0.382439538886  0.486027020056
0.514268694055  0.41693049418
0.630043175067  0.552116121156
0.447610391909  0.533301873433
0.376583409273  0.434985285279
0.54659540974  0.516429072355
0.515712819467  0.468087254914
0.578891191878  0.381408618186
0.479494287474  0.411815764756
0.56516003903  0.574686452405
0.443012175152  0.539508937717
0.424264990841  0.487737196215
0.233521719876  0.390433328762
0.439006548564  0.507253227893
0.596832314894  0.357220538835
0.341514803965  0.604879925223
0.427433352896  0.425143752033
0.494034470939  0.534662068906
0.506344214934  0.510271821603
0.354297318089  0.484550462094
0.665112153732  0.566884195408
0.723750267331  0.483360405569
0.422123208693  0.4602045977
0.518572194945  0.373985998846
0.637956188595  0.527273786799
0.566352964399  0.395647844887
0.642227126086  0.647271811746
0.605100538378  0.433267084867
0.558672997083  0.538985031399
0.382582556863  0.39855814308
0.397864524717  0.460869006733
0.579687390459  0.545454228865
0.459061951998  0.655066740111
0.647983238722  0.47994102324
0.593898856674  0.513724436452
0.559922010727  0.510237151265
0.430135287377  0.382674439497
0.561871969657  0.675814587323
0.290109627984  0.473892132471
