0.521686683557  0.485823709278
0.319353801068  0.344964885413
0.45845879599  0.427421962327
0.387530139239  0.386438503683
0.33891195523  0.535184089733
0.646729661172  0.641146302238
0.628414573218  0.391016786592
0.297070675871  0.55398551776
0.627429261146  0.359737034401
0.618995876434  0.455048703808
0.429217473273  0.533994542436
0.502372549477  0.766640738979
0.42022346322  0.57042624775
0.640946671453  0.493045119776
0.342734602613  0.566709742861
0.278979153801  0.508282801993
0.509516617547  0.445378412832
0.537600670248  0.427530601762
0.54425691229  0.3581274818
0.452089440851  0.536299269763
0.545425171655  0.455618581669
0.46969821637  0.399025796174
0.583821407322  0.512086855598
0.464610273133  0.631969746723
0.335051692504  0.49639526478
0.543570744875  0.271505917971
0.517511179983  0.520428641083
0.580396447408  0.558786650854
0.521110020823  0.672266297071
0.54016303918  0.50928972295
0.580896381182  0.366816828879
0.486363266089  0.574988594365
0.563428022438  0.586356675268
0.485602007423  0.469268118133
0.524213311019  0.428241272277
0.422763004044  0.428907328357
0.529282860852  0.573479464868
0.595490032573  0.44171591353
0.445114686531  0.388221460259
0.484439401136  0.22049008294
0.702026051472  0.445406172504
0.587856294459  0.526749748373
0.639479215489  0.616013310997
0.590354384398  0.389658206007
0.743556542917  0.524611838481
0.587442059933  0.540593313462
0.633795493821  0.528337616251
0.57665512591  0.563530317632
0.300198952486  0.441767406109
0.524053797815  0.458370197706
0.477283095666  0.582031314735
0.581390775539  0.647126368552
0.522524230566  0.373715158357
0.273363411132  0.529434091924
0.559281325674  0.596213850217
0.640599778793  0.405011026368
0.503702252583  0.535951465686
0.444801436028  0.414727973142
0.516419508794  0.660300242813
0.534795421647  0.458933819005
0.468380136825  0.53361540987
0.269345143525  0.541256076476
0.523035853509  0.412837111023
0.320915505744  0.549709872327
0.621922781676  0.525022376608
0.436077403621  0.559160341088
0.467798012787  0.575901832809
0.429731970178  0.582941805716
0.420595348879  0.627191058833
0.417551535234  0.482700365272
0.375489293213  0.495460859777
0.637473100277  0.474931661473
0.683757901619  0.543462155318
0.514025133708  0.356882240098
0.538191708569  0.628387544686
0.563102049281  0.480592523361
0.655042788276  0.539321017001
0.621549423154  0.587195703845
0.693046637973  0.590766115455
0.506083768121  0.455714434143
0.525709549925  0.655921810311
0.478977415653  0.371558019016
0.70597865023  0.512092044369
0.487219357725  0.475019817753
0.419429056524  0.500387490068
0.442082457902  0.510520589132
0.583168196735  0.404453606439
0.428012752475  0.534183897765
0.60924285326  0.437256722564
0.512015992796  0.542858889262
0.584022856746  0.301431387408
0.549207883442  0.65358301794
0.515226357539  0.582459287672
0.491424011259  0.347905479551
0.460038343513  0.391135182413
0.43097505015  0.517150811435
0.531614064833  0.562761959137
0.825465773846  0.492377911538
0.67906604177  0.477309102999
0.406159789463  0.7008212076
0.869561512629  0.39338342558
0.516231899821  0.465484144957
0.267473004664  0.596337439832
0.53094917841  0.467532475724
0.605406883455  0.460743920638
0.664766831153  0.658577375322
0.534553344527  0.32774790675
0.51010070641  0.564919464898
0.477173266398  0.560805257779
0.651702450275  0.524652639766
0.543854427772  0.469655165113
0.563689088887  0.499830884537
0.366751525261  0.462244750097
0.546633503462  0.632820634828
0.688753088043  0.517108246525
0.590002939571  0.552658475049
0.532993130478  0.525442027112
0.353220089354  0.571201451638
0.524129646523  0.50418977663
0.422325429976  0.639452528171
0.384886848027  0.480040585463
0.578490075525  0.419345532084
0.487467579069  0.688920084152
0.457249466368  0.485242451052
0.592402218935  0.478556149028
0.347119511808  0.508284102577
0.415272977662  0.376780747775
0.564673102557  0.480108120587
0.386620881924  0.414123936497
0.339823415439  0.692850948861
0.458626068464  0.484065880964
0.581989022692  0.318372201612
0.489877297771  0.521873651406
0.548682501145  0.669311073071
0.408997420427  0.684979825115
0.411021627482  0.592593704431
0.449170008388  0.535195236808
0.503535308476  0.440668961404
0.590626263694  0.409752381451
0.470014908447  0.621227234518
0.521913382233  0.612970555988
0.572135173249  0.548732333301
0.441320718301  0.359552088225
0.510551758736  0.580540904842
0.392494520777  0.501158922235
0.428665234778  0.510795413568
0.455208832778  0.625279232454
0.58822454765  0.513410508675
0.469734965222  0.385996293648
0.527415180496  0.552841372873
0.593324558874  0.489231638694
0.497291937063  0.482354197509
0.479640053932  0.479122531025
0.547276901616  0.533589849141
0.427344625649  0.508189509362
0.436966153361  0.78068007833
0.456169160993  0.452930393495
0.594889817195  0.501289839119
0.403167057347  0.423663769409
0.378612573868  0.524460559639
0.466369336991  0.520048904683
0.625801366822  0.415563457632
0.480265886309  0.475320872572
0.664391285282  0.479432748064
0.572801621524  0.528897553648
0.471744011969  0.498449847993
0.639581221649  0.488502946514
0.537677038596  0.390980583035
0.503180055765  0.513380144973
0.600383312787  0.552935228847
0.478056074402  0.59210092136
0.552221403742  0.524385100157
0.496709069659  0.615525869638
0.514797271081  0.593649142714
0.626044517405  0.607024407197
0.573114640861  0.574950832648
0.473386253777  0.464572012868
0.485097048406  0.525070610933
0.581887969597  0.326678235229
0.566225144739  0.489512320562
0.1652392037  0.472510827685
0.406774338672  0.580483396851
0.614326366996  0.497827619687
0.598470018539  0.361358477539
0.446120132486  0.421639418274
0.577710581681  0.484511920742
0.393624832617  0.38992107396
0.556666847424  0.614771503897
0.275010309226  0.431379957084
0.499395994165  0.410851990277
0.463028707285  0.567379252993
0.350937300966  0.298194373381
0.799268214844  0.384812554186
0.541381303088  0.580162404269
0.446013754046  0.491198199847
0.683902475853  0.627410555854
0.539023704283  0.553348948218
0.553973519583  0.336505486899
0.514376524402  0.449601058821
0.578567706264  0.612178676812
0.546856603229  0.662356142137
0.524561565278  0.486270699373
0.538181867638  0.422258462999
0.656319491581  0.65951525963
0.625014681194  0.583466946534
0.556735136576  0.579991325002
0.43031531228  0.660890804676
0.472058055609  0.371354543772
0.524987282341  0.437067892759
0.561004611275  0.343891422111
0.602117804104  0.698733546205
0.623128075214  0.489163698336
0.642678328204  0.668192591487
0.453957223785  0.372454873802
0.380934538344  0.564902179105
0.605135094518  0.624592521522
0.502298544733  0.541271184026
0.396318085372  0.61368174105
0.445158292052  0.54716661468
0.448332955741  0.593327566271
0.44849331025  0.463260194698
0.462495569612  0.532795359616
0.447026036209  0.677740203977
0.524517090051  0.33950923779
0.60874983619  0.61131141278
0.350903539297  0.524153935216
0.473687616167  0.745830673441
0.456662633252  0.491630405107
0.444888257646  0.520597913265
0.59099184755  0.616205770789
0.586256150785  0.342360791575
0.423801086101  0.584805875188
0.594278804057  0.524471472643
0.446094552504  0.449957276419
0.335271431694  0.281710129993
0.645954883836  0.4088497955
0.410432468202  0.45541430524
0.562410853382  0.633217162009
0.438807737773  0.65890050719
0.560314189899  0.491045403614
0.625174558302  0.511504358162
0.344396718329  0.49364532498
0.554966889201  0.530637483992
0.681336729374  0.602124131815
0.600483135929  0.62612196043
0.596131614885  0.307802033924
0.494877884804  0.549750800264
0.508682873139  0.475446727837
0.547524824404  0.313907432129
0.550017742384  0.548677547714
0.657129239289  0.460169440547
0.534905063372  0.362165842453
0.494020924764  0.763374246806
0.651670393888  0.521588369575
0.537541489063  0.541630244065
0.434617928097  0.505818603006
0.408604611466  0.377663169488
0.461578110173  0.402290353052
0.396182291616  0.537130700934
0.716914310933  0.544134774714
0.498406106559  0.599980487515
0.440571600187  0.504692378503
0.523880422178  0.590774237753
0.497157857805  0.379709803339
0.412096556417  0.356802462249
0.249943711189  0.495757127843
0.407838750731  0.572321653525
0.536521707844  0.598358446611
0.557990618548  0.605227834207
0.528385548237  0.50767467693
0.664768878066  0.601032590588
0.635693205223  0.561529204974
0.645781608309  0.662639048395
0.670344877906  0.593797991723
0.484817333534  0.391765282988
0.504591377637  0.48750501945
0.601854158783  0.429481618497
0.557059256847  0.64753598363
0.544024087367  0.474399965879
0.515923940039  0.448250258139
0.594044782274  0.607986045452
0.574749657992  0.400893076733
0.48084157019  0.344084125325
0.506203279226  0.541366748879
0.424752400031  0.509450496056
0.412026951452  0.484623922132
0.537828058838  0.680215154532
0.49188118007  0.352434410323
0.498550545919  0.582953682296
0.373907049003  0.48618814278
0.616903708681  0.413857479903
0.473381048799  0.579917867977
0.335840254905  0.472343487436
0.611883719465  0.507882897794
0.386270843557  0.341242119915
0.318173679287  0.410199515002
0.392179917645  0.496330085877
0.270149547911  0.524599585824
0.377853668562  0.362469889068
0.429850255002  0.433816689826
0.568095902213  0.515807027336
0.431485384383  0.435570936659
0.562354760391  0.428835134128
0.494278004423  0.586157103724
0.579929975119  0.639689919686
0.496763128612  0.450459530124
0.567037503388  0.427584962972
0.513380613505  0.598709137099
0.39073254324  0.470465687187
0.60173074814  0.702363651879
0.545721878505  0.655044508375
0.314625908205  0.425822471424
0.541228344479  0.399034568955
0.420176766475  0.451414578997
0.554924505804  0.530472700565
0.604184272414  0.504682920124
0.417124345629  0.499034702744
0.488487099561  0.513095447544
0.518010362484  0.481137165964
0.574999041673  0.430574369862
0.464740817973  0.46762637859
0.533553477732  0.427024155577
0.551203188365  0.400794148888
0.543828020814  0.498491968408
0.500207080901  0.476692518175
0.409216997591  0.407497927725
0.468338399777  0.387262571299
0.508104096392  0.561119768212
0.60207810942  0.420833785637
0.550113633752  0.496667301424
0.300094007282  0.591551415012
0.420237800317  0.493009684019
0.673520774422  0.447553293714
0.622512323156  0.397223758761
0.448886772841  0.787161890588
0.496460404875  0.498999469299
0.509956580469  0.388101935241
0.394819691834  0.566678160469
0.465598565771  0.317096980291
0.361437933599  0.618341626137
0.291809831705  0.518630840751
0.413708133603  0.585883829933
0.499235935616  0.644666412664
0.426414411668  0.524650662232
0.789041397969  0.49992771354
0.374407029585  0.501682196758
0.509317018235  0.423378711348
0.504419303521  0.570084020791
0.593195847943  0.566517605493
0.455598951768  0.293053125042
0.389981465612  0.445676376337
0.633177567006  0.444728136591
0.44824253608  0.512970668048
0.74280653589  0.608115342622
0.554319904931  0.377074202965
0.453195745189  0.424027000587
0.527279138666  0.480940763526
0.509604996274  0.610950829082
0.402578339647  0.326985711339
0.43191323722  0.524503210165
0.494946249304  0.512019491135
0.541864737077  0.406220679175
0.591367159703  0.398395036162
0.502334262932  0.595514027417
0.557920019265  0.349520015225
0.444804074133  0.477283472443
0.437339620133  0.546640808953
0.358820607103  0.619360422676
0.522073299516  0.499668700461
0.466555266828  0.633361018582
0.310416788219  0.4478713529
0.66504897269  0.383745311626
0.338625131382  0.360265892234
0.610976986279  0.275928416431
0.556726516548  0.475926139974
0.511611880484  0.413007257626
0.56615905338  0.432647330443
0.498575370167  0.598086358396
0.495777748594  0.544981659163
0.47051637828  0.379724530006
0.76057584191  0.602502262826
0.47051447059  0.34663805017
0.448107806426  0.495845357767
0.352167930944  0.49315802175
0.571759757469  0.453998803359
0.381950749037  0.629947514652
0.604419799868  0.426080594354
0.51822872  0.453415817032
0.656003496202  0.580886517443
0.348785793583  0.654750394974
0.530857310763  0.467065035296
0.536352312069  0.62535674931
0.602214201527  0.507512761247
0.460743805432  0.58504756671
0.598854700938  0.57913156547
0.429531804567  0.478967952056
0.627300330964  0.57944633611
0.481827835705  0.551040251345
0.432720883678  0.560152135434
0.485531061494  0.502138266015
0.625058899307  0.609120770589
0.511709855627  0.659475744007
0.593582217833  0.398099134623
0.613581879928  0.593099090788
0.45379049518  0.31854961515
0.457115948852  0.540680835766
0.633866599018  0.418047269391
0.57612702834  0.534267224993
0.524353096386  0.716500897237
0.482878264537  0.527639899464
0.425220221496  0.320716062441
0.506763982496  0.463416956169
0.638824870429  0.433671451254
0.430066134951  0.591763897222
0.566038281406  0.389115661979
0.369232938854  0.435315325684
0.491556474079  0.507790098087
0.394475003891  0.611988267414
0.334042638594  0.584565220413
0.481401121688  0.548312069836
0.381594919189  0.581664590429
0.463080487627  0.476185333063
0.565044418596  0.460917241155
0.449150117022  0.461937165977
0.512805859179  0.390462652086
0.604608982738  0.549014308387
0.622329799292  0.475674325818
0.422794318218  0.422453334503
0.449429084373  0.481271479477
0.633340845649  0.267365728949
0.455446628232  0.44282160348
0.549178111341  0.42251973287
0.583218062734  0.340131583266
0.511015870191  0.396392926478
0.410773676854  0.366910309743
0.563101389102  0.377100900719
0.49473540258  0.523285983848
0.433494208255  0.440992329215
0.432079288063  0.527772452872
0.583556512577  0.483823719445
0.420372326525  0.561599361689
0.50784748364  0.400517502079
0.337316447177  0.51222058625
0.375359790934  0.617213451135
0.507421080689  0.59537790201
0.456855684988  0.677099958351
0.695151962142  0.641342075461
0.522454017257  0.534729899649
0.627249322333  0.331435242317
0.412979590484  0.569466062745
0.496079442535  0.658698245912
0.401127415514  0.52848659137
0.552178303954  0.615534954048
0.391748025378  0.512208730281
0.698995497045  0.443499429394
0.581840993194  0.501563337387
0.483093669504  0.449701198376
0.468502619371  0.406218527496
0.458151607873  0.620516940073
0.492950917303  0.525164552009
0.459069373629  0.529798669838
0.641739715412  0.550792723124
0.562676862803  0.513355047733
0.454445706583  0.558053179305
0.432869986007  0.605375049198
0.531150145546  0.614963356231
0.406804014403  0.550019486599
0.393086768571  0.568359787166
0.483515966215  0.590433986552
0.461300904705  0.364362179925
0.443448346534  0.463777495201
0.516962209449  0.404081265236
0.584321318071  0.632043032738
0.561903244453  0.4231011065
0.459232773003  0.449905352236
0.552377739433  0.663922697338
0.470889607375  0.426992803252
0.439702153097  0.481856237922
0.577514334524  0.477528704886
0.461927784144  0.69266356513
0.384509571896  0.348316333822
0.341802281996  0.621392333099
0.456612048703  0.496923962325
0.350585906769  0.398649735633
0.541091709434  0.486633635383
0.284771779783  0.606935833733
0.492169851199  0.361578204146
0.552931503882  0.278656602829
0.490270351913  0.457475721364
0.562775713469  0.424008132448
0.331209678038  0.535601499115
0.437618075594  0.595369727598
0.528252523505  0.388869157947
0.640931554939  0.652956779653
0.394993970451  0.404906990929
0.317142941692  0.590527700236
0.486215228325  0.650493892517
0.472980768941  0.462356942909
0.618837278137  0.5924141185
0.487863362529  0.48919016319
0.568161932559  0.577151299849
0.59359704342  0.483679962396
0.379312574856  0.452178260783
0.47687420656  0.361912087834
0.590970381735  0.39707669203
0.573543541183  0.487953046472
0.595057521468  0.603935450525
0.37009488172  0.578142764278
0.451625397907  0.610203301011
0.383461225548  0.469400393184
0.51340768222  0.592260130526
0.470948625748  0.454968498562
0.398345666055  0.36201409346
0.478844718547  0.573079023488
0.378872078651  0.587033063829
0.527195224014  0.444230939822
0.419135860431  0.361234305829
0.316441651546  0.50302597037
0.200689558181  0.46861684014
0.646576762079  0.576322658655
0.426090789836  0.348646094677
0.395475086921  0.42739023554
0.503381373442  0.37692432105
0.556714121878  0.363220283932
0.466666620431  0.562710805663
0.347887281064  0.420587550984
0.560320472848  0.279677529206
0.506823741135  0.52833555072
0.461464117922  0.401960533144
0.505631881847  0.322702900752
0.364318054378  0.588015650111
0.37616292024  0.421251476427
0.411880719786  0.659766205968
0.533997602534  0.511814583823
0.477529320204  0.465221873949
0.41059080536  0.48164416444
0.685970843365  0.810616020663
0.505416250371  0.485812851946
0.564510056625  0.433194315345
0.58606413545  0.546568174962
0.435261217683  0.448178777168
0.526658413813  0.37073081025
0.480531323604  0.484032961668
0.491488370955  0.514761850678
0.559111297094  0.3468654919
0.571538471026  0.332256015184
0.384505812352  0.519194116116
0.419978446438  0.452487927711
0.543108101985  0.533043675998
0.562863518382  0.547240036534
0.426279911033  0.467470751059
0.455872112213  0.521037771454
0.835459089742  0.683914342452
0.383806323362  0.360120819449
0.64415393202  0.523669946503
0.463433914168  0.504900462641
0.442033001401  0.381121173726
0.475437053081  0.505611290235
0.729960168992  0.485657829211
0.449758388531  0.471364524235
0.456955250884  0.561605315757
0.548046126485  0.578524494375
0.446146783586  0.406110306562
0.559781137363  0.495936557755
0.483053183386  0.62097343655
0.452772955308  0.423183003495
0.256543413765  0.416286589179
0.713987032252  0.641833162297
0.421007651175  0.475148061696
0.532745280431  0.716520002264
0.432793007098  0.540330902442
0.488894628318  0.641609260812
0.27714095621  0.670280194329
0.580451055256  0.669928716461
0.27481794741  0.508569929662
0.539148460995  0.569618197778
0.562445766419  0.464647897564
0.593356879956  0.318465730539
0.478039597245  0.57617819268
0.484510103754  0.276606225737
0.298589439776  0.495818122004
0.381641057929  0.488872728518
0.474622580524  0.50287451885
0.640138586807  0.390244574276
0.666185721758  0.51550296673
0.56099000153  0.571662680018
0.475522446533  0.427908255809
0.57232819761  0.566963846588
0.522513807862  0.475010640149
0.398134598104  0.678054982512
0.484904836104  0.52128713372
0.544226783435  0.486456671524
0.673563290317  0.533987362531
0.433765018751  0.577291235593
0.619884607564  0.474964141448
0.515479127343  0.562703490681
0.603615120923  0.55126560037
0.475856194513  0.424177304442
0.326382979872  0.366203444474
0.491373564901  0.620741095934
0.454992328125  0.436256011316
0.382323921302  0.356047817771
0.388554434845  0.667223941534
0.396581267265  0.493529154827
0.375091276686  0.505545277309
0.386955724078  0.244143048204
0.340095019862  0.357615667286
0.398619756224  0.553837984703
0.619002937456  0.557763015217
0.471244940078  0.397123657966
0.447090563074  0.51933017342
0.500919884181  0.46491690564
0.565798782118  0.575923156501
0.627849926064  0.674177145685
0.488485028995  0.547180737324
0.506913818032  0.572873932977
0.356583570982  0.496349809728
0.642386089278  0.620882624611
0.412222636494  0.419862400733
0.374634273309  0.453964670372
0.633418819026  0.371078358313
0.536832630802  0.643098071821
0.538194102214  0.609159443157
0.591572430602  0.304728716899
0.610146628445  0.587510461241
0.474991344603  0.412135541159
0.468657918793  0.506113057251
0.547918831303  0.586842458272
0.709143396504  0.498399729124
0.546180649904  0.517726291537
0.434418085923  0.427058869656
0.562513765221  0.553293397983
0.335236579928  0.386524986129
0.322789811441  0.331188308585
0.439025317995  0.450599360172
0.339225252888  0.550644361931
0.421144298875  0.506280883517
0.465086009124  0.5019940245
0.382733195673  0.633692031774
0.458972451985  0.316709433534
0.655614746538  0.45855078896
0.448124015897  0.420413598524
0.547870772912  0.536954544904
0.579479933662  0.544078432755
0.416289359847  0.384176546838
0.426872111722  0.490799013376
0.566343729429  0.443718078286
0.454571921766  0.578958042955
0.439769099543  0.524445453297
0.622363361717  0.536669622023
0.322156059002  0.347698283817
0.447823956427  0.495077631486
0.379251305782  0.477885772616
0.382947779216  0.487169017429
0.531942099139  0.490470877407
0.446903489674  0.439976803621
0.689268995665  0.564240448227
0.633401354822  0.685605626623
0.564180795769  0.578692025191
0.442030275852  0.430707520381
0.586785252695  0.740467562344
0.465099613702  0.550671774628
0.489768553556  0.431722143392
0.643224663758  0.456704861352
0.371110890273  0.403870490611
0.591703324641  0.540203998477
0.467278931398  0.578291045649
0.379587315585  0.379777037884
0.511577329641  0.618582664295
0.529628421798  0.42814869271
0.608274130553  0.518573528898
0.384894279364  0.703724754309
0.470612660075  0.433060030365
0.545462488047  0.572201760457
0.283690482165  0.546852168747
0.29323540945  0.478266092575
0.445349819969  0.396864409858
0.361842864575  0.656655300947
0.578854730225  0.567326106299
0.51943889172  0.567928044506
0.531649889759  0.322343503921
0.355040035682  0.499052334143
0.459407985122  0.401510099029
0.551979429523  0.702088586151
0.449518618785  0.550110323258
0.507889036398  0.491704526848
0.454176952163  0.714531366469
0.634614116087  0.492709321618
0.439082236191  0.300508814491
0.333698185315  0.584810094136
0.729842261025  0.557500997302
0.397132654002  0.415315806193
0.572120481542  0.507956341059
0.338149009773  0.630921834173
0.595272772801  0.404441014887
0.448026471044  0.454527424865
0.517895836456  0.531192686452
0.693506012268  0.449934960006
0.464308551699  0.575568558923
0.611088376874  0.454814403472
0.539981841951  0.444577003734
0.428405871059  0.397595919493
0.502877310546  0.397993558918
0.498252102688  0.432115687002
0.550070679225  0.426281004069
0.511813740401  0.677976881983
0.284589694399  0.502966878035
0.573775521305  0.363001202937
0.485488350296  0.542866358291
0.603424652881  0.642020082025
0.33655422429  0.504544494755
0.673810806027  0.359344507463
0.631252358513  0.636793016662
0.596419591141  0.464101805909
0.404236805822  0.412593434937
0.555745046274  0.515143468113
0.420043978345  0.609227214573
0.470187672992  0.471981935261
0.444728469648  0.649740868214
0.437180341883  0.541564443355
0.447479450361  0.436685650338
0.420181118773  0.638405646941
0.640916792808  0.516255354501
0.403530448181  0.653857898008
0.49168206328  0.50312643087
0.656652497071  0.533062196777
0.430019481641  0.570217729026
0.439662361955  0.591054890737
0.503182185262  0.524296436755
0.56125010109  0.419212151475
0.413394448406  0.506720185483
0.560078437005  0.458841007951
0.634539360495  0.391562344636
0.650239501072  0.36195709893
0.368299226863  0.3995350203
0.637116347213  0.59346892505
0.545546672487  0.481399474655
0.444747315523  0.50604806957
0.558441283365  0.540697879771
0.634865309838  0.464136367092
0.429858128576  0.472245722516
0.433694336474  0.518781213871
0.529233774136  0.519831964684
0.517470886484  0.511428681571
0.294539494587  0.570109913468
0.476178247149  0.464471211314
0.508137291109  0.53036320644
0.52188403427  0.523002260524
0.551441841005  0.525589514885
0.516996219755  0.487372017983
0.510008411079  0.579251222176
0.461715619376  0.6349464211
0.421310187741  0.502902823395
0.479660226462  0.382275942259
0.492497503816  0.400881565418
0.59356060288  0.293412427159
0.563150545068  0.556034636213
0.886121208978  0.560076889851
0.542166679695  0.409798926882
0.5861214889  0.55097696471
0.656519568015  0.629017424084
0.618252479791  0.350963111782
0.590318301812  0.630987048016
0.238481389171  0.550243721808
0.325666416368  0.64229283308
0.588855668893  0.384732768552
0.627675000846  0.318601103023
0.592037463978  0.448400948225
0.406690485035  0.606594453718
0.555680872327  0.612365116694
0.380768202564  0.41471339904
0.491909628313  0.55653940438
0.439836116054  0.466052355851
0.414543294011  0.407442806502
0.420279699807  0.643404949497
0.554126165045  0.534922462422
0.654380074893  0.360926311495
0.510935552555  0.471322434258
0.322400593616  0.45428460046
0.451248914814  0.464664846923
0.375976835362  0.576521499313
0.457767555339  0.488480678895
0.495366496919  0.469157267169
0.6673647437  0.449868726403
0.318291856527  0.444587512208
0.412728353281  0.552714031814
0.671422099299  0.596001899207
0.574528661595  0.478930041873
0.446067351702  0.383590451544
0.501942013869  0.490604997121
0.604470233421  0.512720246368
0.526237086793  0.473404944787
0.332932996099  0.59065686171
0.411291205354  0.572290313516
0.275348057681  0.539796003316
0.56489396052  0.70447444374
0.563237622452  0.501416211196
0.608844032538  0.575078236432
0.379686479706  0.514611393391
0.468966663048  0.563715018137
0.619306205749  0.37498195791
0.351863100755  0.485425466918
0.487821520745  0.342652949461
0.414139813168  0.552739235607
0.455950907505  0.431190295364
0.388234066161  0.460499429294
0.576356554232  0.27991038184
0.580487218079  0.514633141181
0.502336232839  0.426697240495
0.563501257038  0.544050757764
0.640078155003  0.621838256877
0.624285906095  0.437763361417
0.638068869831  0.534990218556
0.389381863505  0.474506979043
0.332460124883  0.494409659708
0.443615272981  0.274215445752
0.463832463996  0.584813476006
0.556613784493  0.587530418475
0.502988859433  0.534250743114
0.491945251951  0.556807338016
0.535719319954  0.499513411048
0.529711718508  0.511477886318
0.636127259848  0.593742243581
0.530325950962  0.316715364949
0.411298079389  0.411764706392
0.561140695107  0.485989572976
0.627278086133  0.559603468385
0.525712006634  0.61753245929
0.56187834224  0.565112738055
0.356128657423  0.55371336101
0.483970871688  0.443291842519
0.43233581582  0.51407335163
0.325391293478  0.445008380342
0.433364772128  0.619384178612
0.667741520659  0.451962778843
0.57952577974  0.547532681306
0.671214206139  0.657609032345
0.376148573998  0.365141013151
0.57706371429  0.29889012474
0.554817390599  0.533877348227
0.710322319215  0.426198494863
0.44963088749  0.506438916289
0.595354373643  0.317027916798
0.722773435392  0.599149001344
0.545201439142  0.515120875452
0.582629880863  0.54361232353
0.389044414583  0.581556872773
0.362365571868  0.364629724927
0.503502765234  0.515775663583
0.533769807442  0.495216260903
0.663342993513  0.511483028991
0.39840536844  0.460769868434
0.537975181514  0.705152896363
0.532172853877  0.521694170216
0.221518040168  0.446734619809
0.458653528625  0.718198544523
0.557885122919  0.516053065148
0.658424452856  0.451618768122
0.352430482272  0.403101400025
0.482009033056  0.553186731882
0.472335332503  0.45217666309
0.575737211041  0.561805976291
0.754336507999  0.368951863981
0.600756348077  0.494609008854
0.646389340411  0.643886995572
0.241539468514  0.359019677157
0.574829202187  0.517880365787
0.520472727921  0.422052663978
0.631690710063  0.519500023157
0.494556074669  0.591399791689
0.468454658969  0.291440519734
0.559969213075  0.566887994458
0.452728547981  0.556974448142
0.34034155246  0.587152980666
0.614775943209  0.445922633904
0.543858401559  0.648977691057
0.382079288151  0.619006433074
0.328621489447  0.560846868231
0.448008009  0.379219877642
0.81278391882  0.485053877246
0.590948213781  0.574596197409
0.423804053535  0.599879799875
0.561156097925  0.383809237081
0.47934251127  0.585461036484
0.490551690957  0.398228747413
0.549201808417  0.490503094573
0.566504291311  0.257708954916
0.482712405945  0.539331339587
0.653583172308  0.532314525463
0.489632991367  0.552502715943
0.485636059487  0.447410688524
0.477477449422  0.488012801382
0.5007339409  0.57391999114
0.595995661009  0.384673135503
0.519917893308  0.389085121503
0.524504503712  0.527317215859
0.270826691679  0.462012340462
0.545994681655  0.547195444397
0.501438807318  0.499514256575
0.521967101715  0.664054452859
0.555716451901  0.457340782637
0.426992570815  0.632100115827
0.771130432035  0.385155336085
0.35572098651  0.565971655976
0.528560065736  0.569383900051
0.507976301158  0.471999724755
0.441986753885  0.357186278952
0.390990676124  0.281634504566
0.432517984846  0.467872207851
0.51609194469  0.517110291963
0.553904282787  0.415824363353
0.271545306702  0.454882462685
0.407400980877  0.65049780409
0.641334373651  0.488676400377
0.747347632014  0.575257028146
0.509573027843  0.476612516692
0.410759624412  0.390361362793
0.645061461095  0.487634074835
0.626246997016  0.46171288255
0.555030578961  0.506602120891
0.328887616804  0.599772254717
0.482268664275  0.407794519576
0.605214156638  0.575689117461
0.489659459732  0.543502080828
0.558574501781  0.498566555597
0.525938969948  0.608459686956
0.335380731701  0.544921222524
0.470749851794  0.62169218044
0.401294902069  0.451436460013
0.337702621416  0.571895138956
0.401873298191  0.644316253469
0.633993739148  0.460719442815
0.296134887894  0.485713619942
0.473702005015  0.502921422421
0.421291067656  0.315477862061
0.57042767444  0.748007568082
0.312875332396  0.620365064426
0.407677622559  0.585338875079
0.615979121152  0.543064900943
0.351021405376  0.37587576921
0.413611409749  0.557904286647
0.501485560762  0.733001266184
0.52153389631  0.694618158018
0.519336425217  0.38912572449
0.514307329608  0.458511553432
0.625203693093  0.670548602544
0.587692696639  0.424082830105
0.469173342599  0.748038180191
0.532897616546  0.670249518582
0.429012657875  0.629392251186
0.531817039698  0.586926659972
0.508313025492  0.276326289466
0.431491249705  0.420792269651
0.630604673199  0.579425690178
0.632676085176  0.396283207418
0.563209228013  0.473362616673
0.394227167115  0.460003414023
0.440818790138  0.665010090414
0.502867840947  0.497496079242
0.345960279518  0.61407955636
0.668937338457  0.482224380764
0.598577415306  0.572582659791
0.445486680925  0.43501818643
0.2898107821  0.477285410495
0.594015955098  0.453955370914
0.388758442318  0.616823293876
0.445510894709  0.362990701315
0.324892408792  0.453660501135
0.493246319683  0.526378621425
0.57638740793  0.512502595111
0.643784007292  0.459181458433
0.317305611314  0.501526915112
0.472765764105  0.482217699215
0.470310562034  0.551565108456
0.437932318886  0.751815599612
0.392208203579  0.441297539219
0.520542253398  0.648709093636
0.519788061363  0.579375095579
0.458324577001  0.275182562525
0.536908669487  0.632711091239
0.673779810066  0.630585654228
0.342153117209  0.657719485601
0.412628781879  0.319664722465
0.568022870458  0.61584687693
0.535433831371  0.286994197633
0.391905503202  0.475535126268
0.673428257467  0.60922702536
0.607872786984  0.614344189323
0.522359407132  0.492176332103
0.491855685513  0.498865944615
0.381202701523  0.459225321925
0.801070785406  0.382952375062
0.384498430486  0.620616293283
0.372623465785  0.475005765724
0.493745324113  0.689209289266
0.50985501466  0.334203118703
0.708980206118  0.704191071961
0.356823443018  0.659898125632
0.374951149012  0.46815569185
0.579023780683  0.54584032033
