0.597725242612  0.514281303853
0.439894577976  0.488495379893
0.44237754173  0.422940347493
0.229345091235  0.585654977922
0.354876397789  0.516761820708
0.614257054991  0.515350669716
0.519477985846  0.595964724301
0.344060129683  0.75292201025
0.625448488966  0.428685983591
0.543237980424  0.443517902829
0.473215189876  0.458244630254
0.328716873905  0.45874351739
0.602017064373  0.45858048629
0.322146335949  0.525642072528
0.4418658234  0.497894139953
0.412889978451  0.334212628941
0.251008164427  0.367496257565
0.410633973899  0.570462176387
0.485135111466  0.429372359629
0.681591244303  0.481381241471
0.487866166488  0.405737148501
0.44402059177  0.363102360251
0.607619027259  0.650748855552
0.318197872424  0.453946662757
0.409513082429  0.446923276035
0.625072698296  0.466739156628
0.408192998297  0.435242677946
0.621895136493  0.600428469625
0.425722651865  0.533413494652
0.578498696935  0.604582399483
0.382122548047  0.494760988388
0.595562869228  0.566856246563
0.512788512309  0.663096245307
0.478449932802  0.468081511822
0.3524462191  0.305968935675
0.526036344447  0.652749013707
0.634365315706  0.471515187126
0.621113449276  0.487868096814
0.545574657019  0.412258063589
0.675816863979  0.504082744029
0.656430145537  0.614737105457
0.402029211881  0.413469641389
0.435983923139  0.515655760502
0.417110241015  0.59024451839
0.495428063089  0.572223722103
0.67673703921  0.296784839538
0.255652454095  0.270133277969
0.468200444907  0.508365269791
0.350710102656  0.484255419101
0.516420898327  0.369656415873
0.577031059602  0.366034053412
0.484976199878  0.528215096819
0.401137680892  0.608009581908
0.594741475407  0.528187392396
0.568910557257  0.415822574338
0.425973391574  0.432516591439
0.507978346476  0.235487339926
0.537172939218  0.48581444294
0.615767350027  0.516944435255
0.575985373384  0.594459052605
0.54521480231  0.395452811983
0.701063827716  0.531980997866
0.49173734918  0.525865647391
0.536067599375  0.42383400582
0.519844800639  0.612196704477
0.513984162673  0.454089633084
0.423491521317  0.524948063576
0.403302566881  0.57277973404
0.369370009611  0.442080623993
0.37184500602  0.507021197893
0.629900152445  0.513769687804
0.37774122469  0.630877697201
0.722250439208  0.460502593959
0.47272688391  0.445271599801
0.399393261422  0.338145726648
0.642479379075  0.565126665308
0.565609702552  0.565461234566
0.536344054669  0.559470144294
0.44796506653  0.592261540483
0.645374079518  0.458720376916
0.490423736991  0.431089766278
0.655627129381  0.459027076524
0.54841402664  0.597613363431
0.426402415767  0.436406270081
0.625775399848  0.510202300595
0.357310970151  0.489683565198
0.388315697945  0.279215624635
0.457731625581  0.285521671721
0.580983788933  0.382038989392
0.434498694181  0.497048495684
0.426043041138  0.398180281528
0.56689290605  0.786161673103
0.491789095288  0.523550063024
0.628596409794  0.369818759745
0.411547149269  0.41915852296
0.342183635425  0.404539219577
0.636942667084  0.435105398518
0.750188614952  0.577975483536
0.5631289699  0.493129733494
0.4816035232  0.3430143622
0.429696467369  0.454994113697
0.382968531935  0.478267096536
0.528239756178  0.530516591933
0.409127744805  0.50711900631
0.577033375545  0.63097366481
0.517016919915  0.349507402689
0.490055750595  0.527981459879
0.615168084716  0.411440447305
0.551027552651  0.508656350069
0.401280812942  0.491989740865
0.472038473006  0.451466710729
0.576272756317  0.338268286759
0.488311868393  0.593872826301
0.789849851962  0.468582200462
0.371860712223  0.452828869629
0.437749116711  0.457960142556
0.447814632912  0.508456401755
0.393463545178  0.467181838083
0.334579400715  0.31166072287
0.477038453292  0.292374566989
0.50444066723  0.505323143183
0.506785426835  0.467670368731
0.517878072524  0.597320201791
0.576298828122  0.487744202365
0.722867197935  0.477548392518
0.463161957106  0.533233405456
0.338479521401  0.542170930233
0.334474803998  0.520195944339
0.467593545812  0.492921466797
0.440718206855  0.517619620264
0.284747495585  0.332267771678
0.608134658512  0.506408257729
0.437459335952  0.393991737726
0.527840409784  0.466534229862
0.476899083787  0.419067383527
0.441354987984  0.465715993957
0.492271981389  0.442949169589
0.540968453979  0.41675032958
0.383265142977  0.541921902565
0.545388516307  0.625221499798
0.413373640519  0.453430006048
0.458463599348  0.452831968082
0.59546659982  0.582340711117
0.451417269135  0.508608916848
0.481705478763  0.505570076943
0.581222707382  0.596622435853
0.449926191325  0.368429950948
0.316273879393  0.436183453534
0.549652160684  0.346466671211
0.566130947485  0.538486504446
0.556050903991  0.526785119363
0.386228343811  0.49243141365
0.274796204032  0.271386137103
0.554184804234  0.615444835721
0.636482713185  0.516754635977
0.289012310487  0.429747731065
0.711093037791  0.628042362065
0.438445462935  0.54138400207
0.331735759582  0.404372123686
0.41408991149  0.577616591148
0.348452414786  0.605246313682
0.609161779939  0.579211031393
0.350421809971  0.482571772269
0.305016905057  0.450164108298
0.392146102019  0.519963967386
0.629276691135  0.621361922257
0.52638726928  0.552428481577
0.433885032582  0.329384604557
0.538176930207  0.642840921591
0.533654026319  0.484977794704
0.394745011655  0.492287895609
0.616489888054  0.579549588549
0.591408765494  0.49687051229
0.294576914786  0.563920337084
0.319614943378  0.559481208138
0.446873726601  0.538704102544
0.504742731785  0.565607604368
0.40431000447  0.467574019617
0.302749120197  0.422315310933
0.578311060246  0.487985144328
0.409378847683  0.495746619884
0.340796587167  0.464949496917
0.426564087986  0.444765390252
0.426255275329  0.638492808321
0.409970396211  0.50697717243
0.537952032265  0.554426449422
0.460220514831  0.300944804361
0.561220896212  0.531944288085
0.594695259888  0.451342974366
0.3930735622  0.486440256909
0.472714721272  0.547534594655
0.590012494301  0.439923209315
0.439235648849  0.532596066353
0.553649263974  0.431751815972
0.619259972898  0.449827633907
0.45569343631  0.414060577109
0.417966642883  0.724034472627
0.596574590866  0.73575219752
0.554249608841  0.453553407117
0.506170562192  0.561759022421
0.450506118485  0.487075869014
0.658784109476  0.415405588891
0.37159192635  0.426640800737
0.396213134516  0.470501978061
0.433351741962  0.564361429132
0.466832594077  0.520940181756
0.460545581613  0.418159138747
0.528048005993  0.490944588083
0.584866845297  0.393332345759
0.56088112216  0.512512964352
0.647525173034  0.566539771615
0.486743627109  0.324607330913
0.567461205589  0.492609287827
0.336874746664  0.382560630408
0.515535222513  0.323110508908
0.577442027935  0.38180172716
0.692660404207  0.399576133019
0.611892328821  0.387734822039
0.675640696705  0.608980322653
0.457749110019  0.312676032376
0.323468584182  0.506853676248
0.487592224571  0.503463906162
0.576144715785  0.315335398075
0.387976513618  0.571994105338
0.409102766381  0.214564589587
0.549266502344  0.402081477814
0.579696970127  0.631827636145
0.459333579198  0.667946450256
0.360588661851  0.466222785269
0.450271372739  0.603945462379
0.556333875878  0.530587552982
0.669938513694  0.499072154028
0.61355277438  0.440758775159
0.439219869873  0.398462773473
0.474761600736  0.508983901585
0.394310169972  0.383009178877
0.652740387915  0.612336616009
0.463965160556  0.380276514111
0.36717747216  0.367061323085
0.420070470734  0.270106963646
0.420288106611  0.585170847005
0.361560718164  0.473674998635
0.376342061164  0.348380499978
0.613362786063  0.407472901029
0.450017447352  0.494856794046
0.436425688229  0.645833448816
0.514559837175  0.445484883659
0.573411422172  0.372802329607
0.55159128645  0.359270751099
0.496741461563  0.372295817906
0.598936813535  0.486185248332
0.559788784247  0.48728640303
0.570722649398  0.511235448888
0.336088461119  0.533848112753
0.467831896948  0.830558152547
0.7086704732  0.553722763744
0.56373036223  0.328754651892
0.561945562091  0.621871605597
0.529519938959  0.377066360418
0.576412259796  0.56825243778
0.445232137437  0.631106404676
0.324484526592  0.478406999485
0.502572453028  0.417143768284
0.341384564807  0.397500014579
0.367879961036  0.554145550633
0.406386679755  0.543687831035
0.680949963889  0.53428509625
0.54648113878  0.47899678922
0.546631558488  0.643654979381
0.375184401666  0.538880471003
0.543640703844  0.287171798482
0.437153949669  0.527592929718
0.518220908614  0.385477451158
0.657546826646  0.527498107202
0.497163117466  0.543304820058
0.392678969724  0.556254146681
0.486046173253  0.34574997159
0.462481751042  0.480848253332
0.607219087163  0.719796003877
0.498212549208  0.361264653328
0.460711651035  0.475258918762
0.381440756408  0.24385119544
0.549622356938  0.596318572453
0.633296492862  0.357641459801
0.586323282355  0.257530879859
0.432857813148  0.475524224737
0.573531647152  0.442776984952
0.432867076495  0.488630783755
0.482808787044  0.394669799283
0.44854377479  0.62072136876
0.520373417226  0.45198391987
0.532086012529  0.561493814356
0.58312006165  0.322030543075
0.425472645456  0.45711110099
0.659498532686  0.425171632377
0.416503079757  0.462480131214
0.251906693491  0.363962535056
0.463309277476  0.409020278259
0.458869099929  0.411732242772
0.351066098805  0.462319019562
0.703965830411  0.455677080474
0.509166711968  0.392660056969
0.205657099827  0.325201164932
0.397581900913  0.388938847533
0.58555765516  0.397811748689
0.520456678991  0.636401971048
0.678054483091  0.473782565498
0.332679838075  0.570030937848
0.438882506112  0.558030467356
0.428127804074  0.560857807532
0.469125072024  0.473033711479
0.336475836166  0.398263282464
0.552501942106  0.393161303636
0.468118485603  0.539434201364
0.456040869241  0.42396306968
0.323816580857  0.513434261077
0.431401533582  0.379101896055
0.442783671686  0.465484771502
0.50991936412  0.328425346814
0.532993481363  0.617512475911
0.441202333422  0.536778061466
0.41333851477  0.713156000054
0.465548981603  0.586460921244
0.40805670826  0.524956946926
0.542090078694  0.434358830318
0.226764524011  0.392797150903
0.521060698736  0.414625294413
0.530810451494  0.465373077768
0.410560431951  0.509385478554
0.485644068702  0.379222970531
0.323345982643  0.459388661628
0.388405556077  0.437499207776
0.49623380147  0.431965269293
0.388743049645  0.299638182559
0.310372004808  0.29824531487
0.432431258029  0.635669442358
0.611883224215  0.479454201018
0.583393710833  0.441483922084
0.294929306641  0.680568669991
0.441521286272  0.418765631184
0.424962711485  0.765681753986
0.570463560901  0.333167524657
0.633556012317  0.591871546579
0.435189367654  0.769151671765
0.448769879782  0.31138854998
0.368702752382  0.48520832262
0.317922855673  0.614204829012
0.621057032374  0.517975078681
0.510935970784  0.467024326322
0.485283328443  0.367980117434
0.500173067098  0.569133788228
0.669480682116  0.329898816714
0.498192739305  0.335659744058
0.498698111355  0.662325894035
0.576600580666  0.495184962838
0.538915073566  0.319097367723
0.487986885674  0.481775149432
0.5514160331  0.443286754567
0.539827160603  0.342674408437
0.308562073268  0.535309447287
0.459798763829  0.518131977477
0.577425438419  0.464381562217
0.411148858847  0.334732579361
0.577520497214  0.569052788975
0.618555123685  0.431139664791
0.431362448355  0.398927199513
0.438418993777  0.480698196352
0.388987957248  0.401764005619
0.50609246617  0.481313557046
0.384726754056  0.351127512882
0.561971923465  0.389807202631
0.268144681612  0.771322235798
0.595951552393  0.462357076899
0.619866552708  0.54976086997
0.413510051247  0.422227602364
0.486623218242  0.618199363615
0.436519603352  0.499128025592
0.542643054325  0.491053090618
0.425976517898  0.537010233702
0.568407545294  0.545679621056
0.640070624496  0.45654617088
0.396457458261  0.543432299285
0.422976384402  0.351627572731
0.622473179415  0.548914468246
0.463007158161  0.538774215695
0.443641941189  0.501752571398
0.276379332655  0.516897501795
0.539054143776  0.57104709284
0.467803619277  0.391801601275
0.481234696876  0.48332017006
0.468933521814  0.384939581126
0.552152494805  0.339743598435
0.524755474995  0.627816658193
0.328282039244  0.34286948535
0.486006320444  0.555737212285
0.405419425454  0.571564115057
0.332755928378  0.36912349892
0.322576851936  0.539296354145
0.359234378077  0.4650636008
0.377331654247  0.484758425074
0.42161888991  0.502906730593
0.281649119238  0.388835744524
0.345764132068  0.504985594181
0.367570743843  0.432187759656
0.581099170348  0.372762060315
0.501203603394  0.430276104199
0.329196212899  0.627326979805
0.590414846343  0.583002394424
0.360860003948  0.586829886769
0.484110019939  0.529696330763
0.513809577437  0.610586694279
0.392876659137  0.546338313494
0.559245593602  0.537250258667
0.47654752157  0.515017785298
0.320521658366  0.354303128236
0.410955240628  0.591586416284
0.423115804551  0.475565702227
0.499720820194  0.362487261014
0.439428928755  0.452468645192
0.504311220688  0.496471867255
0.373752370386  0.525459437436
0.385327190939  0.582383655445
0.438521799792  0.455638068574
0.522851430341  0.638565594569
0.419933053692  0.545206821337
0.453853914188  0.557862064734
0.399186677933  0.551428118606
0.512052836192  0.223483742944
0.55825032222  0.444104038352
0.501179445158  0.518889243854
0.583435298961  0.655862755466
0.346508302447  0.469189936889
0.525582405773  0.514376716549
0.432448710722  0.557276464417
0.385613645176  0.526651084012
0.436438755025  0.591214261356
0.50554239894  0.56066500139
0.503632215526  0.554275717921
0.59194127234  0.435900913559
0.487317884764  0.594552924481
0.59758767748  0.504809594735
0.537481868954  0.423798643439
0.47305061106  0.443728887116
0.530730495848  0.636290404161
0.511892826909  0.294701063507
0.471566545111  0.41451646901
0.444478443378  0.600956811569
0.550049663416  0.536636697355
0.406899510415  0.570461882676
0.586107381732  0.442513600038
0.465088251641  0.617988119814
0.274047733849  0.479211179098
0.572706227193  0.417704962175
0.505818972373  0.269415189957
0.411527763249  0.300648025652
0.418800746671  0.445088744106
0.487851845354  0.483681920821
0.582960418966  0.506008896415
0.645615945799  0.517336042843
0.295817936542  0.499882903834
0.649259727212  0.527915329518
0.617043752541  0.447016926901
0.298482718641  0.375969622026
0.430996487146  0.481100649819
0.514461173616  0.446626286139
0.564127857995  0.514779691739
0.413001210859  0.519070260224
0.352456993495  0.4845856396
0.607870829901  0.622007653685
0.496304449092  0.583637879316
0.522746947564  0.369450769975
0.594244526504  0.420961504281
0.457551077981  0.601135274293
0.467287132976  0.394131447995
0.34648574203  0.531340508925
0.534971624123  0.522161378912
0.660566983109  0.544144622329
0.412965701584  0.598399021194
0.478670264903  0.682711967387
0.590420089194  0.67596298907
0.518353852348  0.514331654044
0.354086033545  0.44526747321
0.450594106538  0.583052290763
0.380623254595  0.41935725842
0.632670954992  0.548506319071
0.527029651414  0.345729891909
0.473911031923  0.408112115857
0.521763101341  0.454112272642
0.481117467809  0.46370061933
0.669710065983  0.471330076982
0.348506758257  0.509273473021
0.496056539824  0.390781911761
0.433383955887  0.482009060475
0.59809332633  0.586731449587
0.463410614365  0.400450109111
0.502667097314  0.691359432207
0.35832667846  0.438800258493
0.457978277238  0.437284425125
0.507490197551  0.422409061457
0.575134077895  0.467103858778
0.351157492974  0.533398763319
0.569792214712  0.620750543451
0.629855502904  0.450645532423
0.32428432604  0.421097133778
0.381114011589  0.351123091932
0.559480747831  0.383690776668
0.299377616923  0.498579622008
0.5455402539  0.765286184026
0.451375779036  0.461740902008
0.374486497567  0.355765487917
0.608224868541  0.402089963007
0.334691434445  0.395936844896
0.426331279767  0.456843627662
0.687763617947  0.407331595086
0.493045039307  0.637186933992
0.598052286013  0.576022975997
0.502846545999  0.319453281303
0.499911720356  0.304941753842
0.512404435262  0.235422051534
0.497997657059  0.518756296364
0.643361904198  0.507151438372
0.570897226214  0.563281996929
0.545087205325  0.513086434291
0.566071018368  0.35437116558
0.504673590989  0.498728651522
0.432341454614  0.581561549802
0.518733552215  0.63016120513
0.547850360795  0.5237842691
0.428476454335  0.401151396967
0.558143584454  0.444540187467
0.498486652918  0.466541815878
0.481178450703  0.58958579622
0.480183973471  0.504957153846
0.402443431427  0.594790751412
0.50422873819  0.365155784352
0.302882060288  0.537337803107
0.719591126736  0.416718894457
0.428065335097  0.528102608133
0.506883893769  0.23875723984
0.603958744535  0.50800093953
0.35313442223  0.450046002683
0.560854436532  0.377125812065
0.407980097295  0.608720952862
0.519080963324  0.528859760553
0.484721107847  0.605964690666
0.522717185059  0.360735210633
0.508627590891  0.617991529263
0.45465131961  0.440823366367
0.475517904944  0.585284747185
0.350175035041  0.473193836196
0.342552774138  0.516132547926
0.521960947774  0.373526219527
0.399441489778  0.537975665825
0.537640165006  0.426093746801
0.556617007611  0.441857358363
0.668200362842  0.3948925582
0.624226273957  0.466362266911
0.42681332212  0.474456048941
0.512498588732  0.588867348843
0.473290310745  0.520155453681
0.477794398093  0.40263449938
0.428832955948  0.658833397318
0.436540869327  0.555229508431
0.520852708603  0.582904845512
0.464177309587  0.518726868177
0.523906450893  0.65131403275
0.517982674703  0.506911228875
0.553254607009  0.528340492438
0.611983670135  0.594337960428
0.450309587356  0.379038102051
0.557269606173  0.556982166712
0.452372871697  0.561843127941
0.497837404747  0.36651270519
0.593030060335  0.389349272003
0.560436527895  0.336819736102
0.58661376678  0.392413586301
0.446195803582  0.474263186032
0.474946599969  0.376737540669
0.391091773692  0.351232966491
0.388591268056  0.486537409939
0.48325271928  0.633220493884
0.551411991244  0.693652931149
0.462944568035  0.483512791119
0.363010883376  0.589555627782
0.450262678249  0.312336398294
0.522019802321  0.360945064161
0.534757226676  0.612135537781
0.522046930833  0.589070257926
0.436457456751  0.504656287153
0.493463270827  0.417619161578
0.331287224154  0.391663192926
0.650663454593  0.538781305151
0.509391973651  0.562163839493
0.469600731506  0.60422713233
0.537036485369  0.538305856806
0.388951881827  0.567507170217
0.415338931756  0.547393122839
0.450139206008  0.545090233417
0.370614089137  0.507364153315
0.677568378398  0.493013837305
0.505421341456  0.441030882937
0.562425144155  0.493854466148
0.526660271678  0.536265245769
0.508401741227  0.446629609783
0.581667732671  0.384679851751
0.622067551116  0.613099830603
0.43057209578  0.265033814555
0.465003583981  0.454667450767
0.46905498153  0.40316958207
0.500602075744  0.486605582389
0.490554304659  0.502548230548
0.647250586605  0.529827865515
0.476856708583  0.528474096156
0.397190375739  0.456751549008
0.329887061835  0.414578623212
0.638202203309  0.509331281583
0.479025044251  0.5320431255
0.519927319394  0.529843823478
0.562281922635  0.410723297985
0.327599666345  0.555853496935
0.429565452003  0.540397321565
0.780839221835  0.526548050782
0.53544012601  0.366136578626
0.427599431788  0.682367718649
0.402762348307  0.535157699597
0.464795754288  0.562269738174
0.443753215351  0.517580584159
0.525929629231  0.432352064807
0.391140620004  0.476547413287
0.381216844987  0.461451962153
0.430264079723  0.474716876366
0.47973538924  0.418127836389
0.437754356558  0.4397613849
0.561446470819  0.577506808538
0.654843016417  0.596283766314
0.442084005862  0.480511951552
0.399431145554  0.462168831848
0.354970206622  0.480161514935
0.475096583047  0.540344402867
0.349201293095  0.411259215497
0.491557105437  0.412375983226
0.434305316681  0.452272460744
0.247468198566  0.266178134665
0.478774499416  0.385171915192
0.528929132968  0.398472613598
0.560164154157  0.495954234472
0.506466913936  0.526368786763
0.538366155155  0.437023206007
0.609116635944  0.460257039607
0.385637785521  0.484790009167
0.336807631774  0.591657482624
0.493015417362  0.45621298754
0.448641352739  0.532397169811
0.5221460252  0.45003201999
0.712607973512  0.574461595271
0.469863519566  0.462388847109
0.567998039241  0.510505085024
0.62185938266  0.454735334304
0.356233348823  0.49113796324
0.712266192405  0.649449436698
0.600563474166  0.536435960666
0.402792272831  0.455937743597
0.496634165503  0.43715951404
0.369254308689  0.400220591948
0.380178148658  0.505862490469
0.491289123292  0.57205713241
0.376836304073  0.599942293367
0.467567282071  0.557096832972
0.473029900005  0.540721618525
0.472974318481  0.46907011647
0.472798763163  0.412890821719
0.258436867916  0.667429795202
0.296312799878  0.404611544066
0.508224267721  0.422303251373
0.398332592467  0.597845242394
0.333751719645  0.444216261818
0.560823163652  0.534630576739
0.429346314664  0.477125231185
0.600233729839  0.563307054843
0.51944194397  0.413441647828
0.446097671923  0.327852385542
0.365293367682  0.482341847082
0.489285341993  0.390448532791
0.395925724027  0.538577170309
0.246565005124  0.460000631018
0.73984822004  0.515986365855
0.400201512235  0.329183371661
0.502837304849  0.547279701617
0.592043359103  0.556463645226
0.492651183309  0.337612190395
0.506885725204  0.569233834297
0.490158904026  0.511427909298
0.512208535781  0.525569727715
0.476528563844  0.54306767185
0.363512777371  0.756100661928
0.605117172926  0.471739186864
0.35549764641  0.463709338792
0.585218586212  0.574259163225
0.522978033576  0.451161665441
0.412020589131  0.382292922169
0.567654825834  0.31501155023
0.559295163574  0.291554116749
0.488108299124  0.582154489277
0.408048413683  0.582302081102
0.327906322848  0.336934355837
0.444833720509  0.487848980106
0.476865326485  0.355676555908
0.385309918776  0.455565891981
0.589230460364  0.447639028587
0.361867009179  0.385025451542
0.404188335787  0.412736843028
0.484756744066  0.514806622797
0.467610675086  0.507854186777
0.468450745178  0.538426111931
0.366110167956  0.415209667399
0.379957776663  0.516879577156
0.467836317775  0.601679740042
0.562869769501  0.386779364111
0.515058603126  0.448027783524
0.276193552097  0.520585831264
0.291258608099  0.339147816879
0.384957335724  0.567975080551
0.623274737304  0.414444617328
0.456670422261  0.349363012914
0.486126948179  0.429421977937
0.545643221066  0.318605446361
0.426055452718  0.391472613743
0.544343397291  0.582873564988
0.382361766921  0.48682064219
0.596568425206  0.446982157315
0.291006885772  0.305980452032
0.373021696485  0.528834357967
0.539802423053  0.501327048322
0.592298856264  0.298942409087
0.417914413751  0.411330328505
0.431798058154  0.618623705507
0.543961303126  0.313998913717
0.201131360763  0.486250907411
0.596544920755  0.644396472114
0.30952219179  0.520228103896
0.587137666073  0.452694263497
0.437617296531  0.380442768242
0.500118903072  0.243721647195
0.399000583029  0.44985232611
0.527562571147  0.570990366818
0.342577919718  0.584257704491
0.568745060973  0.313999288798
0.560907828025  0.331483258167
0.555288065448  0.563010019577
0.334609125091  0.50451267896
0.516075773837  0.303070560871
0.543336298923  0.403576447344
0.600009672376  0.485864164356
0.562528063431  0.40016808372
0.528210979467  0.639993162643
0.349891965343  0.577088287392
0.424018069189  0.562455995322
0.582973244837  0.558428683838
0.481144402231  0.380136827209
0.554773937177  0.48954585093
0.486848958274  0.572029267419
0.457123183659  0.28153195301
0.586320795448  0.509840870662
0.400432550474  0.458311746067
0.578850435471  0.627888843317
0.569329356778  0.623742528101
0.686444899958  0.510569946548
0.285139910434  0.484753910261
0.531574595202  0.376318853876
0.560285013789  0.601647700276
0.374253040245  0.389562917837
0.474463551746  0.483774570688
0.417109067395  0.512731077404
0.529279055954  0.413871384877
0.457798735079  0.41318829149
0.583640643169  0.607009409084
0.514258673651  0.620405762057
0.48974714899  0.723640757518
0.420124268544  0.44096775203
0.463679460393  0.518953878342
0.644013907217  0.583085162338
0.364220444935  0.626739728175
0.464989001013  0.446399140633
0.506480217343  0.41750426611
0.607499092423  0.455741076015
0.581414577045  0.401793860595
0.409102190348  0.581987983363
0.419125897344  0.426826368158
0.299717721994  0.454316683466
0.459234528399  0.501284974825
0.475988708113  0.326541321983
0.537661837613  0.600702306798
0.554328602748  0.394013922533
0.60870281841  0.45280280189
0.552516747708  0.487246575258
0.34421781857  0.510160460817
0.446701703429  0.488334481804
0.563637617676  0.781172400266
0.536604933506  0.547252030316
0.427546193216  0.468266217943
0.592702734214  0.308953314563
0.543442300952  0.440948149733
0.425391192217  0.610578061391
0.627669115655  0.576918254455
0.620830586489  0.396067752164
0.47297921674  0.409780691913
0.429130988085  0.479260890262
0.495499688508  0.352589437402
0.516329331399  0.671353653102
0.453097459136  0.39363778712
0.3459539132  0.485464883895
0.451040682651  0.517794410395
0.478268126899  0.539662381022
0.607568963749  0.515008680743
0.427785927143  0.476967675032
0.356083699139  0.385643892111
0.378122117853  0.515765823728
0.429128230655  0.204214219273
0.503397602199  0.479764477002
0.669496352199  0.585986280027
0.377922385296  0.32959597588
0.466509729644  0.413207506284
0.621793196033  0.406063423414
0.49681647165  0.533091821149
0.314351170383  0.673952176658
0.645684137214  0.197643691968
0.532870359941  0.566848751522
0.489595976776  0.273264507052
0.519959772946  0.445697317977
0.715267257403  0.434128192287
0.424847178219  0.547274678815
0.475177718198  0.539635279457
0.67348487744  0.553042623429
0.330117890459  0.358196589823
0.476418786864  0.256586191279
0.467885947393  0.5153249006
0.488487368758  0.469554927063
0.387095412649  0.609343953988
0.442112769685  0.41466808575
0.293326587978  0.4274576157
0.432222128985  0.390631382408
0.487888325525  0.44014077764
0.492652546883  0.578042447842
0.614402225829  0.538359334432
0.587294444028  0.507784405492
0.416896494948  0.400893037313
0.60423311579  0.43443207632
0.405712242032  0.465576227744
0.356399139167  0.295669559138
0.514932658861  0.34708634039
0.57446356623  0.383510847538
0.368687448145  0.591651459735
0.400799651642  0.428996081624
0.403434746416  0.393921782639
0.48115904788  0.482217140702
0.531861551995  0.378687427022
0.596018258806  0.395195355421
0.498298280604  0.463389652661
0.404265275525  0.602598110117
0.370542907103  0.562744848389
0.449367484146  0.459247773826
0.59334093608  0.582632207722
0.373939207871  0.332727163741
0.459434600247  0.329641429703
0.616281381809  0.595831831397
0.529766881698  0.385246812171
0.540036246418  0.462176592241
0.492657744298  0.512917121945
0.705104251181  0.475993268416
0.621865558624  0.454236069193
0.621110656315  0.483243119319
0.577076646762  0.417885752015
0.558775049942  0.453449378197
0.44088275216  0.540994654687
0.610680084277  0.35468667503
0.547912690033  0.606893794787
0.523722880487  0.479767599883
0.513212088785  0.640092145722
0.569713557599  0.435162252165
0.448218177906  0.482028917265
0.534743602034  0.4579606671
0.54442605614  0.370545920978
0.475409814792  0.26954594109
0.470106195941  0.320880820313
0.463663703317  0.603907338747
0.382800171387  0.382884761454
0.554129632909  0.534906448456
0.450127565444  0.721784143372
0.448675675114  0.427886702417
0.456370693788  0.506305115955
0.567781442591  0.328119865507
0.550358471332  0.45249721542
0.584165245715  0.39633541817
0.490520849679  0.422065814989
0.390006081102  0.711256014114
0.428367022398  0.392132212244
0.357485299129  0.605792668629
0.391157363418  0.44046584414
0.507318854574  0.528778782248
0.623340292997  0.645364442526
0.642710504535  0.393394139254
0.446516011243  0.524667898514
0.404419608735  0.409237010382
0.339637901818  0.687353182625
0.477855787404  0.521645270932
0.580995733173  0.413839662653
0.438150218496  0.339835902187
0.573797940108  0.568139052914
0.41082847164  0.589407996295
0.432205280097  0.431531157865
0.583422279138  0.327409270011
0.500732652356  0.420129301385
0.483797417762  0.619565336454
0.406280783303  0.445841598652
0.482517325487  0.519903411173
0.47483918005  0.552183816328
0.540392848556  0.601516081889
0.573982037481  0.419625752259
0.563221469338  0.655130640633
0.446251297147  0.493238807904
0.606371875823  0.401877456448
0.485731301547  0.54346347867
0.425065726048  0.615965128227
0.289416431939  0.451118418973
0.499144977028  0.446532042636
0.551374309625  0.599670967006
0.388809114984  0.448302433551
0.313448629593  0.573234725618
0.690404423453  0.245496897149
0.351155455337  0.524452459053
0.354600152322  0.347366597501
0.544682860199  0.518108898337
0.488630139117  0.493312053255
0.450665904626  0.515762517749
0.552704552086  0.357079907059
0.53361166785  0.518662799345
0.353744310326  0.632045709091
0.529698854428  0.529945974638
0.610031186772  0.483266857081
0.436563199052  0.663389677207
0.236197324974  0.437479519571
0.387318183015  0.419321404424
0.487726895848  0.490394918719
0.489881103163  0.571238225838
0.518335873438  0.467771928802
0.384967976551  0.570858834718
0.524666228633  0.459138061582
0.543557510343  0.37498036945
0.428784498157  0.362681658148
0.370839144258  0.526465554395
0.685131782945  0.50356202278
0.337464995239  0.426165438381
0.449575766013  0.41553520707
0.344606445644  0.407268392962
0.530773861524  0.562705921692
0.423983272549  0.383518457038
0.561065719092  0.521293099588
0.439325092324  0.465068900599
0.50807694458  0.461005401369
0.535678909656  0.524160114412
0.499090396972  0.32780611393
0.443647918465  0.37925512337
0.259191226547  0.487473194683
0.515709904073  0.539810573307
0.527749178807  0.615751934949
0.502732688505  0.217954135393
0.316032758011  0.343151075539
0.565637592665  0.408461041037
0.558807205355  0.46651631139
0.439054787088  0.393392526295
0.49985833002  0.497705455607
0.445448358187  0.454748540408
0.57573648326  0.592543925718
0.541409959107  0.496654344622
0.663716795556  0.593515139058
0.51550094799  0.648016548565
0.420995699581  0.490371547922
0.423488771982  0.410819220045
0.542673968728  0.537960800256
0.570157941891  0.731381475947
0.407719708433  0.469810088641
0.372468889629  0.30691052959
0.398417860581  0.645461033268
0.549486534291  0.275343629959
0.561634451909  0.338742234231
0.588508560501  0.586395601409
0.449508663706  0.519687314895
0.579570633462  0.383578369185
0.580990573563  0.58708156311
0.550517162737  0.26432541616
0.546140047846  0.55475604695
0.567244081696  0.549591228091
0.240904027137  0.639639312826
0.563819406163  0.460877969736
0.48227645048  0.535853832373
0.394498943135  0.259931765577
0.497966036954  0.521299480658
0.417367913394  0.515755879748
0.553011760394  0.552647992209
0.307604430126  0.345675159298
