0.499541281778  0.300208807653
0.534183583888  0.525433220812
0.701958076893  0.503335389809
0.330229055333  0.413809142169
0.628382035857  0.429285734129
0.599681547816  0.6058715987
0.492536343001  0.570287898724
0.491895650787  0.473975580733
0.503469770645  0.526881478961
0.587708481422  0.571465533548
0.502551187439  0.329315268789
0.225663972438  0.583928849991
0.425887966429  0.482342307389
0.440446183505  0.494089787561
0.411311868318  0.700088979092
0.495159510547  0.391359573977
0.425086833258  0.372152402463
0.427900980973  0.421658637894
0.37819962535  0.381571427618
0.412985967466  0.59536590692
0.486533264892  0.482598413038
0.481341042761  0.589270429862
0.520456108151  0.468075955595
0.621530119936  0.400400415501
0.337437073256  0.589652769008
0.521089562538  0.321171261032
0.632014994733  0.500472655628
0.463041860601  0.585730853713
0.37439319875  0.439359703613
0.34523628174  0.421338363635
0.538336668493  0.487137359391
0.430479243305  0.480832670218
0.455783958952  0.434239473386
0.463961777605  0.36634188658
0.598457081013  0.546793534494
0.486446329403  0.462680414329
0.535989084388  0.606737865455
0.518934799246  0.547482358793
0.503350163144  0.488850947164
0.443320423179  0.464042826882
0.341085920487  0.539878990063
0.605802040738  0.431364289866
0.503363481624  0.635446799735
0.512116213829  0.615692890653
0.458096293691  0.469555354157
0.510474289176  0.448969210714
0.6777786442  0.576107944185
0.609678948476  0.361437645498
0.431334205536  0.417685161635
0.730246347657  0.368388398238
0.60984764587  0.39296017025
0.472778517856  0.341287837811
0.500901822992  0.485193581529
0.625125315102  0.505735156884
0.417694999325  0.475013519239
0.486636384688  0.577371469698
0.446124758719  0.471427025362
0.332129025022  0.594974451005
0.500828367699  0.497756657972
0.424959736014  0.52002288065
0.471874777171  0.579460214184
0.370420800451  0.519209533712
0.639035954032  0.485514697368
0.47370469001  0.632209124543
0.221496671399  0.485858620341
0.465499706449  0.461578576263
0.400582375454  0.405296002007
0.620403506441  0.335045972638
0.6988063641  0.499958032799
0.480951110114  0.687363982178
0.398640667126  0.409226171023
0.516415951561  0.57902186586
0.571623118799  0.566708516927
0.677421037925  0.536411227999
0.456037159574  0.507865444767
0.433859455418  0.405798327124
0.705850469969  0.470632963959
0.539000888802  0.478646184054
0.569776174394  0.398629073228
0.431152341407  0.448443968408
0.349080776833  0.43520106163
0.631323136894  0.327896562604
0.4173274845  0.29628430322
0.382971311729  0.432435671806
0.527994903216  0.417105963927
0.539999236284  0.459779807907
0.528763799691  0.440475796707
0.383009720523  0.338485481535
0.365683840068  0.520999190378
0.406187455718  0.453356423704
0.484207715988  0.296425037454
0.562826613577  0.670981861595
0.430846000644  0.501832223895
0.464417158299  0.585281025364
0.710959145483  0.587669484819
0.558905185022  0.316357926871
0.395745560811  0.570807728907
0.360005382294  0.510382982406
0.600557179377  0.498693324079
0.409006760242  0.375917394969
0.61311339914  0.613301954104
0.367185567063  0.450789323132
0.568134934471  0.439060384497
0.675704140065  0.457420385947
0.517890546303  0.415426438709
0.600641416323  0.443513888374
0.616626053233  0.555949498035
0.629584267038  0.342193265691
0.489271486446  0.458193148855
0.639268922892  0.407292654779
0.656329615708  0.873586221945
0.421215600482  0.499969035013
0.529251606998  0.467873813261
0.568444246064  0.324503645377
0.556329939553  0.456688115125
0.569323221914  0.433607737547
0.325378590273  0.360883808277
0.478807222195  0.480896407006
0.333002683673  0.516009459483
0.505132637194  0.501802225381
0.505536045579  0.342654420149
0.537980138372  0.547859067094
0.609769411583  0.500250295232
0.459186241727  0.636424468446
0.604058805082  0.479457149458
0.221248168591  0.491315337812
0.683128337905  0.561867244109
0.369998704688  0.448495361299
0.373553284232  0.455085950875
0.768520875272  0.515916098429
0.506276267064  0.367784134934
0.515732914759  0.273174391249
0.587465390204  0.568561260283
0.314155819054  0.597168367267
0.520512936019  0.526928264251
0.49131470804  0.409475470457
0.444688369579  0.677731077174
0.368056799381  0.460930974878
0.401397153751  0.446448092919
0.457891331683  0.576848480708
0.477645820111  0.584422126259
0.627722248926  0.547696085559
0.385032457396  0.498017936058
0.5708706148  0.436704286899
0.331156943544  0.552929271326
0.232002992651  0.473743138716
0.424581692328  0.452411896912
0.445148528356  0.462711962273
0.377820489325  0.400852909757
0.570727865397  0.518937044348
0.51751426444  0.546990208227
0.481329824472  0.37268634708
0.545044466578  0.290362839559
0.521142253308  0.530980798771
0.491397455066  0.451506324581
0.551223229542  0.457599604653
0.649982429654  0.648648942195
0.482770806845  0.338104445815
0.357198143986  0.526959833984
0.342930929024  0.260373189601
0.488725812384  0.548427883291
0.676333595278  0.480218402185
0.582967924461  0.546807650507
0.485796851957  0.60322414198
0.468892560373  0.583185665692
0.330369922806  0.393300117478
0.472905283775  0.41593268315
0.507835625494  0.353022232393
0.422142575164  0.533718680752
0.503074662654  0.395679694055
0.469199334282  0.569028722231
0.417321833592  0.399472460255
0.606530626618  0.441535111496
0.522068426043  0.362431766918
0.485570740986  0.437573553797
0.538310059591  0.531865438033
0.417522012382  0.69541179867
0.538365025729  0.533543475942
0.459596312532  0.37258208592
0.586895960034  0.506162311254
0.568977627431  0.391117635773
0.239099420361  0.539065448801
0.407303206956  0.361030441241
0.451559133233  0.542645177646
0.467534090256  0.482483348501
0.539997929667  0.51656177733
0.408472949325  0.464163030775
0.534820541021  0.447344853719
0.521145594447  0.518400445992
0.461529909816  0.425950712365
0.40623640213  0.663847684377
0.548547406401  0.529768711727
0.536784278385  0.579513963457
0.572891937134  0.327890621122
0.359191994182  0.365705453131
0.519551736327  0.608868977449
0.518858463074  0.537755634513
0.46209639879  0.509871968537
0.533331224614  0.439061333439
0.182913696149  0.575320830142
0.486583930057  0.438157573158
0.639602842992  0.452179856332
0.498184573191  0.352606906041
0.485462396872  0.35717664671
0.561967475038  0.449617366232
0.196223462173  0.439506008591
0.382699822169  0.565552242969
0.562184928969  0.62246427341
0.444146994363  0.599681817333
0.629871370526  0.562669156287
0.53342364583  0.603241534272
0.611603713284  0.558557169459
0.418376335481  0.450266004732
0.416944089172  0.55094118136
0.374297931334  0.434775621789
0.443969776748  0.271137577549
0.41908090043  0.498474398548
0.343971848274  0.320223811536
0.415455603402  0.576988632322
0.484399983765  0.416291934449
0.432227877867  0.63366199552
0.414659793376  0.525076389045
0.658087885674  0.29958499007
0.3812507487  0.417536955939
0.47284311385  0.5056636618
0.710425819798  0.487528373313
0.438125704263  0.452351997602
0.496112015743  0.424948153007
0.302274677679  0.425417623236
0.632784314344  0.495660390167
0.452464167991  0.357536954348
0.570196714319  0.349381241475
0.38824455417  0.578173929703
0.515575451446  0.582679972582
0.384410234791  0.403736129642
0.72331372435  0.418988314469
0.589142966863  0.532034287224
0.471335051207  0.403744079127
0.269416821767  0.424305088333
0.644183921447  0.537815112836
0.568168762175  0.576720182746
0.356790557176  0.503571510588
0.355322508891  0.421660872476
0.358897622495  0.467009565818
0.635771203581  0.532744784514
0.419641823835  0.582093346491
0.277445112665  0.382945577802
0.282186760003  0.415543531355
0.521853693358  0.491110886275
0.394195741538  0.587125117797
0.28831878791  0.504334812672
0.382843375312  0.604833210572
0.595463643628  0.599874172451
0.396008316544  0.614287124337
0.447012084748  0.495926652136
0.349025678247  0.559163623731
0.707831497982  0.423031995774
0.480748297117  0.344800055467
0.447297191191  0.56215874998
0.626631745944  0.378856047302
0.424105086094  0.467014615639
0.599992753152  0.409619024829
0.534841325999  0.541169570055
0.476101416565  0.386916905548
0.528302667625  0.53276634594
0.380106751725  0.446538337482
0.400562768839  0.499319860169
0.524843213895  0.509781062987
0.682719737668  0.40014405784
0.512976864481  0.495437518094
0.46943423093  0.391280627698
0.369831474025  0.487352857643
0.457945573625  0.638873130205
0.463345192651  0.545249910687
0.437622894627  0.506613226516
0.522823522068  0.484109537479
0.606819877358  0.389074820117
0.463297779273  0.421603412504
0.452992185224  0.431557014732
0.48885928979  0.26421776873
0.434487065219  0.401930527457
0.532274532958  0.355875818776
0.365954067599  0.582048178341
0.670430613449  0.377107290153
0.419045103355  0.504496520842
0.456924625328  0.488545981086
0.389147195907  0.476889789219
0.585749930541  0.609663481103
0.290997072356  0.339876138591
0.37613691686  0.565371664084
0.534823510315  0.533825433633
0.678914124818  0.316018168197
0.680370358024  0.270556092918
0.503198988853  0.471112457729
0.70379353321  0.626304810423
0.562311588712  0.499659458002
0.537857509548  0.633831006993
0.572873874251  0.453309082709
0.406938539171  0.564587894735
0.469201490629  0.384572914133
0.398449612826  0.497556145397
0.566456932914  0.626755363754
0.502009424807  0.45588051359
0.461112041273  0.581823248515
0.636631237247  0.451907059178
0.254743913338  0.511919039944
0.44741619718  0.490345263682
0.424881707009  0.644593764877
0.527869386182  0.388288682959
0.537372581933  0.635788876709
0.303401421989  0.593971023205
0.523814116724  0.730125280298
0.485357155302  0.410916195982
0.347160836535  0.589363471007
0.58278253158  0.471006368902
0.535463024175  0.513678484996
0.407736206102  0.56824576363
0.561848083188  0.392516004215
0.548569272162  0.368933101004
0.336615990306  0.540058322961
0.645479959758  0.506902878988
0.41506942788  0.357123912321
0.532381306909  0.408699984545
0.38022375898  0.530059019642
0.470940759355  0.537771811684
0.536127237714  0.585315605459
0.38620415688  0.547518017706
0.629079292658  0.411760147038
0.396372581979  0.379029543023
0.717099645938  0.584138766677
0.61027715727  0.548699301616
0.40793951104  0.405187419045
0.589930390752  0.447813483486
0.703485622589  0.378864554765
0.431916636271  0.446546476609
0.530992897944  0.564764473516
0.437599256224  0.389805876854
0.525728640581  0.52609514454
0.450865316891  0.365760137703
0.311771575799  0.481615200648
0.491283961915  0.476284862285
0.432626412357  0.484618085887
0.724586816412  0.60797204119
0.371319926362  0.538739925443
0.547791438103  0.473178928997
0.445481333971  0.502004052142
0.417218018696  0.591130347727
0.409151195311  0.687613282276
0.315239250605  0.52386202031
0.27832395985  0.649902082245
0.577844330176  0.537656359584
0.241534904059  0.488267284195
0.544409270172  0.480491644705
0.342523292696  0.412538605201
0.546360738513  0.531541831476
0.610943483296  0.607957093359
0.562808954877  0.636742459399
0.420681853776  0.478702499801
0.568478443501  0.504326265946
0.380793559008  0.35445411879
0.646718968534  0.503779462845
0.484130662884  0.479901856891
0.41984348619  0.590273592217
0.570041822057  0.611931855093
0.357718542038  0.535382573217
0.659792360111  0.487517491338
0.285356186684  0.275943053673
0.374776087874  0.352816416046
0.397235712134  0.473754181013
0.538220386175  0.592336676986
0.362025535294  0.560279168983
0.670264431328  0.523622536156
0.599130198617  0.413576325774
0.405697465967  0.613536007776
0.699794294906  0.573589927104
0.426247428394  0.422205822205
0.384013480022  0.405462380529
0.543820800049  0.378443833902
0.530131829816  0.457031178675
0.468005987097  0.488119919903
0.60127115374  0.483822432756
0.523953326106  0.487584116467
0.597226755063  0.33441453807
0.57757985854  0.588226506301
0.49365576864  0.428773077576
0.519945477741  0.527883582704
0.490184237094  0.485073113889
0.370918369152  0.669857925208
0.661749096836  0.681528407431
0.261055975731  0.458251848773
0.420197826213  0.353955227814
0.473393776868  0.356453516115
0.41010634536  0.467891993274
0.398527447916  0.486274557709
0.348240155705  0.804276261846
0.414105856086  0.446601236839
0.539943958774  0.299920859301
0.289124813073  0.580430716984
0.540332550018  0.637914231902
0.398520164626  0.319770780596
0.465266254895  0.36170955934
0.456097464547  0.412491432098
0.470222292827  0.562870373731
0.430733436248  0.415448084842
0.448290932815  0.431487556131
0.577944676137  0.406266580492
0.51733586951  0.648781494699
0.511569731492  0.344904531772
0.474952598453  0.504330542111
0.546885604396  0.672500969887
0.545969869503  0.450164295508
0.515684064379  0.458533315497
0.31802229703  0.431991273772
0.413236817178  0.547587287548
0.307554648003  0.305204091494
0.64622456524  0.484848534799
0.389269122299  0.39850343408
0.6374077265  0.605252966164
0.449614269836  0.511417957038
0.434155740596  0.438100653499
0.654321605541  0.54473609063
0.565549835356  0.506872166849
0.377131904945  0.297570200284
0.455964549118  0.490959248003
0.488498040288  0.361910009079
0.545121822487  0.290139588894
0.414210548477  0.449513158479
0.543642107278  0.42179725118
0.473955761354  0.345163564167
0.696448228024  0.460243949801
0.58528951172  0.546355324487
0.523774273332  0.590814632992
0.42888048855  0.402167817305
0.352045796995  0.442375533621
0.396543231094  0.405405118631
0.50654015726  0.671537894517
0.686138421096  0.333941355349
0.445898442845  0.429333141206
0.493119884173  0.422163726018
0.409632134607  0.609490701731
0.402695143792  0.454845856811
0.508753086964  0.560135038042
0.419315069002  0.368764900383
0.367815434857  0.462069709611
0.495916060447  0.454166981897
0.643453062971  0.448035747983
0.588093629171  0.439233390399
0.569030071827  0.476934910823
0.383029174326  0.472025262049
0.364706631958  0.457739912999
0.318889698138  0.579340255865
0.511470511519  0.488148992949
0.388372390995  0.450498871166
0.479243331676  0.539798576429
0.373242696919  0.43853984874
0.597547963617  0.530171488324
0.36008989321  0.406461676102
0.329873535082  0.467132954435
0.567240267217  0.545443973136
0.313380288695  0.510851486217
0.489961208168  0.300831223686
0.58218157981  0.322147663549
0.453267002686  0.48375133322
0.541408135067  0.403710594564
0.416975502485  0.5635900484
0.445659993589  0.73888544471
0.39950337819  0.394358571496
0.469473128474  0.531416881427
0.531772565987  0.507432794165
0.545198396376  0.529809450662
0.470759978482  0.551132417777
0.331419662149  0.361310247619
0.598930482289  0.476878614115
0.340957318891  0.640677920823
0.39951014723  0.366212957289
0.623101536971  0.482413898986
0.459398999111  0.45512260662
0.455315502175  0.566826831678
0.431888183571  0.502995405199
0.428306025956  0.48856380889
0.506788936903  0.576016516876
0.619120168823  0.572417795952
0.379916709037  0.483847282605
0.41107602391  0.545272598012
0.278728469246  0.679230240479
0.298424058178  0.445435487345
0.434488853544  0.58127106278
0.464168439476  0.448829664306
0.470694835539  0.513519932372
0.409690108247  0.679225046945
0.450128492512  0.359296855963
0.337831735265  0.438249918146
0.597533677179  0.597812414753
0.574263353659  0.39942923417
0.455785206603  0.409009997409
0.564781204634  0.457679908472
0.587861748893  0.586202451188
0.415296848327  0.57211580444
0.660870219505  0.479756088591
0.423256924828  0.649197649661
0.470072079869  0.536470894847
0.581244214179  0.424411901692
0.447996260203  0.178332421922
0.73280732005  0.343889997755
0.548397541724  0.66584248752
0.471606747889  0.491627150421
0.469654098904  0.457955770067
0.548792894057  0.569437318555
0.538462223645  0.51550029179
0.485425696059  0.396955373989
0.489643130403  0.548475738894
0.549275951144  0.617172628216
0.378845177619  0.326752557422
0.340256467857  0.408181635043
0.435565962728  0.488921974347
0.611858888508  0.545352026322
0.555594241796  0.303315743883
0.402591492633  0.498749926024
0.503075862335  0.452188713249
0.342319137585  0.537917560502
0.365996541973  0.641517028296
0.604454870391  0.61824279523
0.640529663983  0.567621371884
0.703004209826  0.447834953914
0.63290333818  0.579834086748
0.515471070696  0.705715528905
0.492239640264  0.510235626005
0.445718160012  0.468468316853
0.401956263139  0.552405323636
0.500181732199  0.455471000126
0.330598785656  0.625441340289
0.612199609969  0.430426512603
0.575873096201  0.419372547398
0.556888083408  0.520414213145
0.506883728123  0.696669500117
0.495235984703  0.482459422383
0.61365176127  0.591816260081
0.623256728281  0.443147435149
0.477753574551  0.465497929571
0.415255885354  0.574144407961
0.379808789466  0.53600593649
0.450990303594  0.367778800613
0.350048263143  0.352506161384
0.550332358558  0.407268751449
0.484318737187  0.302623833489
0.489302301861  0.529157822249
0.544491686958  0.488246874955
0.652920513385  0.362042710117
0.467867202308  0.428935324592
0.360115936107  0.499738447949
0.477812687189  0.377127238514
0.573440853694  0.542894640406
0.569012715934  0.573377134999
0.569095155849  0.580246224664
0.331740817345  0.557462133236
0.54006689744  0.43933626689
0.432380862496  0.452724033393
0.552124316448  0.527472607151
0.552869615824  0.546537168767
0.541546735191  0.510786602903
0.451311398269  0.508909683429
0.454963154207  0.420911420759
0.571787625451  0.699441125475
0.463781846018  0.341537950541
0.628173343411  0.434502218808
0.584388613057  0.340231842157
0.340830020404  0.297377190959
0.556792464413  0.704044212969
0.707689272168  0.435110821347
0.431602164984  0.293542927304
0.433790926272  0.571409383924
0.285974078594  0.443883087673
0.568054042748  0.406508547565
0.478136046898  0.44989457732
0.487263195749  0.581147191646
0.471349427546  0.514935692184
0.483959903048  0.372933489235
0.55257434311  0.530945986974
0.385038484054  0.414179359305
0.490121437888  0.569230868969
0.620922607306  0.47507114807
0.529491743802  0.428096784508
0.397175648319  0.382217963057
0.56251927537  0.620507248395
0.458207930533  0.507259146052
0.377004374215  0.656936780782
0.449553421915  0.478450422535
0.586332199826  0.383789297575
0.357042423615  0.433867885914
0.370837878519  0.46272664896
0.549075461996  0.476074067405
0.41491686482  0.373073693249
0.539808368549  0.605390458214
0.67233255169  0.569613436051
0.424133491875  0.319685754969
0.675992838266  0.509375565469
0.480581016396  0.529712250232
0.481778353383  0.599272347796
0.429875687838  0.541341687692
0.56552093744  0.340269067374
0.539083929958  0.35387115413
0.481476975459  0.440634713206
0.558376600653  0.500346676173
0.409293372546  0.472566474472
0.430323963857  0.661955235258
0.732940916047  0.452220350656
0.470644088808  0.395038853209
0.546345948721  0.548979383407
0.273250324715  0.401356920818
0.45922593496  0.571344716403
0.457661137491  0.445296666025
0.447440308102  0.529431442228
0.572756410932  0.343432517
0.474412561862  0.391255476215
0.446270841675  0.406252635827
0.702222349533  0.716054516497
0.631284687314  0.438246197915
0.451351808385  0.590481482538
0.360856949395  0.461263205123
0.381194546869  0.682081867259
0.417182705124  0.483490458681
0.40888775177  0.26836523306
0.408461356109  0.541541126102
0.55017607482  0.48382822018
0.551712429354  0.471232057277
0.480499644468  0.438619974409
0.401328198773  0.525474296534
0.642982394672  0.548228728895
0.480541864368  0.524035027344
0.385128711331  0.337339584597
0.508495740419  0.53308080374
0.406755397317  0.437433340473
0.508942351855  0.359889226366
0.347303247978  0.346336893455
0.511518106468  0.536897321769
0.52877602486  0.30922946931
0.515337607692  0.302352570941
0.477049445374  0.396161835773
0.404275413729  0.372769872419
0.654716481552  0.51099671098
0.487078704898  0.556299794625
0.610286309407  0.402153440227
0.459631878938  0.36451816374
0.494568573637  0.460178023983
0.456645875504  0.686918554267
0.461318426314  0.462604585486
0.417301970999  0.43114609469
0.722539630064  0.507953161361
0.376510230601  0.401863174908
0.424143872532  0.502842351397
0.41181335639  0.303921101947
0.367630914614  0.668618232334
0.620639375133  0.543104160728
0.640470865508  0.517502692798
0.580468924909  0.493167187986
0.540067408648  0.553409070137
0.315359046724  0.444780518849
0.314428399783  0.468260689143
0.552030854038  0.462316957016
0.398303062325  0.563666327597
0.469229576289  0.416334475058
0.608304112377  0.458232343406
0.37371984055  0.401192468582
0.681150965532  0.33722719166
0.567311872091  0.251101491308
0.517530987834  0.45317842273
0.725366401991  0.480617815789
0.536461461898  0.489477164745
0.442869113337  0.416094349912
0.357605030362  0.383998697434
0.471628615666  0.346252481778
0.658807470607  0.454982969364
0.366959148763  0.426930483372
0.48174979084  0.214172794974
0.553935967424  0.364201210947
0.513683336973  0.413014268541
0.431314444051  0.810411079466
0.636679430889  0.430599656612
0.513695219844  0.437542095426
0.553060688749  0.723065801733
0.490707017052  0.451743355555
0.405828969211  0.607621729911
0.586541685228  0.692911424333
0.355642333232  0.438605255341
0.463670944035  0.478863579603
0.525412322964  0.479570591756
0.412791148775  0.505451661621
0.511349268605  0.480926063772
0.449183262894  0.499275200798
0.556312735684  0.498832423623
0.373396825399  0.351076925098
0.540646142642  0.48101612094
0.404711715371  0.244765981424
0.520876495541  0.468182407757
0.431363682483  0.565215787182
0.537324426247  0.462835555561
0.593477944487  0.28768260963
0.383687808052  0.433221586553
0.739948047433  0.540775428177
0.471235088178  0.472032948708
0.3929884714  0.659762089993
0.450026916066  0.539458438168
0.493028893609  0.536789570121
0.283756561888  0.487358205506
0.478089605573  0.354119766153
0.50012937786  0.558669566319
0.343459263283  0.54131748821
0.490882286057  0.533256971035
0.391971225762  0.366725552914
0.508090918494  0.48905234256
0.599388759631  0.394049865083
0.503233531243  0.552462460079
0.654174791612  0.631811480245
0.381678835884  0.433655192571
0.404826732587  0.494161070691
0.650076169293  0.294076822289
0.543638329088  0.401847711449
0.357027605604  0.369263800003
0.656170104348  0.425524591201
0.499884077613  0.378069056139
0.659980921008  0.392904528853
0.582354033212  0.562253767502
0.370522140146  0.482405032414
0.271797172489  0.411783859802
0.610764007975  0.476737896775
0.459973594467  0.480387487296
0.612350565588  0.516977294982
0.643898304057  0.62718223659
0.41660803616  0.608708294402
0.636353611848  0.419056887609
0.493363203047  0.466600602621
0.517817080556  0.534340813162
0.475210690404  0.59833801784
0.466456240643  0.284133617487
0.555240092664  0.457144053589
0.36047771359  0.506549933402
0.367652748015  0.500580504485
0.442620215073  0.494733276182
0.457893086475  0.583243556952
0.535663747651  0.509512658387
0.457973733698  0.446877185162
0.46314504236  0.622491189633
0.329119938347  0.597861562047
0.449234728154  0.470860100112
0.475503020712  0.317160561247
0.506015205741  0.396165699504
0.696983389464  0.298693066343
0.489303765237  0.557012498554
0.633336325178  0.437992450113
0.526614399696  0.505768720749
0.598423501779  0.509352081618
0.527668825166  0.630050812787
0.60991782811  0.486614781173
0.715738077632  0.396483106906
0.570096737233  0.467021922569
0.631086236153  0.481016361016
0.577073187177  0.664955997516
0.587112831444  0.652625975562
0.424913534686  0.549100694611
0.376736355662  0.44571585518
0.473323187648  0.3371843057
0.493216604573  0.446782130451
0.48647878789  0.652715057689
0.337736592107  0.492060828178
0.566817778087  0.50965722418
0.466606880491  0.568153416932
0.580913748589  0.568871529173
0.341711594622  0.469255166658
0.395683034174  0.397448500014
0.45170297126  0.738928080208
0.46321501771  0.430477557568
0.404524758961  0.291296371388
0.44678274128  0.645051642502
0.491244522329  0.541584286411
0.611703404416  0.569945340404
0.64024653793  0.383610683011
0.257001580668  0.391590883682
0.669542343109  0.399415499922
0.476035526721  0.509484132586
0.407941052497  0.393220051714
0.382398845656  0.365675170329
0.60902160332  0.476843091328
0.523624951224  0.306660523076
0.561890987882  0.540281801862
0.456767589852  0.290679366668
0.559080277917  0.510776963283
0.509554134726  0.605440647432
0.378216578127  0.613087311638
0.57714948501  0.445691937887
0.479498089651  0.335493367544
0.392097581982  0.433145831284
0.413655125263  0.573947420636
0.436313006888  0.402744557465
0.597115887328  0.310840472954
0.544039787205  0.496050816839
0.35665377644  0.641201212014
0.474581943073  0.515820495807
0.426970241113  0.536135719661
0.468706050395  0.608424168186
0.424293077818  0.644881748705
0.493493554931  0.46840265215
0.340784428078  0.473171799251
0.466155817504  0.538525539097
0.643407308249  0.556776313345
0.470571973242  0.498873676347
0.46937951024  0.445029711537
0.424659700948  0.566501173788
0.352030408692  0.570527158395
0.34742729332  0.454917424796
0.508658468244  0.446100466642
0.511074259922  0.538626110306
0.498232702123  0.632799845339
0.285031797946  0.286491990871
0.580051080446  0.508562877412
0.399375682717  0.700936296116
0.514722460507  0.688575050518
0.273466066553  0.321140612247
0.637033107045  0.444540232473
0.551255436131  0.54974021718
0.373801561461  0.48949900823
0.54375165544  0.537626814511
0.326561888571  0.478990248711
0.685212594309  0.414141071013
0.475401050772  0.552335759269
0.503301459803  0.418327215007
0.59314167792  0.339760407835
0.44844967543  0.448655605113
0.528227105579  0.581680681987
0.411549433073  0.37806419512
0.579772896639  0.282426019604
0.308772855102  0.427204641018
0.59797028052  0.575995278777
0.564130796234  0.535888468994
0.351420573164  0.613327971671
0.572300393053  0.370804804555
0.539335545538  0.483053248955
0.388002443313  0.354098836796
0.426062761835  0.516271317924
0.511673621216  0.49139735269
0.572152457498  0.385243055034
0.511019237141  0.595004029413
0.566100527221  0.694881395062
0.499501979961  0.488596973053
0.478842736026  0.475958697944
0.629983615785  0.547564334452
0.566353063927  0.681515199401
0.53409312612  0.38664488398
0.531920340675  0.432991608876
0.546346702614  0.63677282997
0.517435807781  0.626682867278
0.390835139499  0.373511238674
0.331701923009  0.407292564226
0.415089805819  0.313571414015
0.54574616754  0.552494524599
0.430413616699  0.423113712205
0.454431402003  0.499342480995
0.467935536107  0.604908885224
0.40265842097  0.444799678138
0.582431939282  0.352254229772
0.515728907111  0.538362719213
0.477926821349  0.605234227999
0.244685576755  0.466458043329
0.489414774749  0.258910560958
0.502805010072  0.436554735871
0.635822320535  0.350071090966
0.548288023687  0.514697195511
0.392160266763  0.381905743074
0.532970480854  0.553062082437
0.366937967302  0.64818030127
0.288488444125  0.47610345462
0.365245217498  0.463408025318
0.522704970119  0.537245355905
0.484398704447  0.498647335208
0.605940661617  0.439676638748
0.431797381733  0.418150691406
0.651260824984  0.472339596117
0.550137237539  0.566247608628
0.505523876073  0.402390439025
0.551967008556  0.28188975534
0.544217081553  0.504785352598
0.331482058174  0.494496373973
0.51719775192  0.356044285757
0.492848661925  0.568493112578
0.42052646567  0.349696395599
0.480926782597  0.383487796768
0.484189373724  0.596115760426
0.340097464804  0.623652543138
0.543897633036  0.312150609181
0.40781915665  0.413572311767
0.414341997533  0.509502691011
0.636482096532  0.547614435824
0.296577945479  0.373648754546
0.41792206061  0.464021608784
0.558062981675  0.400283543743
0.418139381474  0.601071549346
0.488039952164  0.468653367175
0.442355064369  0.483965804387
0.363680919615  0.554785059154
0.481967865894  0.43359180639
0.626523463079  0.341075919525
0.373919088018  0.43619544502
0.414834973153  0.520598522267
0.541035597573  0.385428432594
0.360417766764  0.507180808398
0.4471063477  0.373453781694
0.632987413837  0.653849139072
0.4951538609  0.609523998626
0.677931283365  0.518560385487
0.238704533095  0.507408639713
0.509838071555  0.549806100929
0.515734364699  0.509022096994
0.46640875678  0.437346350132
0.729589668088  0.577017829495
0.499468783783  0.521918138502
0.468051112797  0.444475244392
0.50971790636  0.424189006792
0.606547361668  0.315478443258
0.627306950204  0.21533397448
0.384755091062  0.509872143427
0.436327784241  0.344641704333
0.520268417239  0.328464407669
0.437878582059  0.420456802036
0.518296630328  0.627287184826
0.368169437109  0.411847425504
0.430344740831  0.5430289456
0.379802615551  0.483135028001
0.331385303315  0.407987607576
0.348990815401  0.466019471924
0.491888003669  0.275167146406
0.647422875447  0.536933264953
0.331413182346  0.427169844068
0.564051944481  0.317767226903
0.469042926706  0.584609431091
0.613516043927  0.522605130833
0.462859662867  0.361988510702
0.484759655182  0.566582036295
0.445275595355  0.249727067874
0.495407294925  0.53928085046
0.457211164324  0.526649312549
0.689046644154  0.632909689558
0.46961144091  0.478105943911
0.423800160199  0.370948040621
0.466872211192  0.521525916126
0.449499407516  0.514322680453
0.362883421314  0.554717116606
0.461091775838  0.53293066726
0.575274128682  0.482566320698
0.324039798581  0.471591898474
0.448990470135  0.548430898057
0.382688163571  0.432412857511
0.414812993989  0.38177008844
0.253085433455  0.545624019423
0.410171762257  0.400825326375
0.34301079001  0.385497094608
0.486074479371  0.472156344075
0.525177234721  0.413188692971
0.478040092315  0.538410907759
0.607325939605  0.506494023085
0.547662775073  0.674922261298
0.37646779528  0.608177022375
0.285132720734  0.542949578572
0.321585998349  0.444394238337
0.45622292717  0.426397406633
0.597472625291  0.634216324715
0.598308617248  0.584180044454
0.348820733861  0.556131439946
0.535562760723  0.374288432098
0.525747177567  0.45576158139
0.515870406249  0.38922697462
0.534949735556  0.459645877132
0.481527550809  0.410966525228
0.572223440592  0.899267913471
0.537392943411  0.72906291915
0.655847134153  0.615129741993
0.592088421612  0.29221795545
0.544225887898  0.538247824142
0.442277740487  0.598699632883
0.49657360182  0.638478947853
0.400498490472  0.590431931025
0.463174397153  0.472546906495
0.496667482761  0.464972950754
0.471585757632  0.470866089497
0.477461078676  0.404780040499
0.446914821709  0.251874354406
0.522513412561  0.703221849215
0.452364963589  0.469309084376
0.410129310166  0.387644594086
0.423215091335  0.485409806454
0.515940994103  0.43730664555
0.380032423119  0.478545931766
0.467965299623  0.295689003193
0.548605619664  0.467048266374
0.341271404498  0.570973855047
0.52902684907  0.479928967977
0.644585481399  0.436892521244
0.58803009363  0.466779561184
0.693050541584  0.479418135723
0.383846037053  0.33970593753
0.56088591386  0.5342755837
0.434667749815  0.503057008943
