0.67499542781  0.446864064381
0.438746760971  0.623563978925
0.723766599184  0.549122749424
0.51818034724  0.410323984947
0.599580512334  0.444760669657
0.543828856316  0.547882470136
0.522557168348  0.50039775665
0.541613840524  0.451950879645
0.520214833026  0.411031346946
0.609477311219  0.533244825598
0.51829075774  0.649983511758
0.475690408079  0.495814770199
0.366068822404  0.615693125475
0.455672807318  0.477225775912
0.567912679451  0.361336776362
0.609989360969  0.644684248736
0.534570618965  0.403120178503
0.473367096485  0.669637790261
0.630662613067  0.582003613137
0.424125315481  0.581599916683
0.451122169209  0.494026271993
0.537417757447  0.45045925571
0.407390762587  0.438321313423
0.416253388598  0.547110412637
0.585352831355  0.488991551923
0.459800631075  0.629259564657
0.520340396732  0.574871945877
0.556164619567  0.57301944218
0.502409431327  0.411093062403
0.682688978823  0.558949535223
0.284144225053  0.489318248472
0.337463400714  0.431432600821
0.5289641259  0.450089047876
0.438603141254  0.611809787174
0.421354458828  0.506829240531
0.358169701756  0.476783989652
0.565225651039  0.514352242312
0.648737433073  0.529204582002
0.471300003741  0.454597996025
0.595888808728  0.620506245554
0.572103417015  0.341034007475
0.268941745262  0.586801891384
0.482256683109  0.576419590582
0.644125043534  0.436305859636
0.529671114582  0.562421714571
0.318728831557  0.494991374794
0.617205015595  0.250556795889
0.508491800064  0.559797549066
0.487291987103  0.467441673451
0.582302939107  0.507301722264
0.446603719274  0.3055866957
0.380272909067  0.524908670363
0.453753743229  0.581204004171
0.529286654563  0.509101780544
0.448282039339  0.409126739355
0.49841086169  0.35777588043
0.536694939116  0.580218594339
0.460595062479  0.242320394914
0.468413773506  0.380467160942
0.374960103064  0.412303863324
0.527169156992  0.548852396992
0.610993173858  0.352455279857
0.450736020104  0.5708919742
0.618192159119  0.64963344348
0.46596957  0.6211603129
0.393677205448  0.354747117825
0.751513369315  0.428188871848
0.422613908853  0.441278868341
0.410576395799  0.540675058483
0.521912623612  0.511783727625
0.462676572714  0.353813808567
0.342430788384  0.504984870669
0.447550231767  0.507945499312
0.587184772229  0.466939179347
0.361132754891  0.455581396471
0.464144494413  0.630173728929
0.574326630192  0.532539484453
0.487832033329  0.545655406867
0.562376537021  0.662815965735
0.608407046116  0.690627524555
0.520633085899  0.619296053259
0.443572103176  0.304926634585
0.54446278665  0.630602697323
0.524020195865  0.548420511997
0.532802176283  0.535740122417
0.687239294041  0.335444425087
0.536137855743  0.466416338384
0.328119345217  0.59889633745
0.39934765589  0.599365744763
0.42546221858  0.422904109354
0.445784712161  0.586350415376
0.631765943242  0.669389749689
0.589775806148  0.616163680365
0.548018666197  0.414419986671
0.428561289716  0.602176518736
0.502274996216  0.482153093659
0.578052887587  0.603136614418
0.433405054447  0.367377394242
0.323972983804  0.538767675858
0.506917620163  0.759789702556
0.787435775021  0.525516463229
0.361330817818  0.651958845813
0.377161038057  0.295440839839
0.451195770948  0.531339244554
0.472466524376  0.421902133516
0.458891715534  0.487773696075
0.514026192275  0.349045788196
0.478097700746  0.364009112079
0.556760776248  0.57135826196
0.568380726298  0.647386350567
0.484341002857  0.579878250518
0.455934861294  0.578131033506
0.522630175219  0.367286799988
0.43751669072  0.517797434332
0.409627686127  0.45604077133
0.44544923284  0.563142368537
0.495356963783  0.53514034489
0.328825278061  0.393544856083
0.569738122115  0.393319832594
0.506477903182  0.490244291058
0.489434564581  0.521559722357
0.638354663913  0.340701697645
0.582981576009  0.278253297607
0.509936285909  0.592779872688
0.537806100839  0.41685327387
0.608037624995  0.438968337963
0.48560256216  0.696558808897
0.545274348424  0.413259705966
0.348981169291  0.534461870474
0.729819547789  0.548159528412
0.590415435306  0.513080721557
0.47079241613  0.544815304171
0.502242671361  0.4592465312
0.497045734555  0.699900688499
0.474891285954  0.466360832928
0.46145541652  0.379265150917
0.442407990608  0.441817967601
0.619805200732  0.553069211974
0.46139525363  0.622024824098
0.561999902607  0.661808892302
0.65609569695  0.425796697988
0.504740709713  0.291592285739
0.436327000953  0.350480836652
0.593313555572  0.566659618705
0.578726743532  0.416747828871
0.55124808907  0.388904132736
0.354073096071  0.546077501056
0.386173410471  0.50971221229
0.60629976492  0.74648073627
0.536276946712  0.409298607867
0.545514699092  0.330702564018
0.459087012866  0.351838675508
0.580731889223  0.481662226677
0.475499757636  0.489882879074
0.426155193427  0.521369168149
0.555176229391  0.457541561539
0.449191425675  0.541967287259
0.568743308235  0.630329796761
0.529948858113  0.464639312104
0.611960252728  0.523843845013
0.477474856502  0.667761986473
0.638195037554  0.520416368756
0.446357437384  0.581356836706
0.528051257176  0.434234391674
0.631785424726  0.44359273516
0.558841431077  0.418254155537
0.442988048593  0.455234645294
0.474530463399  0.248150817864
0.565281638472  0.616108950839
0.501454931815  0.531476919641
0.636364908478  0.622834945265
0.481378852247  0.511508824532
0.644997052456  0.661688320777
0.386617911604  0.344870656691
0.447819258479  0.48135814784
0.401584298619  0.618538159078
0.480081843705  0.619800864197
0.54270576884  0.573100684469
0.5427425236  0.600505908535
0.518415968118  0.45586264636
0.655056071217  0.819493282769
0.626645425098  0.598296097467
0.479620243301  0.452809548457
0.412969442318  0.510196910484
0.513410523537  0.654363124964
0.420837326088  0.547587543754
0.474622017024  0.436832793756
0.394464060359  0.507140423591
0.475491740034  0.561228253288
0.378144416292  0.590352426562
0.551280186125  0.526394773739
0.58942793132  0.428190954527
0.441568016936  0.49710693856
0.558038644012  0.524883528272
0.340065252366  0.355139894367
0.619137061999  0.533062573995
0.509712970187  0.524392720042
0.366394082648  0.443205260927
0.558766691796  0.64005365763
0.590341813437  0.615471705407
0.435366679502  0.487785498548
0.671258575204  0.561893683717
0.472397487441  0.500530614632
0.294140642318  0.598533339505
0.419318624507  0.459976737579
0.408928210836  0.721240164844
0.447596810501  0.594375172154
0.535318209619  0.376529228734
0.562944051565  0.516372597304
0.555143427585  0.454984706705
0.638355000733  0.356185271941
0.719329267682  0.615726042375
0.459160295601  0.559816993483
0.483490325314  0.488353625576
0.455164712447  0.452762685045
0.423212436147  0.496618193424
0.294345053867  0.477534930847
0.577886020259  0.425503518618
0.546063094034  0.496789688631
0.587347232768  0.633118017644
0.458878659824  0.348225779428
0.488710064316  0.709610928169
0.47380482051  0.417331404955
0.41918464329  0.540774019472
0.519703383801  0.467262977909
0.54809467045  0.528983649252
0.406075722989  0.472137208541
0.403172433467  0.502442504518
0.494527537909  0.664887950449
0.313137422216  0.418233448221
0.568067759882  0.637162747074
0.37759248219  0.363265226474
0.61377832537  0.331216423877
0.458539458112  0.491466281939
0.427900126971  0.503766032466
0.510009442945  0.476325862442
0.447921731931  0.606105344567
0.726121286919  0.434573410332
0.547162066797  0.54054516678
0.573957214211  0.46256038346
0.590922728954  0.526400535665
0.691652393522  0.550564264408
0.688584223039  0.62391321784
0.530628570592  0.640840245833
0.464313797119  0.591906745213
0.370691226886  0.335187237362
0.26632533859  0.532079178013
0.435095656452  0.505814398021
0.63044179259  0.573426925614
0.592769549374  0.64783550161
0.402939160533  0.387683088328
0.666697281814  0.571055669174
0.355318130469  0.431574386143
0.564936812992  0.539453113276
0.658622457339  0.42788658229
0.44057004786  0.496542109384
0.476877465892  0.423592021312
0.37789743122  0.516168064027
0.591921200232  0.406692657768
0.618406099817  0.452206475266
0.678533557783  0.648482760186
0.44820839867  0.615467084727
0.689365460912  0.440724831516
0.437212862666  0.452806940889
0.517656483648  0.46522484958
0.597485497608  0.623197875968
0.554700997245  0.5219413877
0.559237534121  0.465736735596
0.425981576843  0.488189387823
0.496472243857  0.494416326278
0.447498193457  0.661462185677
0.559798176737  0.593214144985
0.57049250894  0.63958767887
0.502529498244  0.43076230784
0.552254957337  0.50931157485
0.62435701534  0.457662681861
0.56556476009  0.535897537837
0.756442549824  0.419508329454
0.41749118112  0.583721802052
0.473240534276  0.645630855533
0.434850202636  0.631204915033
0.404145671135  0.603909872337
0.678891070202  0.472378204447
0.418553280654  0.523506372064
0.543849969583  0.532333544401
0.5516876534  0.393019370311
0.587813699816  0.485911198988
0.364364194282  0.51766730544
0.542451241987  0.53263979821
0.585183309207  0.564174182597
0.507683135662  0.630049739048
0.406811639759  0.451072707278
0.412653707906  0.565723765964
0.468260101596  0.46550609021
0.473092201764  0.582872647752
0.571852424046  0.405687125067
0.595185700037  0.528560366962
0.440202586892  0.488287826234
0.469794289876  0.586590261958
0.648005730112  0.575966242897
0.326360647279  0.344786693385
0.414501574789  0.635777478573
0.400367122589  0.64593791229
0.426896898357  0.450837435052
0.628015069859  0.597879889625
0.506483391468  0.362628519003
0.638559174532  0.513155265976
0.317610169093  0.469122565242
0.602988983511  0.708804824631
0.498659167402  0.479851940091
0.57703137884  0.632567734803
0.401988839275  0.656672399563
0.379656406516  0.643356783146
0.485424552178  0.429000492153
0.46662485796  0.434930749006
0.423272606111  0.726947861168
0.327490734839  0.487088901076
0.58138434271  0.474020913143
0.52228814774  0.53612951026
0.744210857557  0.457114858097
0.536681249965  0.507538195149
0.452622449749  0.543352778051
0.373914647824  0.384185729317
0.592011203759  0.67424268358
0.539906782465  0.508765911433
0.418255907934  0.502433628081
0.409208493792  0.493892260215
0.59759155683  0.588753705747
0.60826517181  0.602956553495
0.375848423305  0.540865860755
0.388375187581  0.380892463422
0.480574419558  0.550629245955
0.4264527868  0.584599266937
0.580870108084  0.504308879804
0.482106187887  0.460565362076
0.356092367647  0.539613764843
0.398035307969  0.696216224836
0.484475058207  0.519614434376
0.470299340783  0.400663103094
0.618240597849  0.568709834032
0.413690120577  0.604104770308
0.497014388415  0.363758697302
0.417910235442  0.548613876924
0.612983189889  0.412670378873
0.519475946805  0.546463894799
0.624968251964  0.409126690236
0.404878998596  0.467724567073
0.58781529033  0.56445949237
0.393405907391  0.424032045471
0.457693494514  0.386097049443
0.462420185151  0.561200276672
0.594187333828  0.473135945658
0.546371399374  0.526342190828
0.535859679467  0.36416318144
0.320348440505  0.345557554156
0.42012059754  0.38352536433
0.591868738076  0.640874159103
0.553282102148  0.457293314367
0.4860771552  0.548181222638
0.508029566252  0.529780852078
0.434514531493  0.493175597287
0.732062391197  0.745934273674
0.649855306501  0.499648116425
0.475326669417  0.537812619808
0.536493960965  0.37395676335
0.531732318998  0.378951934684
0.439867698332  0.530264247541
0.621816104141  0.402434146193
0.44454087662  0.649976644154
0.503961991365  0.414899215608
0.464052953796  0.408764139398
0.459514348528  0.546925024257
0.516548907781  0.296069362073
0.555763933386  0.383506931361
0.669547560886  0.483813239633
0.348244968665  0.534605884834
0.541028786343  0.43541484972
0.45412164452  0.480907876584
0.420491616564  0.531174879574
0.536454747092  0.577804686424
0.598933126638  0.46678824565
0.525929524331  0.618540488677
0.306662355043  0.503180799283
0.519839386121  0.347271388821
0.481074130344  0.547737861166
0.505749712844  0.447209032813
0.46937858559  0.398665956501
0.474219793061  0.564791384507
0.425530802241  0.435608571603
0.488947964417  0.289442805145
0.551416541594  0.401173167989
0.554912307607  0.372080834051
0.488088805289  0.437963440505
0.536336435275  0.470576287641
0.538099971517  0.530115640104
0.578351513263  0.555026989852
0.496953739065  0.451274288606
0.48069653634  0.411420594453
0.453458980576  0.559598597101
0.588057607079  0.495080570246
0.515846519647  0.334562089009
0.330045132593  0.433418646249
0.35518933501  0.5214773623
0.633196337882  0.545545477375
0.366438242045  0.521498180842
0.647264412862  0.480132818348
0.471458528067  0.523062910865
0.248830775093  0.659857771886
0.226776581102  0.443006537415
0.565984651694  0.537658706799
0.373481041901  0.445897463572
0.565499568574  0.62404964466
0.435678981792  0.467664018553
0.560700444257  0.50065394574
0.451680721099  0.442222423084
0.580902990472  0.581167595862
0.287850564304  0.537070665499
0.516274413708  0.619846144339
0.450906830275  0.405409642731
0.57161110352  0.667095322399
0.430809238155  0.496932335416
0.606534157048  0.509182224218
0.674277553912  0.418798603759
0.464700018731  0.589782540179
0.569576178248  0.426990701497
0.432223167559  0.288528339026
0.425985294566  0.67771893374
0.549121664819  0.733673042171
0.679441276696  0.228836742119
0.476596487879  0.412351075374
0.562119265431  0.373655143948
0.542402532854  0.613516818908
0.663381350609  0.371027339981
0.541630451128  0.379249667797
0.272549422959  0.498323213669
0.39619701411  0.529883427397
0.565735456548  0.448253055768
0.39168473882  0.583958169309
0.484849391199  0.428661583904
0.465890734921  0.371679383221
0.455307706999  0.720562407932
0.460748372693  0.510937866288
0.422057597192  0.508799587037
0.592775692227  0.418432014718
0.73204815914  0.303307892792
0.281457197516  0.539104684715
0.712590173891  0.433385537634
0.436779261746  0.641111280454
0.522448853947  0.580619258133
0.418019177997  0.58703509217
0.64995125606  0.487872626541
0.539981806562  0.690322697117
0.497609870902  0.460204701151
0.452843685454  0.532857724737
0.515453131613  0.498894349262
0.385840583497  0.532492580719
0.4880725074  0.671204477909
0.395780835617  0.539791815828
0.603420075894  0.378333520694
0.501091876199  0.637746869764
0.46424039175  0.50534507614
0.56924487105  0.268561019132
0.485025833513  0.515292671804
0.49414824022  0.592154139006
0.520373367716  0.443337884028
0.477617941182  0.499218609029
0.402994607701  0.483733793341
0.465045935243  0.445132908918
0.528579471558  0.564795052681
0.227321804495  0.514472299708
0.511766121023  0.347035468243
0.309843069383  0.595685593338
0.590863808721  0.605455110593
0.251845306037  0.382787010934
0.596979691354  0.516004774055
0.539249514627  0.461047117283
0.513244899528  0.394332720125
0.500288881701  0.337795723359
0.613942114819  0.497598871813
0.503261589772  0.533058829332
0.575453460101  0.472681687863
0.638853446192  0.396307476497
0.456202579482  0.593021702291
0.579304205445  0.344961468945
0.373940135618  0.56661416387
0.461771947256  0.439559620748
0.531127446003  0.442190274956
0.435403402822  0.541914991334
0.51195714177  0.558452482226
0.52013784337  0.442512407561
0.462536124012  0.615554784328
0.494311922839  0.451806812034
0.609474815195  0.447123216336
0.430402045409  0.454617870092
0.25363049079  0.389504791719
0.587783801364  0.482497249086
0.405857771674  0.475364627311
0.461812048927  0.471705977674
0.283966072547  0.501019238205
0.511231791199  0.614275011584
0.451360873261  0.572330561284
0.398945984669  0.51724917462
0.614097591213  0.576397077592
0.467703716954  0.556316303484
0.524140956535  0.355681805392
0.602048314185  0.468267221631
0.480684098954  0.409778261635
0.415764415332  0.396566836141
0.435164298185  0.487307190735
0.464185816986  0.445985280638
0.699882365087  0.514557324338
0.397725843309  0.436461005682
0.624401822671  0.524917759622
0.561755882751  0.301358307665
0.362725537126  0.456026150181
0.479850070544  0.449373672033
0.526199854  0.436095640354
0.485975243982  0.296826019268
0.47634518505  0.349048122484
0.505455352784  0.487048966435
0.639265009442  0.676978561314
0.52358334083  0.664862671153
0.685860383129  0.511092689257
0.345929140113  0.557379159555
0.500212121072  0.503962674913
0.482016272712  0.501335491166
0.539492972719  0.561400362726
0.399734061421  0.659754552349
0.550079565005  0.650397700416
0.346728780045  0.453610615325
0.429981316545  0.468635324044
0.667805925604  0.415822889227
0.415026289565  0.552019812036
0.435404740407  0.394662410441
0.455337133349  0.495064824663
0.517172749644  0.442217569476
0.445277980182  0.636836001745
0.514850394071  0.572233643673
0.483827625467  0.417317370783
0.587776599556  0.665138988617
0.606045875519  0.579108347964
0.453487338453  0.480937870866
0.413831516314  0.478207680769
0.495462829966  0.513624804661
0.645400960285  0.27430988099
0.604593851188  0.536597748533
0.566642086859  0.674840341845
0.64624138639  0.56980180535
0.480893152663  0.646060548682
0.510557599063  0.504317845053
0.556331441906  0.554598384732
0.690941177779  0.495386267564
0.437821696448  0.568510127039
0.522782978241  0.418380333086
0.687653562156  0.487444514487
0.31768494822  0.506541227948
0.509016055605  0.425326774484
0.625809823532  0.495831708298
0.401227769951  0.5956484525
0.554759662743  0.533037179738
0.473959468794  0.422909259906
0.531166722466  0.46867851242
0.537105422687  0.380423726621
0.494910615626  0.498395446388
0.522159277917  0.517686008998
0.628041912489  0.459419151167
0.608277805842  0.460665529358
0.560291006954  0.495786911017
0.53834874666  0.464842210302
0.554950937863  0.362190899813
0.387288295711  0.52829702894
0.324727373954  0.497866066458
0.422857438614  0.468433931192
0.505079335464  0.475301763682
0.446055623116  0.388808330389
0.402424952078  0.40086659188
0.395041398427  0.585971154462
0.382283844973  0.579810347182
0.576768823984  0.467978850215
0.738632130261  0.479524279561
0.553821280415  0.524813066602
0.522264210699  0.479702246557
0.464775610115  0.427755624468
0.695323537142  0.599772518868
0.354558824578  0.539818933584
0.478344897088  0.35312398319
0.460585265585  0.45717988172
0.672784766517  0.54413440343
0.526139274489  0.492188560947
0.539260219135  0.525513496478
0.34482953284  0.562037937389
0.446955712412  0.485098213534
0.537632354315  0.46014453425
0.56977127007  0.457243253771
0.706853848653  0.376843460084
0.595031667799  0.426786896026
0.452573109941  0.367368888983
0.420108677604  0.588322038978
0.499032401758  0.662141688419
0.565014838967  0.444017239106
0.620185638569  0.465073958707
0.472359290745  0.516918330445
0.603529743111  0.366423324766
0.491975671032  0.522583161816
0.415062388183  0.520504916581
0.611747258859  0.370970445585
0.557984188444  0.583941835883
0.537055076988  0.684550112997
0.361355077876  0.473646983587
0.584973983959  0.500431024213
0.504672244011  0.503748213536
0.354353476306  0.377319839426
0.463831975539  0.489429338856
0.562903134892  0.468128410183
0.399008494526  0.335449685951
0.599148463159  0.626032505343
0.625865271051  0.480172953036
0.60798416302  0.383966676575
0.540771001641  0.611974207948
0.565871844119  0.525686047046
0.408876577866  0.611878880499
0.670664933457  0.470806716775
0.367042634206  0.392526983076
0.41490404798  0.606672155084
0.627726354988  0.563661669895
0.54537501639  0.625348405194
0.438403358171  0.557028292431
0.616752612143  0.56778289605
0.334263093786  0.492002532618
0.546918896795  0.524826134841
0.529669078369  0.416745094809
0.558180303006  0.403272218366
0.457116841022  0.557167024073
0.38222557784  0.488319643604
0.572027990149  0.462479024386
0.532791308701  0.441990219597
0.608495941553  0.59366738336
0.499465474867  0.493577034435
0.344536698757  0.597231466787
0.497205809159  0.615280002613
0.419062262851  0.458511370173
0.476203552623  0.547451200694
0.554302914772  0.552203909902
0.410314493459  0.476916951093
0.639676670093  0.560300811219
0.583650539811  0.512867822839
0.731455036253  0.525559305244
0.493434013393  0.475160204026
0.35802861729  0.669219304154
0.600180745778  0.467964670446
0.660322653879  0.65876386466
0.480330912337  0.50638040481
0.56022374122  0.567727988205
0.584461915099  0.625357521292
0.372439688897  0.574080519033
0.570720928665  0.454224409787
0.518043717591  0.608450283417
0.33214699174  0.505336362259
0.50047244078  0.563402852145
0.485984407416  0.433836418976
0.559938164435  0.376316977547
0.492576848603  0.570779983032
0.783548926061  0.452150025498
0.369125406722  0.520062307571
0.644111228672  0.5728241914
0.53891272087  0.319591935711
0.483002798097  0.523060661258
0.496769583633  0.384063020836
0.47732933  0.559089466476
0.511321702076  0.542911380376
0.591851200386  0.522751491446
0.55768977298  0.461270925439
0.467011127838  0.638451328962
0.566155195997  0.40196901382
0.443991176115  0.496993081023
0.542307267872  0.571152340117
0.556822946723  0.459787646234
0.565309826617  0.384595145451
0.552412282626  0.567920893809
0.38472831339  0.596991240665
0.397196987736  0.654502229414
0.464733381287  0.624935386106
0.500788525683  0.439523149796
0.565974652501  0.619114712985
0.375824362284  0.444743672126
0.40843152968  0.559613152257
0.583905610645  0.575719667777
0.390620787816  0.489600430692
0.383126141782  0.422109033449
0.528311839201  0.552567158385
0.549699164174  0.379502528658
0.474465774504  0.428378914177
0.447170589552  0.618769474493
0.450711332229  0.611886923373
0.603170483673  0.503902035511
0.564663953801  0.486891813083
0.450710829458  0.584426202521
0.413064999184  0.511211514719
0.436035812191  0.322679330125
0.504632422506  0.529741968732
0.415400456433  0.689012759758
0.508036432555  0.454384178034
0.58442265655  0.77855775803
0.557565361045  0.49124422285
0.42649394621  0.543985092158
0.581224167609  0.404369903826
0.531559245255  0.433774862827
0.622530478165  0.485082836987
0.383076787607  0.475954186963
0.471496928682  0.427960604827
0.564478125325  0.512058094126
0.432130149183  0.266273234009
0.482672926586  0.584384511314
0.350950923022  0.30858902662
0.486574088034  0.595660330389
0.471482146313  0.554606007137
0.346329411875  0.495426935095
0.565860439159  0.493483090888
0.450152045448  0.575770280197
0.384879798933  0.635094657407
0.55914549749  0.449732129831
0.424373916633  0.492315789181
0.769037283839  0.398527167932
0.416903716781  0.322722315054
0.525782659848  0.502789862054
0.54379419175  0.529490652351
0.44012634215  0.443310662838
0.471974444009  0.191260069392
0.373632025333  0.686857962307
0.638786557174  0.449048508826
0.482811801403  0.362211389065
0.519004523446  0.539821454899
0.391045377521  0.518301261658
0.291365674126  0.474220485821
0.467234545119  0.529363473122
0.558704837101  0.527168320703
0.525872408089  0.707202027667
0.495065118816  0.473613646305
0.714307296429  0.610976750125
0.483472295644  0.50608095047
0.644478300494  0.499104494066
0.708852855661  0.551036841773
0.581399850763  0.513558278378
0.486678635394  0.404369641776
0.514243407059  0.418303863053
0.637257640488  0.458989487145
0.569479597326  0.483528215887
0.405592422167  0.612292635421
0.569261097823  0.473366982403
0.597092474809  0.5004503015
0.588812430294  0.199706986622
0.440204600484  0.559393881469
0.533436596405  0.395105252049
0.448276996138  0.362661479276
0.301198852093  0.412105369819
0.395932403192  0.525870746125
0.57474977748  0.355893046362
0.503051237604  0.4264632398
0.433345101004  0.487921231179
0.473457012088  0.532378297005
0.529775283387  0.467235604561
0.381415119324  0.469985150959
0.619760632206  0.598855279307
0.517675486593  0.681232005058
0.449076797571  0.479388184363
0.483860710641  0.601662594135
0.374094873576  0.318766925687
0.494544816364  0.617133295284
0.440422924801  0.462965136424
0.428623851662  0.40225588598
0.615451007685  0.438844066103
0.555498550099  0.547701062285
0.514859448445  0.523799707598
0.592074215343  0.428912041484
0.57481236228  0.587840288713
0.536920058196  0.521024767943
0.6435324135  0.463455711651
0.611265072551  0.512575163441
0.442095953764  0.49415292552
0.497114746569  0.411111948687
0.5487686822  0.539045039348
0.480326445394  0.423981628105
0.389238622714  0.574448121745
0.367662133591  0.541687716091
0.348392680508  0.409567689004
0.714383693465  0.584851516343
0.472729256076  0.469972507592
0.452853299539  0.553592879122
0.537678129453  0.562797629235
0.529307698482  0.428854668508
0.453268173122  0.604738388793
0.494665477941  0.297941649814
0.549629470139  0.334751423099
0.489191500766  0.356105913911
0.502641309656  0.469926396999
0.422439911998  0.456891592511
0.524354955103  0.564671436224
0.452903885765  0.386593567251
0.330593683698  0.405283395978
0.450799991659  0.34571550691
0.469504231445  0.527425449137
0.530118540913  0.305242361964
0.366034741978  0.541677468788
0.528494795375  0.405594550613
0.608119719639  0.490560466887
0.577733505095  0.603620436437
0.42967465373  0.551526104064
0.40726665886  0.731129805121
0.433672034557  0.638979740934
0.540301583246  0.583225383943
0.698996929446  0.428674375323
0.581359934268  0.426499356346
0.3914570682  0.521641402097
0.634522888677  0.492146675543
0.521192426952  0.558084036689
0.485581125948  0.57657838145
0.687859934805  0.435416852103
0.348168892331  0.321217132976
0.457632670633  0.434717975409
0.283142014542  0.371389011631
0.478482869446  0.630819432213
0.589743685448  0.400871824646
0.47974382996  0.510406319736
0.27749516902  0.583429509417
0.310593527968  0.511080202859
0.43688912692  0.518503026007
0.540633380267  0.405368581095
0.651836418499  0.402728417237
0.395690799318  0.473567921544
0.481145994025  0.418057224779
0.466235146652  0.524866819164
0.589848711229  0.427043603777
0.433620622882  0.610645441187
0.414741644182  0.507465278656
0.63881631117  0.523747270601
0.306330018152  0.424830229603
0.472038228729  0.486081531496
0.458723035222  0.513432907628
0.576925105705  0.487850524838
0.361154324965  0.389953486283
0.762315775602  0.552888327765
0.407203229259  0.572672174381
0.488275835339  0.466772714207
0.497838476163  0.259186479807
0.318104863352  0.528450532305
0.572340017372  0.426273159123
0.605495042822  0.391238290286
0.426497563933  0.370259261705
0.401601920639  0.53347094952
0.396116010646  0.60631133573
0.716883378517  0.530538439939
0.50528147426  0.422583265667
0.363525457002  0.368406218361
0.521740600676  0.530836560476
0.544139066847  0.530155068781
0.470253093148  0.531590106656
0.349342441095  0.682449908001
0.50803396075  0.528080258745
0.496396422699  0.344317566368
0.523987363344  0.697218513642
0.409172718784  0.56451238748
0.448031983647  0.517823747922
0.377307474706  0.414175554123
0.412751353019  0.522901569147
0.624206166375  0.663831379483
0.497800908117  0.603525678103
0.541434795788  0.438593174176
0.633104983055  0.554418221273
0.483193620847  0.765227012119
0.533745366863  0.614102569021
0.437240459416  0.4220921542
0.540446130667  0.651750169238
0.475265232078  0.36045182482
0.530515128298  0.38300314965
0.624582865263  0.401651650885
0.490364817669  0.532169044339
0.582074155383  0.497639549871
0.650256403994  0.516481237355
0.580947268756  0.594209219245
0.553264270737  0.501885270671
0.443040631858  0.499957191756
0.551732182889  0.490887506827
0.399575710493  0.534102911499
0.409366077213  0.672097459909
0.303119131407  0.540116916262
0.611547473474  0.401875539973
0.481132977913  0.510817040532
0.73411090584  0.440745925434
0.446318574734  0.440102336021
0.521257237432  0.464584362352
0.518615248295  0.608687418262
0.486593276013  0.577162855236
0.438032148975  0.624025608435
0.473265033782  0.611979630687
0.466686572663  0.356666376668
0.421684829179  0.418497615812
0.466957127963  0.345561214102
0.477971506179  0.494564904112
0.487477454433  0.392417313568
0.549325502083  0.435800778766
0.73971520207  0.432903916668
0.576229193222  0.59187108729
0.488129438617  0.392904578883
0.442642070667  0.453662870719
0.318728401549  0.560655026696
0.392435075972  0.474768809705
0.483888351202  0.51403405448
0.562654010402  0.413141779525
0.611462960242  0.554504952794
0.388973213159  0.653420849891
0.527911523741  0.50765212627
0.502501145986  0.542794453696
0.596815132349  0.492090676135
0.419576198467  0.306269147487
0.467383915276  0.649822294123
0.599733007287  0.458419584802
0.521718410911  0.465278978275
0.41511343271  0.442486443803
0.431917605811  0.499900731169
0.595261346455  0.603700607572
0.300027167046  0.56008742741
0.354722739229  0.389155375409
0.519956472184  0.469042474306
0.550215429829  0.438742097553
0.421042449094  0.603362022405
0.532417792635  0.508810091263
0.481000540757  0.562102762333
0.46721485578  0.518190746853
0.525110726468  0.506680836507
0.536935153829  0.551510415218
0.498506106261  0.557866734048
0.392281847402  0.562714273909
0.470245566207  0.490050686566
0.463290741813  0.447509884622
0.300918772837  0.566884976062
0.47740276042  0.544095087826
0.694376194602  0.403285085562
0.61769825356  0.578124742597
0.512459001408  0.458731870463
0.47221193476  0.462812640751
0.473122932523  0.481434874653
0.569953736492  0.501332171556
0.349292292179  0.462369913643
0.574765271931  0.657711500398
0.477552978514  0.5193699449
0.653900225276  0.510439199154
0.4878409869  0.471518652997
0.392723569682  0.562598634519
0.659197210747  0.357310044775
0.340043246685  0.428847598165
0.704695037318  0.72642074215
0.53150711164  0.510154418575
0.470233815561  0.490047812747
0.506938828906  0.426333116672
0.469734999946  0.588394648561
0.457564192377  0.439724946566
0.726595371202  0.555970832929
0.337246588851  0.55971857433
0.477106733191  0.485469213083
0.569321893922  0.391212984852
0.363276847556  0.569864593553
0.461946954687  0.529032687281
0.537066672269  0.421032721812
0.506081013264  0.455117177798
0.37124621516  0.514156842039
0.400384486053  0.431573606042
0.469622171526  0.58812339186
0.584807132441  0.568291996307
0.404621793792  0.758399814679
0.68120883208  0.560482742088
0.564393628274  0.570404928508
0.585316996297  0.524195859674
0.41551663763  0.502859901394
0.631728085226  0.569810923427
0.51105419157  0.467542616987
0.533097741681  0.411466770001
0.751164149554  0.39759119044
0.441024695033  0.379918038062
0.594955284716  0.581522421209
0.385745280597  0.499342997449
0.48924334055  0.562500622474
0.659839940174  0.560132234902
0.560659411304  0.716391116738
0.550090603628  0.617085047868
0.511599517506  0.372975371423
0.569687548505  0.462587658588
0.604585958018  0.471970591198
0.48031863606  0.562578313082
0.403567921821  0.516154024781
0.59271415761  0.476991159825
0.762836696471  0.448998858804
0.322813866091  0.584442790413
0.519620700999  0.589434519664
0.635714791972  0.636614450261
0.464810588764  0.473696083639
0.529543245179  0.661495638651
0.612487525332  0.310753888409
0.76043069572  0.573752813656
0.372517894657  0.555270799225
0.614722619013  0.443364507481
