0.376639100568  0.57708895566
0.448434624748  0.672587114034
0.340549335692  0.464629519562
0.368674577489  0.404270193239
0.615486167447  0.548269585408
0.395610608865  0.372081110525
0.412737076602  0.637761122997
0.370840076771  0.479761739794
0.556732958084  0.539504309882
0.568469808352  0.400386155929
0.456931928728  0.617489172226
0.643958690114  0.488870614232
0.621678734085  0.523440907596
0.330155643349  0.505184411158
0.444474742661  0.38646297577
0.578110846015  0.527971290074
0.333856648499  0.496796108025
0.481942398845  0.368851715866
0.502485108942  0.428030658433
0.500182529879  0.480068043706
0.514768168327  0.364686944055
0.5500515853  0.440804010936
0.438531926273  0.45222720494
0.495773666566  0.536179644268
0.374934994392  0.42843935036
0.479556979862  0.594219630142
0.510124619516  0.408196761124
0.45743825752  0.558742389587
0.624486297157  0.375314419012
0.55251299983  0.530030840521
0.65743174025  0.410851270055
0.626184660195  0.546820726126
0.443292441652  0.53305651499
0.493342608218  0.390790171435
0.60556265941  0.439818194482
0.531185344025  0.465528896899
0.496742988081  0.419233547767
0.449660377126  0.675769140019
0.563974224211  0.504953225403
0.621579095476  0.532397170165
0.415240183151  0.64552400176
0.553519822651  0.591914201663
0.606125931627  0.436155289338
0.537475116755  0.492402611992
0.446326874089  0.549225423053
0.478886433979  0.548133999266
0.419125071724  0.655907733816
0.557255489728  0.43895083929
0.667421415703  0.318982717725
0.475913862051  0.563583836292
0.558628430718  0.456319125208
0.273814970571  0.520420595125
0.406891843143  0.425559659784
0.279901297272  0.557245825899
0.424892623358  0.463988331418
0.509848347732  0.572849009151
0.379453194933  0.328688373836
0.486728570503  0.512874759908
0.441997739209  0.575621663937
0.526612600942  0.525729699351
0.397927418318  0.386602519359
0.56895611251  0.348828198563
0.556868102578  0.579929295267
0.53407867619  0.375131302808
0.473488013344  0.401713943092
0.553598749372  0.55222066553
0.491858566311  0.557277861508
0.685375883775  0.354617485089
0.423715726814  0.417603780602
0.461772418127  0.373260804977
0.52763266135  0.537578895085
0.342858035136  0.600731777677
0.681312712231  0.529808213207
0.508009186963  0.472459792817
0.504146035381  0.433257129706
0.458321315865  0.539345107944
0.548237548908  0.542836568195
0.44239219444  0.504726182923
0.41569945152  0.410558533645
0.504500555323  0.460805806585
0.397499960093  0.320804907201
0.398823888627  0.549406687266
0.531845569052  0.359784638673
0.4959894328  0.582006544141
0.575159915669  0.567952335094
0.508615890658  0.436638577983
0.406141881657  0.67403680987
0.551189810163  0.421803959448
0.543399297862  0.302205415608
0.380176170343  0.662500064751
0.491985168852  0.530113006289
0.3832690583  0.235079967959
0.545962470833  0.455782498913
0.565719365095  0.592698587351
0.350225035342  0.374804988829
0.512077716574  0.476625241267
0.429797269721  0.524113135932
0.667562764347  0.318486035104
0.451226803443  0.344728007035
0.420141656829  0.457644260573
0.247165816127  0.462789973463
0.319981755519  0.537969223665
0.562218150758  0.472341443716
0.456264187921  0.517819157339
0.495521867677  0.606277304445
0.510817642426  0.499966967799
0.691016660033  0.432389584289
0.544854866623  0.537025611966
0.520370308474  0.505615278147
0.479897723889  0.40866881916
0.367832962869  0.42725558018
0.437713083273  0.403250658003
0.549025389465  0.70666013248
0.475326832196  0.407608769261
0.407169209028  0.594434399251
0.536440001711  0.387094932673
0.629671523353  0.402449240746
0.59158971632  0.584837405927
0.466652592233  0.612721436128
0.508402601054  0.551433866539
0.535025820926  0.459136366707
0.486228441994  0.476975249179
0.660567823389  0.475423470252
0.63891246686  0.64624427356
0.388331285895  0.519630641586
0.551989358731  0.408188258341
0.494837228061  0.470330629351
0.576651389203  0.547428919194
0.503004241321  0.449396677186
0.63428300163  0.639888498368
0.421601793837  0.470051981277
0.529107097932  0.346880019806
0.442499953267  0.566247227606
0.439377111206  0.46688034848
0.459284785469  0.388169994564
0.65593644776  0.366310857906
0.394593215611  0.303531871125
0.309161816541  0.377199228588
0.495322936485  0.483051859291
0.447538238134  0.578407879687
0.389443264017  0.653519934128
0.398727777116  0.499405866888
0.477302304761  0.466039989545
0.389798029215  0.683899225758
0.605478206958  0.538845849341
0.478506531931  0.460225300271
0.386211638175  0.552701047229
0.376141567478  0.403111356272
0.504794461442  0.546139587501
0.460798004833  0.554943279756
0.518220818942  0.510892526175
0.509575262025  0.696478112003
0.276643138136  0.382266762677
0.54199936676  0.466633817626
0.533040341908  0.594866212713
0.579460789513  0.383257673881
0.465194480995  0.439502748384
0.528330431275  0.494619462695
0.452932079654  0.372415375296
0.233917223255  0.355835022691
0.512510050132  0.534440439811
0.723000332137  0.454119846769
0.575312907278  0.493651920504
0.453067600477  0.35971745182
0.46271610821  0.557114134424
0.44429391401  0.490013323758
0.535278484535  0.34711540198
0.520264583059  0.527593256097
0.256054040651  0.454819579835
0.451891565112  0.568020720688
0.506157984281  0.5965669797
0.567704082218  0.394030012767
0.496196451835  0.608396304872
0.773520366599  0.363062647155
0.454038970347  0.577780678167
0.441072179981  0.578997659769
0.5002100244  0.562819124486
0.421107678783  0.379168084898
0.405629964263  0.649395880197
0.629384875491  0.493028897396
0.468923989815  0.392561403634
0.738800500722  0.520282114722
0.466763734642  0.240323376072
0.507348301708  0.508659209243
0.584168400755  0.387619927605
0.468311398852  0.52262492866
0.580548393734  0.544078722626
0.469510156234  0.45302922641
0.323601634418  0.587313995715
0.535621046306  0.56309431676
0.502451264227  0.567971488914
0.612661614976  0.330157365006
0.471206276948  0.716231497423
0.488883008781  0.479064293225
0.543383962984  0.595141090378
0.448143745065  0.604529863633
0.49871031097  0.22926062632
0.519605542901  0.351751436885
0.512082447701  0.474092556604
0.617306009261  0.483022288835
0.420376696982  0.564030909535
0.488855882571  0.50003488422
0.419032154319  0.551083971293
0.417496132439  0.413359322562
0.483270134029  0.402213729705
0.48729248674  0.522705364758
0.597351954897  0.441320249727
0.456134025536  0.320367930466
0.582167906037  0.489097067967
0.486986753707  0.493096218183
0.397673778272  0.570872573716
0.554276853797  0.524327525936
0.649471081754  0.321593019822
0.513804169898  0.671454598825
0.293939808943  0.403388415599
0.452271978898  0.495658428499
0.504759256405  0.459701494355
0.521619933776  0.525758721369
0.362207771681  0.523733400536
0.473435997006  0.633529782038
0.551695747382  0.592192279425
0.40578117054  0.573242534483
0.52074096169  0.54901663181
0.458392557907  0.616719226984
0.332924754815  0.461856165711
0.470414510971  0.483866017979
0.497781855937  0.544429934017
0.572329104357  0.455268669663
0.3814940234  0.340961822387
0.458037922197  0.474199400492
0.502638658384  0.529679379167
0.423266873078  0.516236100377
0.427259326075  0.397686788668
0.384315095582  0.572826217549
0.502767427502  0.519875515501
0.412783129233  0.336948746852
0.295316027878  0.511771414048
0.511967964453  0.524105445566
0.685564720788  0.459088372331
0.474931664617  0.469638640355
0.441116016415  0.528371161074
0.469801457145  0.571654759905
0.572567794626  0.489873784302
0.432564358447  0.424740220816
0.563201057869  0.460013175381
0.662710312768  0.507704326867
0.43654147229  0.493078265401
0.468617207208  0.456494041327
0.398596275508  0.361219191354
0.551260486481  0.439136212039
0.549071854962  0.787669229313
0.422169317126  0.489542273685
0.612617080506  0.400952002412
0.364008632993  0.408399527901
0.259658543887  0.541905883943
0.477728234477  0.52795045976
0.35990539123  0.441418594936
0.62530903031  0.590767832199
0.475085485506  0.388433196923
0.668549604661  0.539754455495
0.429593481543  0.683559459514
0.442372006521  0.478363127335
0.441182441442  0.418728463561
0.403033345676  0.367455632554
0.497739902975  0.494676054959
0.559705727792  0.563331431424
0.637469742734  0.526760799775
0.529574113169  0.468357708468
0.592315679626  0.530752044338
0.509995801974  0.393165480862
0.324734757243  0.409049358773
0.53995198711  0.298505882973
0.457421031816  0.473127759873
0.478405231444  0.540003268519
0.606481695824  0.362798496646
0.46225159466  0.398728930007
0.61523865661  0.397754009716
0.480500037897  0.594228068156
0.485363086652  0.580096979982
0.532264007905  0.495779531362
0.432442512979  0.344867659261
0.324967003961  0.555560068281
0.554247320561  0.527687720466
0.562665476148  0.521056378032
0.470665258409  0.620569248474
0.520469203167  0.63690575742
0.627470336112  0.541999447417
0.469820378782  0.44181725601
0.726169908071  0.307883804962
0.562859550563  0.796703664641
0.49924496341  0.519768686503
0.567713674476  0.465985869971
0.670929100763  0.458780710651
0.510563386662  0.475849617345
0.667884576215  0.309045683769
0.453490817528  0.410135435041
0.491217322619  0.454444659152
0.535169140653  0.552284778289
0.45274908344  0.461849981808
0.672475817519  0.524470984029
0.35550218996  0.484012818273
0.374350070645  0.652916841911
0.313919607286  0.391059027652
0.520348064316  0.705264026665
0.487285580836  0.595037290554
0.389342141682  0.692610006764
0.449263057123  0.647880311476
0.499150960149  0.484204925832
0.60842577791  0.522657096577
0.56231378036  0.490530446276
0.563719361581  0.547368920717
0.665398406621  0.456760735455
0.379059371042  0.44516124282
0.503343715749  0.35392697795
0.490406431073  0.299221127164
0.549809775314  0.572516582239
0.607589575342  0.488444885892
0.381169337472  0.3533510978
0.573800126431  0.486600174346
0.421223162658  0.456221934564
0.430781558186  0.39099208239
0.219631453537  0.632094072973
0.500331501814  0.377261016352
0.442590043193  0.590423352245
0.602202757735  0.533039768626
0.280996900088  0.44499431607
0.411590792222  0.347407850029
0.762928911142  0.515692667151
0.415380156556  0.268744064428
0.575505182464  0.664489962288
0.55135960501  0.592059707823
0.466388638229  0.601398209592
0.3922767848  0.666992598502
0.615071838691  0.485359094539
0.307248107388  0.288439824981
0.435359689093  0.55564711901
0.4747060634  0.465616998906
0.474537231197  0.533727447717
0.50894524486  0.591921482288
0.676928149432  0.635206110156
0.579152500445  0.529079040552
0.323897232316  0.527272201724
0.634128861121  0.435029140125
0.614992439036  0.404273763495
0.403835587073  0.370248633574
0.647702902423  0.306023999219
0.676990151012  0.457466628943
0.267963772288  0.565930652017
0.685589004169  0.390873889458
0.410435266299  0.449105551871
0.584308766567  0.528015307533
0.622160740132  0.323013418709
0.550128277997  0.557956220544
0.579737625921  0.499172438624
0.559090923235  0.430268793123
0.583733056638  0.311350624612
0.46434711239  0.33994066429
0.471139951092  0.386817310415
0.548123993539  0.480796983405
0.353349016284  0.513082956433
0.555185841941  0.551838606981
0.581703432942  0.554229235775
0.556356753292  0.448139079359
0.586008483684  0.467909581281
0.51027194135  0.505419334496
0.505586112237  0.443469820253
0.431001810808  0.613180154805
0.726896014988  0.380344357499
0.544911401282  0.396443436384
0.520819946546  0.508486551431
0.619865153387  0.503311779575
0.463924717916  0.394792187544
0.505645675762  0.296629157875
0.614685228532  0.513467838958
0.369385241488  0.499445342277
0.588396264574  0.362691008438
0.598215486034  0.47777500806
0.625942713222  0.592428374421
0.541823786403  0.508840098051
0.496439705225  0.436876970341
0.513381049841  0.523606867102
0.554410167147  0.54880210788
0.436213685769  0.473625622628
0.396465153813  0.509345825681
0.432097185983  0.554011419613
0.42522440267  0.728924543372
0.35816790843  0.488979334893
0.531674078451  0.515687462426
0.505302529092  0.630345641923
0.482689822533  0.643369603975
0.552061978103  0.555665548092
0.480832355107  0.369067011777
0.51662735751  0.482392676139
0.416569722172  0.6067079662
0.448287648427  0.512111868619
0.596012847599  0.520975450717
0.459128111581  0.532283417673
0.528987193233  0.638992302846
0.565431752993  0.559563230972
0.523820587043  0.388275176069
0.51971483466  0.483065121975
0.537715906249  0.660006923647
0.33462406597  0.595953042375
0.480958722208  0.684542860294
0.664062735758  0.54293212089
0.426564686538  0.382538512441
0.516407450143  0.492851969306
0.435330853954  0.509069010687
0.503058916128  0.319145241364
0.487250569848  0.395272048756
0.448777286415  0.515660445234
0.470813773558  0.829979857764
0.599970240543  0.534759048917
0.691679640039  0.310923319237
0.565468377333  0.510033942319
0.537828377157  0.629198183247
0.459107951376  0.406511220589
0.509505344878  0.482481357198
0.339853734669  0.29500273385
0.603819162943  0.422664832637
0.439224547942  0.613647020289
0.441652737101  0.495973938328
0.443722334748  0.56827795657
0.456582189726  0.633197880922
0.496993588438  0.451221605942
0.562592154392  0.634912080816
0.363642677253  0.303915975751
0.343547866268  0.500533818836
0.606929220941  0.505421089022
0.624497850699  0.446841999738
0.823144788868  0.382878582534
0.504154694659  0.595101592729
0.392439454463  0.433395334746
0.379257378663  0.460539119918
0.384029091544  0.475694584223
0.524932697769  0.428698195301
0.568832796285  0.532265006196
0.495148970857  0.45966685402
0.417918419968  0.404909379516
0.345651878667  0.469170426723
0.309922893207  0.420002727151
0.490028761739  0.547680913685
0.653539642622  0.680697476228
0.632749466546  0.541249646359
0.357611171697  0.598522221918
0.349919951695  0.486922486135
0.604229371177  0.532455251682
0.332594520976  0.492660996921
0.337490773895  0.612499181144
0.489517711741  0.298574104798
0.491238561633  0.395897045295
0.507390203648  0.35639893683
0.584107426488  0.626350655824
0.584810172191  0.365620129701
0.449482655812  0.468551604276
0.535018632222  0.441602857686
0.493210052102  0.436923483192
0.41697147132  0.455692176763
0.381696636714  0.606383074112
0.496987404347  0.453670799996
0.666401762554  0.494771927162
0.353291885626  0.451926349403
0.486406964989  0.473176392478
0.468391819717  0.588671038113
0.587201812163  0.461796932521
0.491324258162  0.727905725685
0.440986126755  0.450545235006
0.524440696887  0.551638426697
0.456770730733  0.475801372407
0.413129628186  0.267568526073
0.628503655245  0.58716489687
0.681396723423  0.410172197036
0.385273047622  0.663281804121
0.309437798916  0.52873831184
0.558888778082  0.481858354628
0.413952827633  0.669012165202
0.598370760211  0.438078559843
0.337821245571  0.360342888005
0.73049711336  0.47859271487
0.627139281045  0.511059463663
0.561935023748  0.529627190822
0.599403845826  0.581318029427
0.328837992933  0.582626758605
0.419675690395  0.417472391359
0.601610969622  0.579421281157
0.348897020289  0.430153718875
0.602341519807  0.410053130617
0.513862867905  0.458500954568
0.378409460694  0.391022117611
0.376262181665  0.586738987189
0.478312211542  0.447491634323
0.731304218718  0.408351513472
0.469346665272  0.572111408471
0.376899710532  0.42966806228
0.552417876744  0.637270385952
0.599275080384  0.491206939757
0.453842697879  0.632144067206
0.425726597453  0.634937877225
0.554678514704  0.528420909485
0.581519445752  0.605413142378
0.506007502469  0.35855396337
0.408186746634  0.416063898633
0.515829562765  0.373514057171
0.704798560945  0.523991908909
0.423641557978  0.420971298374
0.330841283539  0.432126062524
0.466293613146  0.415541014178
0.572305201345  0.590331352518
0.627431465996  0.435368223582
0.641676796644  0.490903338943
0.548847278393  0.577012495508
0.577890661861  0.479957054731
0.509951498319  0.348167736843
0.297211064577  0.416017856083
0.574922604421  0.572233992556
0.469774813465  0.578118911663
0.495781482151  0.408369710007
0.430309529966  0.552167316249
0.468465670452  0.515028341228
0.607074891768  0.484096120336
0.534251733144  0.55667020678
0.575081421724  0.679376858819
0.573528789331  0.588701361837
0.559246354793  0.347721221256
0.655213071058  0.42212466007
0.502148036607  0.391220227188
0.543582885026  0.584004314291
0.457928993215  0.557862266034
0.39068217879  0.412046706262
0.431527577932  0.565804341132
0.535289729135  0.374971898655
0.580035946258  0.477660337491
0.426872328526  0.502807132935
0.423999380418  0.511407214832
0.518728749069  0.385564496875
0.524174330293  0.530647692704
0.679576035242  0.594365290073
0.571293923596  0.490283405711
0.542973270299  0.311252414601
0.456970481748  0.466243953087
0.43557192284  0.504127659562
0.497306082766  0.371450133531
0.646300100715  0.418211972059
0.381283851327  0.512296169357
0.631011013454  0.558097506539
0.42135647556  0.657148564835
0.436029980524  0.581737114967
0.357259455204  0.53181037891
0.625932366207  0.372118224613
0.587340670067  0.437910668963
0.450716609534  0.618096478187
0.486757203306  0.567855817128
0.402856052452  0.617629390944
0.670232757499  0.499263805228
0.349797323073  0.415268879795
0.510530739239  0.384819898625
0.500317995988  0.655504055846
0.438180812412  0.515145966938
0.396457920496  0.655036317328
0.370929150316  0.428290472343
0.62915503327  0.491123528913
0.584232864324  0.666023767381
0.401345983884  0.350582111339
0.439744769784  0.597936850778
0.406349011148  0.451466366162
0.478144252602  0.334881510037
0.604179627206  0.437399051407
0.522111123866  0.35808951253
0.613604006263  0.52779529872
0.512047879756  0.366553023403
0.65836243349  0.374064134424
0.568344051406  0.545869344797
0.515031541369  0.442889255831
0.326727239135  0.347713905257
0.583445552136  0.383678646577
0.675466283805  0.347906249468
0.578829023128  0.4079138931
0.572564094498  0.556415507591
0.594398724721  0.269026330338
0.76576406362  0.527075083668
0.463748050928  0.553774290875
0.326289465162  0.438085487703
0.512660853629  0.653057982628
0.411143495286  0.490288568305
0.465012364581  0.537039264003
0.374447569663  0.542441322689
0.440742811929  0.370144892417
0.316184466699  0.446551224436
0.4876213154  0.370783636864
0.621937769567  0.473013597602
0.672464101827  0.377508680647
0.59958479893  0.516584555569
0.360638143316  0.428263502405
0.524116209246  0.55375494231
0.605288014776  0.617316079998
0.637214989237  0.508971589619
0.482383347841  0.441674053506
0.453014219319  0.577994149688
0.471636211909  0.386816174474
0.65135831645  0.481872809193
0.422300053636  0.398239230595
0.531861386755  0.428757178501
0.498720018544  0.379347614012
0.406023353706  0.503826915965
0.555501408064  0.5802479521
0.503888895623  0.452639282043
0.407466524674  0.526825769995
0.34133914191  0.31208260497
0.480991399845  0.245127958823
0.523715747252  0.501022773937
0.502204094111  0.62488798747
0.323899512216  0.581166845844
0.52194817796  0.583818798967
0.484745336541  0.642217989929
0.593032815832  0.693707645399
0.560967214205  0.528411865595
0.462772101592  0.488600273543
0.386359536165  0.483932878819
0.60248502716  0.434808113891
0.56687817461  0.490895547224
0.59547494568  0.348117250626
0.365648504827  0.583748788992
0.421645122729  0.564288894298
0.718107810044  0.532034004944
0.400330022311  0.538192364365
0.73623102982  0.541213516113
0.531233296197  0.422482589095
0.358096635451  0.500047590777
0.498468246215  0.405656320273
0.49490608321  0.496803425878
0.496021104359  0.372383655118
0.445629487742  0.683462540817
0.5731164669  0.48854142678
0.557403961818  0.646869690475
0.328513658091  0.579571238376
0.554181371427  0.558061729072
0.60432475449  0.481148023518
0.556300144406  0.530700602074
0.687378176742  0.487934684081
0.636894414527  0.470046349669
0.405987841575  0.606349185088
0.490045449969  0.400014398754
0.60250563772  0.602314163026
0.391241626129  0.457751277466
0.556290496856  0.678931771372
0.397928585561  0.454848773522
0.438228201097  0.561989830536
0.414835911993  0.392364993753
0.430490949133  0.508998160154
0.447503658726  0.494282250744
0.32247646909  0.336851196294
0.476008112515  0.390798968102
0.538967514444  0.436887771031
0.536496681142  0.536621738209
0.336490706494  0.507195790112
0.424264438861  0.334054193483
0.408273468452  0.521385623043
0.425335064727  0.307142968191
0.432548529995  0.390075129415
0.494269462277  0.510072609085
0.493398646001  0.317343530913
0.459941955437  0.502371367896
0.329650226804  0.428741421005
0.58419908879  0.515695720294
0.697947640906  0.456309274435
0.625702947887  0.769781156649
0.727299315184  0.396530927097
0.59884896028  0.791355133717
0.502805124542  0.40584810927
0.636895058962  0.547677089941
0.378101287632  0.36357910857
0.0906923805055  0.458255884685
0.55042842827  0.472227915979
0.66658818368  0.566990427138
0.579100738391  0.452455594416
0.348376231699  0.438005704631
0.507891419536  0.497088717876
0.524745229143  0.455573162952
0.441492917584  0.326982719294
0.61361780608  0.600031000906
0.695542831023  0.512498136744
0.570388225681  0.326179517848
0.5140074576  0.334585146813
0.514443018173  0.454493262641
0.495193609682  0.507321505692
0.483665348345  0.40228865177
0.461213218268  0.407193625007
0.362263325129  0.554523513303
0.622281973865  0.557117867654
0.328164460401  0.370061760673
0.36771756681  0.535805185262
0.470904403017  0.353488355629
0.603569041054  0.581159151129
0.430396979234  0.65860506757
0.647460630096  0.663836950938
0.494711841826  0.604433131616
0.36483677968  0.536235738669
0.45014311189  0.656437897357
0.55956325597  0.669396287413
0.427208351392  0.677416513747
0.65364316586  0.285580967159
0.442932230864  0.294672242334
0.47250946045  0.448702523116
0.359892823324  0.517142928657
0.630632649106  0.542624350584
0.668151153408  0.39613154821
0.336531823333  0.510623563242
0.370708586541  0.500636172343
0.464860509752  0.410334901684
0.358287685482  0.491717733118
0.500430454169  0.53507416671
0.500483071786  0.675871641086
0.484691184855  0.4215932405
0.614488232029  0.300323753511
0.422879998356  0.491498934611
0.423803173375  0.546841794242
0.720218815687  0.4921841327
0.536155771423  0.467984626541
0.59397231499  0.450321604497
0.630041707847  0.5064438059
0.589602209989  0.548083849748
0.388749086089  0.642305542656
0.621036699646  0.513399426272
0.480831989482  0.353202815819
0.564364319577  0.255495501329
0.499131307739  0.590610869648
0.663552018922  0.485289228431
0.592360670905  0.64214398723
0.616506603015  0.411820017991
0.578638299315  0.614571274218
0.474314829561  0.247371679336
0.46710429284  0.297392727158
0.510880640215  0.299296198827
0.459008937441  0.56468255575
0.707829480088  0.444095902862
0.694510573684  0.404096772459
0.73809945795  0.663694054053
0.474823208851  0.614506122251
0.391987416662  0.626834601661
0.418815268178  0.543123664683
0.441687095702  0.481498848984
0.495440487763  0.740593217041
0.457026554593  0.492872348374
0.619170386768  0.35436694959
0.576229840585  0.389976358643
0.496060127715  0.240202354368
0.291875606594  0.389230461442
0.490837357866  0.480792312591
0.510291472522  0.333767811647
0.344602036897  0.620388632113
0.523721592842  0.425705442868
0.498296485224  0.364529229146
0.557031096825  0.780948494125
0.613864029862  0.369386663592
0.390767022073  0.542150492606
0.432802256168  0.610765757653
0.44654652137  0.593392508698
0.589882277387  0.533034406149
0.435560848417  0.581602464168
0.446300069378  0.434299701804
0.377831611588  0.59310004474
0.341799323218  0.479301076666
0.600289866028  0.410983052087
0.519625887938  0.447534029538
0.449498672089  0.582713581565
0.454883983251  0.586405902934
0.767397875114  0.558946875324
0.467243894341  0.542572376847
0.535877286965  0.452141785472
0.637262128319  0.627257851341
0.29591700681  0.445842938051
0.553891670706  0.537606506524
0.724260727073  0.334329724807
0.552731095688  0.385185390154
0.385320892214  0.488259285419
0.482976046978  0.694789415299
0.494618103689  0.427857625091
0.661335491021  0.519650835789
0.641695839342  0.572245557307
0.382882778577  0.64854914795
0.42861283768  0.687782213552
0.362739792903  0.355842276273
0.589037714994  0.531838897354
0.476450269156  0.39224900705
0.66834963009  0.470363411948
0.535058524918  0.416084268731
0.564161811847  0.4694916219
0.463213369672  0.299869430298
0.464043055895  0.506120617623
0.449370092282  0.541507481206
0.624325903864  0.696606627667
0.558577662581  0.59489655634
0.49237966903  0.353826613801
0.394140636124  0.542287474446
0.534270271144  0.535773329811
0.379846332774  0.444723442167
0.57431907722  0.351280229564
0.473908341341  0.500349895314
0.51530150796  0.430347339255
0.599337709174  0.625413420287
0.645357641558  0.638195748647
0.571981972418  0.493710053692
0.562808002943  0.411847086143
0.403262396594  0.448845068073
0.437568269012  0.604591221067
0.384290856078  0.551942196182
0.607070096474  0.624315227658
0.499608967292  0.46172627852
0.397012502795  0.55907745823
0.524421952418  0.511368830812
0.510866421862  0.557116137253
0.420222572851  0.563369643141
0.568733927037  0.403204421775
0.481490883169  0.477581093943
0.531191289546  0.662405791996
0.415445948993  0.315344500206
0.417623376371  0.49055023789
0.594672050253  0.423063676784
0.476601308447  0.671783074589
0.392583774939  0.600908694668
0.657743168435  0.52187231579
0.547968730274  0.538540838814
0.220678679894  0.541759987489
0.430072452089  0.639132088494
0.657223868609  0.49604263517
0.418485042894  0.389392830921
0.423315308092  0.389615420849
0.566353149379  0.677916859963
0.385512321304  0.434710557835
0.536968751984  0.312000956381
0.501542117565  0.474276520208
0.431804206247  0.614387155255
0.536756786137  0.534623676653
0.37352994563  0.547463212621
0.441804598988  0.551779548204
0.584516907102  0.509934528144
0.555647563891  0.501263191607
0.586527754157  0.356373922538
0.44005933635  0.569635059557
0.427090140047  0.558549333731
0.556764555751  0.582952697596
0.406851832192  0.354834539852
0.39183054079  0.410145698491
0.464649187704  0.466613190176
0.580678162256  0.385982056948
0.356092395317  0.52238958188
0.477671019621  0.421120829703
0.478501538182  0.392469612134
0.489141859481  0.446293751922
0.323234060114  0.471964039982
0.412507452986  0.294743226573
0.710565690035  0.516917029585
0.527108291091  0.50032970567
0.811356632024  0.461935993916
0.475804501529  0.631300802656
0.451238551269  0.569847868745
0.457875987143  0.557988078263
0.587159260093  0.578459931843
0.63786827011  0.328033624023
0.463032614714  0.605451987706
0.525799232862  0.633386988413
0.433775118143  0.331672795612
0.579985810721  0.582085500913
0.624466202998  0.620036724185
0.573354039992  0.462824534893
0.399645019275  0.416650954787
0.478927843922  0.456859789718
0.614520228139  0.609623772909
0.414689594258  0.37140994513
0.469133099309  0.466985703322
0.416172665203  0.422350130525
0.505905310974  0.420313284192
0.356463274174  0.447673578629
0.591837561853  0.494658935016
0.521387795166  0.648561557761
0.559586542842  0.409502821858
0.357604822395  0.370548011234
0.56733318488  0.508990655284
0.741401222965  0.50083752952
0.544407940665  0.503111846625
0.498018029662  0.486907948858
0.491247757756  0.547183318076
0.436446863092  0.603715052296
0.481716812353  0.594541841036
0.463068389145  0.422124034382
0.433038425104  0.557162574837
0.568614320563  0.347288617223
0.486039357645  0.461515890313
0.499749892118  0.526694243699
0.507613724368  0.396143109092
0.512062431713  0.290197818188
0.402056113321  0.612157600862
0.448959103797  0.489315716219
0.372263971894  0.557240004041
0.500207040493  0.435906917962
0.340951136766  0.388229612716
0.537992079512  0.525127238633
0.566560387325  0.59330088088
0.537395389621  0.45222759247
0.556793560943  0.38098846461
0.442240909397  0.482737688011
0.489548984737  0.655232178864
0.497157591259  0.460278803
0.496915346889  0.503982385519
0.481963152609  0.534628767464
0.588277908298  0.317848025584
0.479137826745  0.493043611676
0.517652609412  0.389786218691
0.418040919452  0.539935631148
0.486884751683  0.519101072867
0.516316345446  0.582942738511
0.517462973203  0.483088598364
0.450132196817  0.461252604425
0.535363062292  0.572262295595
0.398188286774  0.408984089886
0.443557106974  0.535185851259
0.503673406105  0.566351380822
0.644123439275  0.564237600018
0.555556416479  0.554637562083
0.293175129468  0.369400817049
0.438126616591  0.406830907725
0.483575687143  0.318060841537
0.506015234459  0.324545854127
0.513250929475  0.418301719225
0.495925507958  0.475289801997
0.451423116137  0.391631409582
0.463065474164  0.473708996138
0.621217211563  0.549143816575
0.440300677674  0.586594131262
0.48572528296  0.445470604573
0.578276030996  0.655960163953
0.564658197564  0.39974482042
0.472520208224  0.427292178983
0.689617708553  0.462030057428
0.552959472042  0.467667907797
0.362980342979  0.554678842012
0.758243107879  0.572213576798
0.603278805442  0.493328369017
0.500770971752  0.435472492159
0.319723161941  0.589183478291
0.473941100287  0.601433699441
0.495422843382  0.399489669132
0.47166800679  0.505107732338
0.617350934606  0.359886657277
0.465466014518  0.311122397844
0.504520826762  0.549872426029
0.317264281844  0.424967129016
0.392351184216  0.476385318927
0.503678784991  0.474237651437
0.45426263145  0.593429530219
0.474881075046  0.552975775761
0.545643579718  0.633376696253
0.511033887883  0.479248813548
0.590723818361  0.539623283331
0.456952413015  0.597111478608
0.500631276214  0.624685595125
0.472852093686  0.541361985701
0.459097534503  0.654109108625
0.365332684827  0.648487673646
0.625881629525  0.554424204683
0.412771083634  0.407140906268
0.613931608722  0.47865384632
0.374193116515  0.604050012609
0.452310708429  0.505629690965
0.461290313884  0.480223171769
0.429903178227  0.55600398871
0.508957619936  0.462987731703
0.601321354332  0.642097786437
0.375039834231  0.447926269123
0.302354285683  0.359752762604
0.460920429502  0.354877044109
0.301999406607  0.473014772696
0.536029726991  0.405136954064
0.415551600577  0.397193255809
0.464291981484  0.543489241407
0.468601519506  0.39125188785
0.592087984679  0.389013259202
0.523749810014  0.535053633357
0.220952171357  0.513658401827
0.548209742289  0.514362011392
0.637340362723  0.672745340119
0.412873717025  0.422939392244
0.429792754887  0.619864144981
0.525488249045  0.499166162969
0.564171278428  0.353151441973
0.478739633945  0.68415839821
0.608382334663  0.510970023166
0.491604628806  0.666046614984
0.480671703443  0.469502392418
0.591150721924  0.449849664345
0.464340162659  0.498372942927
0.536601840417  0.345523819436
0.56858894473  0.446731685337
0.299501140453  0.463773371293
0.568559945888  0.543068480165
0.520231153719  0.481228748163
0.53143127448  0.515926841491
0.559861153719  0.597834996242
0.401157468365  0.633787464567
0.633056903536  0.429863786412
