0.481566132377  0.480806361493
0.557613040923  0.580370990986
0.378391528208  0.504648291561
0.386358834346  0.44204446393
0.463586809837  0.505628892486
0.55899598753  0.334437762848
0.625883054178  0.383338738604
0.505109428276  0.432139674016
0.405704799448  0.302939463962
0.341990402939  0.436031452901
0.430659838532  0.588392732932
0.526560530041  0.420439609143
0.613000903306  0.540348164033
0.574417952512  0.432499169548
0.500962307493  0.482251925047
0.434356651646  0.399224931061
0.652495390105  0.412141486741
0.419639756322  0.518915765183
0.54122383658  0.363823195434
0.404638618867  0.483091094272
0.395541526053  0.281133038934
0.474547844071  0.632040870659
0.531434110358  0.532625285511
0.273481084249  0.487789619588
0.528775645013  0.756978572857
0.449829350862  0.572406154969
0.50456002916  0.415238564974
0.554066921342  0.397899105704
0.57453208254  0.341606925427
0.71203677318  0.436155747858
0.403771693633  0.317401898013
0.704481421694  0.459508114327
0.589882985827  0.388638514201
0.496660173338  0.341606776875
0.424388454392  0.407965359565
0.408472143113  0.430199706842
0.421017097577  0.490978147545
0.610292320026  0.496852526376
0.461590938761  0.386475802183
0.420299053556  0.353716267887
0.491512445439  0.446088945865
0.441071919886  0.568447778717
0.451709073857  0.412220351719
0.452838525913  0.602323394025
0.403910837379  0.456541194755
0.488609105013  0.381968249075
0.51716937129  0.520075124965
0.603587580609  0.585934792797
0.549302100425  0.42762172448
0.408919790699  0.345078215891
0.546068357117  0.208016820556
0.589557490713  0.448299698202
0.503200071681  0.475531816217
0.559145636743  0.353898958832
0.379920742309  0.439689286391
0.615168835079  0.461074299311
0.520717360385  0.415812103845
0.513580042405  0.35739848569
0.539912462089  0.305854152076
0.349831268639  0.496505130706
0.502329956394  0.630958871962
0.59248751486  0.517293825305
0.602394361769  0.710989974712
0.508230733374  0.57473763184
0.509279773495  0.433249602324
0.626498312934  0.260294137215
0.524207115451  0.371600067758
0.478966097298  0.588412045098
0.595411964237  0.647715640224
0.502177970482  0.536776588578
0.478588588254  0.433159746322
0.428853728121  0.332741933288
0.237752129928  0.425367922025
0.456492727225  0.258454647043
0.506776114595  0.390958689508
0.306027217676  0.458178037623
0.511225678914  0.513186969753
0.477620189006  0.395515384418
0.484400351337  0.359876452576
0.539582097138  0.335216901308
0.537878466853  0.462082840476
0.572456287642  0.492458777326
0.493350854207  0.537454939985
0.314551695048  0.498571677494
0.447484242422  0.415571614852
0.521042603096  0.309901279195
0.377575140173  0.641348825728
0.435433380577  0.568816938407
0.476802170481  0.607936441385
0.546940915732  0.437639905559
0.525437551668  0.437083653507
0.462579762311  0.562897861976
0.136213206692  0.488570152446
0.451860502423  0.550309750275
0.430698651551  0.368600390808
0.437330522952  0.434039419139
0.587383952618  0.355264045855
0.477748211442  0.430507801911
0.373023776311  0.537146724534
0.618873050359  0.443120043535
0.602919073221  0.548562382121
0.31696119481  0.622459906826
0.465225851877  0.524841791138
0.528989382593  0.501217324899
0.540513372898  0.490875370978
0.529435327423  0.529513748049
0.496174277055  0.402713955128
0.592215096795  0.512476204202
0.532547108881  0.33485919078
0.490057129027  0.647669726592
0.405294591205  0.449489123138
0.373638650459  0.440515607417
0.596191931763  0.58655939099
0.442309497328  0.610386496405
0.49583194846  0.536413444226
0.55068256036  0.462493922804
0.357274369416  0.420649619568
0.606192148162  0.319243309401
0.518358771831  0.461757926075
0.459339357181  0.55864015204
0.558092206841  0.497251779675
0.717631494688  0.545367345051
0.503578468495  0.527409950821
0.610187844933  0.355092693874
0.496665256002  0.548798404723
0.51227606365  0.487503924196
0.518617645166  0.357417264456
0.488836981278  0.563744883435
0.37509523582  0.554814663173
0.450466811375  0.448755462708
0.421251189572  0.528174257583
0.40246728232  0.540699302638
0.672308319623  0.550836925366
0.599722377215  0.265108531874
0.492768578706  0.436888225877
0.504045359036  0.471143972669
0.388845253023  0.580992772486
0.578473428879  0.546853847046
0.623873455166  0.384246331814
0.590447653078  0.517617516444
0.537497986559  0.455232784712
0.458670656469  0.321786157561
0.507272727132  0.462003434245
0.397545786565  0.386656304007
0.567868809428  0.422714042566
0.440722009077  0.386042581493
0.495135707838  0.60361327746
0.529062197605  0.555876362976
0.426264340038  0.511093580217
0.450223580414  0.429290920182
0.652799939429  0.462938403919
0.437969428168  0.574228227673
0.508890357848  0.369965568513
0.494572807665  0.51059810079
0.461136900624  0.619533178455
0.484386029928  0.445428265389
0.719003131664  0.437852270588
0.322982318057  0.47368883721
0.50075633916  0.568534800078
0.612480207838  0.33493542564
0.443898913185  0.31659653681
0.513725241565  0.408899409913
0.571127211587  0.599754130642
0.523662569344  0.594077724011
0.502316320222  0.424496974975
0.602467698284  0.601148406136
0.362573036195  0.40171910563
0.487664524771  0.595088345017
0.541729866293  0.449150425554
0.519855166304  0.472789101163
0.552889627073  0.664611165183
0.518525070337  0.360577580993
0.593864617812  0.478101367339
0.436735049767  0.619441818389
0.429989893803  0.687682398976
0.445704033473  0.513080194419
0.40959784451  0.519555620665
0.558457317612  0.449845559479
0.544157222134  0.485523133974
0.473002706618  0.412182414659
0.544538718864  0.400599515838
0.535955342556  0.451165762279
0.578956581602  0.400896451513
0.54089758817  0.441663389746
0.27629645721  0.637406002263
0.397076869809  0.536816137483
0.395997797321  0.573459590311
0.557539462676  0.419052619465
0.401991799935  0.54984686824
0.435657053154  0.579976990218
0.66343618574  0.595334955176
0.526147587445  0.452142614566
0.437187979761  0.458565875004
0.552983733873  0.507492748929
0.369511890553  0.401229024691
0.494791208124  0.361300617804
0.43165865412  0.476505168131
0.519665335639  0.484751493565
0.533524631141  0.611973817686
0.52410244087  0.532654641174
0.340874793628  0.455373299662
0.439752146909  0.471363066057
0.472740344009  0.454353629945
0.486182998255  0.547688826102
0.446619281995  0.539306919067
0.393303350793  0.433676012099
0.321138809128  0.338898873714
0.520508994684  0.458228447833
0.649538694035  0.44453836098
0.488041193742  0.565347888688
0.537154359402  0.282884154514
0.476714849145  0.451457864016
0.568192222694  0.49174157973
0.509402341536  0.48786529444
0.521149072142  0.462268538463
0.440824694347  0.643672370694
0.652864201272  0.542425228347
0.526969975766  0.469881402165
0.423667016144  0.536419206636
0.708092506203  0.512634689007
0.50311892339  0.588695560584
0.443703554823  0.517435967854
0.473621797118  0.467916607959
0.459722799028  0.558190107472
0.329993139131  0.572216451114
0.571281218697  0.587410927617
0.389930914635  0.422124750216
0.49554164878  0.458648699893
0.454564655628  0.507547992043
0.429715974612  0.555595712253
0.51798081822  0.398431968378
0.388994160644  0.381516738893
0.399661448866  0.469226271052
0.51769242914  0.458039622295
0.567409710156  0.523449706238
0.361414939019  0.569833655483
0.461308100657  0.616951793927
0.626750758948  0.430463750835
0.605641330588  0.521691693134
0.583115980111  0.561413721993
0.360353158901  0.403738829853
0.399073678593  0.543166214267
0.66531229685  0.531523302084
0.448881658384  0.442678358947
0.516260378702  0.320061564484
0.524233481736  0.454182236339
0.497395994636  0.581994599517
0.592192187948  0.446925932806
0.634312060837  0.397511622029
0.550331022556  0.436680641161
0.586680905808  0.581861750009
0.440805708061  0.602679000354
0.765429938228  0.550344300058
0.476264127151  0.538860161826
0.521172184908  0.449221081341
0.445054725716  0.655323263292
0.553264192817  0.477321759295
0.579898201708  0.427642705081
0.523799869483  0.547529739259
0.490105995739  0.472512009299
0.738169703563  0.382168448482
0.511629289721  0.494432627702
0.558630706307  0.432478928106
0.549933139364  0.619823294931
0.509544805922  0.537274696377
0.578995390408  0.462086455122
0.433621979643  0.589663060621
0.47991153986  0.462006732227
0.663312407419  0.641584919917
0.601680581578  0.461904690599
0.57416118382  0.445585948434
0.475296880618  0.608229676232
0.73879175314  0.387180543508
0.42730028449  0.484676299266
0.409422147214  0.274929992305
0.330251616585  0.645672638807
0.389671135675  0.585471251071
0.251969346917  0.442703294406
0.4820137569  0.569779391297
0.580378964028  0.539382100526
0.446737316307  0.536925491175
0.377182800834  0.404946671816
0.350611218069  0.453913292521
0.355312460637  0.596573074187
0.542279886237  0.462923486056
0.450508865754  0.304953258697
0.559067013589  0.571316223285
0.501922926676  0.693592730488
0.57494210751  0.492089488141
0.521268542716  0.422141959006
0.536846996056  0.660961856594
0.645167083636  0.447223495466
0.619365090027  0.400797846138
0.5269031543  0.314796635334
0.514738690951  0.50809467057
0.644759949625  0.570116127246
0.590311480971  0.552303989677
0.452757487724  0.503424449343
0.46690090342  0.5322451342
0.629650341515  0.471124785832
0.495244832171  0.550973499586
0.715528940641  0.31171255648
0.525598548893  0.406865900115
0.602948682206  0.482436426059
0.397884897594  0.44531391439
0.54835956494  0.635384499273
0.495056216429  0.342361146981
0.467754116299  0.463522560506
0.531921243307  0.379818433371
0.341499807743  0.724712945152
0.496089833707  0.361140319031
0.420266119367  0.283661561565
0.343140053135  0.351383827969
0.424488709706  0.624872126192
0.594314264898  0.500421064495
0.52027102297  0.275704116062
0.654105039918  0.464064600174
0.401293445392  0.582381299155
0.452999938078  0.530242268038
0.382770995193  0.518490728233
0.358263130225  0.546489449029
0.419412602853  0.431272948103
0.578783529254  0.501432134535
0.548014510619  0.435466776
0.421185625711  0.657086434779
0.611854827252  0.469833477407
0.584582346182  0.640459437899
0.507859615865  0.539847430847
0.441036347379  0.52001206938
0.474468239478  0.356255581599
0.389006738697  0.540309215125
0.359426171724  0.448197205805
0.51703042656  0.485105077047
0.459115969238  0.323665398555
0.429889670307  0.570816166906
0.517291750863  0.448806960146
0.489042554762  0.489090361087
0.623838058508  0.366615436245
0.498824775928  0.383782295507
0.586846180193  0.46293577872
0.663544179676  0.565262754252
0.469444025485  0.623006041133
0.591307722354  0.44626355977
0.403071757376  0.529911318268
0.455828389285  0.263764936207
0.596618916074  0.483986358833
0.498291017997  0.441482090776
0.338747616483  0.363149192082
0.37652149001  0.44098953434
0.537457628281  0.402264426219
0.598499012811  0.474410507014
0.399392368319  0.527552272964
0.437905021431  0.48589348239
0.358389006287  0.351971437257
0.544586130702  0.547367562936
0.55748009313  0.378523271861
0.478398776328  0.686176251054
0.424272827794  0.347855704793
0.543139778309  0.629998403326
0.417254787545  0.594408972945
0.597851609447  0.438323413356
0.578288141879  0.621979985831
0.610710961654  0.662908324126
0.304763410823  0.522087657119
0.34006037786  0.567988429834
0.532577620829  0.404034555883
0.506854418265  0.397940925187
0.40445078609  0.664722708776
0.632049749948  0.261497872551
0.498450793243  0.409552696373
0.539325108478  0.40613624203
0.61607016615  0.360815547075
0.480540079772  0.41114685234
0.380093996099  0.497534770222
0.623320895201  0.492757318862
0.458640565831  0.531290536697
0.550182779073  0.517228558154
0.435008593089  0.470574135255
0.456592852853  0.408542654533
0.495058352864  0.443426061198
0.55811278872  0.662269600937
0.567085120235  0.514879420845
0.585446535665  0.623667643348
0.538912126438  0.375371368537
0.367687003918  0.642526384251
0.460673462389  0.74711396838
0.516805886312  0.516951774427
0.443444638812  0.25402170083
0.488070615249  0.405951958522
0.707884267073  0.583093987903
0.683836208476  0.562153454512
0.520227556771  0.452775858261
0.482650085  0.340108416769
0.427507136179  0.474459723991
0.484672793067  0.363166672111
0.490764463834  0.443887404604
0.594300788217  0.324557048486
0.596072746539  0.506570922258
0.584028568417  0.591922955693
0.663552854783  0.588069896451
0.435403103933  0.624589425321
0.481502866804  0.532207439417
0.594097748757  0.502584654003
0.661950821308  0.518226845378
0.591123768143  0.549598632744
0.679401855435  0.580978163394
0.608823809204  0.566531533773
0.408317635433  0.624780397867
0.522910731845  0.355652835953
0.483010966314  0.408540355679
0.462213587304  0.657989281851
0.401027780576  0.561325600844
0.625475537278  0.518209244212
0.487880277388  0.55370447895
0.368721089238  0.487676559314
0.245621421413  0.659691687295
0.558246350586  0.526632358301
0.663271481609  0.564530987227
0.543619063848  0.468372366734
0.489269890845  0.484026400842
0.413043525404  0.40109714516
0.489555244899  0.487588232925
0.427142435592  0.414290649002
0.472595787375  0.537194421375
0.438917270662  0.442992115217
0.536512858487  0.437275769963
0.540180431939  0.350953211384
0.45078011576  0.481164883164
0.56217416796  0.426796369009
0.414492529804  0.442316055442
0.404068113505  0.514997951645
0.417217945293  0.709488239171
0.398509370696  0.617918930907
0.461191537218  0.4568940988
0.500719701167  0.593122916741
0.506410312347  0.370715654867
0.590255078933  0.454212733009
0.58153169312  0.445765641148
0.480980249573  0.583450376263
0.659984063155  0.431273037621
0.409537234486  0.402372767864
0.599874472322  0.386970565159
0.546344544262  0.468098023433
0.505917026273  0.4616355779
0.426695845487  0.333733447418
0.740637361733  0.616797550673
0.465406976099  0.465742899123
0.712146788755  0.241325528345
0.522882376572  0.495529636168
0.580941557041  0.608921248876
0.447081679091  0.384804537769
0.515411715966  0.563215451217
0.573477485918  0.434432839138
0.720942807215  0.57019457392
0.611149496767  0.499451116275
0.461328715199  0.504639602182
0.38216665304  0.561582112321
0.523210587355  0.349371419721
0.464160378282  0.513998268116
0.44044648356  0.311776320389
0.468216226602  0.431964620296
0.431109699808  0.485639541335
0.507392197665  0.448831718209
0.585835528328  0.487157193183
0.603621589755  0.466505376478
0.514278197215  0.370928958932
0.671485182687  0.492384231543
0.686319729156  0.506886325943
0.507414093107  0.392762400465
0.555563097341  0.362446030624
0.490352406086  0.404352940911
0.566515984481  0.522903597287
0.615100007213  0.455502507123
0.575686024958  0.308810440476
0.665476316434  0.403369638925
0.463328815217  0.614083953591
0.609544575659  0.570446252471
0.570196016836  0.510091800661
0.57657649024  0.435440374337
0.542107379272  0.568958104876
0.405846350618  0.447802618189
0.489651235389  0.509997429052
0.509136845521  0.538303894995
0.517015324724  0.305642241719
0.526954878424  0.484405917855
0.598265592845  0.512093326372
0.295746247766  0.404725860439
0.616644989033  0.393249178464
0.438452820941  0.696575861322
0.559796319383  0.391347751465
0.413814607024  0.550946805644
0.497790882215  0.389678629739
0.606177179595  0.340134901168
0.475970638434  0.530909157559
0.630073780738  0.553107720459
0.402620166047  0.468313608271
0.592021674633  0.245559288083
0.377110920844  0.479825054376
0.403457213982  0.519926378507
0.493869177986  0.497112588547
0.447253518833  0.639906843981
0.626722517353  0.544162130756
0.647350333839  0.570601273846
0.498375742087  0.466188995025
0.437387822133  0.383399765509
0.53409888827  0.540478350666
0.399958902002  0.46104818635
0.476761325784  0.639607184282
0.482618069739  0.456882099274
0.484572673734  0.543472678459
0.704568724827  0.360476448417
0.46714467173  0.587190840451
0.83230322307  0.445137326416
0.603964316841  0.589916206708
0.530716749709  0.447997695831
0.435743124602  0.398806222733
0.662358644206  0.379472289747
0.477963119594  0.581866364892
0.381149837591  0.610129533127
0.528078790996  0.529061153735
0.601325098618  0.519845284289
0.750862996426  0.577550021414
0.691557461692  0.535346281543
0.279276142831  0.459285034395
0.560320309118  0.355427095546
0.520629731746  0.539361712145
0.462289460689  0.428104148698
0.418094933688  0.626254024476
0.322714270787  0.439035372421
0.53330128096  0.632318223655
0.463695596103  0.536152383831
0.39870227844  0.622430136268
0.591080713461  0.355334697252
0.314980756723  0.600542109468
0.584854892107  0.836367095642
0.42247730008  0.48147636546
0.622739517678  0.478618148054
0.556173514887  0.458067827882
0.610718289318  0.348943035014
0.467290743548  0.394366864412
0.547092643457  0.545111356237
0.352990239227  0.431471465495
0.528916748278  0.61581706873
0.494597670276  0.649786433652
0.483917430256  0.599841078299
0.666057418489  0.317459232253
0.701137904342  0.628034667861
0.295958293919  0.614348953975
0.624965514242  0.548183306668
0.552694664011  0.298226878585
0.549596837763  0.627419362728
0.446090120544  0.511039605491
0.547656100479  0.359332040627
0.65753321264  0.308721890976
0.377509663904  0.474045288702
0.371223320008  0.481905994219
0.507247980701  0.455016247105
0.518753735668  0.383025376844
0.518124025873  0.570727058126
0.633384508204  0.646159459496
0.476071757389  0.56135904018
0.375352017232  0.473312781325
0.627368455917  0.425186686929
0.49839008409  0.509181921073
0.306047701519  0.437817275971
0.484608077227  0.300767467139
0.686928649738  0.554479221963
0.439113309734  0.319931869405
0.557596233041  0.417406678919
0.462196880915  0.436589929111
0.379496423116  0.613780610715
0.354506978905  0.431053497218
0.377459949842  0.460547431348
0.749197703948  0.361100863521
0.536458935  0.431991122498
0.532224991573  0.395341483389
0.662509123263  0.380002659642
0.530494703367  0.51858560892
0.4941267078  0.478669402207
0.657677202167  0.494155194969
0.596124378256  0.632053138657
0.618015432054  0.452793742194
0.514275837276  0.59698786522
0.629262260555  0.641675625812
0.479438281274  0.492133043387
0.407678610467  0.345986726402
0.508194646621  0.410232870405
0.551239276258  0.391188355331
0.547831955039  0.45019100643
0.550643005417  0.518555128679
0.58584788612  0.625658941257
0.543353905103  0.541388475557
0.581074467458  0.636347147501
0.346899209814  0.507228330846
0.542819147359  0.680295492192
0.378531328756  0.296175644821
0.636094141876  0.491754564943
0.376988974846  0.244126278843
0.490267919012  0.514055090739
0.334109655688  0.538378538071
0.478704676043  0.489878427977
0.4856754158  0.475932162331
0.475514773036  0.565555060487
0.491663700758  0.501095960672
0.532217065331  0.438285353807
0.614183159286  0.63481833415
0.493194709885  0.317547466888
0.461890665539  0.634861432009
0.356683556685  0.510883021574
0.5737560805  0.552085632098
0.444542530825  0.472086893979
0.097759716198  0.738821355745
0.326068183686  0.601656606127
0.523198598186  0.414352451987
0.517092056216  0.449810194194
0.464204237308  0.467850601701
0.431601446921  0.567516084986
0.411633705016  0.508473197489
0.361321775048  0.404579264387
0.566933726093  0.512322785945
0.394892618717  0.434491313575
0.460381977301  0.350253284932
0.578928750407  0.516168489996
0.703473882594  0.503010075955
0.316254050721  0.459270207301
0.539298111899  0.364667014883
0.485051681848  0.445324048635
0.702800707553  0.506984244483
0.408950289531  0.715464459078
0.672316920548  0.420545956844
0.532406307652  0.45734354996
0.436522022998  0.388231986368
0.514232407854  0.250461841094
0.755409430926  0.50229946169
0.433862553978  0.460529063166
0.667089950693  0.48224105986
0.420897003255  0.544020864293
0.480015285862  0.465564501963
0.517283916074  0.580119317699
0.538124501581  0.542812364273
0.567425474844  0.435924537517
0.335308090216  0.294656620258
0.48862766281  0.694634228293
0.424381163775  0.359705121933
0.61310662711  0.446117770596
0.522978544332  0.578448032522
0.52857816389  0.544787240969
0.612379630688  0.537788468071
0.529699999663  0.489342461335
0.613633864534  0.405362316368
0.450615908518  0.337897857939
0.362631354145  0.284117772473
0.500458917042  0.216702288692
0.455463542763  0.561976216837
0.362017620777  0.636484993052
0.392355412737  0.503120724709
0.606200611317  0.391539065542
0.514493142833  0.350401362826
0.571352813511  0.328432980551
0.248492566375  0.509845371942
0.491758496437  0.58047624299
0.384747536736  0.602639767124
0.64767870227  0.429872545223
0.4299239663  0.239481164613
0.441629118618  0.468448883425
0.397307849748  0.598606581362
0.5896225053  0.473951574252
0.468460885887  0.687740582266
0.554555346269  0.291967545254
0.524469803513  0.249740738478
0.517404338538  0.47910314458
0.615633045609  0.512711890837
0.54996279346  0.42289400686
0.549486826797  0.17458938895
0.690143394673  0.51401326895
0.574642423201  0.602137594354
0.479966045219  0.489224754593
0.642722908044  0.335165201633
0.496252255693  0.432495764994
0.489625416738  0.466491547077
0.483132398827  0.406361987368
0.582491599729  0.489970920714
0.322120540049  0.293824563034
0.378970312017  0.447219379572
0.473458471759  0.445456365119
0.496227419136  0.403709746113
0.478742146078  0.579400755225
0.550907608111  0.642630934962
0.533872984275  0.432547759916
0.557152047841  0.360891920382
0.497592347347  0.508887660501
0.494448321669  0.44167970614
0.600308386102  0.352489068278
0.613486220653  0.523831462204
0.586690536411  0.539925817777
0.649992495691  0.542940339825
0.55483340621  0.535525039331
0.685782662094  0.497448851554
0.609297407476  0.505676603437
0.337201272233  0.289642706979
0.476417634596  0.708344824492
0.621292105373  0.508627123024
0.465974287591  0.366671993778
0.567994665517  0.295473487661
0.469057148385  0.498576875043
0.574624179983  0.489671173281
0.458672012931  0.361560287427
0.408290222777  0.479256383926
0.563081519067  0.374425203639
0.502766593946  0.641966430929
0.484485133848  0.396515205714
0.330786714142  0.609183169091
0.620107875271  0.287680425445
0.48157067666  0.576363050026
0.528621348391  0.661087739192
0.542539357198  0.59671812347
0.685142814403  0.294780054467
0.355281574553  0.480887790284
0.540100997311  0.48679823365
0.480377674353  0.400324269766
0.673284006647  0.507791314222
0.465784817753  0.432081620028
0.469431582027  0.425435103655
0.448332312471  0.314858748559
0.565006844885  0.539857900232
0.461763441953  0.52330071698
0.497606048111  0.580344227825
0.499109839957  0.475681996052
0.609205702624  0.516986577046
0.534861470069  0.507263510608
0.527092390877  0.552382887771
0.471547613374  0.595029322079
0.488713941165  0.293014255372
0.495423322743  0.511858404984
0.515863443022  0.435293656504
0.613197244446  0.464718846249
0.415770387068  0.478873492122
0.636389987844  0.508302421214
0.557159723606  0.444255821434
0.625058400811  0.591115847677
0.446462046816  0.544139889616
0.516064317234  0.362949871507
0.500839908349  0.28665145448
0.515029945902  0.532311264819
0.574955263884  0.543371788026
0.336148062807  0.460439745962
0.284784045102  0.533728268842
0.513070863552  0.495656215565
0.551251454238  0.339452741538
0.461211100759  0.511744397292
0.55015665757  0.442154503671
0.370020749649  0.540552899063
0.436345132663  0.483135930432
0.509868140666  0.390210374309
0.48412282608  0.380103011023
0.384078210383  0.477070350733
0.465343768401  0.616960575517
0.51191945697  0.5346257238
0.428186667511  0.459406099866
0.494006989641  0.3855958589
0.558448351354  0.625645102811
0.279122092816  0.357147889404
0.378927422704  0.64867883992
0.349381928971  0.601612578885
0.694381797872  0.494842725752
0.530764840671  0.393188182107
0.340734926326  0.303774408506
0.565909148212  0.459601450122
0.498703490944  0.642338446581
0.564845358332  0.506069740188
0.463406964366  0.427732799395
0.533895734227  0.536936998772
0.605957713817  0.31589169582
0.389725559844  0.452414998065
0.387579490258  0.569986055586
0.451804494059  0.462124823109
0.69789570045  0.44674530292
0.692946939479  0.435226822946
0.342116227657  0.348649139644
0.556482196113  0.498173229326
0.313895742898  0.508845570892
0.397354183062  0.434420980957
0.455093520354  0.418236254548
0.220451931507  0.601117345
0.466576931813  0.568806505437
0.493260852212  0.532055383002
0.394259469248  0.507312992278
0.531589021984  0.481021895558
0.312180240061  0.394553065739
0.602344869187  0.457956732484
0.425587580968  0.444091154207
0.307851014143  0.657617611697
0.567403565419  0.456102052124
0.540079530171  0.51668308255
0.525334552956  0.409662571545
0.545233361292  0.524390387245
0.572378719539  0.415566635143
0.40526548384  0.425317022097
0.506975608856  0.44326802123
0.630158646511  0.447537065427
0.682095601003  0.507732411678
0.372420095668  0.412513101118
0.425512497003  0.423135420774
0.47661739306  0.459143115012
0.553921440952  0.40806656539
0.445410434062  0.562934848661
0.617089950849  0.477028193637
0.408877461609  0.55714625531
0.551000364591  0.337457011385
0.643854943866  0.399259958546
0.629435050247  0.528540085334
0.498143644798  0.353790482326
0.597542351661  0.463054346155
0.466383670425  0.63156388598
0.553473971536  0.678715917429
0.549357434789  0.579597161039
0.474992197549  0.48679378599
0.52453737042  0.452933850616
0.474068323595  0.379869370646
0.633408609233  0.560058859403
0.474835576322  0.39125222329
0.681940248441  0.37535103407
0.399988137039  0.620814262927
0.499315217496  0.627193990931
0.462583441858  0.37925759164
0.557797849507  0.308721181147
0.485244084018  0.522799469401
0.774339147677  0.431667388683
0.500453039659  0.43081420625
0.449178721214  0.53334149632
0.460842272343  0.406597937869
0.587822367684  0.446071689836
0.698513095646  0.589966960314
0.414175237094  0.638458058041
0.414804036128  0.327458534546
0.354736319678  0.457751334627
0.522413189088  0.593633730702
0.499642281378  0.460516324604
0.578920154214  0.573868127707
0.340162027391  0.464676169181
0.507215370501  0.529521702007
0.279703359799  0.515499779756
0.696483965148  0.490988296911
0.578266700616  0.536145803809
0.482783585625  0.49592651478
0.461347251064  0.545360714012
0.546216803101  0.386810235584
0.589540933915  0.377183148387
0.607131099067  0.276770323736
0.444300897188  0.422567955785
0.377056498097  0.336031768618
0.410860771886  0.40694653479
0.294002867347  0.499467651669
0.451533982885  0.426769499146
0.492922461528  0.569276185802
0.585573261215  0.34186475492
0.528911456312  0.506600360271
0.430132389574  0.458239254847
0.608653328848  0.465179659161
0.497508279783  0.399861125872
0.431705864657  0.373760718205
0.376286604769  0.436699183995
0.42343552236  0.259529488429
0.40422377852  0.481849795163
0.568531920809  0.289204691089
0.535672250765  0.65053663243
0.42877588378  0.497661761508
0.706171649026  0.429176371039
0.43184631738  0.426628983447
0.296870331124  0.477423248817
0.481185482398  0.387283199403
0.538208592015  0.504639136863
0.559819109779  0.550942033111
0.424862767239  0.398637791968
0.457597846611  0.407878732415
0.512288190854  0.497606207687
0.505772303243  0.660336637754
0.421464122412  0.437943255419
0.462852822008  0.465230555727
0.632601564489  0.415141672176
0.466137588764  0.479859084752
0.598065829834  0.483484308036
0.435532425283  0.551730341891
0.379090774046  0.702190505877
0.506759724384  0.411242126288
0.596399003527  0.415631078871
0.673867529433  0.504854214317
0.436923492991  0.314048941698
0.445557292705  0.572823052054
0.40699376426  0.505177566377
0.375477619455  0.579855689495
0.354807131717  0.490826380387
0.540136301505  0.606865569532
0.455850564679  0.393405595182
0.61438324605  0.666888639791
0.398385853909  0.363427267379
0.366710085328  0.336945882163
0.46153143395  0.452001252695
0.430406739804  0.445220609003
0.594221950749  0.572614026308
0.629211649303  0.497275552275
0.524771333644  0.478840246911
0.445398519186  0.50833729391
0.419424766579  0.369083592125
0.622037174195  0.442958452918
0.467046878662  0.481003314737
0.312062122177  0.438982809414
0.4569509476  0.421034373439
0.689689366638  0.4960777334
0.452116672498  0.44532234224
0.470988894297  0.555316829293
0.657456329993  0.414225089478
0.386262646279  0.373087179169
0.302810670321  0.521630948492
0.744990617727  0.460603155035
0.427879282502  0.386218922454
0.576978720591  0.481468295589
0.692407596986  0.371234072811
0.52554903247  0.500877515226
0.312111155279  0.433009935418
0.642759201599  0.511882565058
0.573367361109  0.596913709241
0.561187978925  0.423185544317
0.42098035622  0.502557440729
0.573197961041  0.448623430626
0.387061685212  0.584618144319
0.664690072982  0.519791181159
0.62893711623  0.367087150541
0.464524281419  0.418565008207
0.463097853057  0.587392465852
0.565368260008  0.446513190756
0.397557756291  0.422361889862
0.534572723139  0.516167694802
0.615919572103  0.591566887072
0.548260252681  0.594143649002
0.486376188589  0.296943480386
0.43538153795  0.47498511418
0.626662072147  0.80823100548
0.424970208978  0.560627242259
0.565666509303  0.476232678279
0.713470218267  0.581015565914
0.421741780681  0.5403888386
0.593340256638  0.65403777598
0.545417794549  0.399453390344
0.344254913676  0.364717797583
0.384930192783  0.376536914392
0.8243773647  0.539446285984
0.386872522556  0.421297291399
0.275661123174  0.530595173748
0.52235376477  0.47164567601
0.301927582532  0.427232460811
0.523223228964  0.369259287633
0.41261905158  0.287626388915
0.416783278806  0.434040081549
0.544391758793  0.360742018259
0.441303361235  0.540772557617
0.437861682917  0.519002219622
0.44175735917  0.44531754057
0.45706343996  0.413374608874
0.436290778426  0.51383158536
0.351642537927  0.54263888028
0.670180690629  0.47449844959
0.601088717443  0.335403152574
0.466504818742  0.612493301181
0.478099091039  0.369668617264
0.504914569647  0.46879493497
0.476228984447  0.406805045528
0.51247264194  0.450344611826
0.520791335132  0.474260679381
0.422216418181  0.635266158982
0.562501082182  0.421745183214
0.615477174941  0.470468893831
0.552307429581  0.554602351358
0.586828300533  0.445229585137
0.476516773441  0.658310042217
0.357678482185  0.623751138865
0.557750734481  0.542062015261
0.579398644359  0.503158413556
0.534190353092  0.349397307997
0.25424305166  0.50713393978
0.3913628326  0.530842909332
0.523246811762  0.433786608194
0.440977936111  0.64733316727
0.488901343878  0.34702036519
0.681145980022  0.609312522933
0.486466899309  0.520830637674
0.219380552264  0.5761879359
0.53639412692  0.385032908506
0.384020987525  0.399296908686
0.477299009547  0.422832696934
0.413573665533  0.520492009225
0.622499717029  0.526668223744
0.591443067084  0.25202877653
0.4158018841  0.592742267522
0.700347120969  0.36332565686
0.597353324149  0.609820211011
0.514284662152  0.611164941672
0.40020113579  0.52794362356
0.514810672607  0.580566886991
0.558710181435  0.427748111625
