0.506378505769  0.432094278385
0.676090367456  0.488570331696
0.498356326538  0.474171471051
0.427668736139  0.463141502455
0.515422609968  0.668555312244
0.337939618051  0.446019636953
0.463030345773  0.574375433018
0.558499448088  0.573201008786
0.297499468182  0.628572144925
0.391961615301  0.43871436201
0.67588955931  0.496130512577
0.45466630841  0.383030828229
0.538040861827  0.799237733839
0.611592991572  0.52181173065
0.472667020738  0.626435119752
0.67654728514  0.629954608915
0.4726646414  0.396031725154
0.459546084321  0.352760536785
0.484238355861  0.428162765237
0.504905978273  0.513811454341
0.676734639166  0.615900597448
0.475236648628  0.515608682187
0.562520242719  0.512477679191
0.446096427311  0.48686807927
0.463517746384  0.435027448946
0.283721848713  0.619681222784
0.374858513073  0.527037861963
0.495009131835  0.479964841217
0.378134896856  0.571195381689
0.449925181988  0.322602831432
0.561008625135  0.507312990591
0.479793854145  0.503181387437
0.525733338387  0.530821483107
0.615975556076  0.441846587105
0.51734628491  0.435872443818
0.513745073835  0.52699816276
0.491602401256  0.590506578877
0.296820318338  0.334687831238
0.448978083432  0.383874580502
0.477561166259  0.558156808668
0.360349460605  0.506849145707
0.531890947235  0.419883060009
0.497353141216  0.440744976209
0.590335222495  0.421056354098
0.405608530483  0.550673297508
0.621141866049  0.561938429469
0.511263648011  0.417650296087
0.382698775971  0.620931613257
0.457892610644  0.507897225686
0.390669143082  0.392513657989
0.712338464423  0.431287603824
0.494341274184  0.450787674103
0.649910150338  0.596717782293
0.654174957538  0.556828737308
0.566611232724  0.43971620669
0.507175037813  0.688984219254
0.438023055706  0.354019902214
0.568899085547  0.701054083258
0.653860544172  0.484044676942
0.417858522532  0.64335106268
0.522710291099  0.464186346192
0.529439561165  0.536726165781
0.576795334184  0.355075154604
0.443764414465  0.601159437307
0.517644891887  0.550885713483
0.515136752045  0.435431391953
0.555249931797  0.627588828814
0.596328542394  0.372222535383
0.471364106712  0.512841234483
0.402886776399  0.417756731314
0.511220369808  0.476431204394
0.571544818078  0.573073938838
0.585494158142  0.622437852332
0.652691673982  0.578192614242
0.434958972112  0.532285401775
0.309560477524  0.324543103332
0.667807416986  0.152708324065
0.445303490865  0.620285013974
0.379874535091  0.526853866583
0.212923073514  0.552270652758
0.564265154638  0.282386043724
0.463521875739  0.635246093065
0.515233794634  0.480451794644
0.437225037348  0.47607618719
0.633216833937  0.487758934422
0.451049013329  0.351710983752
0.443901818449  0.497219462813
0.33669861225  0.581280331384
0.409207469199  0.529984810093
0.578909818449  0.523982103914
0.585923208385  0.471742378397
0.496928230085  0.69226269441
0.531676264312  0.527879486983
0.542142416267  0.597599183565
0.353164783471  0.50808166385
0.397682126641  0.472236365681
0.579819779015  0.402219781893
0.461338711323  0.557120780926
0.554150656456  0.594207682743
0.565572801219  0.388924945831
0.642579855967  0.485742310077
0.492515442093  0.668966887197
0.494942984959  0.366633133995
0.667796841389  0.605245811377
0.271989548198  0.485369825075
0.529774591816  0.498881852731
0.424288545351  0.584281104957
0.38687844006  0.664992888875
0.565707543305  0.455490569716
0.439885693751  0.482802821798
0.368303596009  0.602733336498
0.455447023423  0.446190189159
0.624424496941  0.451122580459
0.56873561163  0.354716358367
0.505902441914  0.445015510489
0.512588831514  0.509569329845
0.484358221878  0.52094508169
0.249648763029  0.71142371623
0.514054146858  0.432849394185
0.592010120665  0.640217005526
0.256556437451  0.281295551752
0.329922637129  0.337263188297
0.415929095247  0.432519772655
0.399858955905  0.363490040122
0.450799577539  0.479482866251
0.476533170555  0.542279263604
0.533659913854  0.470465851069
0.452965213298  0.285172880711
0.383040235093  0.565014239476
0.51903420178  0.32619508046
0.391996587912  0.584387690928
0.502054008997  0.339243560047
0.557965983579  0.419064048533
0.564491137051  0.54531992707
0.668547319117  0.614735708905
0.433428087832  0.404898988095
0.513002100931  0.505716237425
0.493223695752  0.421384498871
0.637300118777  0.443234184509
0.479100882632  0.649799764953
0.651678952599  0.45686718251
0.54029657536  0.343376759481
0.405900847711  0.391608807792
0.558931654158  0.618068256742
0.44860969704  0.39775068901
0.570486708703  0.55267443129
0.500261224089  0.391563574973
0.510562262937  0.65334138145
0.558299940925  0.405756751516
0.400848849929  0.517920844204
0.491204512956  0.495064104677
0.4937069608  0.502964470338
0.598987054876  0.565179734552
0.439074919891  0.58335361946
0.435721129146  0.264302508566
0.356907941837  0.570807035082
0.590692325059  0.539339870096
0.340745995213  0.436828764535
0.56934911484  0.61961735308
0.695525957976  0.509327887753
0.495159482556  0.354362309541
0.536450133792  0.517903793
0.572594027153  0.669938614153
0.568305052232  0.224056693645
0.563576687268  0.462353635401
0.47342144577  0.356508612193
0.557574841309  0.463261769254
0.396333714292  0.5807412846
0.545152609391  0.432512595553
0.55389241386  0.399886151602
0.573705864979  0.420363050303
0.511591112519  0.428774256846
0.517635795588  0.703031700434
0.477440975455  0.514652759184
0.471188543121  0.498621642893
0.32792010599  0.498293574026
0.451152392525  0.600543011356
0.334572709859  0.47009098618
0.33254994895  0.511539519726
0.54253357129  0.490942001949
0.497992075918  0.692418111544
0.446543545044  0.562871957371
0.347761239472  0.390041918994
0.573791583858  0.537892718504
0.584131254077  0.708273140993
0.331504306589  0.466728119413
0.549604055074  0.497159123382
0.485641727221  0.354528734366
0.504442829251  0.660498063117
0.647370018967  0.538953113019
0.463614179444  0.606922382169
0.508031489679  0.468502866079
0.636662210479  0.426031107166
0.329054877672  0.37048104192
0.477801306799  0.476142533852
0.488985399855  0.593008213001
0.347076498638  0.396375646642
0.455195995999  0.301138640528
0.582896012916  0.598559312366
0.486241700211  0.456138901574
0.426527741202  0.316190526382
0.668749022416  0.394354259141
0.520949909677  0.452190736394
0.515153046804  0.690087197649
0.585160384407  0.493668038655
0.569075211765  0.313400171157
0.545871909  0.605439107793
0.408956503818  0.502647910676
0.553890705025  0.533566813819
0.437153000588  0.494417227616
0.651881767404  0.495781247349
0.475345874048  0.441538911173
0.626854223684  0.605783719795
0.558270678212  0.463932529921
0.727652668946  0.397484517621
0.546395812686  0.611971104538
0.332901314275  0.388835746427
0.618332072295  0.68417863386
0.572520041368  0.412410989958
0.704074762525  0.55140994386
0.53800447996  0.64308397022
0.517184006834  0.41795818133
0.491652633838  0.426258813626
0.510875357206  0.354625099908
0.522675108082  0.373244021631
0.411151826011  0.516979161397
0.424091887499  0.567090738519
0.347997579589  0.444400666261
0.478642621076  0.431217684094
0.348952311786  0.463040152689
0.712284678016  0.571730876645
0.524120366  0.298417600577
0.550471058282  0.530310848702
0.509685297837  0.383070043621
0.483598521691  0.407522233013
0.436283814553  0.43548842808
0.429856724265  0.514671226689
0.572897737242  0.432261442838
0.417463292286  0.355419384471
0.569418279603  0.64284225118
0.514309833377  0.367637686692
0.528119494459  0.765599701272
0.679463202993  0.466936411182
0.471472939643  0.526265642124
0.435732731582  0.505384223965
0.657594862594  0.42265509261
0.488402773037  0.532741130593
0.47948621112  0.53347541559
0.700913974658  0.428187995357
0.448287546996  0.462000597766
0.519194465222  0.577615025025
0.623607962232  0.395052592631
0.494146316572  0.456034258361
0.508415418523  0.527271222596
0.599763961373  0.358013089517
0.413528763202  0.454721359206
0.308082357087  0.363810699893
0.581005733572  0.392185737704
0.618709216466  0.533640790838
0.401466383704  0.510263113492
0.387354306124  0.632222461828
0.402338400444  0.477619720865
0.624681080246  0.469525731503
0.448122965064  0.518425148382
0.38909544776  0.334422764504
0.487252308013  0.435655318739
0.580110183757  0.338481933663
0.446702231817  0.54681748268
0.510804288942  0.67441327865
0.465929655256  0.524516668342
0.567526964363  0.713353217784
0.546770799228  0.449520562627
0.352801222462  0.505840727512
0.502203912875  0.52805533847
0.366278541139  0.659028681868
0.463896972087  0.52774846854
0.448990453706  0.541771181255
0.471694016974  0.549391763825
0.478551881283  0.671218713814
0.62705732363  0.574431499135
0.614484241027  0.636650517041
0.565012158379  0.688075425322
0.604908446867  0.542552292255
0.496827208269  0.441925716728
0.501685277522  0.693812407215
0.522320541559  0.297063617298
0.544955817562  0.498524844668
0.514803206373  0.56722426985
0.407185560057  0.558279206537
0.410800433566  0.485872523253
0.580830351485  0.679057493202
0.504968200593  0.590036327464
0.666058528736  0.567870806124
0.765451124073  0.573801371639
0.415790125327  0.31969006426
0.526355937617  0.436967722954
0.434611000698  0.405838939056
0.13866915614  0.67255677842
0.539667528679  0.460537838645
0.541266160025  0.593427844371
0.567196606576  0.568581163563
0.446418678751  0.478162891195
0.729140039161  0.516610897654
0.553120165712  0.55614758112
0.630708038681  0.319625808814
0.444510013699  0.296161190671
0.302265522085  0.49149080814
0.261771765383  0.479574275752
0.399662456497  0.582468096223
0.44855474528  0.475332293779
0.473900326328  0.387391919163
0.583120967857  0.586298043669
0.539744250402  0.510407253477
0.280880945423  0.427119054071
0.547282267987  0.273188583713
0.603135898145  0.544663320607
0.546547207598  0.486216167802
0.386276014286  0.249255048775
0.266192776057  0.501917517254
0.60344747046  0.53532377268
0.441295699045  0.416698488958
0.480352401713  0.531945579519
0.39622511026  0.601251682341
0.592659169077  0.497361409868
0.314659164146  0.462718181411
0.471366446035  0.600058350358
0.325365166452  0.662141019786
0.564356680795  0.596699821257
0.736589933545  0.401627349652
0.657237791336  0.438721966474
0.496364670204  0.537050823072
0.565976176277  0.585819588991
0.384491640768  0.657089712963
0.47263981878  0.574595009265
0.408617908632  0.605956348911
0.515060306696  0.568432437139
0.374906328134  0.341887401305
0.596400787407  0.391478388436
0.560686078567  0.497845167717
0.250373953986  0.551140118329
0.526263692196  0.734126890023
0.375217943171  0.41706067589
0.478915668352  0.635498230524
0.667514749534  0.497814198472
0.477058346407  0.461363623865
0.620693505605  0.389847488141
0.70786285302  0.677338051173
0.387052978398  0.680556132186
0.36323196792  0.227671274818
0.283873021487  0.418596182208
0.427545909372  0.347182464367
0.717902601208  0.41248930031
0.46264186959  0.456720770889
0.434905927946  0.607171697165
0.501690014096  0.497662957927
0.647241547336  0.371115983007
0.513979898758  0.627177657696
0.458097281268  0.435479240197
0.386750432503  0.541230572846
0.400190591726  0.449415191698
0.486262629763  0.489024314858
0.478285062167  0.31282740907
0.575775245535  0.463611400188
0.600077804599  0.400672874697
0.546923940312  0.512690878624
0.382190329375  0.419897318178
0.380142476366  0.401092127526
0.428775572691  0.530546101197
0.559116260318  0.636607875754
0.581611722395  0.50154555121
0.55327733841  0.553402393978
0.448508185632  0.565293486961
0.44099878572  0.3973409634
0.446886336838  0.432522561741
0.42995898201  0.498572798527
0.533411517583  0.518370476491
0.419581364021  0.577477909196
0.711311284557  0.480434549378
0.61150437061  0.472875564314
0.451671972924  0.404947397319
0.492518048627  0.506492811017
0.463119319271  0.422187131511
0.408454392763  0.424726897731
0.582073360806  0.646985789891
0.423145957924  0.426381926007
0.437501633705  0.489595569459
0.601719094854  0.430733160506
0.614555379207  0.553998997578
0.301721655158  0.466753397966
0.565413503281  0.465242512024
0.456201186643  0.51999227363
0.56981659512  0.569700721063
0.670699661477  0.612110480641
0.519603798209  0.555889978014
0.452135152125  0.532219461716
0.502272016071  0.349352237036
0.419997556869  0.595209876165
0.306194909228  0.270801393794
0.569588658069  0.507983942033
0.628114755566  0.517011962247
0.374632502669  0.557770570507
0.539952812478  0.608007874509
0.50340711764  0.364579580316
0.518657053913  0.688326234121
0.498589408605  0.338660193661
0.386628566535  0.614510042281
0.481778722688  0.524163633186
0.545943746997  0.658820464712
0.479481524707  0.61042151333
0.463464730397  0.47147618934
0.639787981077  0.484217225402
0.401442932343  0.484644437016
0.522276945699  0.540857753914
0.546512049492  0.646066042206
0.608853070166  0.488178549793
0.494076532188  0.630342642634
0.717503008429  0.46395707731
0.412911055665  0.368164831618
0.608466774692  0.54491385319
0.566623730401  0.281173235042
0.383053901237  0.560677182678
0.499988983729  0.744161411478
0.376484646093  0.557168486573
0.343613551861  0.650855450038
0.679192686364  0.584783912792
0.506480303361  0.503779396484
0.615302897231  0.636667887836
0.663056431976  0.46979829901
0.555341078943  0.400506371034
0.397111818776  0.4147023978
0.394786229075  0.526007570618
0.387808682309  0.472766683341
0.44209894622  0.681011089807
0.456305026271  0.363740421274
0.422659773994  0.464021726767
0.519710184069  0.643709937142
0.413473053406  0.592447298326
0.432645872253  0.464843344978
0.531979662047  0.553334299277
0.563498927159  0.40436764621
0.476111642096  0.542656019921
0.513481575559  0.578061927421
0.584767462138  0.640820101331
0.582266178872  0.43176941317
0.450568150542  0.668963139652
0.539859277145  0.505259745943
0.563551379375  0.50242652744
0.370768993089  0.520733497681
0.365838911078  0.351047781629
0.504755447744  0.491856046533
0.38621233832  0.479406419626
0.342101274021  0.340693015335
0.551304957462  0.423604001724
0.410044851015  0.438272484013
0.362501742677  0.592355341872
0.572255468104  0.462234524722
0.411013013205  0.422916214163
0.610841214597  0.466080409391
0.5066637984  0.408485092931
0.533472945625  0.508398604278
0.501786627123  0.74124824684
0.406070785918  0.52431945911
0.332691752327  0.540832502044
0.452725407173  0.401408522275
0.332872783447  0.569644649071
0.520088116931  0.475375869348
0.491140567448  0.504387801297
0.678680718731  0.567167276908
0.543149093046  0.55536608675
0.420362876356  0.645692353442
0.596064713376  0.558964892393
0.351513084757  0.508970633245
0.538903188612  0.472977244875
0.386299322273  0.538885739258
0.477673742927  0.570205120697
0.40375542125  0.401297566092
0.525732249937  0.410305822558
0.420932631426  0.363990212703
0.484252218661  0.47894376097
0.531118506274  0.65189132085
0.482672324343  0.332273350048
0.588058565104  0.509568664075
0.515261833299  0.526310578387
0.461083746792  0.664527953653
0.322067776324  0.439188279295
0.590589904949  0.606797008323
0.553734774276  0.349703599407
0.390743956999  0.420463311933
0.517117144231  0.51357178883
0.662278468599  0.459484876215
0.385320337932  0.462053523219
0.552503884946  0.596733149442
0.57128217797  0.510447847596
0.412665734102  0.381863881235
0.545470407211  0.407365963228
0.318070474131  0.476670438359
0.432210019009  0.700810851154
0.646883650928  0.451488864085
0.652304843863  0.425705177516
0.653232747784  0.563756145419
0.431394164763  0.696934073743
0.477630934694  0.601286956591
0.51034490276  0.458818184215
0.628242227199  0.538383382613
0.380468359126  0.528937376465
0.481844947759  0.627596500823
0.403755499007  0.468269612951
0.372318016902  0.505989022841
0.379574689663  0.468170900011
0.429829540793  0.468204620807
0.302217831687  0.59066170399
0.560385014745  0.616589597549
0.501478119724  0.418820814272
0.557780256201  0.335304008867
0.425117286705  0.570990090558
0.571482193124  0.434454228954
0.513964533182  0.461835739941
0.693033058023  0.344321612172
0.460588936798  0.450548740377
0.487222413681  0.504609255087
0.582860305835  0.635422641849
0.607411511109  0.466730789022
0.493358212895  0.484070831871
0.470500692365  0.410048954198
0.494659497277  0.364339691327
0.475431680379  0.565623681413
0.328062478834  0.445522208113
0.383478564743  0.482531683977
0.537734051979  0.474548215708
0.67567867105  0.538456168849
0.600871652161  0.503770028409
0.430431016297  0.519859741931
0.418236866354  0.538924294594
0.493829355253  0.36432766412
0.540828828158  0.514771212865
0.541920298862  0.55176588986
0.666060946191  0.475593677743
0.384423372145  0.536960901596
0.60230415211  0.396388255905
0.543272275746  0.556010504851
0.620304139173  0.723743624071
0.405697884224  0.540242373448
0.615467833877  0.623221407529
0.570615873928  0.656836641863
0.352353648964  0.534664228964
0.367129148168  0.612673143979
0.648147007517  0.508832816671
0.397388753656  0.682073993759
0.563758514718  0.526379989931
0.401598140407  0.529726184221
0.598675213517  0.567938232693
0.645034275055  0.795150608337
0.42967728626  0.636336861962
0.318199847877  0.402115718657
0.641067132408  0.434293746524
0.527084745067  0.435429684131
0.357293334215  0.503593668277
0.53693228118  0.397255462888
0.36451919354  0.500703736061
0.562676521004  0.467764667209
0.406729512287  0.349760519271
0.392740883341  0.287035353665
0.39831664474  0.528923150953
0.404704405146  0.55108646667
0.379741958868  0.439451767922
0.504474675581  0.469100947376
0.376469767418  0.426684349051
0.523137862741  0.511030169047
0.506970042909  0.490377621827
0.394786192006  0.622293055332
0.704913633454  0.401928105458
0.454468054654  0.405949872524
0.430957240953  0.615660488893
0.54873967869  0.390571046931
0.431098199289  0.603263313728
0.421217047851  0.377031540788
0.481458511662  0.548616002121
0.47935923282  0.430588361753
0.343680122167  0.496084291245
0.533066332753  0.53505966879
0.374480070395  0.435855470093
0.556336526605  0.579870518717
0.503632060933  0.419839239829
0.610595394757  0.572562534032
0.53659268568  0.533531286813
0.534371356828  0.452510991683
0.5429014937  0.413482130115
0.577437947188  0.456707880244
0.491905035515  0.455537170755
0.684442520991  0.631313744838
0.585088483772  0.525785872066
0.510679218833  0.468007427553
0.45229653623  0.595725958786
0.455443265329  0.544276717926
0.519603234209  0.483180555922
0.353180645293  0.380239159332
0.60065774226  0.606978856974
0.588992675185  0.739944773753
0.624466571215  0.646694291582
0.505236895954  0.30781213482
0.48106791722  0.536579190647
0.562084106826  0.452990543284
0.689895078055  0.541970758101
0.54476416888  0.360004822255
0.334766821616  0.517575433704
0.647907820436  0.398429832238
0.450040160646  0.50168271113
0.502921819693  0.394499649741
0.577069849237  0.500282102542
0.430499189284  0.724612153985
0.476294262748  0.390820581516
0.487755460384  0.547303724494
0.379439170513  0.60129343487
0.442591053316  0.611452959804
0.592899307559  0.547495759507
0.595856042559  0.687340825141
0.460350575299  0.614016196817
0.624912137287  0.498763300346
0.400050108482  0.529516401262
0.458476968056  0.527427711607
0.440548310308  0.412396194882
0.484727698006  0.563761696353
0.579389114732  0.530597999215
0.302721902411  0.585166909099
0.334061782873  0.556612800508
0.558439538073  0.556490540717
0.525072675642  0.511939769003
0.49073462468  0.546182856242
0.393399603384  0.299960198907
0.494839214062  0.615659296198
0.336718462706  0.542022616381
0.552066391772  0.42660761948
0.456338273679  0.492655397361
0.549196430157  0.431857580939
0.512801897796  0.492326337019
0.444642255948  0.370000995306
0.526062491388  0.546159078233
0.494496036383  0.367000448207
0.548032352114  0.462594601538
0.384764084744  0.599197757038
0.536581634417  0.45924914071
0.523426836137  0.502926994586
0.495552687148  0.384934134773
0.430848813774  0.443600710376
0.397743955115  0.503929123833
0.408287087921  0.449597594953
0.446923315823  0.471490275172
0.64955728081  0.49560130596
0.426723260758  0.536891225795
0.456962886355  0.418493140317
0.454823146229  0.691469750883
0.384715910038  0.560004067954
0.341498665045  0.498305792438
0.580460551962  0.502909880046
0.652954026427  0.661455824948
0.42632724359  0.527528321409
0.486953963398  0.48786906356
0.501165194544  0.441980854567
0.450248343413  0.673445671263
0.603370086676  0.450116856249
0.538131831792  0.458521710014
0.376608536558  0.520911862872
0.452859570725  0.478861073989
0.43874600058  0.56269363615
0.365419017755  0.613651486936
0.659876598958  0.49684705463
0.564125969022  0.445464078004
0.605671743725  0.657946181298
0.538898394093  0.536037579871
0.57288542049  0.508781980402
0.634543725075  0.59072542009
0.502062913147  0.417294997154
0.449540720727  0.483352455421
0.273098000392  0.621084394428
0.631903222411  0.374762914567
0.71792406433  0.444378093108
0.612437495606  0.337651817622
0.194231760692  0.341307708546
0.500288551509  0.435017124369
0.502845985199  0.455357546237
0.510288695334  0.316247621343
0.390356260029  0.536969416316
0.506258379182  0.519991122404
0.570040117747  0.357824820998
0.671143333104  0.669078488167
0.46795176667  0.667339837891
0.531690401211  0.495362468332
0.501669933682  0.549194665498
0.486792595427  0.529050173584
0.448424034714  0.431431480608
0.617282322779  0.446514680825
0.489229608417  0.352434349139
0.456398403317  0.479765873283
0.43375797366  0.472006918799
0.585275801793  0.384701515056
0.53742962231  0.410186036213
0.312327621125  0.341940791322
0.639157220732  0.442862920251
0.42868161649  0.561942003569
0.396059849084  0.55860628827
0.539736546349  0.386364157946
0.56762099843  0.413593162893
0.343376740614  0.527157619441
0.313369832376  0.455959484502
0.647926560559  0.484008194508
0.60928600518  0.44631720526
0.444884262297  0.456666558223
0.708911642118  0.682136582199
0.48241557612  0.316569807985
0.365261091018  0.40617331339
0.330031830853  0.411129678065
0.486158058773  0.474787936643
0.475945652379  0.432781407467
0.519465903192  0.574022963903
0.440980997086  0.486119613156
0.594162843304  0.626500392579
0.362271065838  0.593884280224
0.626262117175  0.43647959658
0.632219002856  0.334326842607
0.504474643965  0.582699400671
0.401073273761  0.471223440244
0.54662886934  0.537312826408
0.466347987195  0.435212993428
0.43377502537  0.440189783072
0.824510664892  0.51197192843
0.385686428806  0.576039306308
0.497986212493  0.530080846309
0.439079008604  0.573667423675
0.616529255464  0.495557086447
0.527893256425  0.608783756258
0.481533828802  0.43249641097
0.466582076596  0.459228946874
0.622025168965  0.56545159546
0.416279855341  0.409737814519
0.52516471388  0.539967384594
0.542791266404  0.540736236582
0.468047084333  0.621515980243
0.456986317285  0.432476928172
0.509119420761  0.440706391673
0.537334014343  0.508410851318
0.70688116081  0.510197656356
0.395192346773  0.566052263651
0.60751146775  0.437260576933
0.505381276629  0.489944652073
0.614385436072  0.380198126737
0.418505773262  0.584730505878
0.528823113347  0.40980473806
0.5910597434  0.500194556385
0.440009776688  0.494746869424
0.389938736342  0.475640713808
0.483466542535  0.417348492131
0.553755453412  0.449063603421
0.452726956547  0.700291149443
0.478781831395  0.423842319571
0.534274440715  0.379180434938
0.468890423407  0.301718766832
0.576147989827  0.382624876646
0.52681601077  0.520798327269
0.360639624705  0.59137170777
0.528533396575  0.434244199982
0.439212029056  0.685212820194
0.609508950317  0.551411350264
0.37008369584  0.439139501593
0.435312466149  0.625117923511
0.459701427784  0.556444419075
0.453215157858  0.355298626106
0.510848410474  0.543667401196
0.519411449187  0.557000791063
0.528063221073  0.4539487013
0.645683458244  0.626497645465
0.457667129819  0.62226561836
0.676374539742  0.50000225288
0.50409545286  0.513361053276
0.35322522749  0.431630314267
0.602561632529  0.242982154037
0.653946470209  0.371048337579
0.545979041117  0.348981216836
0.45729536343  0.523438290853
0.608818288153  0.545397743838
0.520002048837  0.378476479056
0.368581592607  0.368068384988
0.444593832645  0.486597404646
0.468749543062  0.454567256285
0.566124016722  0.452927307543
0.566736988416  0.562986140901
0.440694079425  0.695855797623
0.510549181781  0.542291637251
0.480920513777  0.667840749731
0.540856082125  0.585972037227
0.55534567795  0.504448312155
0.373509826963  0.494209546644
0.375803929697  0.263503684687
0.466509456155  0.347235315245
0.603033321036  0.50244954274
0.457957959503  0.54765238944
0.634538167284  0.563493588696
0.412461569655  0.411949186474
0.5442607672  0.48013504179
0.493991652027  0.406136690094
0.490220946244  0.317236568868
0.503223745566  0.51220711326
0.531100036614  0.431993984117
0.497788157362  0.46642009356
0.453497735924  0.543340186196
0.53978234654  0.47348628215
0.529665772063  0.605015846513
0.480975901243  0.214751929907
0.504306503471  0.505696797336
0.380817023618  0.457737114832
0.451472077996  0.525382140901
0.433851811961  0.48857435769
0.6708353743  0.570713792488
0.401778102312  0.403689356866
0.648574050499  0.538973826076
0.48148454314  0.768926977931
0.495032623525  0.537698120212
0.423058893126  0.493848300616
0.529221568742  0.572068502135
0.856273042173  0.310282416199
0.559531950399  0.525138235395
0.264001252787  0.448370269691
0.6849812553  0.560900639054
0.628149882928  0.383180983905
0.585784555365  0.447851885452
0.486925979884  0.570073625891
0.477017528847  0.618808219258
0.536990120366  0.476748864411
0.443053925009  0.437545479293
0.474610964801  0.532806483868
0.467375298922  0.675603267449
0.734782553724  0.450008159873
0.460950560884  0.570164621289
0.530382608351  0.433134923246
0.473152494458  0.517290050724
0.598474321909  0.508795055142
0.526922117707  0.471283383354
0.518786069556  0.633583372803
0.498473671539  0.342483101077
0.563985279561  0.530595755987
0.47798537912  0.549564051046
0.488752682578  0.280286570493
0.478595991603  0.521773924341
0.522510807849  0.598800442897
0.267415112704  0.303684138891
0.567352209476  0.549243535852
0.495211015826  0.57210766087
0.560180953261  0.407265151322
0.531142676941  0.579281334066
0.437421897316  0.574069005176
0.245516122587  0.454516656333
0.467190620068  0.414971211513
0.572243864253  0.515653533597
0.211992897875  0.550615100063
0.427259039001  0.563115899869
0.560108462656  0.509852741618
0.407582494526  0.464761045797
0.474745252781  0.609808725123
0.57876805287  0.592458111383
0.636035486307  0.389987508225
0.375033365753  0.500281862049
0.424861441725  0.561709530146
0.595606748397  0.433417766522
0.433660261697  0.493434484229
0.421209771671  0.655647073269
0.411567560944  0.478947266693
0.599795476106  0.683149272861
0.610738261375  0.456011618004
0.448018792094  0.451879396842
0.419191157582  0.526246238661
0.505065967362  0.422940123059
0.478719910649  0.641856025711
0.577079370394  0.476075646427
0.288770740576  0.519732512861
0.459611488793  0.416436988173
0.44301373042  0.560514285893
0.527746953874  0.26775656538
0.506824322527  0.551019977981
0.575687307145  0.579058151453
0.393097963797  0.565188919989
0.443388118648  0.566102440101
0.520835974982  0.549666241114
0.360469115046  0.535102251442
0.526079912113  0.544743153119
0.331126938943  0.408807903725
0.319847953041  0.482727806982
0.556645564065  0.609199930848
0.647762776267  0.554137440019
0.539431722437  0.365988911165
0.268659392458  0.453841339714
0.376942338252  0.5518011997
0.454494881155  0.560286943358
0.606258317979  0.358095293563
0.503921329487  0.305745032504
0.501684026959  0.483159382816
0.533888932802  0.703910634359
0.400374548745  0.45697094432
0.398667503002  0.348704229844
0.36324396233  0.48261885206
0.561779956392  0.578112397564
0.493503741467  0.492183410324
0.565559939053  0.391861546053
0.378991682902  0.391122209786
0.547234735737  0.41668781477
0.463916615355  0.482854102694
0.472898671012  0.569652030414
0.408180207473  0.505451022173
0.328762312794  0.46867545967
0.438330243993  0.48615176305
0.555384001763  0.691940831483
0.470539796821  0.531393272791
0.396025314605  0.482200800826
0.60684088124  0.431042488513
0.592640621563  0.707157945812
0.544228422963  0.486122844196
0.605687031543  0.612775465845
0.468063946125  0.400073376524
0.567873164941  0.766198134544
0.427825238905  0.47562076152
0.466582115912  0.494396888176
0.506222422709  0.513551952808
0.639448627493  0.53473703109
0.488259830573  0.535825488042
0.501299756383  0.532976899939
0.476370318229  0.503567991247
0.566475697128  0.598548130983
0.55329049709  0.390210089883
0.543075203489  0.479562701158
0.549009698941  0.316359222034
0.542025640363  0.47234263348
0.514340758308  0.488867617135
0.716593039352  0.424515356197
0.570743738664  0.382135734416
0.616099868261  0.513716832229
0.576186542936  0.59179581246
0.517503039293  0.503726345286
0.493488424214  0.499242931485
0.484132990207  0.589640509122
0.45841414863  0.509996727634
0.526785686133  0.387452560428
0.569747218294  0.332428831927
0.59090200017  0.512614355776
0.53844847837  0.423795080154
0.690758244385  0.339620424756
0.454281690691  0.54645114762
0.307472012712  0.57589164739
0.632810967467  0.455668795844
0.514541315037  0.59096840575
0.630661757031  0.429862939299
0.551947750466  0.5747595918
0.666726007363  0.520348809851
0.437303663531  0.475915995249
0.41140539075  0.500869286061
0.632557299495  0.53695670768
0.561260201471  0.314373057329
0.465339188133  0.563427073184
0.416581711694  0.470734278293
0.505639509404  0.53421731787
0.577784785205  0.435433670814
0.509693907823  0.344345815342
0.431739493817  0.327914704269
0.440365843979  0.466644236496
0.506055420763  0.534485516563
0.293203961571  0.523274270508
0.368958861057  0.393579526914
0.560504201371  0.491343401409
0.666999631243  0.453170894077
0.473706120088  0.410813840205
0.387909337973  0.543702403709
0.428566135497  0.504513809682
0.50641225309  0.641601944601
0.551928234727  0.472639678744
0.514324936295  0.477868290107
0.365908582344  0.450551491171
0.560217570709  0.542287305278
0.464791658942  0.615365093223
0.400471970121  0.450535754467
0.499233580334  0.411153754395
0.511317629009  0.494742250136
0.391023752585  0.524389583924
0.416578140694  0.574253299854
0.512366675769  0.284371267727
0.671618245136  0.540907974451
0.354622098705  0.459832115954
0.312086065708  0.514241891672
0.689239169108  0.467519612533
0.490140955433  0.418072295714
0.582655534381  0.483003425463
0.286931736719  0.481670538517
0.527469118037  0.454109590932
0.38929250525  0.633448372217
0.376350552486  0.56879139618
0.531083612921  0.376968884856
0.271970685296  0.384689512023
0.381419118498  0.484718892418
0.474620718022  0.577157992627
0.406520678211  0.457533815597
0.380611162623  0.648571111734
0.387044710629  0.445616659048
0.467735403128  0.481880976477
0.583245337825  0.466632168664
