0.579711222644  0.314948719835
0.614988416074  0.406759250777
0.375335167676  0.633877844939
0.503190905603  0.607981096786
0.435240670534  0.628320661242
0.54341144416  0.444342809299
0.544008179039  0.316218981544
0.444972259561  0.42030444109
0.418833124853  0.532332997434
0.53506675226  0.466781394547
0.211574277904  0.365970930309
0.526054205376  0.493015612895
0.513681883519  0.377037968194
0.396489717741  0.5900864134
0.365155289797  0.576083403109
0.343383360824  0.304315599574
0.632856288178  0.481506721546
0.81062986758  0.554080100132
0.4763660125  0.383704759677
0.441132847475  0.63299553538
0.310067206323  0.402049173108
0.581956828561  0.461990094906
0.530749704042  0.628640755532
0.635928298779  0.533072722485
0.550888069151  0.64294213101
0.568108030155  0.491124606493
0.489804349691  0.433462173939
0.390640085972  0.575112031738
0.53298489389  0.630265807868
0.467008257478  0.285921732407
0.542237042189  0.472049100552
0.492122084814  0.550863750841
0.540491234806  0.679147434429
0.492549435469  0.593012666135
0.518416126169  0.354547424015
0.449183246196  0.510244895277
0.373377796516  0.610637700523
0.517235218271  0.597747531029
0.537615748816  0.556289482231
0.332286867365  0.632073557618
0.497409055271  0.525819236849
0.518999170598  0.520483046173
0.457116466492  0.556708572734
0.538305305995  0.501126989586
0.616648268542  0.612795576192
0.574268089016  0.355683608262
0.426699081898  0.447215766237
0.6222428838  0.455099147199
0.610795672121  0.63586693428
0.501047131831  0.445579538454
0.521702172096  0.56216447075
0.400259146757  0.441358781567
0.492954415459  0.286311860948
0.51867227023  0.37530685382
0.43346126405  0.414853954158
0.61236548458  0.518071638081
0.358318044746  0.335927211929
0.46392511649  0.412265057416
0.472627313001  0.511562114841
0.468509243116  0.500598350555
0.408349060616  0.642774819418
0.490965438237  0.57776840035
0.605559703379  0.388241760438
0.501369752123  0.447201888116
0.630337621967  0.420807588465
0.416565632055  0.561369629462
0.527051975718  0.606901906695
0.447916593083  0.590677195537
0.564998017774  0.578469786559
0.435373994251  0.449596013568
0.532875385341  0.539294950692
0.525093671164  0.571065772174
0.613077757825  0.403940808698
0.485636481055  0.646241986207
0.695139549586  0.517717414094
0.355734732423  0.188271184909
0.401199624346  0.481392790443
0.309241503699  0.446229676119
0.479122325607  0.570383002545
0.559259129194  0.570319189607
0.407669731327  0.523324413703
0.351746312982  0.60531990846
0.639171550124  0.479640363571
0.701233779506  0.456474104937
0.67072069534  0.52527789862
0.494243381405  0.364328769818
0.59802931727  0.639062314128
0.619149296508  0.455842810884
0.243028065794  0.514415713354
0.604296937041  0.279865719831
0.414248677279  0.531504108685
0.332576743363  0.610853163283
0.517491633878  0.571184591474
0.582350427723  0.652283235889
0.580707632085  0.450196213244
0.521463968995  0.379600335731
0.506604700884  0.587092854284
0.407913061852  0.451971201506
0.560646677578  0.386246350165
0.541628804631  0.570750778432
0.738598384285  0.489988260027
0.310593771442  0.505499690259
0.64577644219  0.450180807137
0.442901221526  0.32146336503
0.569218035242  0.201348090298
0.389961122637  0.452605386832
0.49435703127  0.415205919444
0.505935754876  0.532537919296
0.465044837711  0.535364968775
0.442622470787  0.436750572637
0.563623760615  0.637973589078
0.499734878599  0.502281993785
0.649912723283  0.391485614411
0.457225815802  0.521329635766
0.454109864406  0.557428427728
0.36082777221  0.616898686866
0.478105843672  0.478093119954
0.540617636424  0.548826828897
0.398922044937  0.545297933433
0.525942213888  0.252505094944
0.536043257207  0.563527439562
0.355157052157  0.527544111602
0.401140702703  0.441816454868
0.458370345709  0.534172679909
0.475119273926  0.614159917593
0.557722384884  0.454037419271
0.471621272808  0.539991365155
0.649781733749  0.392175439638
0.607076268056  0.496159655776
0.44877191081  0.446596337815
0.588723155358  0.59367347943
0.388656149019  0.283182278648
0.352386370568  0.42520173374
0.584321901076  0.513087652247
0.474654156718  0.584467632971
0.433002584315  0.612823385801
0.521000195929  0.625054972246
0.417508349783  0.495650609654
0.447463070542  0.638713699656
0.524448996498  0.487347588779
0.506511773371  0.569415586804
0.407996749536  0.522451817871
0.506689384741  0.549833738852
0.687291154479  0.538844694623
0.607115160732  0.334350946776
0.337034384199  0.519347632559
0.48558176828  0.586405311535
0.677691839782  0.553575203211
0.583605087451  0.469522876442
0.411690512705  0.39624980043
0.47058202469  0.464741074368
0.26270788351  0.444886388424
0.523715055858  0.558359595345
0.530917735669  0.610841525065
0.363712532567  0.542030679952
0.419531017314  0.435508359032
0.497342962311  0.644725851821
0.489200356955  0.383393084709
0.58684084908  0.411054319643
0.320097635218  0.650231807091
0.262285559126  0.724688376775
0.552803159797  0.572686491356
0.403397465076  0.481774875016
0.25106575467  0.467683319113
0.580373469026  0.557307631488
0.438656521411  0.56235873481
0.39638750915  0.600765262876
0.508059740925  0.587804801442
0.512237782139  0.445073636236
0.689500726053  0.575296544902
0.462896177279  0.610944825452
0.412407651504  0.510471961158
0.433901697452  0.620087287335
0.455854332662  0.521777445177
0.527675248379  0.560251128928
0.52907384614  0.590553483617
0.501858310503  0.613941902595
0.650652613387  0.45215181341
0.54845184139  0.422840670188
0.578508107809  0.435923184551
0.543389959151  0.53731612789
0.553835465846  0.225256401825
0.6890868596  0.571456932663
0.538497869208  0.579910493244
0.673639900855  0.635583704003
0.534974279235  0.347842897412
0.384868596672  0.492109280028
0.527470633719  0.541213972472
0.440069442129  0.5225320733
0.392565083516  0.359395931813
0.42014005557  0.517738092407
0.366452370228  0.503122249801
0.529048653598  0.517143999106
0.524211214287  0.540911897525
0.474301816235  0.636878408161
0.56751682281  0.59985278496
0.354536977292  0.446520001364
0.407741110442  0.589123470714
0.49150384096  0.580927345943
0.592362893406  0.520852331165
0.332583795938  0.735359400039
0.552338957454  0.622268987106
0.571760207735  0.543057417677
0.451611930399  0.454831945031
0.276218355147  0.39913632963
0.498356561877  0.341991918969
0.355621222449  0.522028192527
0.601939091949  0.479479476108
0.474012707204  0.63082810182
0.659882511455  0.438471453787
0.380890675557  0.474109134022
0.648867670995  0.399206589765
0.470346918211  0.44888887722
0.288613263295  0.45367452065
0.557744141395  0.492335496933
0.484190818278  0.387108179218
0.507729109091  0.534112769195
0.220994278946  0.401811206208
0.307793247392  0.560914648994
0.336243989786  0.417870928499
0.324785797757  0.47623571847
0.399361277916  0.554355452865
0.476659219158  0.338499323679
0.443556462684  0.522825936279
0.447911298539  0.612938926496
0.370307279014  0.452456510293
0.586865518417  0.424795632573
0.613042216034  0.467927720435
0.453606110914  0.605883037868
0.524729005992  0.365996251252
0.568378626741  0.520096502948
0.570896672942  0.445636113946
0.525340683492  0.492985303459
0.592993476754  0.478036522487
0.594924576942  0.331605593062
0.621746653132  0.473252767305
0.416509288187  0.588372430708
0.526949220451  0.621259056405
0.697941928338  0.590579160172
0.351687546639  0.574812586519
0.638025353557  0.517287417557
0.70995758768  0.422975166948
0.445280090968  0.354966684473
0.308393855743  0.632385185628
0.431345518878  0.426601673816
0.530132699976  0.592491311278
0.577630018315  0.351425028598
0.333796531282  0.526131134499
0.443813683016  0.569308974276
0.401382041675  0.529353145434
0.667975599566  0.611720833446
0.303689261278  0.55451572032
0.650633418445  0.571578834066
0.561244920977  0.495606808344
0.350308974174  0.600509488837
0.554525804265  0.609028589903
0.654751692285  0.495868734206
0.542158788833  0.5912456642
0.490039495021  0.399115691193
0.510183324415  0.6432632765
0.42856389849  0.66180679249
0.589847294494  0.567099346969
0.562026795474  0.550831731033
0.625843208358  0.47697957849
0.448121061953  0.482652125032
0.483920284886  0.61434768917
0.500276747219  0.541021888247
0.380771907326  0.350637550531
0.425739976682  0.433683149294
0.441869934694  0.381847849603
0.392260318352  0.320439707688
0.686122349763  0.402767292832
0.50691371654  0.382445167131
0.405723247729  0.427456356429
0.499507630588  0.592473671271
0.517126552712  0.689025243106
0.38130672016  0.417981770167
0.452765046152  0.533608937837
0.475978011309  0.436667957744
0.557700956678  0.435604646802
0.322627488705  0.324497295917
0.510268091068  0.38650351912
0.776179683148  0.450043685104
0.480951690981  0.503024918077
0.601519987145  0.667842574881
0.518005679104  0.663582503145
0.593111370661  0.46282080022
0.517622157345  0.525070463584
0.484592087445  0.378593467763
0.430218278096  0.473851341125
0.55874851839  0.387226523792
0.580778655795  0.675131687376
0.711258469594  0.533105039147
0.50159302564  0.652082208175
0.625057033043  0.359034380343
0.618761103471  0.492852370179
0.645739278383  0.495783029359
0.649387820882  0.620924614298
0.482471265998  0.416440933067
0.428604129385  0.620545958372
0.551061277863  0.404289002835
0.509341435203  0.482108799387
0.404648554776  0.478446426614
0.564499282424  0.579363554265
0.493457744662  0.57159885536
0.495309844706  0.550646326105
0.479205712054  0.579540034618
0.382037648374  0.676954139764
0.395797461  0.508867331587
0.532596580577  0.323483515616
0.473733750355  0.41012121671
0.194739863861  0.551000865841
0.405322449509  0.501014845051
0.591123760148  0.453990168661
0.503387932486  0.476450367886
0.528965382691  0.712681098897
0.526043973347  0.521303173576
0.394108954918  0.537921737223
0.452301373686  0.58951911127
0.476988020306  0.644655964995
0.462411949691  0.575470540516
0.478719696218  0.383915204434
0.467631273829  0.29670390774
0.710221307619  0.50011322925
0.688934878117  0.769113075058
0.556143359557  0.671168046602
0.415583630126  0.397007967601
0.332416811248  0.508397253782
0.569893577576  0.551987782254
0.544607487574  0.472657149844
0.365334450471  0.573423594427
0.530102489609  0.477851701409
0.53177067054  0.502118785766
0.321873795598  0.473564485898
0.524049001612  0.594864420103
0.659802381927  0.587167339675
0.413965923758  0.424050101426
0.418717721381  0.620775504659
0.511767831549  0.685119479731
0.376186731272  0.485605471835
0.499703758742  0.49859922391
0.605803634746  0.518419263011
0.408131869423  0.651769174743
0.368819392155  0.390271033949
0.516909058766  0.514215082594
0.819266148394  0.503850107838
0.509285582193  0.454281305564
0.50918326922  0.500066785488
0.503513723577  0.516106892031
0.433999171453  0.427200333875
0.42898536683  0.650969697191
0.579954246636  0.42787960896
0.499685968526  0.419807312584
0.672963821598  0.333565582509
0.374143873688  0.451805230458
0.378016545023  0.462380179434
0.480449009261  0.606293262432
0.598097488805  0.786229974182
0.537962820248  0.450642042865
0.578340600188  0.567757055276
0.745870218507  0.595653657977
0.499154458508  0.404597996267
0.603360780665  0.328482119562
0.541543559054  0.529155562613
0.413120373393  0.507761496227
0.446347022506  0.653893196514
0.552020380831  0.448618244621
0.489201698613  0.517947783823
0.448803517195  0.470619370134
0.427384815249  0.535432862746
0.424253608266  0.50662118884
0.606156215521  0.573791711204
0.402034944017  0.449245794276
0.369774122808  0.519647616245
0.765350422015  0.585150779845
0.500604188348  0.596749691356
0.554988442249  0.572692343081
0.26363861204  0.416524283188
0.608868461643  0.52563545701
0.597844572322  0.524736402114
0.509627561886  0.545073421258
0.446588713503  0.680702614565
0.485171135447  0.59743816545
0.472450752828  0.523107779212
0.537484103728  0.306550229738
0.702708331613  0.649627288397
0.552631708843  0.500013508492
0.333598102412  0.496187967838
0.493923404875  0.470531405746
0.681872174727  0.484418370154
0.440384276426  0.54177139192
0.454825695157  0.580835784213
0.536534703484  0.386998285622
0.457829579335  0.390320698395
0.494512111202  0.640113086553
0.392812873012  0.655315677183
0.349191600504  0.732894462619
0.671075080599  0.274556280693
0.498699594717  0.634552661801
0.569927070387  0.457099081031
0.526054936996  0.49884088295
0.611916420009  0.503951548551
0.22834377859  0.310723569515
0.572569455155  0.640983754972
0.611119197599  0.652897649403
0.43169975106  0.541893728217
0.229521401074  0.417947670912
0.578821418692  0.497887600828
0.583294349879  0.484395144254
0.664682452219  0.360834992867
0.38712441191  0.641146537729
0.514773949255  0.468254905046
0.566247664892  0.488078403809
0.507756719805  0.503320149441
0.547095506752  0.443122448186
0.510487209184  0.342480803983
0.312956576051  0.524299923895
0.585949453272  0.580180803135
0.639885316564  0.462782662735
0.645382113864  0.660888268047
0.231168148921  0.462215946503
0.582703248913  0.336501465332
0.621955929053  0.404955293452
0.500640021927  0.432409654795
0.566369224853  0.483046456242
0.408906571695  0.705527150891
0.532079667218  0.333356715216
0.526228892954  0.533166692029
0.663250238297  0.359059865761
0.325849335942  0.512631030935
0.408098408782  0.67248856985
0.490735796815  0.636730355141
0.432621898808  0.554588487868
0.416446279981  0.578790943939
0.373824793391  0.558209632459
0.562611586701  0.467907144813
0.518451774125  0.500470020138
0.538365880961  0.505211735664
0.425164749027  0.481403417958
0.508111488978  0.525551516254
0.334672840107  0.470983802326
0.620858053813  0.525585933492
0.379259924195  0.484830378538
0.33579713266  0.481148289973
0.606098782523  0.417988017706
0.386799306574  0.440742363947
0.514066201792  0.378423320187
0.393587804169  0.513787337674
0.552458912393  0.485894746239
0.398867343408  0.573487668698
0.464644470608  0.439739103739
0.447335839582  0.558940493197
0.371662727304  0.561853441184
0.455325600284  0.425253806323
0.559211418537  0.56447212018
0.346102105297  0.544593726556
0.576181972794  0.358092284677
0.499687119459  0.624803703888
0.529996898962  0.356515205567
0.408768714225  0.682241870405
0.381600090408  0.394005478184
0.460406244943  0.325878994496
0.537962729737  0.502031276534
0.618231131791  0.443383140375
0.5501837764  0.490456445612
0.604793700874  0.466776354724
0.561875668976  0.411134691681
0.453025534734  0.560671324688
0.437475926568  0.616067323197
0.48501600799  0.222753386086
0.610479621221  0.372782801993
0.580582045328  0.369890689336
0.432149084693  0.363222552743
0.61459085123  0.578550381331
0.612678353815  0.524367790699
0.496118151865  0.63794796164
0.596622309793  0.589656312273
0.363823689884  0.350614274995
0.365341613533  0.470917961014
0.536470680305  0.391217608823
0.414891975973  0.53222944928
0.504258319768  0.390313845861
0.548169831013  0.515694773654
0.357977746141  0.748505673812
0.513279763918  0.535160420601
0.489723747968  0.551529169591
0.571660324389  0.420946857329
0.37988902296  0.5840813415
0.559803666353  0.605090999993
0.519602810108  0.616349716918
0.508809565751  0.404419927069
0.321722677035  0.576851565665
0.462842879032  0.547417628062
0.44146294722  0.521912574338
0.452426505862  0.514054739218
0.572368948539  0.590478873073
0.472650009271  0.502505384965
0.672060080172  0.608934781099
0.481998737112  0.5725463619
0.59369346362  0.401109674977
0.576885630912  0.548791330317
0.461418985483  0.72474097055
0.549689042353  0.488452715478
0.516033409117  0.348405427999
0.626975305664  0.437857852016
0.642728617283  0.418100262702
0.699995646001  0.433295085351
0.517889030162  0.498528649471
0.366847414684  0.375717675082
0.470835808086  0.294112919078
0.496945618123  0.471369035129
0.367151756695  0.554579353255
0.290246816294  0.686176765463
0.478611656563  0.629299620873
0.556902356494  0.359835426204
0.526226408794  0.428452814936
0.552020112735  0.460438516139
0.665858138762  0.422016086908
0.765669679548  0.555804047626
0.770405595439  0.370503019359
0.406076900885  0.578306939392
0.421847979121  0.552624120252
0.633707536089  0.417861524483
0.59513549631  0.628769323655
0.529648535215  0.608148577301
0.426596196793  0.572009194317
0.281328062715  0.576221986529
0.527730313335  0.520232698951
0.169245768431  0.613171557099
0.433494806967  0.572544172088
0.436194948395  0.30371436697
0.518224575697  0.640431481906
0.508754217587  0.460884805054
0.48975037825  0.38667589381
0.410708084963  0.540600826083
0.522131578385  0.522686932512
0.385710641967  0.476564291742
0.248377810696  0.499639228007
0.575011160577  0.571316000337
0.563803821419  0.318885050834
0.595089871335  0.653107476914
0.430805066628  0.523175128497
0.493634673842  0.5855878393
0.585909323917  0.351662623344
0.599801641655  0.354404953581
0.680307429886  0.615105894982
0.497550912003  0.557438385308
0.250798276127  0.588236596369
0.499129139825  0.23462942917
0.57706964839  0.32447709924
0.313054885729  0.47814588934
0.41260959741  0.472001203653
0.387723321635  0.632908513545
0.515876436769  0.570477812152
0.444181626693  0.568039235875
0.291395690004  0.564514554221
0.467670467918  0.610294513695
0.416579198716  0.273430019293
0.564941571755  0.511710889349
0.50986982945  0.505293516744
0.444739344399  0.576272909116
0.512322763684  0.53403718971
0.505353009817  0.496739342839
0.599380179757  0.670213171004
0.343003845149  0.610234857159
0.477866538957  0.47364083354
0.455119010899  0.462814096891
0.536292126726  0.356882766232
0.650477239714  0.532399840813
0.476996934841  0.448016284924
0.6063687412  0.638873167943
0.574890314225  0.500109866267
0.711526084186  0.464608827283
0.421912318434  0.463578353136
0.410862554223  0.375206209394
0.545484278721  0.371097622286
0.462720155693  0.568884568056
0.630039426016  0.505056440396
0.506593881291  0.33366302324
0.514455714238  0.599328755776
0.5177416949  0.60112225512
0.58182109804  0.552335470507
0.462293612211  0.443020999166
0.366738362494  0.531270083556
0.413963453935  0.407858184171
0.585658111733  0.392568890432
0.487849597345  0.538739683454
0.494684510248  0.4428874534
0.510669871431  0.554314570124
0.555154199944  0.175770818579
0.600898830106  0.652430627788
0.444785345794  0.565116374543
0.625140711808  0.530415831855
0.515230666988  0.487301723091
0.413034798768  0.417834386712
0.635065346596  0.583364997364
0.35029718785  0.545304879978
0.334364413941  0.450034438146
0.724581354468  0.467164083756
0.506247030766  0.48189973475
0.467451300306  0.39604190513
0.593439087867  0.57932776991
0.488222661864  0.663578168237
0.539765253547  0.551598596642
0.512138130629  0.540025296848
0.292696811906  0.427991551689
0.553693581436  0.342221051285
0.540948346289  0.600164060643
0.59585586573  0.606431118983
0.494117868283  0.311299587777
0.364357477261  0.40629739285
0.608539857334  0.616616681583
0.45205308853  0.583045637253
0.463437048016  0.440164129652
0.621082412294  0.467639639148
0.483723507472  0.396828748493
0.59620360702  0.694169917985
0.439765643019  0.590258175463
0.59027193912  0.664206641413
0.323752832349  0.505571290967
0.386239824591  0.636155190166
0.700881454616  0.620852563253
0.364374093207  0.553639401059
0.344879396071  0.389477771085
0.488051798083  0.399312028688
0.557369950841  0.448112704266
0.386612092921  0.295140279213
0.472030486378  0.431499794208
0.415782103175  0.526125803038
0.506293495488  0.489803038821
0.539966214223  0.527245119087
0.422151960471  0.379159915376
0.454827545708  0.472170041248
0.472347731091  0.473223530401
0.31427364113  0.688730610822
0.443145241888  0.489478331269
0.481328940069  0.304269659476
0.536146975808  0.573618378724
0.601609652847  0.574886640688
0.566326726372  0.399531456107
0.567343097396  0.529333165529
0.530500980207  0.387114260703
0.339138578857  0.253724597519
0.364124746802  0.513676407264
0.57566508565  0.493823559309
0.655748141068  0.45130083466
0.598588674994  0.478392233617
0.480466278379  0.388883221425
0.363982752307  0.539070229226
0.521098766625  0.705215321932
0.509199833376  0.380219740817
0.533518264762  0.635162656271
0.586268961778  0.633394735164
0.428314995589  0.514896669177
0.47599469808  0.301707833949
0.439972755668  0.457784071878
0.438519072514  0.488833380848
0.317404439825  0.62486409683
0.471620855301  0.411149514739
0.5165671278  0.550809976255
0.492246039941  0.546883210214
0.491180099989  0.496396669259
0.512541342882  0.436048065818
0.591075787253  0.403154487704
0.484435744367  0.463745537368
0.347483529684  0.529956671315
0.351684866557  0.303629359861
0.614073010082  0.53883512072
0.623072019215  0.436759460301
0.621204371261  0.360629473677
0.499437565764  0.480674691563
0.349986797245  0.467735167438
0.339633608303  0.509571197821
0.626227971689  0.742116024637
0.698653834684  0.355522271158
0.497282222411  0.509086324478
0.409782631018  0.660102330903
0.534376072651  0.330476346173
0.614760601268  0.353993099975
0.455531993309  0.494672446246
0.647845754332  0.519732644325
0.603059897358  0.454235902775
0.351496983635  0.515767276637
0.599002576942  0.509111560611
0.580253347469  0.440264028799
0.334069445666  0.459397235231
0.52214652433  0.513454764255
0.264411621784  0.525304930544
0.46732024597  0.520103422575
0.419237249962  0.437935488689
0.408423946753  0.464591978895
0.500225278938  0.547850138687
0.651180336215  0.535183718931
0.570673770651  0.476774969025
0.455324310129  0.604962666192
0.468811628754  0.551280448677
0.457199196197  0.508742647263
0.539687077785  0.487948859589
0.458612838199  0.468095544541
0.707924777518  0.516866263121
0.419047562262  0.372461563086
0.439072604227  0.486590349703
0.393795595825  0.609037626858
0.270554205767  0.578443264563
0.384970356166  0.592686382703
0.481216180999  0.326551973759
0.334490732571  0.595290540704
0.377326315915  0.447824258188
0.401444546594  0.604833672869
0.566603361984  0.356496149938
0.282599334752  0.35775188927
0.68330463084  0.463072814491
0.630221118197  0.416403482946
0.419498405284  0.542461786694
0.615560267382  0.37148287541
0.450305480964  0.532795765013
0.390452776086  0.47979861608
0.558621443921  0.661253567635
0.438691915402  0.363384429124
0.651200619111  0.644906294164
0.563884667152  0.610589607972
0.36997359353  0.682474658734
0.508058536128  0.557743924524
0.38476138062  0.463417217807
0.672668768981  0.577116874977
0.735222655817  0.396862924569
0.531277431378  0.52580005315
0.354718991363  0.369996617916
0.50808647143  0.409298498856
0.656285593653  0.460798320181
0.298981108696  0.227354159896
0.41925681364  0.515674435669
0.518582646934  0.710976089269
0.494997451874  0.453768169592
0.558634454853  0.42826969203
0.578262187977  0.437631687282
0.558122039316  0.435367188358
0.501621626667  0.575259046913
0.623364547639  0.477981270281
0.397524362193  0.461114635789
0.502401085417  0.635252130894
0.413985714625  0.656961647254
0.524067940987  0.497061791878
0.483578464672  0.542192037514
0.577011845139  0.413233645923
0.462638169804  0.532763552519
0.547701175324  0.514779347305
0.338665243256  0.397254798434
0.534656268694  0.458519850992
0.538674894795  0.532775432046
0.580127651817  0.597748742913
0.530523064764  0.404329083875
0.449039603235  0.428247920323
0.523469350314  0.389409846221
0.595675736699  0.517025979462
0.408718769949  0.601887147628
0.518794232474  0.516824686363
0.658036652084  0.462275937633
0.587969074383  0.463610364546
0.39516212028  0.606100691312
0.503168268247  0.457772943531
0.343738347156  0.463776680912
0.402601971295  0.65528693843
0.410923913424  0.37573306152
0.418746029894  0.555684400224
0.803820009753  0.423687802347
0.36585691894  0.466348798982
0.492726948742  0.495468086474
0.457475552035  0.449502931694
0.430935953058  0.365658363523
0.383690896561  0.428113040993
0.649997416411  0.468241359878
0.45618153672  0.470618545389
0.374781388107  0.381712917234
0.580122397199  0.358369471223
0.542771985926  0.357199709417
0.454950864243  0.594638681199
0.429055803066  0.406477275883
0.698891976946  0.646760229491
0.48241652692  0.332476437448
0.529176513214  0.397413320331
0.430137283923  0.606180968919
0.51479222477  0.437808214512
0.437454830007  0.531528078863
0.550504540823  0.456918991579
0.543641421041  0.508760678352
0.467259976294  0.632256962029
0.577304699977  0.228403529867
0.370050466303  0.477859998242
0.440584149777  0.627925898077
0.28193965271  0.579381822208
0.361457726069  0.593776348587
0.502581729561  0.6328264038
0.60364441912  0.455668091841
0.381986660585  0.509911612006
0.466169506426  0.401726502942
0.370220929245  0.499086500401
0.519097365502  0.578717728035
0.359738276675  0.440737229384
0.821077694648  0.496712069525
0.576343822754  0.375912278876
0.421418466235  0.504291325745
0.474036284441  0.375844639376
0.559083776196  0.407436373006
0.36123781653  0.624144796787
0.447802532328  0.558725352282
0.670138070485  0.482205172038
0.430688502003  0.718840880177
0.553131732055  0.443193726063
0.557860484325  0.625837032829
0.504112298095  0.541837285302
0.479788450401  0.553154948162
0.438063169311  0.371963923962
0.532747104696  0.526088369172
0.419232494633  0.45083778182
0.513260396506  0.442798146895
0.35372006065  0.645424993985
0.531067997422  0.356780380275
0.439808645818  0.495773613061
0.522746984585  0.402580001622
0.462447602594  0.395255095913
0.495557449382  0.56326732577
0.56567998083  0.568270214357
0.624732366273  0.570858414042
0.426207314395  0.487426320918
0.459661007673  0.426693281517
0.485417964846  0.370492473633
0.489125075138  0.528713456941
0.352238207187  0.493081636076
0.476557317801  0.463731607323
0.532298954212  0.644520169852
0.649303915761  0.46745101588
0.410385881945  0.565206417916
0.519809966607  0.425686693029
0.54008272191  0.491532623841
0.435358626484  0.431960138469
0.46449964701  0.423297822691
0.650623240549  0.500909500325
0.466564147523  0.454298099553
0.648207611595  0.511241623152
0.511311481659  0.411181054892
0.341449744755  0.425738209361
0.549458759561  0.440899204386
0.48225006125  0.464780038396
0.399948028528  0.383433241367
0.414237295966  0.630025965501
0.375369753539  0.647809779279
0.510215893833  0.583120372359
0.497468689287  0.485451138361
0.642883961189  0.509866362598
0.51853741946  0.549247050322
0.277277152364  0.423973872598
0.566767781761  0.510884149229
0.488112200677  0.434904613421
0.514747505839  0.503119785364
0.591280468234  0.466963280975
0.49406391256  0.432326555906
0.502093124218  0.559772401471
0.381836557498  0.33213242653
0.399197327849  0.507189660017
0.640411200403  0.513120265404
0.618816067221  0.3981187229
0.505863651555  0.546598496103
0.518400406643  0.547516752037
0.509855570603  0.539757537509
0.409310007784  0.553488595972
0.509473871638  0.371280011275
0.330617150908  0.708399909335
0.550298276539  0.469305365005
0.576924109596  0.232536716654
0.535714238317  0.450877557565
0.564958425499  0.382052787814
0.510536533382  0.538617504895
0.778015476608  0.410933507301
0.561042198238  0.582942799885
0.524513041941  0.535089878882
0.528784259433  0.445198764741
0.755233897345  0.40344895362
0.71453050531  0.646813689561
0.592852341128  0.461057858505
0.468933473118  0.60148697661
0.371506147403  0.618358488855
0.499513677602  0.540742718735
0.427819261615  0.553565429961
0.370555581883  0.618512234819
0.500430597647  0.53548692888
0.440029786374  0.493671376756
0.407785928383  0.552160976503
0.661929781844  0.453936564894
0.414985957901  0.44578532036
0.400388731614  0.323196241026
0.462279160917  0.603631033107
0.534785385344  0.753977004061
0.472787218987  0.40466818754
0.400265857176  0.689052881754
0.548564707548  0.562041915564
0.549909274485  0.571270180234
0.382855697094  0.50636065775
0.64320175759  0.503547838261
0.436769814541  0.312899500025
0.519094401882  0.451830010969
0.422172412726  0.429623748927
0.464137752222  0.469759649057
0.705778250405  0.695692150209
0.5154259528  0.436923179929
0.447983058817  0.354788123456
0.570339432745  0.551539004329
0.508997812651  0.595887756198
0.327792299828  0.499630835053
0.51443034094  0.557313044889
0.36375029363  0.465333654076
0.42542022578  0.538640650024
0.453118900696  0.421035827073
0.467331230288  0.376925399821
0.415849574991  0.515256191775
0.466528899688  0.580080325088
0.740127379911  0.460369906435
0.180105892553  0.387941635682
0.454161502257  0.462268074248
0.454532044992  0.454332764639
0.418889465692  0.49854991608
0.543837030766  0.556595491885
0.480945748357  0.537339258567
0.47339946167  0.40361044125
0.580406909266  0.57660331657
0.321143828031  0.507147406107
0.549099285827  0.358434036462
0.458783550233  0.525500821527
0.557997457409  0.56172823697
0.552498738554  0.380049711374
0.501620800477  0.552726110361
0.494523179232  0.374801972967
0.511732716237  0.559559528599
0.384139052759  0.653066036779
0.703933438865  0.579470981985
0.482845000678  0.452233307654
0.368176490828  0.496576877899
0.341781688233  0.55025297882
0.601745290868  0.403006786173
0.559205766692  0.599664099407
0.38077675404  0.355516455311
0.603204507574  0.531991806682
0.436499719123  0.608814576016
0.638070105447  0.471433406434
0.522235461062  0.466823629365
0.577676918039  0.550413156232
0.657726667485  0.615408478934
0.587150233014  0.516663829853
0.290717065864  0.179551027686
0.478155580899  0.672680166139
0.607430812975  0.429350368877
0.593984644847  0.413800015434
0.434563901649  0.527638647479
0.354118426303  0.500467079614
0.567437441725  0.383655528164
0.5841103724  0.382108599218
0.586519575547  0.406772934993
0.451232648117  0.39176797413
0.586809978973  0.569215857933
0.594114304119  0.599613021507
0.448623153369  0.578890799684
0.531418712569  0.363600352775
0.470893464761  0.434185325722
0.562501659769  0.610722219767
0.459146121581  0.522159649826
0.529509368884  0.445563530673
0.484780196053  0.471887319998
0.433452538711  0.541255909226
0.530853123793  0.542137311809
0.452830996584  0.416673721258
0.59366110065  0.542891713141
0.687740632947  0.505992445304
0.422122386467  0.523460656527
0.620161136066  0.466951435363
0.433822418545  0.515721617777
0.381659921829  0.397964761187
0.500598205786  0.573240741142
0.673085386863  0.461595979449
0.464414302565  0.461474865354
0.504293519271  0.388755835982
0.5186731821  0.621883246217
0.53397053574  0.55895160705
0.567847888929  0.603892207906
0.393368623893  0.65346277281
0.601333626728  0.377419677301
0.642122188272  0.37892729504
0.464065650885  0.534423771934
0.741771318273  0.356792755805
0.460107376408  0.467400543657
0.523180753004  0.378885135994
0.672276274859  0.549301871367
0.335285804975  0.619600235942
0.541237515185  0.435216026387
0.408923834945  0.453988324366
0.472978460182  0.44477354475
0.538566925644  0.504381757578
0.600693252788  0.584893134258
0.660421381055  0.302697994487
0.417472514314  0.561709454038
0.492798988281  0.489007823356
