0.240238252862  0.389390134877
0.647077532439  0.530209079436
0.520247584485  0.479959641045
0.481113124217  0.515118630488
0.656992142172  0.411778091966
0.638524688584  0.442565658945
0.523111690961  0.405976392235
0.449352210584  0.342227602723
0.397461090553  0.465659114329
0.674209592777  0.520398048403
0.301042927627  0.496683879117
0.402919971621  0.505750466964
0.495335915802  0.395165201585
0.310383977683  0.480307747868
0.451681463517  0.502134618734
0.519423766017  0.519478456834
0.338807905927  0.465276669075
0.336540168461  0.488655810678
0.425543089935  0.472554779541
0.42906902222  0.477390605728
0.326974718196  0.506671604308
0.449859558061  0.413592719074
0.665688561123  0.361631176766
0.459541209158  0.485063253421
0.586547483442  0.251593992717
0.561395308646  0.502807237442
0.47510350075  0.467033630068
0.503825636247  0.465020357639
0.519039936054  0.405231760502
0.476208926396  0.528899520464
0.518307895859  0.428139408072
0.353758445102  0.538185281967
0.602474318629  0.518042756664
0.532163636805  0.391505542811
0.452696120711  0.628942398209
0.342744280003  0.613281866449
0.453249099026  0.506325755372
0.613917041411  0.433082249186
0.647813973466  0.442544097394
0.380367582482  0.42036981162
0.41607268397  0.479305218851
0.56634787302  0.440938659925
0.688314657963  0.445156125998
0.585350336935  0.427340935572
0.588042445637  0.387932851352
0.366074060534  0.429148656559
0.441029257527  0.54085196538
0.495898278931  0.569347911686
0.452747094422  0.518010052192
0.478154187284  0.46227627647
0.62970480786  0.508406961968
0.524080498774  0.373728546124
0.498402745889  0.456870539285
0.626193431232  0.578200054896
0.544576516109  0.390415663133
0.419243653485  0.351986793788
0.512482399366  0.491362122852
0.645930873615  0.393260741529
0.14628889837  0.479631138966
0.57615740255  0.471227376357
0.407259296133  0.448970715288
0.465351225982  0.44380214236
0.422724368852  0.508433550449
0.684980321729  0.382282881494
0.541418730566  0.405298288068
0.657346291121  0.688924903009
0.539067836334  0.297471240093
0.464211485051  0.376508482848
0.579161419608  0.653260071826
0.421844651324  0.53411770207
0.469656549629  0.369477746991
0.421867666514  0.633677931458
0.430434482608  0.413182525276
0.54036734591  0.459243232401
0.595905019602  0.398364280064
0.423463665256  0.304245965777
0.503602318677  0.597757661457
0.505309127181  0.411673609282
0.362593803023  0.494145414249
0.353082362705  0.440121293486
0.454556835479  0.508011633097
0.492503483907  0.540649157739
0.271281148115  0.633381524612
0.46441409082  0.510474150251
0.649840789447  0.369385494918
0.550617136524  0.554861302855
0.553723200969  0.418002698968
0.381710222296  0.531660611303
0.667434546329  0.488164194199
0.528927237606  0.388664890979
0.464713564957  0.608486276726
0.570866308511  0.308888535262
0.556152351908  0.405168167486
0.629491356196  0.442166054491
0.555451471831  0.444132073448
0.489312640996  0.390828840353
0.431171986181  0.207758028762
0.525172385117  0.389192196335
0.488188499471  0.426459778703
0.469464067004  0.146490224164
0.63252719425  0.525417820389
0.581231989729  0.524709440757
0.493697201728  0.439414586588
0.631077162006  0.402207974548
0.505992942737  0.422593370771
0.687555564876  0.352202206945
0.211360584299  0.430625000278
0.390955532204  0.591270237596
0.296091616572  0.484156274487
0.509212484102  0.390529239995
0.571783385369  0.347302008358
0.465513161549  0.400767393267
0.443640387715  0.505743801366
0.539113753003  0.478248101897
0.562265406906  0.338685620407
0.395929195592  0.411106856367
0.46588490581  0.621547473108
0.36372346569  0.459227222535
0.369702406607  0.301136587587
0.725427193348  0.378595686716
0.757997041827  0.361489846847
0.441516833756  0.407358657585
0.337251490836  0.565145634844
0.411317335885  0.348408035809
0.300651099895  0.460425332644
0.419996353832  0.435059271934
0.543842871337  0.498355627685
0.474015184081  0.434116856804
0.499609541883  0.418070297156
0.501129465909  0.463402787108
0.460851710949  0.378590498304
0.343482916802  0.448276022196
0.571627730779  0.473261110497
0.392297967557  0.365973252454
0.670353179975  0.484909621443
0.342416461151  0.532393328776
0.400429608997  0.514937957302
0.43875911687  0.36936552258
0.535382622398  0.523302000183
0.518049597134  0.59243414323
0.570000569579  0.412911771326
0.740452266482  0.465998077628
0.455645225383  0.629906049772
0.676907332124  0.427645149782
0.461010394191  0.487798321591
0.425753516953  0.632352575944
0.502638271717  0.367542699961
0.403774398256  0.566716924782
0.304728923188  0.568353528788
0.586232330871  0.591246154453
0.645781618798  0.447552434141
0.736952470874  0.602676186965
0.622347359962  0.688961302082
0.242069424397  0.47674647551
0.647400847819  0.442129715414
0.57578387351  0.574577698448
0.45732371996  0.571795726966
0.432558581716  0.664200869143
0.629410556489  0.507083536535
0.373498233051  0.678866579731
0.427206326861  0.282045344225
0.684373358152  0.487350529223
0.325649715699  0.438770518388
0.448405641528  0.465355190911
0.331243674862  0.526767063035
0.494211747848  0.367490851159
0.737096044696  0.459109864348
0.58369087843  0.475628660857
0.539322563964  0.4130422757
0.485294898699  0.70633055784
0.613284759204  0.426019598648
0.336332026691  0.360440399534
0.441484654719  0.661197195557
0.607392171424  0.64055683486
0.547540120675  0.560666403734
0.481137763457  0.560921629858
0.457221921869  0.355884667701
0.436435171691  0.464584519526
0.347677409398  0.67242081745
0.412136092984  0.606235494879
0.498587862457  0.378998488709
0.425911187941  0.455330981661
0.387577528563  0.413970235626
0.318995258699  0.537329060728
0.517463867952  0.604814958657
0.432829510306  0.346625667613
0.206421075925  0.373083747134
0.460955928667  0.310683196447
0.502132664872  0.500153574771
0.364664220927  0.430354496621
0.477384116465  0.472143077417
0.516649207635  0.453294510351
0.506311441144  0.495739312117
0.607232439414  0.718610128051
0.495979420886  0.282435666043
0.443113662265  0.520965689108
0.395687747378  0.349894602987
0.284222365043  0.586455482545
0.597243706369  0.577917680512
0.499722955875  0.53636471656
0.497502670107  0.534405708675
0.419995966631  0.261481828507
0.429815766432  0.333238707597
0.574891043477  0.587422086265
0.329660811186  0.486182043302
0.397017943586  0.418381528621
0.454433906881  0.514908561397
0.295051889012  0.588937763681
0.464220533671  0.414751414529
0.597194586772  0.582210540768
0.632991194628  0.528699339844
0.306982248345  0.5997195615
0.479534667524  0.438889791294
0.232773458723  0.468265385275
0.401962875768  0.522485259042
0.524980149731  0.573786289547
0.448036106269  0.497636417447
0.621267480473  0.43396673172
0.554079452008  0.364920437623
0.360889265436  0.582981766264
0.408593270525  0.406869495789
0.478876847306  0.4744737392
0.556283147422  0.27809441378
0.296416732238  0.443113688946
0.555691390254  0.590616952424
0.457598291902  0.755175011316
0.52983092808  0.531580979869
0.37615288278  0.516609275901
0.371539560854  0.514871298452
0.464188470491  0.559255944474
0.445012790501  0.563825490659
0.540847385989  0.477733474475
0.468551972884  0.596321798753
0.371841487936  0.407506569951
0.473201677641  0.54876624258
0.542801343084  0.451284476662
0.445894961617  0.399012896264
0.250806267817  0.581995183306
0.536391906502  0.477916606719
0.462439324828  0.493784097248
0.459862459291  0.39175061088
0.381402897724  0.557564547125
0.628022177766  0.38634704755
0.576174948677  0.552267296892
0.526576915526  0.359601088071
0.537073858036  0.400364353381
0.43377562275  0.199982507128
0.420437344862  0.491090414467
0.261667823791  0.435101578736
0.481184072372  0.50673300397
0.458907508884  0.473326426807
0.479685074108  0.475226370612
0.397791774069  0.534113053813
0.437972622615  0.50613232523
0.505849019771  0.41967903245
0.571136626709  0.513451818913
0.444036084085  0.596247074076
0.552025896036  0.549404323909
0.520211070568  0.4433152111
0.388633698086  0.493168766494
0.428163873795  0.501229162267
0.570402751995  0.528922924122
0.660705768035  0.45441073768
0.597060927847  0.422433140964
0.540764929711  0.431581607164
0.455978601872  0.487396964177
0.266602518293  0.557738253213
0.33771805155  0.632610648692
0.31649774365  0.471633189298
0.56206529871  0.57243604721
0.573092234514  0.348574241793
0.529072280321  0.540612286369
0.570685109833  0.537276835193
0.549066883784  0.407545369496
0.628318332523  0.497165012089
0.506052317282  0.726529097603
0.521268546951  0.619296056468
0.631068518429  0.303192920665
0.425716284439  0.463225708755
0.59282485212  0.428599086888
0.614945345561  0.43953926447
0.386939639887  0.581392474807
0.484430358827  0.546373685048
0.506164212897  0.572199083024
0.549399894258  0.53747347269
0.484897600517  0.437669370739
0.428603630633  0.402876029831
0.524612087797  0.549392117632
0.507458540266  0.432450983122
0.49870589137  0.459668626853
0.430694315877  0.619823540759
0.424929737363  0.530477600077
0.538240341065  0.47193187611
0.520771234918  0.682759004367
0.556522022127  0.50310024324
0.425934192489  0.196048013823
0.639924691374  0.751741127034
0.377510402839  0.369296407158
0.512849449104  0.511364816708
0.543484038552  0.605650367271
0.430215098103  0.543875835846
0.492575626102  0.457793558241
0.461130191933  0.51649826298
0.435513624587  0.405025172013
0.567281738889  0.497567091032
0.350745588902  0.545932648342
0.322364145903  0.528165000791
0.663625497154  0.502155980305
0.540818067337  0.709483693468
0.39402368597  0.599678051305
0.41985833346  0.54334249296
0.42931232036  0.338688290945
0.483905934379  0.510438927444
0.404335427277  0.452802008791
0.466234826078  0.388272301386
0.524873585178  0.428076326773
0.350190745679  0.46827101307
0.637333919211  0.521490088436
0.561191459933  0.610321689897
0.681350525837  0.655434185384
0.399140046557  0.561360472805
0.4056062007  0.350223504314
0.525467601285  0.542632225595
0.413477566807  0.366735859884
0.478662443933  0.606829499336
0.428815280239  0.495973355033
0.436289356144  0.532318711086
0.397266157384  0.5302947601
0.578994206637  0.379618849078
0.471519024779  0.41682883379
0.437136376098  0.667496182454
0.608652597688  0.411533661647
0.558075389014  0.400842241468
0.516186304196  0.50077431145
0.420222329972  0.462236814662
0.34840473031  0.491312816295
0.536743945055  0.723594855952
0.569070402307  0.385363991844
0.584787569245  0.587074207267
0.504542088834  0.515610957854
0.395426949476  0.437448537144
0.464879359483  0.557680901671
0.466220011252  0.56573261638
0.600127190042  0.612559741458
0.539099570303  0.520030864711
0.546692547185  0.539875130679
0.475250929486  0.581785964384
0.579423107073  0.505530735834
0.486014185604  0.460055814077
0.371449364822  0.222887389422
0.628462688335  0.485708062643
0.591918314205  0.352141842439
0.431602799542  0.435269045002
0.457149248146  0.339268296439
0.346252562235  0.609909679074
0.467314864974  0.34058471257
0.442371849425  0.322660870267
0.295425004836  0.423693442739
0.536720256498  0.408664147772
0.513972787609  0.612374908911
0.494719252435  0.595994432863
0.529161312115  0.516887896067
0.514995396493  0.332851956576
0.400176643702  0.524848244587
0.464506978142  0.490336864681
0.403196926967  0.395514096021
0.404381736335  0.47333078517
0.313817828922  0.590735284026
0.418250907004  0.359076616608
0.510522857104  0.579896457344
0.75308083552  0.449940813601
0.368839140172  0.459284105588
0.601157944522  0.699007513649
0.444102144982  0.491809019036
0.63060271179  0.419783431003
0.514393757265  0.382450751018
0.417419789846  0.298272962525
0.611460674754  0.496138780302
0.437938922197  0.436255296513
0.513537730126  0.400519024539
0.696431149008  0.574627825664
0.400337478211  0.526496700901
0.64194527725  0.696566838626
0.587517495168  0.420951747562
0.338339805083  0.324439189636
0.52130139785  0.52850576139
0.512350519427  0.543913163597
0.668917638691  0.35128859447
0.427323161485  0.677768605799
0.493314001067  0.568623515273
0.401160509175  0.334542207953
0.440630917387  0.51628738629
0.609656381813  0.330325666811
0.618350747248  0.49448125538
0.565108036584  0.296593253864
0.468587167062  0.5954487577
0.529174843679  0.549058362477
0.556388119176  0.365941764751
0.281097385958  0.534177923135
0.336468217336  0.55066484775
0.451533189883  0.366996566224
0.501804906299  0.490873536669
0.507204945607  0.633352554669
0.425876405846  0.469070298792
0.295020854419  0.459807781829
0.433687860621  0.480871314113
0.331402322128  0.55184985418
0.487662372497  0.34138964094
0.409311318551  0.561738940561
0.152861172501  0.503538057007
0.449170577606  0.568502752182
0.436285634276  0.42272735003
0.27029314125  0.474836318617
0.476439139263  0.56908533219
0.417759216411  0.508460680647
0.420465301128  0.57602834793
0.517068180242  0.489013310305
0.416441509047  0.422747051928
0.391817229274  0.649054912782
0.683649495907  0.49261051084
0.38359710663  0.60682973226
0.460637486769  0.395310533864
0.529171982502  0.434502669653
0.326998612104  0.563886813052
0.340491845986  0.463836414789
0.383957786996  0.520772020977
0.413786860493  0.380174910861
0.377680746751  0.573185416546
0.449674589673  0.420516779749
0.510889674445  0.521613568051
0.688177189886  0.52121690011
0.632961143153  0.468393177058
0.61693405866  0.588405112358
0.337974721111  0.285517816723
0.479025513435  0.503799553652
0.476224916688  0.37515230383
0.538367925042  0.424702259064
0.29447409555  0.607929343665
0.497947191533  0.483050678157
0.676364070167  0.617296693879
0.489904026705  0.591351798671
0.293592714027  0.320512399347
0.369498042838  0.54051367842
0.520805356181  0.501978555104
0.498497982487  0.376062683969
0.468658393563  0.359770504744
0.359231538612  0.502755428335
0.600836698122  0.456021877045
0.52237290409  0.60547916219
0.622515371428  0.34463249562
0.440879639598  0.513326824151
0.565773688688  0.499909115782
0.532333831854  0.279513002798
0.322179213688  0.464170085099
0.464436894173  0.436144371787
0.494025417596  0.291528630757
0.438505790212  0.549034585561
0.429121990958  0.446467246909
0.506601399024  0.641429629803
0.591722728417  0.346594628597
0.550073244163  0.404482772142
0.413981752297  0.372469531881
0.594340676696  0.485097515131
0.545695685764  0.495393748587
0.487424876998  0.399561021476
0.469859310737  0.480828344294
0.504214496168  0.332254647574
0.518235083377  0.5013890923
0.611255569941  0.514967533986
0.536204459785  0.477908010268
0.580427278609  0.532951743437
0.402024168535  0.478028650038
0.504853650699  0.351771233083
0.566142114353  0.513178196121
0.677540859725  0.409740704183
0.340162670793  0.337508969177
0.535450315051  0.42820035995
0.590729916637  0.608499591314
0.550920341163  0.527639782759
0.474604304829  0.421193051767
0.681686857259  0.53195223717
0.445253298353  0.405310003837
0.551397976351  0.469941117507
0.421368286617  0.549131463303
0.368306768375  0.44151252088
0.34854522224  0.31462049235
0.457414353696  0.392688341766
0.554880712476  0.495438559528
0.506227995865  0.380570722489
0.511365954817  0.423097274508
0.707990284312  0.288570880216
0.38350685007  0.354192219963
0.540285425857  0.47913503808
0.23250794146  0.401616359346
0.423870218308  0.320512376115
0.492983741068  0.374814584587
0.398762115045  0.452736002575
0.412613255908  0.499452231202
0.534883709243  0.551351566226
0.624052247858  0.572674451172
0.530722695791  0.471525033016
0.548534018793  0.602157880621
0.422135504448  0.575554957222
0.522262440859  0.389791082591
0.413424475346  0.476807131119
0.418383153033  0.61400274868
0.457997999623  0.458359102009
0.451244975714  0.540000384239
0.49644330651  0.619797496382
0.539396317085  0.602733754866
0.60176854543  0.564005847026
0.420300071446  0.561605899229
0.412416996161  0.44174179652
0.424079504127  0.433696279672
0.428758588716  0.371024793206
0.503366431236  0.50326716465
0.572087270433  0.417925713446
0.549177179921  0.360999218287
0.491952981072  0.502971648444
0.353779687558  0.540792533464
0.47523800209  0.538964929145
0.456886660983  0.463626876623
0.348816376086  0.482527724043
0.418658993411  0.44339818756
0.364153687039  0.447551827073
0.472990597504  0.581721186334
0.35075084768  0.334544345517
0.625669449504  0.564872703054
0.458796507226  0.461546669264
0.448531815713  0.347249988441
0.498171389564  0.350574772469
0.677515731942  0.448383320899
0.426892144442  0.544787704692
0.600284145213  0.565783135041
0.345207139811  0.477443646772
0.49506366142  0.570687832738
0.32799694031  0.452414178681
0.443107314952  0.543290619956
0.58996069256  0.56626068419
0.538243016494  0.412510049874
0.462195783366  0.388390067546
0.429510021842  0.520381353441
0.367292899251  0.437669006846
0.594610554136  0.562041826772
0.448855475328  0.446132437885
0.517923531152  0.324938276519
0.531122202663  0.551344048675
0.586706820834  0.510100390871
0.400815038027  0.395053718431
0.538766787802  0.296467700163
0.476225730588  0.373657508835
0.630910503706  0.35501808052
0.683638971061  0.453782914428
0.298076013798  0.554339070817
0.54856500207  0.399947609882
0.468835634998  0.458194606638
0.509992401132  0.539203762883
0.546847162516  0.498145506317
0.602178949095  0.486854489998
0.591450057915  0.608655728432
0.678471493442  0.262217484003
0.346674600603  0.527699051057
0.418212901598  0.401492012613
0.390947865912  0.630472965529
0.437134641197  0.457954827939
0.38738480923  0.5196528958
0.531784501169  0.531373775019
0.436139683881  0.541796936466
0.441103582345  0.376653788594
0.511106483299  0.285267252774
0.492529942729  0.57965485729
0.515110470591  0.547462536173
0.505427799749  0.546702010727
0.584593766749  0.390952513184
0.599703820378  0.452303983627
0.399255304977  0.443064047218
0.674732587167  0.49263301066
0.423608553269  0.412450145037
0.564020754067  0.546531484027
0.449771387999  0.488134449173
0.509123563493  0.43872594121
0.50623743859  0.432152352188
0.588824250674  0.482667529248
0.41050906028  0.456524114089
0.494410781672  0.566542626371
0.451993201085  0.350358651777
0.606874285667  0.387605006659
0.392531449675  0.427437564793
0.411982281515  0.606509239582
0.483533706099  0.525560135096
0.553129613623  0.533683832655
0.381611579529  0.775445085217
0.287284188595  0.496382167684
0.399952789927  0.6119903546
0.499358261895  0.450740971713
0.449905201582  0.412748124408
0.433045115385  0.508398691271
0.545721852516  0.419114244359
0.748716491095  0.580390740822
0.48454551383  0.397531221889
0.524085568716  0.477785828533
0.428837435685  0.445155570643
0.496828414919  0.418118612193
0.53290585807  0.67231956082
0.414764753709  0.432358007634
0.479653619661  0.591579935868
0.551080486424  0.482124849141
0.381488003055  0.489788114881
0.576506105379  0.536657664941
0.516120736527  0.465634156405
0.25827546781  0.440005153509
0.314201922128  0.512672403905
0.259929727417  0.482317532383
0.524992612455  0.368038208528
0.349264907909  0.512866859057
0.346711855887  0.593904246214
0.396571805036  0.369160961349
0.553329142481  0.545846250685
0.507452317967  0.412182058973
0.55142230966  0.679776656398
0.456602163501  0.496235523549
0.382733335935  0.451282283908
0.475556303673  0.623390870423
0.552696031876  0.345551832633
0.523780495167  0.454318711664
0.544068864168  0.670128255136
0.416464518883  0.466807759338
0.412052365604  0.592272504331
0.496582781263  0.330142716204
0.524562707026  0.57763910253
0.209808934409  0.53223880785
0.561929295241  0.576123958247
0.58222102415  0.476061160663
0.354490614857  0.603427762874
0.216768825556  0.624409989982
0.598558963068  0.532800337051
0.459868973038  0.394557945131
0.268295394473  0.421466669867
0.387746682271  0.546174564192
0.673506356237  0.282187007278
0.410190614528  0.464996770007
0.486396322134  0.559648361268
0.655932672874  0.552687839551
0.744001864511  0.498251616188
0.482158843175  0.451788227844
0.357206973219  0.350186513666
0.465241209333  0.507529366404
0.440063257018  0.44086198001
0.495045656419  0.31934751994
0.278470347167  0.381990823248
0.518168892828  0.508451235587
0.633617066315  0.58514390239
0.516214965893  0.583478781375
0.496604749957  0.533990535677
0.477147953642  0.594508234454
0.774187078595  0.490659053818
0.328833128814  0.559846314686
0.336464774822  0.318623395495
0.310800515079  0.578850704531
0.562902138737  0.443298426468
0.534613005731  0.517563392357
0.319880894323  0.579279700466
0.566493123932  0.376088346319
0.596330701595  0.394509978555
0.53510110014  0.486432812285
0.548120650521  0.320485678694
0.563106260595  0.441233057962
0.414251513667  0.394264014086
0.512907589707  0.407385889313
0.4962658593  0.458223580588
0.612009029459  0.494384585418
0.480377203909  0.629351702947
0.295790127341  0.33965750984
0.701527502539  0.630622275483
0.355394300891  0.586560787518
0.40965524721  0.476801840538
0.644474686168  0.385773652603
0.530546318265  0.667678282282
0.786651837086  0.487637340262
0.579979877741  0.4184525698
0.438976506537  0.403934859363
0.436849533912  0.484314452101
0.54959336823  0.517680961057
0.565174856584  0.326255694007
0.484417763305  0.37648786587
0.502154096841  0.490601115722
0.467496899796  0.431427895662
0.491505538989  0.332995779975
0.385980324453  0.320131656851
0.518585897846  0.425329603115
0.482334974153  0.581821874823
0.330678635158  0.466440543624
0.511300490572  0.4532638865
0.385294084548  0.505229037385
0.349344084233  0.641902676834
0.568331129865  0.515674917247
0.507188486872  0.535826461204
0.551204741173  0.560616975029
0.362444104308  0.528329245162
0.403041005992  0.399476381672
0.42048669603  0.442090048464
0.379267434013  0.386566779968
0.487336304009  0.459457981864
0.375558062477  0.529799684159
0.585490098995  0.620100506788
0.508148891178  0.262897053346
0.434204131474  0.454331460048
0.433753682142  0.492065750495
0.421890694878  0.587328786377
0.405613903211  0.295072083341
0.412138932842  0.590470464525
0.426247958574  0.398841911793
0.689715616065  0.510907671614
0.320834220729  0.577465537311
0.611309332944  0.370112446346
0.410567681034  0.360824126992
0.565547055237  0.610643998511
0.599932440369  0.465223452105
0.402239461578  0.473986453556
0.59770320724  0.525781868109
0.394821990479  0.436605849396
0.51026272817  0.450070701622
0.462638444328  0.542837676772
0.516284216276  0.382928602394
0.473221327749  0.495582463416
0.44542022182  0.425714998898
0.488760114076  0.574783340936
0.331634351821  0.497764035228
0.258765665456  0.436014256232
0.470414536002  0.442179136409
0.555183909569  0.59660116708
0.620763106473  0.602502653479
0.365710184572  0.575024908534
0.443785755911  0.482596090712
0.579598943577  0.603157777497
0.540920814538  0.637661253163
0.330125707805  0.562516601492
0.380928322611  0.360463746816
0.393787376437  0.590670812424
0.565637818525  0.487616290093
0.518082599748  0.490887610535
0.592378056103  0.542263580296
0.57963713412  0.686270626919
0.398148558741  0.495144007366
0.474367756693  0.540546141207
0.45305373653  0.435613766424
0.532347103441  0.347917896436
0.404594331712  0.478314071551
0.49005800859  0.574279481836
0.582004934512  0.516659113689
0.494669586166  0.550774838218
0.427110892833  0.518805290091
0.378255527244  0.412686135143
0.580438206687  0.476564011258
0.486512922322  0.355886738247
0.436454131432  0.48205087849
0.589933553465  0.564854150152
0.453325219949  0.572733814635
0.487197738201  0.325722603386
0.483639133358  0.329861042279
0.456609873599  0.452380445767
0.551609370464  0.506900587965
0.45748755721  0.404998584305
0.489107020964  0.592612212152
0.323651959142  0.486694267389
0.522281406324  0.297884136391
0.422674678831  0.470244997044
0.50101910306  0.371242064675
0.471676551493  0.512024890447
0.467116086597  0.319391473435
0.480484457904  0.413684603149
0.514407481367  0.369215251257
0.492523362244  0.4194755136
0.368013616946  0.55480273056
0.509835885014  0.588673139069
0.489727071611  0.315133887488
0.620879882173  0.668042884668
0.420990071758  0.529474682887
0.441640051466  0.51642350008
0.407741351371  0.301638034262
0.567174473358  0.574106669897
0.610482258133  0.476704925804
0.421849838856  0.481146615085
0.428616139925  0.556502092309
0.408250477753  0.49849850634
0.647002167399  0.359542030774
0.385183363219  0.421220200236
0.253899241566  0.304753836852
0.36954140936  0.189046023522
0.377692231558  0.577337761365
0.280504407079  0.471096758539
0.429603296587  0.340715665421
0.621149566705  0.47544253323
0.367482130501  0.546800448108
0.381667879054  0.451109246033
0.413117691823  0.564926381547
0.387398193851  0.491156723222
0.65310334718  0.546971461945
0.397446449933  0.683457843838
0.463852117991  0.663303068032
0.750065889579  0.50054082444
0.464653540305  0.641384406961
0.550889988604  0.398541053986
0.468943293858  0.381235676184
0.348659519909  0.309067379327
0.632081139448  0.38657405206
0.566225277651  0.59012904605
0.647013550164  0.440729618099
0.546990945123  0.355674094578
0.585879618159  0.597393650295
0.577690548348  0.459389037579
0.538068647153  0.33545681539
0.622770014642  0.585870682246
0.533354549  0.40424920259
0.481772221131  0.380434064638
0.417592415178  0.584704240596
0.305356879427  0.51205504945
0.634606360819  0.561475636476
0.464556526718  0.578644023025
0.474184384558  0.395405892679
0.372160575821  0.307455558038
0.620373851881  0.432852673224
0.677266672529  0.412680953087
0.38689731684  0.479245699457
0.454231515583  0.273741718979
0.483553653683  0.241927954409
0.490556412313  0.491406162676
0.505307826753  0.579328715235
0.434595469621  0.549638219656
0.325401098736  0.531491296669
0.369625133936  0.364217981888
0.520374838781  0.589151250179
0.510676726918  0.528321398794
0.477565023791  0.603844263532
0.531116669863  0.488118170328
0.478588012794  0.277389342369
0.576636617634  0.579379606086
0.452880280374  0.418320924535
0.602611682094  0.651969942782
0.374440334706  0.365189873079
0.546560765088  0.371062586803
0.565166647767  0.434770541169
0.472337418372  0.328245091531
0.438317427771  0.529912699937
0.560091183327  0.728858236318
0.460563479414  0.503806163476
0.339245938757  0.561203118198
0.31910916237  0.591691321545
0.436361364955  0.566466720642
0.553639352059  0.475092137331
0.479848690712  0.424459564793
0.430737813959  0.506562003455
0.463013127232  0.40918231864
0.511410063076  0.441688874127
0.668923956683  0.683366675173
0.388250632938  0.503254354351
0.537654457633  0.518303887572
0.373508030423  0.34324137378
0.5140861322  0.32961894384
0.334919489553  0.666704563828
0.390794629673  0.279400424118
0.463262434126  0.677689196719
0.5311758703  0.486190060448
0.528892829642  0.520722163804
0.512139182421  0.542808020856
0.593540440119  0.42350496598
0.421933973677  0.530715652467
0.51681484909  0.631136413546
0.373117699912  0.33760039064
0.296183895273  0.610914772005
0.4661748339  0.390282765504
0.63640807702  0.480372841299
0.309117504655  0.464581602791
0.487038834464  0.6697114333
0.597231339138  0.519308423696
0.465163498887  0.401997900899
0.492875215232  0.506199213277
0.520145941899  0.573331743264
0.296026516957  0.513589150185
0.546045564751  0.375257777288
0.465293773799  0.518726726214
0.524229060788  0.466991614352
0.487543876616  0.52249473139
0.587597986063  0.529350198768
0.468046244784  0.569594759939
0.599593879052  0.584774115884
0.839670280565  0.543051444699
0.355575369752  0.583415000996
0.324030428402  0.574056811189
0.487523880358  0.54996076868
0.372761239931  0.350865004225
0.496732935061  0.60576062177
0.479434813341  0.524197897116
0.382994080054  0.59243983472
0.447850409948  0.511591914987
0.352103223393  0.558807969949
0.699635150064  0.354602034649
0.489283464686  0.340255333221
0.366162158332  0.471332741048
0.638289934961  0.374194498654
0.743093292052  0.451734208883
0.398024340694  0.520437826873
0.337245123527  0.422522003761
0.400750359281  0.613272833205
0.695225720237  0.359759397502
0.501997525737  0.612538850859
0.486915274647  0.486656328799
0.434502128209  0.439616774552
0.500862545486  0.475618208429
0.512550158005  0.421194979778
0.567112141579  0.403127780379
0.540418356167  0.40745570013
0.571393841908  0.639445886989
0.549679087385  0.484451463077
0.598775833317  0.410016097929
0.499400327373  0.422134547188
0.366659554232  0.36046383307
0.573688592691  0.511301632944
0.359570888657  0.453347665467
0.517313246568  0.395326103817
0.527821585886  0.554947053251
0.36546268249  0.27628548036
0.453451231004  0.548230898564
0.600077417108  0.479156503042
0.505366084654  0.608879236635
0.486319937859  0.332376240517
0.418813565543  0.3340664159
0.610853260209  0.448441355134
0.423328049506  0.532387857896
0.753322131307  0.554201116351
0.409138695818  0.628235270114
0.480468426736  0.308085283513
0.432871037575  0.229368787839
0.369199895702  0.428954218836
0.678769962587  0.475195466422
0.489552783679  0.656416246208
0.576720153702  0.357959486511
0.454265275916  0.439118636129
0.402115707429  0.473085788443
0.447457404613  0.28908745458
0.264031919471  0.431726628619
0.534772474382  0.452970145836
0.298536297632  0.556614810276
0.566646765235  0.444105104004
0.321466827583  0.605100772932
0.459223793642  0.266806153325
0.258726859869  0.369542387608
0.458510027794  0.43201482415
0.671713387348  0.516323014759
0.440561652872  0.482322788798
0.586466574431  0.488176803474
0.605343341121  0.363588827506
0.438604811558  0.426537437432
0.407089599435  0.672655832344
0.527558380844  0.496934588087
0.290955947693  0.29338808848
0.631527309051  0.373925607299
0.42177614071  0.325186302641
0.546634634639  0.676468543291
0.364586510059  0.79127255735
0.56401692048  0.463711608702
0.418188799322  0.569746399375
0.517008262193  0.598495893875
0.263965156563  0.317733003912
0.443741257973  0.501717967751
0.442211239548  0.541040338079
0.665812261798  0.494807537866
0.435927862489  0.473401732351
0.640413298668  0.50815451634
0.497994593785  0.564934841444
0.586516756663  0.38249159226
0.589024321947  0.483003744665
0.377231072812  0.303052495398
0.558585489837  0.351873263126
0.464245175028  0.421288563433
0.363845490385  0.405596068503
0.364618148455  0.419171781098
0.529794197752  0.430871196732
0.412092111909  0.404917469948
0.53600907326  0.725352549411
0.309316088523  0.620623199368
0.483584451719  0.407006501568
0.269105485478  0.405703225828
0.344939701788  0.544460703792
0.511600735414  0.56466389484
0.590527577738  0.443018301948
0.508542681577  0.5136652154
0.485898467596  0.284672912843
0.534883134227  0.38678738315
0.420842551361  0.674720569473
0.440446140962  0.393438235427
0.627556056904  0.525658525431
0.46065896222  0.543899322287
0.340915290593  0.553062859947
0.482230502073  0.489637929691
0.583026949664  0.411414252993
0.417078076367  0.446213150121
0.490063898905  0.528695881205
0.486329455195  0.496419526062
0.656287963033  0.681017453192
