0.443453587285  0.515186614663
0.262126533845  0.379271787598
0.436062657978  0.558776034801
0.605736042225  0.699313327174
0.509267549959  0.565913592094
0.696237187732  0.459686592039
0.573941938872  0.524170321083
0.542265570125  0.438462520531
0.434000171637  0.390834448483
0.541395398725  0.555529043742
0.510654333482  0.446593424201
0.422148824177  0.438473719571
0.561728440698  0.581708284196
0.498313779871  0.681759771147
0.282287916713  0.580773312118
0.467194984688  0.473050260056
0.337833381968  0.540955614144
0.521704231617  0.531580609053
0.380728620773  0.552979361277
0.466385064978  0.613034577193
0.513260258898  0.611545201995
0.504458143732  0.373833161538
0.384264330309  0.605547666705
0.470991777535  0.234904804459
0.445294211256  0.489892206315
0.431072351312  0.540736767893
0.432689817726  0.241517052143
0.515383121371  0.60001058358
0.351363765299  0.493369999974
0.494704196247  0.461025856612
0.626477807697  0.38465699181
0.470016459919  0.447537836881
0.570575619348  0.526850294106
0.628692571178  0.582038542118
0.34317950456  0.403500110887
0.556307263697  0.486382675863
0.473902335473  0.440478397589
0.332686220358  0.517650772671
0.588849035189  0.543269568126
0.610892437401  0.475051413122
0.313685360557  0.414061179046
0.430649620466  0.415284190595
0.572524537836  0.641269594523
0.52914425875  0.314353152792
0.382902968229  0.442990909991
0.58332078234  0.634458663357
0.52709111174  0.557831475713
0.62807506325  0.327263887885
0.478300444983  0.313240948447
0.577013687818  0.547638080543
0.546543886194  0.488729744972
0.531823571803  0.509816129121
0.491478419059  0.378133702062
0.603540997827  0.376057859984
0.583563329047  0.654215712457
0.60793411168  0.301120346656
0.291201694195  0.548860548736
0.54927477421  0.50545335861
0.531730491969  0.351018461949
0.381777135855  0.448729930408
0.422061100655  0.41883873361
0.368105786327  0.595505333832
0.426670210401  0.419671147604
0.522561820152  0.392618577501
0.238972555461  0.518372244414
0.45461140564  0.512745040795
0.640289474995  0.387483546478
0.411200779071  0.414354778719
0.650039350572  0.440253627469
0.439464475937  0.467152360184
0.452130873551  0.498421087345
0.486989513955  0.502652881955
0.485419577998  0.4274907512
0.343051886535  0.503706270411
0.316326863863  0.74022479139
0.618025747852  0.587774469789
0.419148819961  0.369329966266
0.541333469916  0.571678272794
0.498537549265  0.489382527742
0.516395445733  0.590320076465
0.415401509533  0.622724716503
0.461836761218  0.428726521077
0.631995836543  0.391519227813
0.509586050666  0.392287632841
0.529006865425  0.472088894803
0.382796573835  0.5044779002
0.531627034967  0.465030681903
0.462755021098  0.490331076291
0.576781277187  0.613515698038
0.513118113945  0.300605172286
0.573221031287  0.427628912177
0.431166371222  0.603662037283
0.4861603851  0.464779830407
0.508769331876  0.329991594122
0.466294801835  0.479808374981
0.575660999183  0.620770768672
0.521827552899  0.663657743698
0.282748571691  0.538425229836
0.46812206513  0.549987827629
0.373313124037  0.433037716317
0.582740808696  0.519214104291
0.71417177483  0.460510100419
0.495638776967  0.397934721565
0.487531611396  0.513891366271
0.526692772415  0.518043897085
0.42413588358  0.499336107564
0.484669554244  0.640431641578
0.582367214424  0.546927332812
0.491818355373  0.550568508589
0.219239670634  0.44245552997
0.666270836547  0.331216861953
0.601837319364  0.363982347641
0.468325102669  0.65491712484
0.453650790734  0.592178060027
0.486529298181  0.477299259654
0.644031982334  0.339139073216
0.661536005691  0.30720394516
0.7243826812  0.486297889769
0.518435224225  0.626248117136
0.345239055572  0.479274474747
0.569369053546  0.527439213073
0.472397428843  0.525867755395
0.488871767105  0.378438554867
0.592419505067  0.506148082234
0.599580212303  0.468476443436
0.567815375773  0.570753408527
0.549973588533  0.612479866362
0.4486517051  0.577520159775
0.419704115124  0.499961883459
0.503744121215  0.526153252576
0.638835563495  0.416818443153
0.457081040091  0.476666704154
0.573988769831  0.366279027792
0.476806088235  0.54845619501
0.53468014342  0.550489538623
0.465674841455  0.543900567105
0.350201136458  0.433536152141
0.426808044172  0.599538101689
0.328617306247  0.565815740426
0.534026628997  0.377828548584
0.551632807979  0.409377755787
0.578365176536  0.682290985184
0.417731842988  0.376737225518
0.580175768282  0.468979571934
0.487178555673  0.504757049058
0.490630002155  0.533544773042
0.383893722327  0.510718141425
0.325199669964  0.301433197826
0.49670870488  0.503390635775
0.546900250771  0.421643104191
0.676950327517  0.615887772097
0.574965573927  0.429628344471
0.539069873881  0.383450495774
0.416284653993  0.489285402123
0.520164737772  0.613364523793
0.45785124388  0.503195061059
0.561589098084  0.480655901442
0.595606243696  0.396018983222
0.717934362551  0.395480468347
0.638354717211  0.702941305663
0.427125381605  0.451265981652
0.289868806604  0.475605636946
0.541865398683  0.598939209404
0.565366416024  0.451390315921
0.435461549231  0.383438441874
0.342972480094  0.501628396566
0.496448373717  0.67032335491
0.427848111629  0.591517986466
0.571806710883  0.493417094494
0.494772993632  0.619295602495
0.479657765977  0.396686481546
0.576966301003  0.587374247536
0.402062998187  0.521546383994
0.507550828689  0.632427663447
0.59492024087  0.682423344953
0.422181942105  0.532971412193
0.605376613555  0.468372015872
0.625977706381  0.62927304114
0.394460116935  0.714264239586
0.471062634168  0.485752934864
0.351535448254  0.384285818244
0.426704061479  0.551185185569
0.640779358966  0.436521583814
0.550088479044  0.67281272712
0.502977510157  0.488068154568
0.446899159079  0.417465353857
0.451216397976  0.45523921347
0.586978187493  0.496084985529
0.542959197312  0.498492925122
0.602160790738  0.564882508481
0.661696913024  0.542172228186
0.529278067553  0.56800659231
0.299908170695  0.598869199305
0.586564392122  0.446000860008
0.545920220017  0.474260404626
0.533612528918  0.478687447932
0.450312118396  0.483191796481
0.474251513687  0.533684431598
0.395938445955  0.342877487331
0.406935382272  0.622835288
0.440020254921  0.549146244359
0.359045878305  0.319185674621
0.435077600081  0.474075500686
0.750934482699  0.706185965881
0.448029466474  0.548743166794
0.458036989198  0.386000227439
0.510688437937  0.477505813352
0.590619079755  0.446027231041
0.528149352964  0.481951894101
0.406779728277  0.471662896714
0.532108521053  0.561746172032
0.589725083201  0.301130797681
0.585776559844  0.259891093151
0.428178018154  0.646188323595
0.561557495919  0.528768694166
0.560423230019  0.375430692257
0.61374208525  0.516510860139
0.512858944319  0.472497226869
0.501722734286  0.494654774738
0.403795968802  0.158950388889
0.462133936398  0.632428315591
0.576651027151  0.356387677968
0.535884302604  0.57960557305
0.479050128301  0.446000169388
0.619621813236  0.475571881017
0.654937005917  0.425176315652
0.483623331513  0.553030162314
0.572739520643  0.491578476593
0.545399685907  0.605747404833
0.561403296208  0.567097961799
0.597754662395  0.527186350826
0.594664144732  0.55113613388
0.468263758141  0.545891848954
0.489929641495  0.494131539223
0.396562787118  0.540583863199
0.429842453092  0.443606306739
0.545194199409  0.561093987221
0.640310199518  0.616296351764
0.497241188347  0.50956377471
0.470405254434  0.379721797057
0.540358246285  0.556596015131
0.644692870779  0.436050935818
0.332025615338  0.394594167169
0.490286107219  0.727108941666
0.445295448198  0.522629204346
0.480050984339  0.577312243049
0.51019556416  0.456676256991
0.530460071142  0.582216036844
0.368712389272  0.518169669712
0.580095430061  0.473028279038
0.553582133188  0.479365958431
0.511260456607  0.56421618308
0.447045713754  0.421660447582
0.392616733823  0.607376658328
0.450004960624  0.534138851301
0.560552596062  0.488359628426
0.590822834385  0.509864425917
0.598942913936  0.483050589234
0.593031058093  0.581704080663
0.424252424338  0.444734585957
0.55684616025  0.449113064585
0.555734743344  0.541758252017
0.612994800505  0.406253198359
0.580006495526  0.351432314516
0.42539755255  0.54651737507
0.556718569244  0.479175718069
0.447908209579  0.654059337042
0.39020878893  0.565458493904
0.50383629246  0.59090933895
0.348335458717  0.413469118231
0.376048914268  0.544583514483
0.641050491565  0.559757740331
0.563380868957  0.217385966397
0.568511073109  0.588718636776
0.704496240772  0.414771220629
0.353370672628  0.418754699643
0.311759572667  0.506237043849
0.555742546857  0.457860396599
0.503306390501  0.468651206499
0.538379152292  0.36076348891
0.431284727159  0.406571510997
0.416902523098  0.507085988853
0.378276944663  0.560738597009
0.440593947552  0.499398157636
0.414566522441  0.51693252752
0.451403653095  0.662300930457
0.44078425437  0.591292438234
0.601974226721  0.476084288248
0.305746293577  0.586257297062
0.482655290161  0.52462826716
0.510050932307  0.452261487249
0.577013314998  0.648727232848
0.410983501068  0.499764999269
0.493763142571  0.551478873213
0.575364225996  0.585896095972
0.521285902388  0.59167145793
0.536431682023  0.46927238145
0.583342102832  0.46855085081
0.421461436789  0.510543827076
0.410569349753  0.499980198609
0.566579335772  0.552873757253
0.498287173464  0.452155190138
0.474344224361  0.501871991051
0.356355504888  0.270653375897
0.420197046727  0.438261791885
0.390937402901  0.575946493884
0.508030339229  0.339652575946
0.598984913317  0.691441555505
0.544018534847  0.457739336793
0.519369735414  0.473089130515
0.537576058319  0.485394377875
0.341445791721  0.532611504101
0.450755080427  0.562021842132
0.506032720583  0.615471366838
0.52361286283  0.511372275583
0.66067063704  0.619977748285
0.34384452091  0.415991882315
0.420166314003  0.6106877729
0.478746060356  0.561548968447
0.608802334265  0.617397582145
0.459721731131  0.456977665884
0.576277409614  0.597183480828
0.466530924004  0.659843393458
0.407439061116  0.483177754172
0.497477101175  0.327849673378
0.669808394938  0.389408564093
0.518465228019  0.60197414367
0.524910134059  0.517362304947
0.353197740816  0.623544776926
0.644234191185  0.479995465156
0.616660292286  0.631502206203
0.605650165874  0.464277890444
0.494504819555  0.565183964094
0.323690940606  0.604699950165
0.492132970539  0.378601939589
0.468159605982  0.44850664388
0.629568328881  0.398448893795
0.60057717932  0.367713353745
0.563815481713  0.704964222511
0.407857406253  0.575477039425
0.529738968537  0.583144681353
0.636311465498  0.595679304945
0.522630932515  0.584407704085
0.550581757534  0.481804627174
0.477560477728  0.406015544495
0.389079107939  0.53356653688
0.474300901474  0.497932038739
0.547035919949  0.500133970345
0.517798709748  0.528085371148
0.323055465918  0.503270141197
0.655906363631  0.534227857874
0.559526521234  0.497500627287
0.393823596016  0.381310651633
0.42690269458  0.621140570017
0.486300014673  0.396454807131
0.355799525728  0.404330690261
0.481251609333  0.47043327875
0.535581504113  0.62151191032
0.576111993936  0.682050247412
0.399695576547  0.505629409835
0.555128806954  0.449198902598
0.284896775336  0.302062323426
0.395262096803  0.573642324507
0.455528079328  0.492978670191
0.394363023948  0.550172482376
0.555888360737  0.356202137501
0.537756244349  0.634480213691
0.704151888086  0.578905147946
0.504321347142  0.585941407803
0.525109803017  0.452118440301
0.458853290276  0.436131836526
0.329022555981  0.597153785287
0.293301845469  0.472229992637
0.648371015042  0.515787480049
0.619787638015  0.394318194597
0.544618513589  0.487719797712
0.402692948991  0.458264389708
0.511716678676  0.566352693057
0.312397785271  0.518774115533
0.548036206573  0.431363738583
0.328499811464  0.467039361726
0.352798332555  0.472090752227
0.475872480815  0.583882493492
0.577866596927  0.472856224988
0.571578427469  0.648926767752
0.496396883422  0.464074964869
0.459429151881  0.603349250468
0.547780106318  0.408594327073
0.398001723158  0.529743767453
0.4962711175  0.497180526251
0.46131761472  0.577071662835
0.420748354681  0.497881887701
0.504067664755  0.365871394096
0.517370775924  0.593742072046
0.430410078757  0.459392721873
0.354573062078  0.480610380729
0.734294521478  0.549580053193
0.469040335387  0.56577512076
0.569065700657  0.668176413598
0.549441550677  0.460959543864
0.523383090295  0.507284699904
0.410779719574  0.645719756136
0.494238866773  0.564813988349
0.538173524617  0.472692153998
0.648894006215  0.431070536998
0.449621948114  0.453167933344
0.480542606674  0.536962100207
0.513031349331  0.511154017239
0.376287469041  0.497226422611
0.387769697647  0.476684210347
0.627900632614  0.547901331164
0.437994796504  0.446868123737
0.464411002964  0.552053847102
0.765285542645  0.522424075161
0.632412774086  0.380214390737
0.469013027549  0.527835458944
0.531515589248  0.562729617931
0.41052303734  0.512488879167
0.477280521936  0.491740265469
0.433087953926  0.336424370962
0.412679210568  0.33409169642
0.41778804671  0.672297072692
0.337873380981  0.293172226135
0.47505696599  0.459684919808
0.500915205613  0.364659168747
0.50421449979  0.491650198345
0.368595014719  0.525000119064
0.625101551613  0.558468207636
0.54969233716  0.640413894948
0.446153853327  0.543114638957
0.394667545379  0.524242166939
0.346244442309  0.425760354082
0.537996863754  0.489529256356
0.654353686685  0.388482676693
0.572742630346  0.612135649789
0.538511675131  0.426354699879
0.581956955562  0.729391291182
0.388926506485  0.654701368223
0.489487266176  0.569553496331
0.432838052897  0.596161234081
0.390817004682  0.519128387713
0.394556522187  0.584912665648
0.438414860353  0.505133888365
0.649047741301  0.408787835261
0.564474787395  0.445094475566
0.421929875021  0.627441047509
0.41458599616  0.313171679992
0.479154092222  0.616506871261
0.581995255821  0.347576728119
0.448011618347  0.361510702143
0.517909133181  0.629863195849
0.534049403401  0.521867472619
0.69616252384  0.246715719272
0.681177328256  0.418001141814
0.392316676207  0.625810644644
0.493361247152  0.37590268036
0.567375641181  0.457429215409
0.596108693497  0.47332566467
0.568196984764  0.610761573673
0.564400847236  0.675111480735
0.218933567343  0.455851492029
0.514771670897  0.686419517326
0.528791396192  0.336521750184
0.483679516002  0.572289080113
0.52569588733  0.646640345864
0.370839026616  0.619882780287
0.530808043281  0.490124101105
0.518478660811  0.430503324349
0.548718009619  0.432842556489
0.528451244642  0.560183081425
0.398782212039  0.459049394402
0.503852695558  0.702882363793
0.473892022167  0.712766243394
0.416476788383  0.476103038335
0.400986177722  0.333122714736
0.705430100946  0.660737548614
0.629523135681  0.32946407943
0.449508542421  0.327082911949
0.725219155905  0.427490386154
0.430139186846  0.438385380645
0.601604215171  0.285946565816
0.412046701847  0.589456926942
0.386131128068  0.440441857855
0.44442891023  0.580745260054
0.487436043162  0.529473122028
0.476614724653  0.455907283168
0.36324455444  0.348390514462
0.468346614323  0.509959626571
0.4316415265  0.634029766831
0.643773675278  0.532790972522
0.480909147187  0.599462040176
0.375862195279  0.696073952131
0.351815536063  0.541204545035
0.481384636467  0.60288599577
0.43157455834  0.333475984854
0.427304100623  0.549804425267
0.489167721774  0.33731523643
0.493188839399  0.528856210515
0.493444673805  0.269055324073
0.379923648448  0.434609880387
0.601301406367  0.488826868572
0.521988599378  0.695694450854
0.544162191162  0.430042190154
0.600911546523  0.416007608787
0.311173295159  0.451966364238
0.389793875759  0.510390637701
0.596124580158  0.3872474803
0.353585822512  0.617347054552
0.555955351762  0.776649092821
0.482322823645  0.507399862542
0.690451611487  0.613672807078
0.629653448391  0.465615212758
0.620658781441  0.572650973472
0.347629370637  0.371803648058
0.714933801642  0.476780851516
0.623098833944  0.558988518783
0.538853866393  0.617372584576
0.443815311745  0.463078521272
0.331621900341  0.272045955832
0.605349206124  0.650841596094
0.343345369766  0.489996546402
0.298966849312  0.475490487409
0.471360080022  0.427467712147
0.42700380821  0.584769651265
0.658050090946  0.452798618192
0.483719319291  0.483831628494
0.635463037334  0.587544075655
0.433416008637  0.670545353355
0.49256719248  0.539256859846
0.500658219665  0.360129372208
0.365972430256  0.325491050436
0.77152016846  0.542591031078
0.414148285226  0.525580482146
0.516454287328  0.394052201329
0.322698392876  0.46792848661
0.502148485058  0.447074338273
0.421234973597  0.499259441213
0.419519063838  0.394646360512
0.50562018872  0.4730433165
0.475453081982  0.643831091582
0.491128812232  0.45396377735
0.648657169399  0.441273917089
0.726458606851  0.366310364865
0.575754202358  0.53658031781
0.435117948075  0.505343714562
0.344111480182  0.451990517484
0.434951449721  0.46291142111
0.677469815856  0.499962365059
0.299047949943  0.406015298608
0.376186227302  0.491784185375
0.555279908328  0.494713420225
0.547325719111  0.683213551492
0.479755876605  0.520603075194
0.398300893363  0.473361298484
0.380763009545  0.434673704002
0.433118207667  0.487127161066
0.429730181513  0.518634809457
0.495684345863  0.551858704914
0.37144284919  0.465663452486
0.656209556914  0.274464105808
0.352461161372  0.455056359758
0.500322146256  0.515765644673
0.597296555672  0.544240244128
0.591863564812  0.477089501188
0.436841010763  0.570139406011
0.378154692545  0.526964926312
0.544177686605  0.443072731171
0.472784303386  0.354891735541
0.466483233643  0.568928866561
0.605586302013  0.525563366633
0.567506339651  0.424410389206
0.541030937947  0.409638897916
0.403227120758  0.613180150428
0.544800351453  0.681025820598
0.666749082624  0.517887043625
0.494195068925  0.392057133435
0.569263732625  0.662614704344
0.503935133058  0.615490721954
0.547797590808  0.524925533133
0.542379679995  0.724882139119
0.446150608078  0.470776307072
0.402505633397  0.604143646115
0.702275866616  0.554133475186
0.426880747392  0.40827598313
0.509673121053  0.487600670767
0.288922106991  0.297238342858
0.391710351607  0.637427503718
0.562691045888  0.393338542874
0.393280381133  0.382271964293
0.595746507438  0.500934157848
0.564950885208  0.486022519896
0.535217326985  0.557359116232
0.611013437328  0.441648627696
0.523065490115  0.495890800027
0.641521460659  0.303984454182
0.745409585145  0.45284060626
0.456682993514  0.467856727308
0.596435892766  0.39035707834
0.549379617122  0.539323202896
0.634637323033  0.643184686115
0.536031754056  0.463158344208
0.573701649832  0.299622470254
0.392296150792  0.358440214081
0.451282652485  0.561402588319
0.552588345835  0.45280929806
0.320792283129  0.378490426717
0.385193466476  0.346032389324
0.620438757347  0.372645273509
0.473641077065  0.463999798173
0.440379802017  0.738122193316
0.343717712027  0.553580521328
0.464386228522  0.515004657334
0.489851370035  0.562832702189
0.580097016945  0.361595638833
0.54805663889  0.694112456064
0.381736068078  0.490096045026
0.57257854092  0.57073249102
0.424263544704  0.595736376398
0.494156058774  0.443075510417
0.607996507675  0.475195403173
0.378301389002  0.622697306985
0.479076947107  0.606694083351
0.3526539781  0.383890601375
0.530061725813  0.559205075453
0.513190188422  0.669709506613
0.530994190291  0.359602528371
0.365136744643  0.343124757381
0.598798814391  0.500225925547
0.383727568283  0.660683250561
0.467578093291  0.482758821847
0.547683294361  0.370638560049
0.62140022444  0.499371717057
0.422194127742  0.62839849074
0.595397313126  0.453380576314
0.55937628114  0.418600504244
0.544762593272  0.388532209506
0.580903704541  0.436762528935
0.546460783313  0.482030037714
0.53391385528  0.464575214946
0.511096443172  0.397202752839
0.37295136209  0.474986683951
0.5418883167  0.589791162132
0.440423472052  0.455105004903
0.559399368976  0.29815547072
0.630064399733  0.541904720811
0.518816874017  0.535625727212
0.650493639163  0.393958494911
0.543838691045  0.571174918223
0.351111904163  0.516243918335
0.553212307777  0.536952021235
0.510762760156  0.57934870213
0.621311068454  0.474906749639
0.594880370608  0.811165259109
0.49350042358  0.353130719502
0.484555338596  0.538773638494
0.453928993777  0.396586433978
0.469428160469  0.408792583248
0.468589985313  0.359841066034
0.535862993306  0.494581059015
0.450562853583  0.526367530884
0.577089887791  0.617420972627
0.479706040334  0.518071134271
0.481556441179  0.557039684513
0.498694948098  0.530513726203
0.456677781137  0.545547354495
0.455618436383  0.568137836794
0.520030230896  0.447437910102
0.576889031744  0.520900235879
0.448898288223  0.383993839987
0.457241561192  0.403841802368
0.653854254938  0.535064886319
0.549958663126  0.548142446867
0.535632320169  0.646901625437
0.497903328118  0.536430857756
0.459653312311  0.465991012806
0.587052586711  0.620131300491
0.495802635493  0.497763433098
0.490995245687  0.448494883256
0.548131792525  0.523603144301
0.451900588297  0.655298306966
0.568398441174  0.454798794111
0.31525958573  0.405486650452
0.426977545145  0.612481260781
0.446809537454  0.323596874118
0.532988861686  0.603890638194
0.425326368126  0.642247958169
0.326082882596  0.56026131883
0.474026745328  0.331959147308
0.524235199787  0.527489537258
0.630886276309  0.417407276927
0.308854642216  0.416129859603
0.231989454346  0.430827806326
0.381375471001  0.584371014838
0.553173011573  0.519537447854
0.633138300269  0.647255501756
0.413176660552  0.484478146302
0.576356647933  0.66947220842
0.368530517403  0.478237210886
0.52267775735  0.509474090361
0.574245198638  0.601748932766
0.636102671089  0.490161580232
0.584556000877  0.472628936797
0.563237578912  0.516463456496
0.500819505375  0.596741747382
0.41198192354  0.484163777052
0.525144513412  0.349369463206
0.346493553154  0.422002236895
0.602291272229  0.36581964799
0.595265330327  0.721443020331
0.611208822562  0.42353693917
0.179057318313  0.589339864225
0.543334411602  0.54936688323
0.476437911811  0.462739661817
0.412346462789  0.351226181384
0.661658316818  0.520687879652
0.424864173459  0.70588828938
0.512592194485  0.58059512669
0.287200326837  0.534022007225
0.553834361807  0.22369880874
0.474011534686  0.378905546232
0.378400478086  0.599506085871
0.360159933156  0.277286084813
0.537217200492  0.275676024959
0.431252702837  0.600784788629
0.677189640065  0.57775973966
0.455151068871  0.379712018196
0.376168904954  0.443847768346
0.513123785738  0.593302368058
0.549011239722  0.625580979141
0.523548049084  0.544500231337
0.502442324693  0.535311775414
0.580276898546  0.578630968019
0.406640257106  0.542286498451
0.577400322546  0.618330002128
0.532953549385  0.450086665265
0.421099435426  0.446829830095
0.505237668405  0.438788847331
0.473830490858  0.505517051148
0.5770641562  0.491112873364
0.591334116914  0.382678861635
0.501450498125  0.495476090459
0.388842220001  0.474268124085
0.510562528427  0.665115525177
0.469519863478  0.458279207375
0.544833137125  0.5617575887
0.490033041547  0.66338741515
0.503682169198  0.594897195261
0.28226306143  0.526276604063
0.342314807929  0.687174145595
0.657796631385  0.633246060146
0.419147580234  0.447659651269
0.5300946378  0.500563343921
0.605334936503  0.330895433403
0.414820330384  0.510910501938
0.468813474573  0.557048708517
0.485788669221  0.447521219656
0.522564155651  0.434980319416
0.40398258921  0.653063380279
0.476767275296  0.522197853465
0.577412067799  0.526389663249
0.356128487941  0.659514496549
0.399991872086  0.575472296432
0.535084242585  0.576635850568
0.639027813501  0.482607758802
0.454429706695  0.475078129949
0.517356379432  0.369909550489
0.5342573491  0.404376382639
0.420318936228  0.445631566522
0.544583993523  0.645809043327
0.388843865213  0.511318253895
0.614902287503  0.63168441158
0.297377163889  0.52844038753
0.645558438617  0.465710964588
0.543672379935  0.649236166525
0.536975214482  0.558004438938
0.484938091035  0.547898322534
0.548334669453  0.677002007257
0.434591532483  0.492600445153
0.419395436917  0.603407515658
0.402534693495  0.421610307148
0.677437911258  0.495702944846
0.495252841576  0.663321055401
0.527160029913  0.456323362163
0.556528184025  0.422254144375
0.375432379725  0.550163011367
0.513386569904  0.522902012523
0.426720390203  0.516286118674
0.522752406636  0.354760156445
0.515017588386  0.525050944949
0.468955522274  0.426815745921
0.483604127482  0.531637849092
0.393079227583  0.497317909548
0.400414310042  0.599594546554
0.434585923763  0.442595972876
0.465895727087  0.386640881206
0.416519709808  0.588768855876
0.367624011834  0.568611194032
0.4395098478  0.672249217384
0.64614253719  0.44515430752
0.629459321832  0.530806171841
0.530233923963  0.710420703724
0.519717953179  0.442089734952
0.503321291034  0.495292216596
0.433594331521  0.51254120364
0.357258607471  0.472409532545
0.427768548366  0.424190978993
0.550494500597  0.402374759954
0.478262406726  0.571380953123
0.312032336831  0.46296481401
0.523797435857  0.265841871834
0.537384297386  0.210444542907
0.566505941286  0.511852169147
0.501537586762  0.635688910958
0.50306380096  0.522548072967
0.524370735863  0.460245381428
0.465856212043  0.520759172754
0.365195974468  0.438437615494
0.431280819873  0.532613517676
0.424294579674  0.528213426025
0.551527829164  0.405921687958
0.399150475481  0.685564948916
0.520569103129  0.56981264321
0.583867168659  0.513442037234
0.431694529725  0.385805759647
0.487984149344  0.465513746882
0.529410116757  0.381872484419
0.424385478826  0.569829114916
0.549258530283  0.696524978641
0.49712728644  0.596654323257
0.467942729015  0.54148915564
0.609335463417  0.318511816335
0.501541942283  0.553412863305
0.722070317089  0.576258327815
0.41532162449  0.506194672982
0.47147787912  0.670927317877
0.605959760218  0.504071850942
0.329655452204  0.474537817335
0.579008888705  0.555241153028
0.41799538316  0.601668615192
0.563207533187  0.3105569565
0.441030262589  0.53969758053
0.452278472243  0.555729941026
0.481683166592  0.575631908816
0.446913549947  0.491520637901
0.484831841948  0.502583715778
0.449351139308  0.509073981953
0.305438116031  0.546519823231
0.660972031041  0.494700397346
0.507187788071  0.530895000633
0.530789802962  0.644106789663
0.582284553078  0.643443145869
0.374815380567  0.381413489474
0.545010181894  0.511708828051
0.394317918109  0.521553836877
0.481159852227  0.387280900379
0.609565499221  0.444504406324
0.549066986165  0.477598571035
0.492288697887  0.397718084349
0.57794004446  0.397170136654
0.316759494819  0.472986832017
0.395253146862  0.448751885521
0.688776985583  0.535018569961
0.455495311512  0.501561023075
0.537887961232  0.664582103328
0.495016682479  0.402039922318
0.463997962805  0.593107761594
0.446469335881  0.510087054767
0.811082935689  0.447905644696
0.486918520764  0.575721959402
0.409400124563  0.450943926952
0.379719843215  0.395717244402
0.492356578687  0.499789679291
0.564301216079  0.407220819828
0.496673784428  0.559313938754
0.518704961841  0.682645780502
0.376253713425  0.56748716157
0.451012896656  0.47390544908
0.526593650637  0.497258791322
0.499011942557  0.394009498762
0.605583575745  0.401531656935
0.580393373533  0.367247109314
0.470054596266  0.607910964812
0.495952431304  0.316780356138
0.353067083702  0.417023562915
0.528081557241  0.367409074218
0.387139192323  0.491046675739
0.615677858405  0.372897369587
0.590299547109  0.571584696524
0.606033494779  0.269682263718
0.624684766545  0.402223059909
0.51018730092  0.529805143583
0.542259544028  0.493670097284
0.477130544929  0.627962884915
0.729360741438  0.350932751446
0.403740504853  0.618987605302
0.540701737179  0.55208526361
0.385802497734  0.723298095001
0.566055452782  0.532112738082
0.534938049443  0.537515203398
0.584071827987  0.41119137741
0.340283560293  0.468820875723
0.735641704106  0.615746163961
0.601930791946  0.450418425841
0.48153341694  0.572627495534
0.481471888349  0.664525896695
0.401684255147  0.434357736284
0.468249777689  0.475564364095
0.510132135322  0.502124061959
0.496718995681  0.69391176604
0.607932185832  0.469079208231
0.734290861608  0.695285765634
0.404177234968  0.62048676495
0.373057512207  0.528675566223
0.539512149898  0.540787792514
0.468706498043  0.499397263643
0.412329532198  0.377315258939
0.384734215761  0.50265115724
0.399326104228  0.388319640714
0.482722639258  0.627429539737
0.450177192898  0.403394305351
0.55889097778  0.440097740256
0.583751297567  0.491829068049
0.358236433388  0.468713425476
0.412118107524  0.459309992088
0.329979018833  0.549879375529
0.502781602514  0.550437416188
0.614671653046  0.342712243657
0.582790898862  0.464840859318
0.463459917344  0.337751102658
0.59142869531  0.386917352535
0.504499951553  0.534348201021
0.676600791522  0.533832970271
0.451633959143  0.471573733253
0.496340408162  0.498483489914
0.527826498923  0.512363952154
0.582308287415  0.505874571412
0.499334271868  0.530963761174
0.522224933914  0.430086237126
0.327877760398  0.466648119537
0.571359151389  0.506992456552
0.694149071991  0.553063101668
0.558594688206  0.478646715618
0.55374219063  0.477290446672
0.589272711999  0.460254929658
0.316085409117  0.32125280767
0.562204509641  0.487491575049
0.440698847505  0.574692783094
0.549798471383  0.584649443715
0.57770101166  0.171724012982
0.488170293195  0.386901257781
0.455315755809  0.461522003229
0.547931263791  0.377670384309
0.578711898116  0.418089334764
0.674891400488  0.537120747351
0.536236893721  0.565353574472
0.66853175646  0.580212701357
0.518975835976  0.543561963249
0.471306470728  0.508227357797
0.530991778118  0.47742504597
0.621674727527  0.653672095202
0.491574090629  0.591452993255
0.523475728994  0.540158361224
0.5583746683  0.538887448428
0.315410061506  0.448818268272
0.519873479833  0.60634752858
0.557797559833  0.478468093613
0.305204039233  0.580075033615
0.565173824322  0.451943064799
0.459286645056  0.361774856747
0.411115693117  0.600805987413
0.392025699259  0.400214633711
0.486728540318  0.643203417373
0.474616984164  0.332182416868
0.454891537226  0.525514033537
0.633459736999  0.497488890252
0.651882042918  0.422711280963
0.577565959245  0.454300830478
0.511516855688  0.481257734817
0.543610191747  0.486617504584
0.633903859836  0.367951487074
0.557977726432  0.49581409629
0.415900144794  0.370448670218
0.546070133491  0.540288922062
0.494302483088  0.547080219872
0.396371547682  0.3539583546
0.525903715358  0.332697464586
0.418009381181  0.381834207998
0.358501578766  0.418947775613
0.598699404202  0.50849826668
0.361631502294  0.620191507979
0.571898280463  0.344951858426
0.471437103286  0.599903235542
0.56957324105  0.465764041027
0.531694107059  0.515533249707
0.60091136638  0.403189673793
0.351466065932  0.586954431531
0.509425746599  0.510730197047
0.541261323702  0.476532995985
0.375481065707  0.606185821817
0.438843668556  0.479358587154
