0.596475200288  0.645433916744
0.362422686108  0.518867322947
0.408948900216  0.424327923005
0.561439036038  0.230087382085
0.404951973853  0.552695686495
0.395005457633  0.525693058517
0.495185791571  0.383350289954
0.447658387212  0.548212618082
0.544079741905  0.445584721037
0.508565470535  0.447438135742
0.502495603678  0.553237187564
0.652680293553  0.455457144644
0.367413101733  0.494997198071
0.619294719456  0.504802171669
0.489213580027  0.565279222047
0.498675403843  0.35586478536
0.375685354099  0.502412412273
0.469535601967  0.286345653884
0.415133386642  0.31604947073
0.393894135395  0.553395227015
0.616570040274  0.451983712949
0.578567130266  0.542273063124
0.575620010536  0.504386943051
0.358305947411  0.563111965557
0.3777460639  0.274340180938
0.369999680025  0.41104717073
0.499866727192  0.57556678463
0.475545544233  0.2878508191
0.466894235197  0.262733488028
0.233595181393  0.35079909334
0.409868664425  0.569996746565
0.490704325552  0.556914756085
0.43127056031  0.580799226724
0.358285826363  0.499531898047
0.35874890347  0.510977412006
0.468638770853  0.572193392642
0.500272120324  0.449574682484
0.557642100166  0.601614753435
0.482814031071  0.549673667271
0.442527194117  0.452871901694
0.556684229031  0.493194292768
0.484878380347  0.422937848228
0.502009530438  0.477315195725
0.517872937638  0.360699623588
0.432833402742  0.48796052517
0.471690322705  0.539983836001
0.312433236507  0.527882379835
0.595427942081  0.459461724742
0.496202021484  0.555159669041
0.559041213974  0.557607699276
0.42832127566  0.658379359717
0.42731036457  0.621999696765
0.432101440493  0.45170325313
0.507883806259  0.25811318048
0.525038239956  0.656470252003
0.463145429229  0.503428577174
0.50367267733  0.324808962647
0.460267249133  0.444066832376
0.592769823594  0.644908195436
0.43798190516  0.426568760101
0.327581509635  0.33204274171
0.479803693343  0.491386294222
0.618451026251  0.499107636714
0.42082005063  0.330327910453
0.452846070466  0.536994350042
0.473450548425  0.507063437946
0.314413735411  0.4103944547
0.440422569214  0.452876025985
0.464449693411  0.569720875426
0.460298361629  0.537410098972
0.612395436339  0.471595944652
0.537002328024  0.396359597126
0.477344604341  0.469357125537
0.371562783943  0.491213988322
0.544963028806  0.504995206891
0.742153723685  0.594367437465
0.48363641673  0.503435126765
0.460296331565  0.461970339979
0.624408164624  0.384457562793
0.394574847302  0.469305076561
0.466135359629  0.621586181134
0.556029804149  0.595941021542
0.540968817354  0.604905458393
0.418918755702  0.549453905262
0.417931684809  0.377084504548
0.515686387058  0.497178364736
0.410510422983  0.494741107986
0.557786746065  0.415248564888
0.578599068621  0.491029765452
0.44982322136  0.556809060582
0.524269804866  0.547843812053
0.591914943356  0.559812835495
0.477716945413  0.618480297343
0.412116131856  0.460444969872
0.49123741708  0.528456898063
0.44818994757  0.478853502034
0.350087842665  0.587871824212
0.472857998921  0.598278226939
0.539010277755  0.658593528357
0.479959010465  0.203213310255
0.580321889815  0.404878444768
0.415882894422  0.532905000041
0.446980585612  0.522487953732
0.633534590434  0.394887554102
0.441134711374  0.351122413234
0.675337971454  0.549155586228
0.526076940804  0.383469992926
0.41185054306  0.356463798892
0.398346166164  0.451078136554
0.505949503238  0.526086305475
0.559139882306  0.429293872135
0.50299667751  0.478025618999
0.428439650134  0.443931543976
0.57910128652  0.495539548533
0.554104813518  0.682077324603
0.287695042575  0.401463721595
0.427744723329  0.450523612036
0.295451306291  0.507659202197
0.571472212202  0.596666745915
0.356119246346  0.493191143631
0.550679412051  0.53972814188
0.305514023283  0.503599946696
0.387089836578  0.595710239212
0.601262008708  0.500270154325
0.458955815419  0.493384477921
0.428894469846  0.660493955918
0.406169631229  0.392634689427
0.593556875897  0.551900653934
0.661665175393  0.31891537895
0.428920024259  0.316463404644
0.489415607586  0.380351014131
0.529857907097  0.48618104184
0.459584692015  0.48694891024
0.495500838181  0.492892299001
0.515728772908  0.528425151176
0.642469175199  0.471878818325
0.532614443387  0.629868321457
0.453137590708  0.601881574504
0.522661337995  0.592255845618
0.482910999143  0.381951305533
0.438157332928  0.383140736045
0.527082872779  0.476152320666
0.699838281095  0.563452952006
0.300529070569  0.347296945749
0.564139511449  0.484551018736
0.342652545344  0.418287189447
0.655963460897  0.461965277466
0.362751804412  0.417979368273
0.321747827292  0.632656823595
0.409685014393  0.42445426005
0.609404967712  0.493488154158
0.498297683724  0.339906815981
0.510661402061  0.505150751794
0.435694745231  0.312204252572
0.423334327845  0.339919330907
0.467358567764  0.516625560691
0.711877163476  0.489888085159
0.416779963064  0.483528941616
0.524967720266  0.510885644259
0.524078033928  0.415791018836
0.585487777864  0.631978501532
0.460529117919  0.531180028308
0.471299377933  0.468243848331
0.497871778562  0.589475327283
0.42295470984  0.616014534777
0.379819186166  0.468534872079
0.483277426857  0.5620526196
0.382981127803  0.596244649248
0.455556706993  0.475154482362
0.577587554169  0.398354618125
0.385527567161  0.511855051609
0.612408989329  0.414871313909
0.566354937409  0.603387104209
0.367328974964  0.588954356911
0.333192050321  0.541447336224
0.412344051493  0.340097960483
0.398583636107  0.506722119685
0.530710973628  0.531166971616
0.548928869689  0.409922910391
0.663102562695  0.578116492036
0.635672601925  0.436306835151
0.576849587071  0.45865734231
0.461374808335  0.468764430048
0.458605344035  0.49248736331
0.481412459623  0.24692047632
0.619399757829  0.575013844429
0.50194427208  0.444924313903
0.481940521811  0.392269464917
0.471063581126  0.504527083331
0.499972189286  0.366896434019
0.461273653784  0.525470877284
0.314424448395  0.58826539779
0.472381487718  0.326945710642
0.459172821454  0.552955033006
0.547050811278  0.491408397807
0.513336096173  0.441328108214
0.395860556233  0.489469763303
0.416655563796  0.522954224587
0.431982356328  0.465806548844
0.392725641926  0.417226204964
0.466303657496  0.322540834197
0.686468518212  0.615535495683
0.485958265908  0.438292957438
0.418310433507  0.550139173656
0.357870048282  0.467261759583
0.601694062725  0.396315486046
0.508288333694  0.535254878313
0.467141178097  0.652385411939
0.617670966154  0.495506285972
0.509009513317  0.68103366856
0.605052560789  0.546385031329
0.442741141806  0.455967230106
0.51045191349  0.510207084909
0.675271191603  0.567166135494
0.384738625242  0.461661775317
0.50807311797  0.525283027468
0.569622221755  0.480345291608
0.405572518189  0.7095608479
0.6679579359  0.570283316412
0.485846793838  0.475429827387
0.442346046857  0.535148884111
0.333654919482  0.545199544064
0.400271535396  0.345662197942
0.409751168814  0.513346702029
0.420228019007  0.438004174133
0.322877316892  0.535064313096
0.433857238133  0.284934019271
0.446569734737  0.369355822034
0.545057386601  0.420051346455
0.480807098946  0.373034747498
0.489041468086  0.523084500909
0.516664359742  0.501447491794
0.426946992969  0.332126672431
0.550691429775  0.46698948224
0.370761441944  0.598107211958
0.13053160974  0.619523565363
0.543338287081  0.533750056343
0.495036865536  0.444366582408
0.573134750367  0.430825469132
0.556791142196  0.457618162336
0.352579235785  0.286122170174
0.580144910891  0.437191856146
0.51143388209  0.540632771497
0.430613411264  0.502630378655
0.506332090153  0.401993116356
0.564686882733  0.499289397515
0.373669499069  0.38728504418
0.411784164198  0.571686847605
0.518478060911  0.327917452438
0.538651833938  0.367276614457
0.505187398582  0.502409156961
0.513785246859  0.536722214861
0.390555806056  0.493250087519
0.429338803503  0.436022079922
0.322252456637  0.321635214839
0.547794406636  0.575971977202
0.477031132878  0.404243755829
0.446477668911  0.506336861151
0.599427444873  0.424744306762
0.571192691795  0.323332514546
0.333719990364  0.43307765536
0.608350860165  0.511893187895
0.405022196369  0.434796081524
0.586273485386  0.455736878319
0.563507907174  0.630915794491
0.49885979289  0.680283769951
0.451069525295  0.588084309229
0.478084971222  0.470731252105
0.542826137169  0.410835525859
0.510573908179  0.393507092935
0.480468880929  0.583440210774
0.46713215922  0.296917549951
0.481697800969  0.300581540037
0.434070373754  0.306534048838
0.507993584598  0.455401395057
0.45179632053  0.495761419648
0.339160346013  0.688289481934
0.50343357638  0.362985562876
0.377458653138  0.585782902556
0.470150081425  0.502164849869
0.394886132003  0.500368683602
0.40357577879  0.252412387534
0.417673800769  0.467108597353
0.488796014646  0.537537550091
0.344804566599  0.449977313583
0.579086979486  0.392142879775
0.448219708061  0.366462584872
0.339086825284  0.47415641826
0.494805975559  0.530094000104
0.592289871906  0.611753913022
0.5347094026  0.423510735357
0.512308640593  0.449157386217
0.509869187339  0.429367461442
0.428310060058  0.561908759955
0.388975374386  0.544367054661
0.254380016203  0.395693161247
0.375905009726  0.301916564648
0.488182992888  0.516454155499
0.529321274066  0.392792235994
0.607196346865  0.43288396521
0.513215481377  0.367887235511
0.465318427086  0.493549225827
0.432047826042  0.47052186258
0.419279697152  0.466923793768
0.596141956935  0.368920819886
0.466134621673  0.524851604858
0.351053194242  0.544692656034
0.474496664375  0.689541733856
0.585478990924  0.547256575903
0.660627365764  0.562853212113
0.465375267164  0.470318492949
0.47931047663  0.725569581966
0.309543168139  0.618315063094
0.668699520684  0.429182584999
0.388262288778  0.546438230011
0.512609035093  0.513205842017
0.554235327273  0.494249915306
0.480137052666  0.424843998924
0.471753056182  0.57156990112
0.417102145783  0.36994643516
0.59450577493  0.40361379859
0.43871314804  0.500221429992
0.381777984059  0.610386338726
0.433463578879  0.633433772812
0.535896093165  0.428331000412
0.448726613471  0.541610678076
0.459376367342  0.377989708837
0.565697403509  0.504507335829
0.261516459247  0.557434164866
0.472929692292  0.434279569642
0.495369680228  0.519881335863
0.41546468161  0.314009334254
0.44587434145  0.51819378771
0.618696977925  0.414201902349
0.593538900775  0.597717181983
0.392378454074  0.506814906794
0.42677332211  0.289271035044
0.602449582205  0.520108062605
0.392706904352  0.566348982784
0.452569781164  0.539814417154
0.562642846645  0.595081807558
0.540919821196  0.552488374425
0.478730749669  0.445411803063
0.414349445203  0.404196189514
0.595112087648  0.562999559336
0.414487972575  0.532899749285
0.427423014278  0.624368509742
0.427099300725  0.443949337888
0.513095530339  0.433457408121
0.63214515987  0.356380103691
0.464934925685  0.412469401623
0.538980435522  0.365845337825
0.531543525708  0.431953641815
0.334553497062  0.537155112907
0.533708544559  0.326621631408
0.410032190995  0.574022078389
0.649344634009  0.35856634606
0.521347383012  0.514786862562
0.375150465182  0.659320015074
0.470488980708  0.438945238169
0.567293722402  0.497835757038
0.445290803663  0.449133983365
0.400701811474  0.628049051988
0.565476092865  0.454177018599
0.475963273326  0.252588971393
0.494711386664  0.375134275635
0.400830278312  0.537765122203
0.495205216719  0.621695696972
0.541914209445  0.460342206735
0.371034993439  0.241391063145
0.405763208331  0.697040405804
0.597147935547  0.51038666091
0.442494412093  0.512265143338
0.413195945068  0.435826179469
0.477289895494  0.379189833036
0.665580807018  0.417832872887
0.613308254714  0.38751519731
0.520632783349  0.432847213852
0.595538294822  0.459635754995
0.489605157988  0.540875581729
0.451688841529  0.515830185997
0.516035421299  0.533338142405
0.311058650403  0.507216270323
0.592608000185  0.605116783561
0.323554115502  0.515294900577
0.401037123245  0.287299179543
0.561354641708  0.550512076923
0.460848412777  0.465111202687
0.341108505343  0.51812269948
0.371448551798  0.307717906018
0.357821592142  0.341308356577
0.58442835345  0.45395748374
0.488601856865  0.533261121919
0.44998824364  0.715457881102
0.342268094594  0.667639658763
0.575496262762  0.555992919504
0.407669968882  0.363962398288
0.371490782569  0.529046829936
0.57729427297  0.463126366379
0.31833084959  0.479147773198
0.419365817002  0.306834607774
0.55463415221  0.470861960919
0.404985536411  0.50920707771
0.573266279993  0.522391792907
0.484044275968  0.506132158005
0.61895428827  0.467059793646
0.478631217761  0.558374187172
0.563284663855  0.447058568247
0.542549456199  0.562353453108
0.472205136731  0.530371140028
0.512352270531  0.461467350423
0.393979479482  0.636533463774
0.53971530354  0.366041952049
0.423732690547  0.459829657245
0.331820493749  0.640557823586
0.374849866723  0.587450389381
0.466749393627  0.345133811452
0.33636191964  0.558225131698
0.575934575332  0.325552166923
0.579751427576  0.393469292878
0.525721724021  0.480301943704
0.321770803598  0.484469649057
0.588021514717  0.527572233223
0.397978675213  0.554064956892
0.463738480889  0.40683683681
0.377145271265  0.418887063731
0.43258498946  0.476287004195
0.374522870077  0.34891592936
0.489435784162  0.49455760292
0.560707599297  0.445433947204
0.55481844997  0.526323295625
0.545504877416  0.494019976195
0.545271862628  0.502216309954
0.37208645074  0.602519998468
0.593800971274  0.507703047848
0.449033393491  0.480823385418
0.514205101339  0.549825444646
0.600258092035  0.554455464583
0.433568962979  0.461570085837
0.398160306991  0.447597780519
0.613678590108  0.479080184886
0.383942312078  0.340779014693
0.455409508551  0.494197833151
0.475490483398  0.418565967794
0.54401006863  0.474684053923
0.377010428197  0.607805076009
0.558693920227  0.602499424098
0.339181311345  0.731620835854
0.427350917263  0.485362742875
0.377687782465  0.455237535366
0.622346891032  0.484394605261
0.662058238076  0.485206964455
0.613216331745  0.347494473278
0.531905080585  0.453111163531
0.574947798253  0.519352114263
0.499096248678  0.480693034374
0.617442310158  0.507998716036
0.548323947477  0.494210012512
0.549568322187  0.440104344684
0.323482014599  0.415286946736
0.447187685845  0.57724461874
0.477583135578  0.500948008291
0.533108594418  0.57983847984
0.451131517073  0.417930823592
0.539116017164  0.603982051729
0.514164111168  0.431465079193
0.400201571401  0.490397022426
0.561627621939  0.521320050845
0.447532190388  0.39098716327
0.504969118623  0.442201675702
0.345956571711  0.519244307299
0.478553023112  0.476519055443
0.536979169177  0.625630534357
0.402168594722  0.532539961803
0.357809611724  0.614737424923
0.417079252025  0.433575612062
0.417387129735  0.427117314504
0.48678603088  0.458235816422
0.411947639221  0.475642511628
0.469827937292  0.329177409299
0.44909603376  0.615041604122
0.483577960895  0.618871141587
0.557675297961  0.623857318915
0.493434908309  0.518614804848
0.661870009771  0.544206391183
0.447289434336  0.575924008271
0.652804112017  0.313259542979
0.292594278018  0.599663968859
0.420939932734  0.334968370432
0.588666168296  0.540922776125
0.383414141374  0.43410194723
0.511412787782  0.445000790373
0.674208057744  0.437003235344
0.444469734814  0.411230257923
0.427768098993  0.564164207099
0.578100124924  0.465500281492
0.566727750701  0.581691143195
0.477210239698  0.510616258231
0.593328004338  0.589686310493
0.652304457414  0.647259906605
0.454758678132  0.383844877263
0.49477762697  0.541651149271
0.443010483898  0.580841749534
0.499865738733  0.470166073647
0.388199154641  0.819631373713
0.321835048404  0.405345952226
0.408213778806  0.717842389816
0.564339011068  0.627750501881
0.360062029996  0.443169733408
0.453631900746  0.367425293241
0.548462439074  0.437541242782
0.495020095748  0.49683026841
0.430222292306  0.463502452499
0.387338247643  0.492618074561
0.351082850982  0.459363115794
0.388845468918  0.344927083982
0.621019431238  0.567532175382
0.503095236744  0.534146768169
0.523647194681  0.452388659507
0.345143583957  0.539805441145
0.429597727178  0.420459584141
0.556931228472  0.688247412583
0.425921378998  0.599976894989
0.215032253991  0.460596184102
0.426850503899  0.555413751069
0.33374686423  0.498957731677
0.518698467809  0.468815549819
0.523648293568  0.482358533367
0.559423211863  0.448377887248
0.51202498554  0.527996597334
0.456233815209  0.65921104286
0.606472385956  0.36627887608
0.393293393964  0.546612173061
0.501211217224  0.327879399779
0.459290178964  0.49196218369
0.651397919945  0.533310366728
0.395878228361  0.441027812723
0.596364595852  0.597629264719
0.534918403997  0.541647346166
0.375062328882  0.480799176794
0.497046019974  0.460362233687
0.643937618712  0.467392199003
0.544488202845  0.610732552881
0.561497691744  0.355269385041
0.454612815293  0.422292253422
0.500713024513  0.437731567128
0.521908674752  0.445757951727
0.609261253737  0.450122284507
0.520445874466  0.324035837554
0.497647710231  0.567700387816
0.461672170608  0.343353868352
0.592398658635  0.505484827683
0.642062801455  0.703137623628
0.33131123685  0.334285049889
0.305276820864  0.322131316229
0.565517201276  0.497962739999
0.436173424724  0.525613654653
0.310834763659  0.438663719308
0.565174865873  0.312994688678
0.582510819303  0.614953888805
0.340131382078  0.480435862229
0.290371211394  0.39233568253
0.535253676724  0.503764265837
0.609152913382  0.433930414472
0.424318934287  0.41592035439
0.349234693126  0.686791824603
0.454605063069  0.429929347508
0.672451968392  0.582421025689
0.422036840326  0.450144541341
0.527694391593  0.386048120148
0.488278488051  0.435854468897
0.436811195356  0.51131832258
0.615317707292  0.40908517526
0.360996908555  0.418669929865
0.453594141628  0.524275935005
0.438953944591  0.58560842539
0.434800714491  0.234124572522
0.514096725622  0.470828842391
0.475826819393  0.452896649736
0.590179890328  0.466226967926
0.546946280906  0.604885702112
0.478231540274  0.494640340404
0.565393983531  0.419905392276
0.442654914312  0.623954403733
0.40422310222  0.679461219504
0.334769701242  0.505439123331
0.477662233141  0.529207226436
0.528568449665  0.558830003858
0.517418318825  0.611460312111
0.384078692012  0.346533326953
0.513534461654  0.550384570711
0.576505306936  0.355874111966
0.428000514111  0.462316433426
0.400829866238  0.410204505698
0.588160286082  0.629395763075
0.512765693964  0.47116455762
0.580931112508  0.541828145863
0.297220990529  0.364614128616
0.617162991489  0.555306470792
0.457497357923  0.615897346072
0.607255412199  0.43175364941
0.428671650885  0.445988867563
0.366043173392  0.595387345351
0.755090931672  0.329325507735
0.590657524723  0.568140168312
0.521250023599  0.572571686278
0.383184147598  0.401614574569
0.379560833793  0.486502812458
0.528872192274  0.587197475151
0.463488750127  0.49740531365
0.396811156801  0.626136065949
0.420471215887  0.487538173062
0.556972664186  0.453988037656
0.503011730933  0.521959017879
0.420598433987  0.320659916339
0.539725710857  0.487901009841
0.418914212013  0.518715176904
0.459159918732  0.340162021751
0.434274854373  0.568937327069
0.361046837606  0.564734827
0.416029847298  0.375647559874
0.476666349902  0.417598817592
0.388545690781  0.555964276242
0.408879651323  0.471913114469
0.653857220304  0.58280174617
0.640144470987  0.439764159216
0.4036306578  0.644180715144
0.611498301612  0.545139052689
0.407966356393  0.356965741488
0.399826881378  0.639165510694
0.637873446158  0.634790642115
0.433262130745  0.528099169984
0.462306700869  0.36963021703
0.429120974501  0.46301420949
0.642711589282  0.565094106866
0.295096411561  0.492777322355
0.593525656704  0.569505105706
0.584803475514  0.537604372009
0.679973650205  0.607833617895
0.512620827931  0.625883576694
0.576733021752  0.299330474883
0.536968975558  0.51023870424
0.324001525727  0.509177328184
0.397238746243  0.451328410124
0.435162818319  0.271261601089
0.462259112966  0.468263216735
0.617004914455  0.416735900307
0.633351587498  0.557226007885
0.465964150057  0.478275640812
0.281501343705  0.359580082558
0.306814570271  0.441508492975
0.433351499183  0.425676140524
0.557287917376  0.434694072364
0.544140351106  0.510020256933
0.305441752797  0.443371981778
0.695060746592  0.444266719756
0.385750327087  0.635731504217
0.346462336254  0.585528998877
0.530717357836  0.375978875078
0.733019966355  0.45032657529
0.491961617164  0.572316208625
0.559486628842  0.416434518547
0.542755141203  0.420430508015
0.480077237556  0.496067564644
0.678545508807  0.401618210228
0.598293065685  0.374837056919
0.456796475484  0.394584366658
0.415482482919  0.394804228581
0.588998423599  0.574003584225
0.529131126876  0.539060433992
0.673341390554  0.652143223856
0.443810859286  0.416671874902
0.563147934523  0.38425643776
0.52550546961  0.438592644751
0.449038369027  0.498733601129
0.442414187993  0.480595783234
0.449506641628  0.309596136148
0.562684096898  0.32529068253
0.413540524009  0.430902363333
0.33210567698  0.360828144287
0.49113028076  0.416049874076
0.589535189086  0.393446533612
0.450958416567  0.435751880689
0.388857411748  0.582509897594
0.476910217713  0.481880156816
0.210735916618  0.569285073908
0.470534304298  0.519349247435
0.371604614458  0.617446002423
0.499791557301  0.406610535673
0.50373589872  0.558362959256
0.448260337923  0.462647267124
0.492000454293  0.470274783883
0.570060733781  0.469499883294
0.522876055478  0.412114604462
0.590948806869  0.568815806552
0.456209969133  0.552479690331
0.536545738416  0.722086847284
0.476808214768  0.593841504324
0.397570031453  0.484227600231
0.381681064748  0.630463554341
0.393402085122  0.528516547522
0.444007817289  0.676717581211
0.429045521725  0.424245340912
0.590239759971  0.32814985859
0.454850723639  0.382144197878
0.557367959029  0.367575829203
0.549042509668  0.355369199189
0.454777582221  0.57872432788
0.540195223265  0.464565183446
0.44007452574  0.466129553818
0.452312789084  0.577587115148
0.50926620808  0.642174894199
0.274722022405  0.48198634095
0.477976551941  0.504280613674
0.51685196613  0.570245175455
0.511206911161  0.385076159991
0.429801662847  0.327237593609
0.547175099898  0.481855828292
0.612382805222  0.494061574511
0.594897045022  0.535500584087
0.478629087019  0.525234192134
0.517433955626  0.592665539248
0.723942023926  0.615149005022
0.267322282035  0.329364864989
0.609525396182  0.459410775619
0.406140631551  0.206035652074
0.446830899678  0.540099054156
0.511130129565  0.319109462621
0.536041507382  0.426184113286
0.416190784014  0.392122564603
0.328184917365  0.455107129226
0.46467011927  0.627054028469
0.413859381159  0.396783072679
0.56725351048  0.454287125215
0.361419221677  0.342144108753
0.439054996345  0.658392745623
0.390564731557  0.275085401209
0.382105597244  0.353421638157
0.507359758099  0.524449494846
0.512256197765  0.443698133487
0.331052744196  0.455382479399
0.354498132696  0.413820090977
0.542964301906  0.571373431265
0.517361647394  0.425791187472
0.382131630874  0.433538084245
0.602466810574  0.498076054328
0.531165034937  0.575625385104
0.691388223067  0.613784374879
0.535777567306  0.629152225795
0.402317160054  0.507732932663
0.3803170529  0.319654609741
0.581417845809  0.457752355721
0.508134323029  0.534193416958
0.415342403119  0.172483651728
0.440599048889  0.476753842906
0.432357116554  0.2542398386
0.582068958347  0.436995863968
0.646675236645  0.50095681331
0.398335549127  0.47761565858
0.523601019914  0.420163035888
0.572495826  0.5005178285
0.480859252358  0.480049375747
0.473017129747  0.50287776632
0.370137515582  0.437219825748
0.451844387131  0.563595460683
0.356477542004  0.438743948637
0.310844604314  0.49966611123
0.362031879664  0.44506787787
0.454047878559  0.397768649508
0.527384224318  0.489098038381
0.453373612954  0.549730012151
0.508233223955  0.385381893602
0.301476988883  0.346528883909
0.240938859593  0.512834674813
0.540497838027  0.552582860451
0.388754814642  0.360318056921
0.544784246549  0.620982233754
0.538401159348  0.559905820974
0.612787448262  0.527220865503
0.233396027856  0.340657120655
0.570371511026  0.51188561548
0.352861227976  0.447939536124
0.543598734796  0.364750202323
0.35569596665  0.494498315303
0.591044498291  0.43972828437
0.412403847983  0.451141023361
0.547136470799  0.422763823892
0.489196301426  0.373923785711
0.503280469359  0.449928131352
0.373962633101  0.490548102177
0.358022023361  0.512426486764
0.362288639815  0.590008434729
0.50472276559  0.387027474196
0.518063221337  0.396810068266
0.421362688916  0.403108112025
0.608507577908  0.586178956536
0.486625596364  0.522886495509
0.571019458325  0.562259739576
0.60681210515  0.485066998526
0.569758824217  0.546574712519
0.451736343839  0.584521941474
0.244202959795  0.409356115552
0.587346652698  0.471097482398
0.448583992757  0.72063307725
0.449028012915  0.53711793649
0.625168273817  0.486818094699
0.527786067015  0.434058263728
0.562862392981  0.443146191945
0.482659551141  0.478989036389
0.558065885939  0.578253101175
0.433138154218  0.454244925709
0.34895491358  0.480022294367
0.534833595684  0.456792594337
0.553655788798  0.637870931072
0.562254100499  0.526909035365
0.534495900237  0.498677642754
0.491081598663  0.487487121898
0.448932167052  0.483534932105
0.463794778719  0.542098250074
0.34801446647  0.45247357194
0.499181104786  0.513383179553
0.504640543971  0.349698145035
0.405528979324  0.389598012665
0.518289915492  0.480447516499
0.65657799139  0.508915315405
0.458948375327  0.610880815597
0.308745226467  0.423664871976
0.512366357264  0.401390945976
0.518142721234  0.300408059476
0.347125130472  0.386316748038
0.309405405016  0.535225084187
0.435854133527  0.569872758787
0.593459321328  0.30649080947
0.310620670693  0.336443759433
0.665462279619  0.377497028885
0.429894161558  0.237712051959
0.660850131369  0.584634872517
0.526697940005  0.542039292061
0.377042634025  0.327465614601
0.421086095688  0.430887310362
0.556218593467  0.296811967205
0.411787419851  0.434682380785
0.404375339407  0.644701978958
0.34274228718  0.442923283512
0.582340338655  0.525007209786
0.42333965126  0.61934024179
0.49398225881  0.475213221483
0.558105510433  0.500660749435
0.497430031748  0.543704285213
0.494469918287  0.42244147796
0.58053926861  0.513762603737
0.397719066335  0.320998503374
0.529394570857  0.461578545287
0.282286225786  0.470967813679
0.559123369985  0.517787963636
0.572002863586  0.310774878075
0.434118681879  0.324161839345
0.49218454163  0.532425435866
0.419689672353  0.582594606683
0.563308179313  0.45963744538
0.529031654254  0.49426422321
0.460948748541  0.480025568417
0.636900420973  0.399085963618
0.376284438232  0.429488167786
0.531057918265  0.420595797852
0.431872457446  0.448474187319
0.530852297354  0.532717296535
0.49938661177  0.44303458767
0.422661027828  0.378034654761
0.486956623375  0.33589724465
0.529124650598  0.505219755812
0.550112942771  0.412549156725
0.48885635114  0.630516469818
0.401774134859  0.502185881524
0.576117448962  0.442913013099
0.595381054874  0.46838160754
0.378395934941  0.474748261954
0.668075741788  0.373411398134
0.811306989477  0.473136179296
0.549507254607  0.575621358049
0.552845201119  0.508803309715
0.410795616097  0.422874435993
0.372382659297  0.433519025615
0.464825463679  0.383511572024
0.522708995327  0.481326269726
0.555468833933  0.499575218429
0.39443410989  0.470863783055
0.605536174675  0.381700279992
0.560834143225  0.348902596109
0.416583654825  0.516354301576
0.507244213545  0.530137829809
0.493901669402  0.556291972303
0.514559233036  0.364636074642
0.476440773316  0.389202775738
0.444575053041  0.495391499386
0.612723941613  0.217818892209
0.355169139824  0.432221398123
0.444056727157  0.536355300252
0.340913702865  0.439205475054
0.507088078077  0.467792057322
0.428454462855  0.586463243391
0.704237054501  0.412022512945
0.532027172867  0.673476806114
0.382604446991  0.381066714269
0.59539927061  0.707574451753
0.567466680551  0.260997288475
0.365510160637  0.522489605988
0.720517898896  0.448905041418
0.489851866031  0.481302974468
0.344117899557  0.616388455946
0.509299416109  0.416177926912
0.624438544462  0.455168038691
0.479897231513  0.545245370333
0.506107254441  0.47240888506
0.303859934332  0.44023556356
0.503495833434  0.447789949983
0.358094401799  0.471996080819
0.554467237217  0.542536376308
0.715736990849  0.633189485321
0.5884666305  0.691262365664
0.474201691333  0.570109358983
0.460809444696  0.470285281708
0.443929899734  0.406429939582
0.562963771912  0.508280610436
0.548994539413  0.706291744526
0.471682207559  0.45290936344
0.564860962321  0.382432764211
0.270934338594  0.468072117797
0.586386316439  0.512971532137
0.406511972716  0.420920317973
0.491074706334  0.454389420547
0.62169455248  0.534819436845
0.571824650771  0.565318801532
0.632397132135  0.438457960264
0.499800290353  0.615934517885
0.618195217484  0.399364769411
0.496125264807  0.555900359647
0.570704351765  0.461513116921
0.483970687183  0.451654007284
0.621350047246  0.462544043384
0.450114212069  0.546284548663
0.58322519473  0.618781025957
0.451384423108  0.478231845266
0.430347099478  0.466303928042
0.586403525667  0.447860700338
0.263129680934  0.22069519333
0.480393968663  0.485406923543
0.53854571575  0.542820039086
0.658139375576  0.34630194258
0.380249772444  0.620221564879
0.413336946834  0.358815852269
0.501215915221  0.337977639798
0.301948117362  0.523007903034
0.553942120222  0.434453272247
0.611951333304  0.679906883817
0.444876756494  0.374585169879
0.463851486688  0.497128600531
0.407743304341  0.552332461714
0.336154556974  0.539933696684
0.551424603637  0.368945781707
0.40986015059  0.338780885323
0.597630663091  0.409940977973
0.417832568612  0.483578105872
0.354870844547  0.418224281608
0.338609248885  0.351471337799
0.637035487913  0.496278116948
0.443810675745  0.534974963064
0.314751407494  0.541368993077
0.433748575144  0.435284168079
0.235995292169  0.316966609134
0.518045337476  0.520325989801
0.572915044417  0.456264355666
0.517578226296  0.596514986678
0.479161478082  0.578223166334
0.514306668599  0.2305215313
0.663207761221  0.377349509253
0.316356270426  0.410236035835
0.434584923253  0.498593065658
0.578178214514  0.541214368693
0.677218592375  0.458351475193
0.451712800635  0.455754697438
0.464282978503  0.471212133102
0.517987275016  0.366923530912
0.483561812451  0.53870613973
0.482220793773  0.664349827315
0.515335474048  0.502676801036
0.320003307289  0.492021593012
0.337344622412  0.60923317467
0.514845153524  0.375131773679
0.359556544874  0.521408738407
0.425699417617  0.33828254383
0.622001872154  0.493726042904
0.48125638606  0.45678528827
0.489279755467  0.54291063694
0.276298646884  0.589565968144
0.442137583231  0.459367093689
0.516451104735  0.309055825264
0.479611517497  0.586763359574
0.412252684462  0.474873572756
0.378768908827  0.664233158503
