0.523599754235  0.455510671111
0.577274919595  0.563235941961
0.46238236759  0.423435453485
0.332788962393  0.388756468131
0.558526537463  0.513928395305
0.509156550811  0.457724386864
0.475661367781  0.601349161862
0.436091459448  0.328954573224
0.621612624883  0.445661479198
0.481389097325  0.303177134261
0.6113763593  0.550318856343
0.536888126487  0.438989307822
0.485189906827  0.309266433783
0.598906916592  0.467130890834
0.546629001248  0.536819775867
0.56566862235  0.487143599493
0.583174714466  0.63966592701
0.50578858414  0.552594920218
0.492650018297  0.671125449341
0.609503373046  0.458444529385
0.487763236111  0.667634362926
0.434005395104  0.482778322041
0.417729517461  0.492414739205
0.466445288076  0.471651237459
0.692958977505  0.491080653723
0.530317911258  0.581422276868
0.502322413486  0.528641266465
0.370526036113  0.314315809713
0.597351468471  0.320976773852
0.42977765412  0.429896083632
0.520517847216  0.358677658986
0.646229904968  0.495134416225
0.503593224584  0.546039820534
0.480316181429  0.709594934062
0.594013042604  0.449979846886
0.457921648468  0.672278107399
0.502391609209  0.498129146534
0.388686812129  0.557656776317
0.735930179169  0.492040149265
0.604784915083  0.62208247247
0.485334492795  0.659106376014
0.442319176342  0.621701116445
0.500117874705  0.318095169161
0.562172669165  0.437902592742
0.620429187792  0.619257772712
0.475751760436  0.442675017242
0.390053145301  0.415775805119
0.497210384662  0.267505364343
0.41400441629  0.401098787441
0.440892808161  0.487239711002
0.449304885809  0.263399545806
0.410627707306  0.369897026228
0.537933287869  0.532991545403
0.550954083298  0.567801708122
0.567308065141  0.429663609401
0.516236859667  0.506567000281
0.385365265565  0.474182109605
0.518476529049  0.308401174788
0.593017117253  0.640722646583
0.606785115265  0.54124308924
0.409347776493  0.602039885984
0.49386055052  0.49162348163
0.466044961637  0.510384217842
0.580759034327  0.317131146385
0.769564663824  0.384736757141
0.571147121843  0.482379331759
0.488827654082  0.648787469068
0.557554993865  0.540634371146
0.57542995527  0.589947112616
0.588196950742  0.442299643592
0.572927621457  0.546711066706
0.418289513967  0.367771533964
0.280657401663  0.584273542453
0.471602077376  0.49738589911
0.426179056191  0.485502128707
0.647281591762  0.636509516649
0.411937964418  0.549777524502
0.47391552165  0.490595638774
0.587391831443  0.610232988305
0.504800458766  0.53097715915
0.457928426927  0.63124073889
0.504931813947  0.405923496197
0.434953038863  0.508088434149
0.472420830475  0.541775139857
0.319441779706  0.579805244151
0.541641998323  0.544398246211
0.400792522563  0.532869586506
0.395795678963  0.415106937693
0.512285655917  0.457604639001
0.551978691724  0.444629175653
0.657173503809  0.569748912378
0.348890442307  0.272443768321
0.46847680056  0.404030069768
0.403478380975  0.662575029358
0.364067711097  0.532930484041
0.460973947205  0.44797618151
0.429682639572  0.392241541154
0.393459949103  0.59173061169
0.610356643901  0.676587394986
0.453137892374  0.618746946252
0.452250737529  0.401086033463
0.531857311103  0.560362410832
0.683119845906  0.367707252416
0.429280637035  0.415468183535
0.558817763716  0.648995860933
0.476549892021  0.486858225272
0.498349687533  0.490672851158
0.537858709934  0.506767356614
0.425919675038  0.387481081831
0.398291708779  0.531847679367
0.419098938808  0.606152191564
0.458237997985  0.539443944473
0.598264667957  0.491518370303
0.493378935899  0.563367888822
0.643184183292  0.53411871714
0.491286929893  0.361951600417
0.424821044894  0.416345273013
0.481795023346  0.654623547612
0.524068299311  0.387965112047
0.586623232404  0.64176637001
0.402276580631  0.360895012307
0.479121513512  0.538680956309
0.514816417172  0.478941892082
0.490164939909  0.59299207664
0.49938156764  0.667940711726
0.540892103313  0.468116641733
0.578651712454  0.671519299183
0.528566371581  0.576801233053
0.377162219653  0.63015629435
0.476168677034  0.47551538495
0.547762553419  0.485493489417
0.653109806708  0.73129408611
0.480440524524  0.492689687698
0.393020500396  0.452590164542
0.581329342509  0.523238852653
0.461664768602  0.396910009836
0.627736519178  0.47035137666
0.425602712762  0.438091272653
0.379479888066  0.625982731656
0.447555406767  0.314230867493
0.524687383992  0.561870371438
0.607017771443  0.417799550421
0.371748778162  0.476218992589
0.522311041925  0.439060677101
0.595982752092  0.635699138643
0.506178695545  0.448813433588
0.651384334553  0.376831528822
0.695058498035  0.611364089538
0.498061991834  0.64204410788
0.521089237992  0.519663607064
0.51685064228  0.571832014014
0.566651466737  0.638860567563
0.246706991784  0.692295489198
0.484404063724  0.611593888028
0.413785528547  0.487709177809
0.433667624812  0.399464233494
0.408258697265  0.454497402607
0.467349172217  0.458659508769
0.489128353614  0.485327393647
0.559069058684  0.523607725975
0.310680076511  0.523674342326
0.495101090614  0.651407736371
0.379391789533  0.463415510759
0.516976489564  0.448139170887
0.434812778552  0.704650448768
0.524662632958  0.442023274598
0.525567929168  0.585572849027
0.333312005669  0.206743471146
0.475189508538  0.452826188808
0.428197852811  0.437093440739
0.557423487716  0.311743321564
0.752976964405  0.526324245774
0.441362860942  0.397266409454
0.553931905509  0.410827866761
0.493209431206  0.479808770116
0.568702627403  0.369757968326
0.541627513886  0.451843632109
0.426528476867  0.796321170364
0.451974476468  0.561975200569
0.644096252644  0.410477116922
0.413456011738  0.43830275926
0.342309058645  0.490548541912
0.665290436947  0.627118278236
0.401218270862  0.650608354894
0.508198214088  0.58329658271
0.469009593059  0.722005291705
0.499932573119  0.491229567871
0.547772263036  0.454089555025
0.363800656907  0.485664487747
0.600281068415  0.575313987122
0.448814199571  0.299140503207
0.439363822923  0.520502951403
0.612311690013  0.474453287209
0.697992133928  0.511304545955
0.429032069446  0.331090220404
0.680863414113  0.418535900052
0.550241757487  0.374150094324
0.537432854213  0.350512517697
0.578961376498  0.535454924884
0.383024624403  0.595957911978
0.444863186239  0.412055767877
0.369770700541  0.511726059577
0.560696219293  0.584889286147
0.577157779633  0.448145287905
0.47226007642  0.378371190989
0.491120163787  0.422898090914
0.627165372631  0.443161525446
0.512659896979  0.692532188917
0.315966945715  0.465432971028
0.464913284981  0.524446338134
0.481628690913  0.524410486481
0.407231471372  0.514505259625
0.503132050203  0.477897031855
0.663515443319  0.438830653526
0.465287588433  0.492419893208
0.4109028709  0.428638655332
0.662382297895  0.535945258499
0.416882869352  0.55905609111
0.684959621904  0.699866438707
0.174688782346  0.428845548242
0.292106541596  0.583435058406
0.494040795941  0.494465118386
0.40925410701  0.44844348099
0.57586955697  0.524637196413
0.580925029489  0.379444535987
0.446814218419  0.564437884227
0.533850866263  0.29578618342
0.404088236501  0.488974136081
0.47460836484  0.530530383731
0.2974665089  0.408679836349
0.487728035579  0.38654019693
0.479281725469  0.443988907902
0.571834575348  0.58605938429
0.6290502929  0.473490329321
0.460052211127  0.505868119451
0.530386613284  0.637570201597
0.509697511596  0.360630181979
0.745097400052  0.545392755594
0.495344518238  0.50535674532
0.665759033272  0.392932692158
0.438024497527  0.377079985797
0.701593669701  0.473706356305
0.489763348023  0.355729365039
0.369255689153  0.498632263143
0.282763062222  0.463780951724
0.612915495388  0.60941557908
0.65780961966  0.367546417569
0.394335161849  0.547481229192
0.539742442799  0.57446958426
0.646959648108  0.434185897944
0.489407978683  0.479606055679
0.428631769649  0.503424945636
0.57102902636  0.587926969122
0.450906807591  0.516239602379
0.608883138161  0.395896260253
0.420144603118  0.529981420815
0.484204062695  0.499184152605
0.493352630085  0.528271027277
0.497816181631  0.537341400452
0.72547044806  0.6104185359
0.429658568684  0.345232888105
0.59090197781  0.54519019544
0.477129163674  0.487389334285
0.305734817282  0.533133472571
0.512072626902  0.454808491411
0.39946926191  0.385155598215
0.411984234014  0.391418127784
0.492954400269  0.367084540469
0.610320419801  0.444250562083
0.591100656985  0.368991618607
0.605792197185  0.564553616309
0.373947248962  0.459379309483
0.518090637076  0.49099432877
0.319975922899  0.616556695299
0.455660207891  0.582499174755
0.404566136649  0.466444810213
0.480024519213  0.616649819133
0.53949626766  0.704814999129
0.358128384544  0.614859857047
0.562466811052  0.556915808543
0.345907383982  0.501517705355
0.520769075874  0.497467945074
0.59976202294  0.502576180051
0.458985869077  0.389488258109
0.398508894018  0.618544743392
0.489936116272  0.39849760837
0.355161041496  0.604959419348
0.439390571066  0.374447943189
0.285449863404  0.635563433332
0.535388835952  0.554291097942
0.40094630358  0.454532653421
0.580636066917  0.468164828244
0.631269625948  0.773074021013
0.542775787257  0.449938037452
0.549002137346  0.514893351625
0.727565143538  0.563457749236
0.555890355455  0.600031632226
0.514844685373  0.645972896722
0.509512357839  0.515813532675
0.52358060726  0.707845268971
0.781041180835  0.464990729327
0.685627753547  0.504150152137
0.536812028165  0.31100653375
0.368787172029  0.600237051576
0.469799253213  0.370691289082
0.55297412316  0.664287932957
0.26119313181  0.601944986062
0.373256277934  0.433441285933
0.428164039149  0.400350066908
0.470705107753  0.473356902497
0.374026138631  0.248298461626
0.385757864202  0.530569232241
0.636323495277  0.37582827319
0.477453114326  0.565544010526
0.597447042812  0.561247986692
0.814649736833  0.550700876521
0.374358132096  0.41772070146
0.439207069156  0.569876315896
0.389026676325  0.519798289039
0.480411120009  0.43784448029
0.37381348944  0.67831600122
0.565004165616  0.407606384098
0.539631363726  0.547483574865
0.447189671536  0.473143716786
0.321171286333  0.522959047917
0.528198544512  0.565701233861
0.498094617552  0.710840326946
0.523111415313  0.619536877056
0.378225146407  0.305619879539
0.485511588848  0.408510018223
0.4563963621  0.564943270752
0.645285247025  0.60107294893
0.41370546902  0.515590019355
0.445820259633  0.32743231514
0.404186807181  0.489318071085
0.549298766511  0.524677337532
0.453589106287  0.412322487792
0.436787342922  0.612944762992
0.28668913295  0.551699881128
0.226423556266  0.538446621022
0.439501503514  0.438644469498
0.594636523921  0.467798042584
0.453104234057  0.427849956491
0.491519534185  0.587860680681
0.494513646456  0.632093018315
0.531846846573  0.39637503503
0.62911897018  0.446219921888
0.302123178358  0.484554183774
0.515534362694  0.52859717493
0.311128894713  0.234415103421
0.735575481629  0.389679154838
0.508053978251  0.329703139675
0.467375958351  0.66090251239
0.572502987814  0.71756281074
0.468357442091  0.481062611225
0.483418887837  0.490929358734
0.408882792316  0.448473079967
0.46329020732  0.510514810145
0.518155496434  0.728881083349
0.697356951892  0.484185470662
0.561004342777  0.44026261758
0.534042065324  0.500737755056
0.305388231057  0.444101545914
0.573505884958  0.483730040133
0.549024170548  0.329936571541
0.465187204532  0.600559127636
0.56502413191  0.564218375081
0.450911091749  0.458018609053
0.430850122011  0.570641128733
0.38083371174  0.524629753028
0.547171527492  0.641795015805
0.516662523926  0.400051256327
0.491158592016  0.369709327347
0.50050431637  0.424896711089
0.495363856272  0.491504355827
0.376543244481  0.451702408573
0.420659739243  0.521465823214
0.678389940357  0.404065003092
0.450693609049  0.5939485668
0.697378133901  0.551057144599
0.352326932966  0.425389201125
0.33411253881  0.412389693383
0.539483927413  0.631287449152
0.591502477215  0.461271951791
0.521068759503  0.46874743172
0.453882207796  0.583527716233
0.41509046015  0.466001436853
0.399260095468  0.41738836044
0.512886408181  0.583003288666
0.367488838459  0.565651435484
0.410926194906  0.547113372494
0.439528617946  0.631152143954
0.37190744058  0.586240257578
0.504065736206  0.492113146224
0.49207845438  0.462434040557
0.430660452939  0.620146169014
0.378652640609  0.521618487914
0.701369896101  0.502045082937
0.585309421235  0.705788798505
0.424665548418  0.379821345353
0.519200712012  0.424201813619
0.471249747571  0.589157958181
0.455962822287  0.452777645072
0.414868320823  0.523267534976
0.407462690069  0.482524434793
0.577332899914  0.655103180195
0.472607189074  0.679231604571
0.678148085649  0.597205526693
0.35800632436  0.373268643866
0.630364599467  0.706277400567
0.517745407902  0.484725129717
0.443402491889  0.469487253955
0.478814572115  0.4581324073
0.37622675274  0.373118101857
0.634809427122  0.554684962469
0.420840126647  0.546306155284
0.492602293683  0.660989543806
0.425885451448  0.580427371864
0.505569034928  0.360314631197
0.489002899735  0.580848313688
0.536127702851  0.412786394333
0.355479749756  0.372467533658
0.624170983708  0.516770131759
0.389999842352  0.45323140761
0.478487248012  0.555779505844
0.26082030065  0.407019378323
0.457845299302  0.514050153942
0.552172967275  0.513868033428
0.523699100369  0.379067557056
0.623479652109  0.447628795081
0.453930165022  0.529337517063
0.394995297775  0.684158989428
0.506830113881  0.47787823442
0.516610578173  0.530664914824
0.459469037717  0.569612620768
0.481893308119  0.673440048231
0.435714946043  0.548743007649
0.550742110782  0.526818773337
0.496287243462  0.540378255456
0.324960832309  0.423149167268
0.347394556982  0.44865853562
0.53978288763  0.444028585263
0.480592740254  0.553604947407
0.541323315866  0.552332136076
0.296029698327  0.607812545888
0.469718172831  0.390990729367
0.45483896479  0.524024137322
0.503871669842  0.517283639834
0.565045289384  0.526704843171
0.589226379107  0.670727902819
0.466239359912  0.615004571375
0.426417277213  0.606171300482
0.550706624638  0.450764355786
0.385680401609  0.666251571857
0.408201064977  0.491401437647
0.574125923476  0.600815592429
0.370829553428  0.713507498338
0.472870237016  0.480409454703
0.389409793058  0.359661118406
0.34542841448  0.511209010017
0.52325152536  0.524345419274
0.609370227328  0.414912570206
0.576629263813  0.578749987806
0.607509552263  0.57191713451
0.487521412115  0.375662076703
0.300161343719  0.337431461249
0.527437263151  0.451470315888
0.407540707923  0.395648365144
0.278963709626  0.567884830989
0.516278213478  0.714905530892
0.516060222958  0.464290146952
0.431951717246  0.545207749291
0.556047593706  0.484378939891
0.591474547563  0.394483589608
0.625875354783  0.480937005283
0.338905540543  0.496115531396
0.477756061911  0.435207757812
0.559016570763  0.442768278111
0.496824361135  0.490179995593
0.597295168374  0.663371621037
0.418554089807  0.398821381351
0.676421318775  0.739864648688
0.688269633401  0.395264252166
0.454648068528  0.530057245184
0.449292751836  0.593193391847
0.562052105309  0.495520318399
0.689190758416  0.517248687993
0.449389772845  0.518607728454
0.384446162933  0.571240912187
0.444818680517  0.720242998429
0.593523323686  0.546406312375
0.423206402708  0.464771220452
0.272145918067  0.550705575001
0.557496489015  0.458409936318
0.327947059367  0.393594537228
0.387110351359  0.5936680936
0.314670405561  0.514099562245
0.54283904232  0.573849551013
0.529784605175  0.441543606423
0.460508708023  0.413844712758
0.403800374003  0.368520431058
0.589045817378  0.236876264267
0.343797509191  0.530581859975
0.40677851143  0.480795434085
0.636563494555  0.506638189853
0.656956430413  0.367271996161
0.584007723044  0.40160574207
0.552893224417  0.596894711694
0.365923884907  0.411606973795
0.431722664042  0.531106237408
0.516803179356  0.398222826418
0.39181913323  0.330530951693
0.600409665916  0.436557635912
0.324615664951  0.591080752304
0.514537041398  0.508881191937
0.655067309487  0.504391834447
0.45289362399  0.440469461426
0.532482545008  0.464334780155
0.369416784445  0.581734995792
0.584914339471  0.480612608742
0.408766200494  0.512253969719
0.654391056953  0.496412634053
0.52567935897  0.756477593844
0.57239963322  0.635808857508
0.553107566129  0.566148836948
0.63264246581  0.558075934933
0.486553059701  0.47693679186
0.727773576925  0.358822173939
0.434498797203  0.543522408284
0.465362084289  0.587406124008
0.446746738024  0.393712161789
0.517029208252  0.451703489192
0.313047337048  0.296584656599
0.507507954789  0.573822463534
0.503304636114  0.416650298544
0.597802884826  0.476961684649
0.514081309783  0.44704502442
0.603068381466  0.658489374141
0.497481824576  0.338273481068
0.577563433868  0.527097178407
0.429848192027  0.613690673201
0.434530994556  0.447832648598
0.403279069342  0.64967607223
0.450560396411  0.437717923636
0.485664083124  0.620306111457
0.530787088749  0.532228166113
0.415258458732  0.369366896627
0.532392546675  0.552404896248
0.566195306605  0.722053734407
0.600445448535  0.554824142795
0.542238027548  0.293537152404
0.464591908489  0.534838558159
0.382880021224  0.420765975316
0.65284596137  0.429542475233
0.252411469023  0.546665380694
0.588402854972  0.408278238642
0.550145813663  0.572952133648
0.398955785096  0.448423298813
0.572139794391  0.477239420259
0.377113297428  0.586752337869
0.631956304041  0.649389731796
0.536988145049  0.532501604389
0.561011865963  0.694132026594
0.537302986136  0.346445835935
0.353673997593  0.394938477526
0.383097891915  0.302127844303
0.300079027272  0.479794332655
0.635913955394  0.566434782431
0.674072596652  0.458094665524
0.461274759859  0.599508390855
0.391416445123  0.608868396286
0.383196734534  0.650136612202
0.541179024679  0.478524646019
0.555773526004  0.435329539678
0.428302540205  0.441246429971
0.593893745349  0.63000789645
0.393256339422  0.381951064619
0.571259371321  0.519062311176
0.580448010215  0.608895858409
0.377570074329  0.482014186204
0.524260052304  0.707366561429
0.685503370493  0.486804018853
0.601119180138  0.489080451755
0.579468415081  0.50644673343
0.52245775935  0.52647662883
0.438244283767  0.319822398921
0.514178168693  0.539790458611
0.638655775018  0.291586704176
0.487847319495  0.421958028211
0.57502114268  0.454639716679
0.626283736951  0.505046292913
0.543598658302  0.692490692736
0.592534697429  0.609904958464
0.435299038504  0.54987403407
0.719188388428  0.518880263884
0.742304089338  0.608821104165
0.513289896146  0.588368807815
0.479685824984  0.444571139295
0.277327198029  0.412317854523
0.552688211411  0.430691329309
0.573061914287  0.545816702759
0.46219999451  0.301672182093
0.503975136751  0.517429519438
0.55890756584  0.526204453631
0.505970809424  0.498231772398
0.339986290396  0.545386888211
0.356204946797  0.278359950714
0.533568909708  0.598089046406
0.509141657561  0.627765945943
0.676041532439  0.571861932306
0.431375977361  0.562865784055
0.553415134211  0.418754239232
0.462205627167  0.507729570162
0.330357383354  0.543308529559
0.729321886592  0.428002962394
0.494152266293  0.397666689145
0.571087234044  0.605226670533
0.519789994061  0.499906060019
0.350763732699  0.619327603099
0.562397287997  0.452430347957
0.437856088994  0.475016804319
0.48787953535  0.511980022176
0.369641434194  0.530986580452
0.427275377986  0.509861274787
0.645772735107  0.392427409434
0.484982796248  0.448792044662
0.58502458184  0.483598251817
0.611410210298  0.599171052769
0.514786078478  0.293131568458
0.55515399466  0.441296080297
0.529786598666  0.55917790163
0.449396293647  0.525799754438
0.474564896865  0.535463739275
0.494556226549  0.552013418221
0.452742886083  0.783089497324
0.443772556269  0.408871659491
0.62471933439  0.341946075861
0.440045422601  0.620380878417
0.647417183537  0.517545518548
0.704868833583  0.432375141509
0.574518488524  0.515044919386
0.465407410017  0.420456381434
0.569039824829  0.518478990505
0.508391563858  0.505728099229
0.547667029005  0.302321281137
0.519171516254  0.49469623591
0.615422961794  0.493120829441
0.568630504239  0.555864537571
0.701630668055  0.268183508314
0.388787827101  0.422629447913
0.643303839666  0.465536539586
0.466191217109  0.50837408
0.452079154748  0.358425061635
0.63278508991  0.540940815418
0.492523717582  0.435943186208
0.605249275895  0.498572726652
0.572991269305  0.656706767822
0.545726150967  0.494043393148
0.467307502905  0.501481435503
0.503998773151  0.576633206499
0.520385752916  0.544263433576
0.580589110737  0.685549902597
0.413765780938  0.471174642367
0.736560079219  0.591645163475
0.538015786605  0.517313252291
0.416721063517  0.489781642629
0.430512577661  0.373866938967
0.528154561686  0.428730549951
0.541118664123  0.557473388401
0.537687569055  0.506430047536
0.502523591919  0.65126083697
0.332527055948  0.44280144057
0.449243420241  0.474505826504
0.695500485923  0.579908024779
0.343894856148  0.666760072158
0.614307568969  0.493057141819
0.399680820542  0.484107085361
0.350842856351  0.450185461761
0.478160031454  0.493129696333
0.342076118343  0.293904725836
0.466720466326  0.54822481214
0.353893457573  0.370917469545
0.740195134974  0.316684870875
0.513797597728  0.668852674229
0.519871603499  0.35655246513
0.566064697003  0.454454410059
0.472301653971  0.358316478772
0.619842939915  0.479928102279
0.491737407426  0.562406171909
0.461277172096  0.493998855572
0.41815296187  0.38762417902
0.593016612848  0.418837930598
0.699724378215  0.493733097481
0.593071736211  0.345984462393
0.629194929389  0.433101305944
0.509445599117  0.579915492776
0.42060484525  0.402872584881
0.691135816669  0.414920714711
0.440635702186  0.459497753335
0.594571991004  0.507082585308
0.419414954357  0.607635824062
0.429393857651  0.507103265856
0.484353847328  0.414979049779
0.372731368838  0.439271018965
0.752055346686  0.508019771983
0.49177228623  0.532380628071
0.436731890599  0.415530832798
0.464666487949  0.577642713167
0.605923604046  0.585277675611
0.559714449675  0.357651726277
0.437079343583  0.427535599671
0.18607714583  0.474507333556
0.584298191883  0.439455895834
0.409865725431  0.481796969893
0.448129869434  0.647233207471
0.61784609819  0.491162796691
0.471435099648  0.425250736184
0.555570957767  0.478266556557
0.468730230249  0.394232570916
0.483420580982  0.442842368896
0.351018770405  0.655710447713
0.502056474195  0.348875557904
0.576304844024  0.341104422362
0.631328706772  0.54830862646
0.477631560477  0.529022350551
0.684214943086  0.570718793806
0.610857278969  0.367289524177
0.490415116765  0.573993683286
0.437397302968  0.566062009406
0.474536176282  0.524346139322
0.61346266944  0.37475178288
0.439102477092  0.725209289358
0.401651688588  0.595508561754
0.480426346121  0.603177961855
0.556707290781  0.518834314082
0.54482793551  0.48364166804
0.505173048045  0.575900967752
0.54423418317  0.590563059516
0.559791926993  0.424558152352
0.61136725878  0.382174683772
0.412061156982  0.431530368258
0.571721838764  0.480278960302
0.501109290616  0.447803700272
0.418679844917  0.571510321935
0.349679796816  0.46582827116
0.546248221427  0.481921794902
0.463595752348  0.444103040999
0.44026257954  0.605754467539
0.484519707658  0.585706688707
0.650745486401  0.460238961763
0.54009320505  0.601870215488
0.513219247233  0.512301070777
0.442916056364  0.385929546338
0.45547460954  0.472480818708
0.555593686852  0.587977699515
0.540146598474  0.460644598316
0.60782351559  0.468178082337
0.378987469153  0.519865363202
0.46416532129  0.282909281988
0.507535052338  0.639303097753
0.532299284691  0.379021102824
0.323482535853  0.653255209721
0.635144300066  0.607226297212
0.460525340426  0.528685800595
0.521876331359  0.329776287698
0.438550631836  0.471739769779
0.565659558501  0.445157246207
0.516724107845  0.572653583002
0.508559266631  0.482920773723
0.530347883498  0.453973256009
0.463980218774  0.459707430505
0.496189106145  0.384222837624
0.484485470848  0.463187243801
0.523978296352  0.500483905485
0.533709070707  0.486446378996
0.547279038042  0.472401189386
0.480150287935  0.573747456083
0.433082961367  0.688113909598
0.501445146799  0.377223549742
0.557861953901  0.64465647186
0.475893704868  0.542642904317
0.325662302608  0.477554579295
0.686793062684  0.436179336936
0.497224241627  0.441825312137
0.532542940385  0.566559397084
0.481743698366  0.527545708739
0.393504086507  0.534929510643
0.471060930317  0.496460667134
0.258429717177  0.344074047117
0.375353306824  0.516341229678
0.380394582603  0.471467652805
0.309434819879  0.565002868299
0.470264345477  0.550710800862
0.496019593862  0.49708860109
0.447632844865  0.396353693447
0.549151328127  0.419994026313
0.459114017477  0.503842022541
0.649049721961  0.456253588517
0.690456827127  0.477877336017
0.60542761411  0.6144318603
0.432792113994  0.60530806652
0.305303245864  0.569769021705
0.523647796034  0.234936053557
0.546816204517  0.624468990902
0.52419935638  0.465897000166
0.667121087897  0.663537757585
0.531526712755  0.38743509205
0.43079994722  0.601969077609
0.54501869434  0.457806721565
0.397773830644  0.234473137338
0.556015559791  0.565617841544
0.509789325735  0.590420729006
0.569409424603  0.444004368115
0.437737599164  0.5115874584
0.418895189147  0.467473616164
0.625468229141  0.374843280758
0.432654278521  0.438656401861
0.667621588478  0.549640964069
0.310358297594  0.655484933543
0.424240510739  0.492277789673
0.538924215544  0.549258504405
0.732312500984  0.543019894936
0.454313629649  0.498962565946
0.552973648991  0.573919652692
0.527783309353  0.504679243406
0.53095904725  0.581789133948
0.696681062737  0.37087983255
0.490990118961  0.400380020218
0.48031673215  0.54975575275
0.444392287135  0.540881805032
0.471973386008  0.636664077344
0.442731805898  0.533233891417
0.334699000907  0.657573492716
0.49474344025  0.59514104361
0.626925102097  0.330914494615
0.372906528519  0.369110999489
0.457061993336  0.608553649328
0.638472761039  0.624788713207
0.558169944835  0.479331364484
0.308664400265  0.411822750365
0.374991023586  0.619645854712
0.593452256837  0.592658671661
0.488003795227  0.399028145435
0.457756535037  0.629345837564
0.588914369981  0.670123884349
0.587751482272  0.495722315743
0.641903966528  0.501833932909
0.488738321303  0.54612609645
0.635205080977  0.531078020739
0.693838898274  0.48611931125
0.729423818659  0.478989448941
0.395227419957  0.401925077676
0.666412200409  0.411808079387
0.563468039353  0.544602753004
0.373042855518  0.642295111171
0.684962834168  0.454625087542
0.416769707199  0.483133882177
0.447077875984  0.570075151398
0.554402013654  0.505008887828
0.403088946694  0.529855530933
0.545420912973  0.604633202306
0.583074841613  0.468026653043
0.621301634722  0.47604419542
0.480373652629  0.418867700088
0.535404046018  0.630473997678
0.368029119884  0.44190354118
0.529170240466  0.340693014204
0.497915589013  0.467212150057
0.317749559975  0.475729565443
0.473153138084  0.444199412062
0.509248190525  0.435124932966
0.568207146424  0.565342781155
0.483898872485  0.493989844063
0.566030403772  0.646360558356
0.524476515367  0.351812852406
0.689600851526  0.590733151236
0.621335228141  0.50363176492
0.52329145457  0.241487159842
0.539102940374  0.37266024768
0.37582367783  0.453800276845
0.512491163926  0.419507523687
0.5627971313  0.463364900798
0.405948591432  0.480445829135
0.521065589036  0.600726344665
0.488753765743  0.473470614586
0.547829795489  0.456804691214
0.565246805984  0.636726164745
0.692984151748  0.603890468644
0.630801419539  0.63727263274
0.555616496946  0.583972592512
0.503994003224  0.488663649336
0.515083936184  0.409476600888
0.618145247256  0.436333054258
0.431642247105  0.603920602439
0.495606021435  0.603341497522
0.479565494876  0.690744177447
0.409559964038  0.485742321757
0.499379656027  0.49049441604
0.623122284937  0.359108821932
0.526144591258  0.47264534394
0.426167923777  0.492246283503
0.622998316859  0.291484360739
0.460538731954  0.349289695376
0.474207101146  0.496257422894
0.482518483875  0.52961032015
0.296913203586  0.498666375083
0.543666117002  0.522403166863
0.433329241192  0.451132916717
0.673548088357  0.550690977998
0.461970687518  0.355265663832
0.42175564639  0.431114092264
0.432568595684  0.451155881878
0.486098294161  0.488552156432
0.184876805635  0.580549909648
0.491406092871  0.463320856111
0.56069359582  0.347787045603
0.555737709424  0.645440325824
0.473157937561  0.536668379284
0.514462422951  0.582437312072
0.289636835049  0.508401672859
0.542602605247  0.550879477903
0.762863677779  0.498762888598
0.425981715704  0.447228022819
0.56121328926  0.594345573288
0.504182894293  0.414637025374
0.707618902096  0.435661494092
0.522509081622  0.458563519163
0.509431666779  0.57928038191
0.355226727104  0.556844416887
0.441770842918  0.69366633737
0.462801617503  0.63807281682
0.49694062909  0.528978186246
0.547271616272  0.553769427566
0.418238066384  0.507256472352
0.276088945973  0.397109419693
0.533920162317  0.532050109569
0.538559567763  0.628202372999
0.447651415429  0.480447882192
0.694863534046  0.483094942588
0.384107274175  0.440181459691
0.40505324037  0.513953853456
0.576403786974  0.555623087608
0.265585543675  0.619407477244
0.478120198998  0.510256708028
0.611705906573  0.553522141293
0.59281363125  0.575682791526
0.333980942191  0.452597636744
0.355142029271  0.581778272587
0.455736750598  0.460772497328
0.457791257123  0.540061716138
0.424727547028  0.496503115749
0.414175447514  0.473910486163
0.663768184546  0.450112143058
0.638739971025  0.574356750278
0.485608704574  0.527331269879
0.49895664592  0.570051149109
0.399932926174  0.518491437708
0.676783393352  0.354949484602
0.40723668835  0.515385979118
0.680498430866  0.594516369616
0.543017545508  0.609193254385
0.536367983623  0.404642270657
0.491820028417  0.412251623963
0.516265683515  0.362396159219
0.500095644585  0.569455311464
0.397781366806  0.484114197976
0.447677795096  0.525396084449
0.362768543995  0.425237653442
0.496876012724  0.436726038685
0.515382677335  0.455127776484
0.50420058544  0.399699549103
0.573434743485  0.39935557875
0.290334804201  0.483479922593
0.512325861886  0.601334275853
0.64425715826  0.520771636384
0.542753927805  0.606580190463
0.646827592428  0.374005059016
0.525734729718  0.632603558589
0.611331770057  0.35190945273
0.395717569442  0.290103942168
0.539192179299  0.428190241947
0.527597372041  0.639001085938
0.465624333172  0.398985117369
0.649115430459  0.474910993981
0.437783156222  0.463654975019
0.455744491521  0.596717822129
0.549537731022  0.712283272013
0.641446757511  0.376282479848
0.513541046138  0.530143498635
0.512924415339  0.567974462425
0.493753184956  0.492412748536
0.560388534844  0.760163066048
0.301677901981  0.453025602833
0.561392496412  0.561455710889
0.488955010584  0.594838776477
0.435505888123  0.53472392294
0.656803414041  0.457438301834
0.494356254889  0.477289074913
0.360202090788  0.385587010163
0.514371951061  0.626941510842
