0.480785912073  0.338174812561
0.453864769596  0.559718656785
0.50380440903  0.42263719578
0.424790761469  0.54656621681
0.698616763728  0.679532422983
0.454446723187  0.454405001921
0.50296023957  0.426583143749
0.508544792439  0.61315317821
0.380731617014  0.667906337764
0.286488374713  0.569369614988
0.494398277698  0.481322838015
0.628317468989  0.713595835048
0.475275982566  0.576572226007
0.557927903937  0.427661197933
0.563365601078  0.431717735472
0.605664494148  0.757321898005
0.643856910761  0.669457181818
0.465587203975  0.396049375468
0.480018617213  0.385043424144
0.567744956604  0.559555046795
0.39556133172  0.390031715436
0.396522209477  0.596645948158
0.565081057725  0.575083173153
0.615779031487  0.463676992443
0.505399536559  0.423062928337
0.392219714145  0.457707097634
0.397615962965  0.449419921369
0.404974423799  0.409014857617
0.407445422951  0.425596944365
0.420846788917  0.590390759474
0.699423314958  0.436812733058
0.526984404102  0.31870038328
0.655975964508  0.490643935152
0.477299948397  0.452096255608
0.581010910174  0.302882374479
0.630691576989  0.396814253141
0.703906724945  0.396130783726
0.420147253903  0.366186992962
0.35321864942  0.413463685535
0.425041054078  0.59583044643
0.27816282491  0.469056840313
0.497476346847  0.653259714644
0.467040230227  0.573203562516
0.32341623034  0.396345798908
0.551103742534  0.562715083657
0.469520927686  0.577113232967
0.25284382315  0.541868716761
0.581242075418  0.570341392399
0.592003140147  0.605182882475
0.476857133233  0.374750172372
0.488589051613  0.526142119328
0.415489092445  0.463340686186
0.560913595609  0.531757423498
0.387774805901  0.523448922598
0.700571486542  0.602002037259
0.532444079358  0.54330465361
0.486865999514  0.491600948691
0.57913558624  0.405936021306
0.674261801276  0.500557287932
0.593984328715  0.604540741067
0.55137042823  0.377638250837
0.485149036629  0.50311475461
0.406694551886  0.376041339475
0.426962258594  0.650339789937
0.339196985707  0.272756395444
0.318958207665  0.523328572812
0.469749803583  0.369310105853
0.485461828174  0.440122778722
0.256100223913  0.3564932621
0.527922979855  0.623863584468
0.57347107745  0.524420796613
0.66280488328  0.494580058252
0.636930172855  0.68137492083
0.469762736954  0.476924431865
0.574364352498  0.412826443044
0.530619650767  0.387338268637
0.484473521709  0.520480612038
0.447359749805  0.467666880527
0.476497260403  0.578655298165
0.452493432437  0.282021133007
0.579426421517  0.43363189013
0.626450393155  0.396275353478
0.468090017133  0.403176308831
0.314643199763  0.575817258412
0.621280763258  0.30886177608
0.640215891533  0.444587432022
0.476433085156  0.260847396962
0.597649435836  0.54886158095
0.449364419497  0.483506424436
0.505733474542  0.535890427381
0.466707413496  0.368763561926
0.484745421541  0.586607744649
0.588872460439  0.450400384032
0.447875406037  0.559290240518
0.54622900352  0.526999183269
0.385044179319  0.447662274092
0.42734570862  0.476060060382
0.46646738007  0.314440990335
0.590805889398  0.464337387148
0.714015728545  0.629388334848
0.531386927799  0.492439340592
0.540448203575  0.435740376855
0.266511701116  0.427500449919
0.484753566139  0.480263981164
0.571675775238  0.58420895466
0.518475044725  0.536645840954
0.449862470095  0.745088028057
0.466146879144  0.556281564404
0.586292123015  0.367563646003
0.652456264477  0.583958220142
0.520032951867  0.39458779397
0.374882995531  0.447010594942
0.360675460799  0.327297971822
0.414326590743  0.585741833188
0.466266971825  0.504721167268
0.343194054448  0.618316915519
0.596066279974  0.737685518305
0.628953659327  0.410042278806
0.469622487464  0.478428545746
0.427162075309  0.428889948448
0.477764183328  0.362445355442
0.436402592493  0.55614792363
0.456979713202  0.473160631386
0.576931040531  0.511973275403
0.63076976397  0.601736750314
0.438949742652  0.384442306347
0.549238126769  0.531047486459
0.446148129475  0.701155532352
0.492243608658  0.412352216135
0.404950471473  0.468186530347
0.445244733551  0.748000838173
0.532879869661  0.388965704584
0.398689729787  0.396926966259
0.430997581238  0.461911652415
0.560908534482  0.574859527466
0.4001472243  0.59038561929
0.443894019485  0.53736098181
0.533468130011  0.476612994138
0.398876764019  0.454912068652
0.459761438002  0.375471778195
0.36699318348  0.472768991569
0.550789945606  0.750757945848
0.436608000655  0.614381205509
0.584447906485  0.41245318942
0.529508496854  0.424209009332
0.45541323758  0.541487472943
0.64255724101  0.612447982255
0.556478837041  0.402280038637
0.618045059224  0.427036890166
0.418663578515  0.57470483404
0.417835664779  0.38659705223
0.513109801284  0.631138072089
0.336369563398  0.654931522483
0.56736762192  0.370540091558
0.659137919919  0.337611531307
0.561182692813  0.560462349253
0.492174136683  0.525484350991
0.452954663034  0.556494796771
0.442515787498  0.401669481633
0.42751413075  0.468606002636
0.464471307653  0.490686387103
0.543046291473  0.412110569409
0.579357176412  0.4153831161
0.57250950287  0.461694027297
0.500161598228  0.455681479062
0.488813379304  0.580603361675
0.481190261461  0.543062742907
0.412301390245  0.507009435657
0.529323971894  0.427403705877
0.322004426429  0.529425580641
0.613272258109  0.363223938171
0.421198483094  0.397105199685
0.35474927527  0.529618430874
0.369919530374  0.680758492174
0.369382209233  0.35047549613
0.510207200339  0.457838175194
0.405058442286  0.57844566478
0.472910248993  0.405748033871
0.522022951327  0.432121528043
0.369789279774  0.42292352181
0.414400310734  0.56106306034
0.525903948828  0.52250959638
0.325036585328  0.543642948781
0.595640897907  0.463789239548
0.496933050973  0.52248985263
0.297910470927  0.355960352082
0.489660434389  0.53414825861
0.366114868401  0.405320012416
0.321438870957  0.434317605211
0.499707405122  0.453986185177
0.57388000115  0.557011526549
0.291050876594  0.514707100894
0.405741331615  0.604203306669
0.585711999081  0.596816114544
0.467961274928  0.566099768927
0.591610175465  0.362166195487
0.436498933817  0.40302285263
0.563347225367  0.478800788801
0.497376710152  0.520498417941
0.371421828175  0.315568680726
0.431646935967  0.380504092743
0.381195562336  0.471442417232
0.425883755365  0.376116399126
0.46074083074  0.4172311338
0.436628286309  0.321605312783
0.630314109643  0.700430813957
0.348040244129  0.550174732311
0.425727393894  0.374695120287
0.511623949934  0.457474700136
0.676385587549  0.549790133824
0.390617561491  0.336981286642
0.528470071683  0.394839254378
0.478630157597  0.360374857945
0.526837147413  0.645879580479
0.519575220014  0.50071251588
0.405842380225  0.41239892347
0.446354139498  0.430964761388
0.400882897309  0.299246126275
0.428705851046  0.65232094838
0.500167499043  0.486744526861
0.556728452067  0.492139933531
0.399520507772  0.510498896058
0.446961859547  0.505610235958
0.578899065357  0.468644324674
0.57747537012  0.57262297955
0.491807523754  0.486053478498
0.694006810842  0.457249675002
0.364795312392  0.37508069461
0.514286386472  0.507021019722
0.428872077648  0.580949014125
0.525564798818  0.445677481269
0.369180273913  0.460011701697
0.299294806786  0.362386278898
0.635565003861  0.665403237919
0.285874243213  0.622525170243
0.596872326157  0.433335513149
0.53681929092  0.585966682023
0.493993880233  0.32448483978
0.645565201415  0.554745670511
0.493945467754  0.423010102272
0.438669590236  0.471870588929
0.608990877615  0.473966421892
0.486924465859  0.299849486894
0.426500311587  0.578431328269
0.489548877376  0.360206977371
0.485808847397  0.632795053033
0.413461967036  0.459920803188
0.668162766857  0.523103615733
0.521431543834  0.564001885406
0.415664738748  0.481979650299
0.303051098779  0.630236410864
0.665975088201  0.520105585876
0.704262865088  0.370726416803
0.658628681953  0.666054609004
0.465859134618  0.349380477084
0.712988149927  0.551373006888
0.589287919019  0.534172874022
0.486174944673  0.505767765982
0.34903284356  0.460286784834
0.290589507397  0.511696167203
0.256632163208  0.525269011124
0.488727027904  0.403939244867
0.351218756876  0.43548498934
0.547356329717  0.64420000467
0.567616076752  0.546003189845
0.583343050257  0.488485402175
0.401580935586  0.409618613037
0.448662642091  0.523259151557
0.458594351671  0.504584165428
0.392871429364  0.292667038398
0.454011255563  0.510323621243
0.398633393554  0.662102111536
0.408125913465  0.644781569938
0.598247997269  0.529268284627
0.49368749171  0.453567355534
0.482497947059  0.377171593188
0.553889786494  0.346835653906
0.376575540536  0.502062091725
0.589380900345  0.383261638021
0.512350552088  0.293037771009
0.37303343331  0.450596668154
0.4198191282  0.481107308115
0.441814208226  0.448726317007
0.368616254378  0.341684881258
0.535242666371  0.606724357638
0.533685804172  0.417298233059
0.393793645965  0.511754174068
0.488630965615  0.543217966673
0.477127694923  0.465208331798
0.475648075083  0.35660844118
0.604562327165  0.293410888851
0.477561569082  0.500817771187
0.406127263072  0.754636785961
0.614925890381  0.377427038402
0.278292243229  0.585691925877
0.378984455868  0.422267188716
0.657832971741  0.539619802482
0.624107398133  0.586151168786
0.600822951318  0.366338969972
0.38190357068  0.598191321903
0.560829710013  0.39937623158
0.271243227519  0.472420788472
0.424160879231  0.422172002477
0.529754412382  0.477203279005
0.419887799613  0.244032824859
0.547121747084  0.589748057941
0.432810945698  0.458505680671
0.326232921581  0.481987244784
0.521970895668  0.622316870704
0.484172439522  0.448620414334
0.530858044826  0.516331257433
0.476391741051  0.524791694565
0.661717810721  0.355264200375
0.475546872573  0.414912871028
0.256301907674  0.485488100983
0.467071269627  0.410227833098
0.422096425768  0.499362400151
0.52197994251  0.539098836884
0.64071287079  0.51242411718
0.485777529817  0.520747175808
0.416172590187  0.486990278017
0.633160890026  0.352536617817
0.37281203226  0.516098868507
0.389191073399  0.347907225775
0.380027479294  0.498442108862
0.579310479994  0.252223959718
0.501672647993  0.567104699093
0.409296788894  0.564778156185
0.600177333822  0.463868176689
0.359749151561  0.310970722878
0.386058981974  0.425758171582
0.599164812175  0.514563587508
0.542714907019  0.500445560376
0.620070350394  0.524673432393
0.495668242525  0.416408933306
0.441637749412  0.317325219867
0.524405080864  0.264507082443
0.492428259027  0.402280192613
0.475605817144  0.28087225382
0.381270563935  0.417849032404
0.471352252452  0.681196569744
0.504667598098  0.346019938276
0.392688524516  0.516383041967
0.498626763446  0.466644122908
0.423175003877  0.547911479076
0.392256975467  0.323169243862
0.690772325221  0.545400380931
0.289915091673  0.349316391505
0.324848975877  0.381287962179
0.576899740304  0.556808583357
0.325079658114  0.376002876411
0.586095742404  0.212099217088
0.592198420807  0.356908562625
0.674283543192  0.454532743247
0.50428588133  0.426812584594
0.416328748696  0.51207362496
0.506416776279  0.340832481495
0.442941590796  0.273289797346
0.200420392781  0.629858777895
0.37773965809  0.408959678613
0.422781030622  0.515166984647
0.632113768471  0.354079451673
0.46211050146  0.642202002229
0.661325543363  0.40790262969
0.63129396583  0.543989812702
0.313721848907  0.535711386267
0.405540018293  0.366191349654
0.448606722268  0.656550451584
0.628556251813  0.415297957334
0.753867704142  0.581608890743
0.438182871081  0.424309092578
0.679405539887  0.519409502537
0.488019207097  0.532040742658
0.545645945556  0.579197664913
0.37009530226  0.509687468135
0.584543622555  0.147636666835
0.409444900366  0.617356201408
0.414811467663  0.492366748299
0.706367161273  0.39480677762
0.399727237466  0.375706592731
0.492658753609  0.486905282455
0.547909187611  0.450205847634
0.35946166347  0.569288753205
0.409949665166  0.458334805647
0.673129281969  0.499721950186
0.660414887744  0.521910837474
0.689207005965  0.539217041775
0.455719913864  0.509496033521
0.425759449061  0.354400844941
0.422043937438  0.539202192446
0.428408872618  0.580048120731
0.560388029985  0.549266669593
0.55252001805  0.435263025617
0.546772309022  0.838495993996
0.477502937586  0.526679295386
0.628877316231  0.338404283192
0.58925464277  0.392522358759
0.545411195736  0.544273018924
0.376695937596  0.455338050605
0.319426020899  0.495278660856
0.528227312985  0.397737685719
0.672486409186  0.539189696358
0.51454304533  0.635745481441
0.436709472141  0.411406366044
0.448722370369  0.584507961707
0.488367002243  0.472583108663
0.411779515963  0.424122315844
0.554825944839  0.381753186647
0.404599620224  0.526745805313
0.618029286589  0.388435007582
0.457774567663  0.621691450947
0.393962758553  0.524658162242
0.360866695127  0.427212609701
0.613482444169  0.445369789107
0.425574604188  0.467634754646
0.569616919148  0.557182454931
0.392655367138  0.663242871062
0.3982559386  0.535139730902
0.458355900411  0.459403877432
0.518553457226  0.530814667695
0.451773138821  0.571481385118
0.473820182831  0.543099818531
0.566322052863  0.437319962095
0.391785341644  0.383012488696
0.466018280448  0.481619922096
0.401862395623  0.518478647973
0.479191691011  0.379131004059
0.349344497596  0.451283604971
0.483037270936  0.373890554645
0.46365076826  0.416128241104
0.509930789404  0.426594223985
0.358174426031  0.474836686754
0.373491556361  0.403030436867
0.530932912084  0.585402827617
0.493540023771  0.737097533657
0.534826008425  0.443706081621
0.541084557169  0.548865495904
0.249011915532  0.615418654164
0.404328977077  0.442604838998
0.531519847849  0.551857636989
0.50454460674  0.731470132596
0.44983868718  0.511436705699
0.487654609901  0.54955236024
0.53722927039  0.492409403084
0.534115293976  0.462555033469
0.415824512968  0.735606821518
0.314599364  0.544735689129
0.432056954578  0.358890409136
0.399381124198  0.388074028206
0.560165959333  0.472906442292
0.489344093949  0.342772846646
0.38518295391  0.151558588103
0.525835572419  0.458299718016
0.403741590639  0.62615061166
0.529159958779  0.35165355387
0.396275055401  0.515039295456
0.524005948287  0.39156633335
0.610606290379  0.289073501093
0.49770661887  0.520721031781
0.493594694616  0.477546135374
0.450185686367  0.526699697755
0.380872958701  0.157568132023
0.464345277719  0.554823931606
0.52701009847  0.554449139693
0.250892464637  0.447408056996
0.465819546172  0.533467426114
0.423108485167  0.523906794124
0.469268314855  0.268174698471
0.56834703193  0.36296961167
0.387555630057  0.358175668299
0.59564460739  0.459703917902
0.51248966919  0.285620350992
0.479691315728  0.482984113869
0.384303379445  0.532665122209
0.527667515757  0.550711705481
0.43139260402  0.460470084056
0.535416856039  0.382655008898
0.464887047134  0.390250512114
0.529475451815  0.405008677599
0.457757022125  0.430083060889
0.266974868279  0.404350585399
0.546626509241  0.538869622354
0.450943357985  0.440029638349
0.52457271594  0.496146517307
0.420336968784  0.516295278671
0.539798387983  0.551565367246
0.533812764284  0.433428693861
0.411098766719  0.31302397678
0.576567885275  0.58123139859
0.573496670858  0.533717285875
0.452706023432  0.443320248545
0.458307015974  0.582292719681
0.488982370043  0.596963391554
0.568643120337  0.568583608756
0.434842667267  0.776503065186
0.516355926507  0.548187125901
0.478366017271  0.47212866881
0.355300510019  0.591299688104
0.343174698419  0.469145911507
0.555743044217  0.293724166184
0.556721518146  0.349230616319
0.411386578895  0.488919441036
0.584016323442  0.534460157605
0.401885448809  0.197398425309
0.595361769405  0.554295227863
0.379720911014  0.747629238806
0.471444487753  0.341104312563
0.608400767623  0.439496408501
0.516490394336  0.496671327546
0.432083190224  0.379370378141
0.513451988462  0.531765925399
0.344395056557  0.586041228812
0.38453939492  0.71936565664
0.528262456745  0.366358347665
0.413827065656  0.431784784485
0.36153886718  0.379004801639
0.482090253817  0.51200524388
0.473077901851  0.479506332161
0.390397046477  0.371818793478
0.686381556779  0.539075783247
0.562388205958  0.508574501663
0.408238002625  0.381995897371
0.58528413737  0.456152764904
0.478622680083  0.5925348467
0.449821388452  0.574830796741
0.282000147885  0.465209746934
0.412111756598  0.478762196074
0.679553455446  0.433791093696
0.609475722962  0.612220303757
0.379761412087  0.415192139181
0.567222758365  0.544379415081
0.56857255461  0.498225942107
0.61677295899  0.609507101505
0.289703793188  0.496137962452
0.360992409517  0.543695618664
0.343789901665  0.593172035949
0.215824586107  0.499111594954
0.694966181292  0.373986151736
0.482824101566  0.376717870239
0.217338785717  0.500416393072
0.310317636577  0.616728357785
0.388169671642  0.336196344653
0.584226846691  0.519497787083
0.617203253962  0.558010602899
0.412857816037  0.483852609665
0.515298377176  0.404328450243
0.303191668526  0.587775105992
0.351556822892  0.4036362557
0.591757861211  0.58004784886
0.676697786813  0.48635699655
0.50866338699  0.52797387568
0.573930569998  0.342792514996
0.611314563095  0.587827922473
0.505088943401  0.421573179203
0.533166669558  0.442003617526
0.557297696838  0.413292430775
0.440024556462  0.307201152599
0.390877591847  0.346067727793
0.463975423253  0.41395141977
0.520681788906  0.544984757077
0.489555587536  0.523076522479
0.491578285556  0.601281250799
0.449430868922  0.492075075879
0.343015071222  0.51159671719
0.457706587238  0.388151031232
0.427180331076  0.545534546879
0.444792186868  0.400655047931
0.551966731068  0.54436484051
0.46415677257  0.516362707473
0.450851256712  0.483126516994
0.432793500269  0.556087720408
0.550668772733  0.598573889748
0.530487304844  0.644639740843
0.62147328191  0.437962903299
0.406282845063  0.667132142625
0.601272562067  0.481960392351
0.430126419643  0.491245859101
0.607958667964  0.445969324336
0.537913561353  0.613802537469
0.467951073052  0.555403571239
0.14316896225  0.339623025446
0.501966138968  0.527645009345
0.650960533493  0.577392362504
0.426546960617  0.707382244319
0.498101036643  0.455354793662
0.528150499605  0.518312250192
0.364852434333  0.459542198848
0.308883977618  0.44280970884
0.590368637517  0.502232070774
0.435799231242  0.558475479948
0.438426293518  0.428087880013
0.388500605671  0.534749076477
0.307412116399  0.327796045016
0.423131614139  0.501058154618
0.529351395939  0.560746445437
0.588515528218  0.354383076749
0.383061890041  0.594422204407
0.440123324074  0.215298202465
0.654133677958  0.490835253051
0.374845256974  0.383015414378
0.471231455861  0.366398210544
0.463288013431  0.494775898035
0.516757772302  0.523244607714
0.530722621616  0.471580657434
0.441911244443  0.438091449412
0.425818479053  0.414082667704
0.528868925913  0.46788970307
0.41507588827  0.422426790448
0.528897470227  0.35479908753
0.534819276497  0.308737705463
0.388600540888  0.357107306811
0.587792042967  0.485823109447
0.284874226611  0.377104012126
0.547705364292  0.50336144985
0.493046290794  0.393868730022
0.565308283233  0.561561886046
0.493874480822  0.516262517697
0.484826344274  0.502949386535
0.452385436042  0.537598803263
0.475692214451  0.525760966313
0.483643262492  0.446303884199
0.422474718939  0.455678961822
0.471567079362  0.590439478724
0.5774632632  0.467523835561
0.683027567902  0.461171690188
0.408919793998  0.52854736276
0.502488378107  0.481612269064
0.55547524383  0.540297589578
0.574747041452  0.582693489816
0.684480289565  0.501880460469
0.445625723681  0.570786381928
0.41989701588  0.494399098032
0.454864801064  0.480753703923
0.474880850568  0.483732171882
0.511416071345  0.447783494851
0.436323925192  0.552874598515
0.565639906808  0.567268296613
0.580586340798  0.595101742802
0.466538455728  0.486707220679
0.341220673158  0.461659150077
0.194349299391  0.642173898006
0.452820545527  0.21504134633
0.349147010834  0.570663706354
0.445501010819  0.465000229677
0.566181825643  0.420484763105
0.343499492138  0.529050933866
0.52206387926  0.518377273146
0.45199344189  0.579353924452
0.422132459363  0.426846593515
0.479390756743  0.601655156334
0.335244794442  0.498486665528
0.463137457512  0.45367327528
0.480840454412  0.664092649864
0.602342119657  0.459940543999
0.434536147348  0.639784641275
0.484226342165  0.818214551448
0.46869215409  0.337402843498
0.459172143342  0.531475041887
0.649193906518  0.709631633566
0.290973219246  0.537558177522
0.580914744118  0.535138610397
0.4973413188  0.600610165987
0.333721846662  0.653897488567
0.434961106766  0.440907621951
0.413160056578  0.640770116599
0.422875750319  0.421165868799
0.628607962493  0.396302016418
0.462611918919  0.547521727983
0.445327542729  0.498521662174
0.65068999994  0.382989300709
0.452854539279  0.425605941026
0.247427137288  0.563332009964
0.631482707213  0.637901253997
0.377450768171  0.557547990094
0.597141661993  0.491163958994
0.308611420763  0.421689197415
0.563990135503  0.602324038179
0.558331774778  0.446177014368
0.277569365498  0.588343629917
0.478487866833  0.472436385632
0.732652851304  0.310500218123
0.423161156062  0.55792346689
0.511793188998  0.475678998868
0.488251633633  0.315862217148
0.393624456552  0.381606824479
0.511551854768  0.534907511843
0.496920739001  0.489038073496
0.441252212822  0.458001943058
0.455381498414  0.371369986982
0.482299107171  0.425067881803
0.615792564994  0.672156658499
0.295575875812  0.398538322119
0.389191887643  0.418448008305
0.285253653972  0.573192325622
0.547972116804  0.537148322121
0.386768063711  0.483148749793
0.312776791596  0.58187162118
0.358917205593  0.400623996009
0.606581035363  0.492786521385
0.581654891976  0.634478482145
0.394933533817  0.601650592875
0.59157420511  0.39762382271
0.102554565773  0.458371715609
0.445181208562  0.426202541536
0.545806119377  0.604137776928
0.504844094978  0.537686108144
0.529661722297  0.39266832527
0.41097953377  0.703281177557
0.363384152089  0.452055448707
0.394792614544  0.503280675548
0.4697519525  0.414799674899
0.356548848377  0.503456955083
0.637605227609  0.593038372665
0.187371035653  0.630678253373
0.459698567268  0.478387285783
0.662928134359  0.529753254539
0.492774466774  0.420211682854
0.442692944724  0.441610860357
0.333053481689  0.362514294578
0.471131887973  0.475811971534
0.66796135504  0.488813552305
0.374661268274  0.49614481618
0.512691420408  0.3541415267
0.604675166654  0.435663740356
0.360854520962  0.512136775617
0.518760424882  0.495330420635
0.456425324681  0.553703803602
0.498167175837  0.463230719817
0.360963616869  0.514676208571
0.549450329826  0.397568871673
0.46275100941  0.505690625088
0.525972902486  0.593266609987
0.558200628431  0.415220428953
0.409174442129  0.370402157755
0.483004947988  0.37948599394
0.452773895346  0.514324437535
0.544997083455  0.522188454889
0.459694239609  0.494539257195
0.399313396737  0.543609374458
0.56277067936  0.320000207788
0.359306768011  0.475693571703
0.353406051968  0.358272491425
0.575689214198  0.52494587897
0.394592305794  0.546052806168
0.337972129694  0.354439780326
0.539428035379  0.407148404597
0.270547928414  0.534641361035
0.394114078639  0.562644488471
0.389458694384  0.501920209257
0.516780783868  0.626854964976
0.450492596196  0.504799469608
0.502450123363  0.511995954985
0.367837704626  0.532904984018
0.543473781413  0.592821755647
0.306790414864  0.367846270148
0.403764642987  0.354879567133
0.276769243535  0.402873778402
0.443527381005  0.389743279808
0.193301731627  0.506267299865
0.667852075976  0.444305767846
0.294347392725  0.477093022368
0.326423752774  0.357024588891
0.513603878192  0.597810386034
0.446597990586  0.340833497345
0.312494376226  0.25114270922
0.3841047904  0.451509717527
0.394158758591  0.426856187404
0.413088142404  0.30260187488
0.556020852123  0.405987136164
0.558339135251  0.454239852255
0.476907170345  0.481226536327
0.606781307883  0.364875168751
0.457146493268  0.394987597723
0.446982524876  0.430682489047
0.538360373927  0.506150824638
0.503637067563  0.36080862901
0.55227622012  0.536487510982
0.416512853679  0.550159023456
0.517261866927  0.390258033396
0.460690114517  0.17294521886
0.624232061187  0.494297767697
0.398223404802  0.561202986819
0.436464819484  0.594821947349
0.493037808786  0.494485297398
0.528813770476  0.328801311644
0.407266959207  0.486631608635
0.571927708223  0.641288010064
0.638263355005  0.398934013618
0.534650063187  0.324797793455
0.339905923576  0.574934464201
0.50737556169  0.589597426676
0.430801174612  0.302121810676
0.299743464427  0.535760146745
0.579763839336  0.485749909273
0.352662056657  0.31112862555
0.493592002777  0.564331105531
0.495364420881  0.478592129634
0.359364753502  0.37424561511
0.492943420414  0.573749070225
0.642066280724  0.496143166624
0.38236333995  0.486647951362
0.431964631448  0.409677216275
0.349768437683  0.324315486636
0.435501313217  0.500962852468
0.337927095455  0.603911461148
0.448088543151  0.507842528705
0.527422351845  0.640532396437
0.375941438927  0.40380939497
0.366716149681  0.442295217268
0.615201696905  0.437526746632
0.613878668824  0.731151079804
0.452606952585  0.640620269193
0.556781353444  0.5734904371
0.595823905154  0.532872175748
0.393099771784  0.501290362971
0.509533324628  0.279899598697
0.427040897011  0.418643538614
0.497192706609  0.51550876319
0.609551963207  0.525540253288
0.543175925204  0.462419048577
0.477371227604  0.416512306213
0.513061576954  0.418931554015
0.518869395064  0.561220894813
0.551553690157  0.597214857392
0.404019943911  0.563213321296
0.695872134353  0.452378204437
0.40918017674  0.68503763433
0.53371237424  0.492625346803
0.317972647674  0.391473532638
0.569514123794  0.537792533109
0.673060970715  0.4024193455
0.472959664068  0.347640193369
0.476211644345  0.347076581501
0.59769041623  0.28444026816
0.316542527963  0.570635860908
0.499896269572  0.469379995932
0.55580688354  0.607964986528
0.446121859482  0.494483516301
0.701078775752  0.337124342293
0.43007661383  0.547754689192
0.554688089575  0.470854161358
0.519450851634  0.543443652198
0.420369408988  0.673606001986
0.236473102044  0.432140430321
0.536650245044  0.546819411075
0.527876110401  0.44125967698
0.526970848589  0.509797621384
0.477949067532  0.623104393913
0.50147491309  0.225761145466
0.316478629032  0.527264291887
0.396295573668  0.405544740914
0.500660690889  0.384808729239
0.360354504842  0.552358743673
0.377247788512  0.51844360539
0.467626604894  0.354003729824
0.585127447545  0.47434033239
0.574673617271  0.625248147383
0.334516908326  0.48579183007
0.316605624902  0.4072589755
0.614193007477  0.562731740983
0.448302960486  0.493068021742
0.520138465193  0.521251760651
0.569977775108  0.380731067993
0.433626537102  0.429906927178
0.590892699812  0.411427460459
0.474111020226  0.44092094632
0.411296240562  0.590616122622
0.394477169258  0.511498226584
0.453620192471  0.364132228003
0.503123985301  0.436188024508
0.578168517683  0.427441349529
0.457566108191  0.480253750803
0.597798007344  0.500838268423
0.441999652349  0.463512733585
0.572490595438  0.425654478868
0.444002701559  0.628216143536
0.577666373498  0.466573584354
0.633759709191  0.464770801183
0.459553881354  0.516677932164
0.578433043434  0.481108306351
0.517503614876  0.557597344463
0.510786869659  0.231110825199
0.387783156045  0.40107303905
0.489298586995  0.311271498773
0.509748634772  0.406806954028
0.587512500932  0.590121432565
0.366451150601  0.441942526148
0.391575376393  0.454329073564
0.469912014052  0.636367464656
0.355746395359  0.493829252889
0.332232398592  0.458219840115
0.528106421941  0.477372395223
0.473847201472  0.528495590487
0.354173990749  0.561693260558
0.299118731382  0.352894042024
0.558763413533  0.35865228744
0.503342513767  0.420113450608
0.395996194937  0.524710390727
0.636006236341  0.522740419615
0.29405452979  0.458060437793
0.487772456361  0.456123640147
0.426697247871  0.522986232721
0.538430266131  0.401325549081
0.531025887917  0.396937344526
0.391297815958  0.311336137891
0.493554866981  0.582826815047
0.473655580541  0.414541537152
0.477280693179  0.48107686949
0.369998746988  0.536015961731
0.448604151039  0.431926930385
0.494726597268  0.317469133753
0.433956657137  0.393231389813
0.377061111476  0.585576304923
0.490730223016  0.597813197832
0.559382725567  0.444792248275
0.368679034769  0.421084946878
0.707371461781  0.553194060556
0.535908657328  0.606289379381
0.41530868356  0.509554700979
0.430543159657  0.519408368484
0.540884120507  0.522541405968
0.376100704023  0.343914823509
0.586443707259  0.564352726317
0.488579258952  0.562100859297
0.549147435774  0.492507232609
0.540616216293  0.602300945442
0.519833814119  0.560266113735
0.532612252881  0.459067733863
0.372464724982  0.52438420012
0.494440071408  0.294185995394
0.412636218853  0.507438880599
0.529193539601  0.673161211164
0.496908442444  0.713475985731
0.636563723093  0.442550167262
0.366526972264  0.641058181863
0.793657646323  0.494649185002
0.584360225954  0.401141524982
0.439011070547  0.419337643679
0.457293460333  0.519882747835
0.318265021081  0.402948985557
0.591881321294  0.517408144015
0.314053238906  0.423959528403
0.471123687055  0.654653314954
0.464228272145  0.267419465318
0.457863910215  0.373425605394
0.46695917734  0.522780533602
0.327780610951  0.494418770812
0.51699519648  0.507389064787
0.507400834136  0.468505532271
0.598734313005  0.420082192962
0.368336274871  0.334894989324
0.583723290291  0.357640395944
0.442983581842  0.466292377911
0.513044765973  0.301999202455
0.541978991392  0.683427539878
0.56391126523  0.612300730908
0.539041988469  0.504376536267
0.550445552001  0.356460071431
0.501966674545  0.57094275989
0.495149642057  0.514075879425
0.520075419473  0.15804159317
0.480320175279  0.512081637853
0.568810490547  0.323790639642
0.383146795591  0.467039662025
0.616072697361  0.653639425395
0.252463652119  0.473903804483
0.328389315367  0.368377085639
0.361852795208  0.411517653604
0.462069979564  0.373041504873
0.470472998253  0.359318137183
0.370768017412  0.605258467145
0.641379532257  0.438923375926
0.569481977227  0.487887351207
0.480520801783  0.521107276847
0.325836086844  0.309377958407
0.37329498303  0.48209126113
0.306740662649  0.63234697454
0.510842845599  0.410910376026
0.512287103402  0.54659975305
0.473551733353  0.482220795413
0.429645107399  0.679833371978
0.531001299032  0.40605283047
0.391911878903  0.523107726842
0.515899475727  0.519433356922
0.438817952857  0.597637935928
0.551782537707  0.402715369038
0.623684916678  0.519134140091
0.504342276094  0.429573740954
0.519599166328  0.635631357014
0.513296089512  0.451860600573
0.4430488625  0.563967888339
0.466750955532  0.574876412966
0.471055291509  0.436432771467
0.586865308647  0.400600098955
0.474848324881  0.504169104216
0.436506341329  0.476562082816
0.571796878834  0.649880117178
0.513865917339  0.338133310301
0.593640174614  0.538008635063
0.544655217496  0.706746365364
