0.62070694095  0.339905265542
0.209115727388  0.459641115655
0.454208215249  0.474714569945
0.585899131301  0.268552387075
0.498869596961  0.493485115432
0.497484364685  0.528848209587
0.45907912509  0.460969377572
0.361541612529  0.563818523519
0.3802056816  0.558129582278
0.573322762209  0.580743939277
0.440777416727  0.554440589345
0.479892884537  0.402869308715
0.414775313594  0.372533829015
0.457693053466  0.609963498353
0.533819869158  0.501290311402
0.559047009887  0.423265626524
0.755223404696  0.717749181393
0.468121457278  0.631833799797
0.525656675548  0.548004298715
0.505863586692  0.56267974595
0.484681789985  0.417177914871
0.586363424  0.640147485569
0.569881845613  0.325276638116
0.502151532058  0.565263715252
0.455533940048  0.507367196282
0.442006091739  0.680655558064
0.402090346998  0.434254823417
0.502414280228  0.361031990247
0.536034452342  0.579062468031
0.576203917349  0.491467098726
0.506859537979  0.420453236902
0.562190915741  0.639014596324
0.72786642407  0.454399310806
0.537580631968  0.469802762321
0.535335059058  0.521920315914
0.67076079503  0.590386883325
0.280699423113  0.50082936373
0.609532161501  0.406056603213
0.565784037356  0.313120382676
0.65787903725  0.618243309887
0.561586175884  0.654528186758
0.333690926612  0.440679809827
0.548339293253  0.588421069259
0.564515195022  0.495910548469
0.523320816799  0.403069411934
0.532540783643  0.367960719585
0.236052876649  0.416738150323
0.430914211411  0.667837450889
0.394263810278  0.515598016189
0.414950509522  0.555747595352
0.486239679846  0.492865268189
0.586758223133  0.685952094363
0.407114873028  0.504210048225
0.409251046842  0.490417631889
0.555397111382  0.470036648268
0.610733212052  0.501668420244
0.652819183367  0.360059865535
0.495234547418  0.476700552245
0.565245782087  0.653652797418
0.401451280656  0.629795068271
0.463209467691  0.553375450591
0.648847890444  0.461877373503
0.535153154083  0.56992124639
0.765884612049  0.529567526637
0.500686778917  0.48458663752
0.460829412623  0.51853751484
0.538696699632  0.371549431763
0.525397220425  0.461202948417
0.473466161852  0.503941650944
0.417322192841  0.486758383748
0.644131326022  0.42943233702
0.442534014009  0.533797141549
0.382669582157  0.513781601899
0.48051017655  0.617535463222
0.434341376952  0.444154808737
0.570193498466  0.606676535579
0.554007404209  0.466616400004
0.618713079819  0.385114143697
0.422236362326  0.563228081945
0.571453186933  0.586972149046
0.415101130704  0.449789804232
0.53108729466  0.609864733022
0.531452968886  0.593822704515
0.422191119646  0.573656298867
0.581842179661  0.471891643583
0.538485398454  0.426252755388
0.438341435918  0.50260296533
0.420323219133  0.554274940642
0.661263184367  0.40193170147
0.554988948998  0.233046297157
0.464607816874  0.511035230073
0.467142993963  0.454014207245
0.60796525266  0.366161842828
0.569084861097  0.692926627539
0.563697348549  0.617041429023
0.375547772485  0.652339629957
0.470290271567  0.472275658266
0.504433877092  0.607771379369
0.421383839676  0.41028861289
0.373410607108  0.651481226348
0.637434068973  0.4794108499
0.436984110719  0.58708032809
0.615090333281  0.446609770904
0.402084737959  0.353615644379
0.529045007908  0.463308245659
0.581701982621  0.308283628607
0.477944005651  0.660644986049
0.502817397794  0.511904545846
0.578344288369  0.519602789818
0.555881789274  0.449941319362
0.580682569051  0.791579104231
0.427114633168  0.461368365745
0.493829177453  0.601999536876
0.434249850175  0.380912687593
0.48532226423  0.434836956501
0.504444399987  0.669387211545
0.361655385387  0.493749796174
0.46605152282  0.711793065154
0.584003237245  0.255486722227
0.63868470063  0.409514997955
0.58360484241  0.422226658188
0.517675985442  0.594849593527
0.729989118572  0.523285757715
0.425687769167  0.542633380534
0.648577267669  0.530083896314
0.550063455621  0.533960496503
0.425509132726  0.418663696989
0.563028931414  0.642913207731
0.349636690094  0.514987835304
0.41433294706  0.300384647874
0.692956502539  0.581353660158
0.444684095713  0.617896568509
0.592812865953  0.52166426937
0.40928935632  0.478387084043
0.50727581935  0.611078121413
0.43827714648  0.484592970051
0.283074675385  0.403194941572
0.621730740647  0.416693017266
0.592380887854  0.429859366119
0.463093327572  0.545221456775
0.456724713688  0.383747974624
0.609776474606  0.456536490749
0.390510341612  0.487068338161
0.571562187299  0.642047181067
0.464099765781  0.533111437183
0.501407099926  0.558209454018
0.486794295362  0.587048198646
0.521203626768  0.449212496383
0.389875600003  0.487429010091
0.338285573261  0.681361337619
0.549367999155  0.343077671244
0.479211524279  0.512165556814
0.494975227128  0.342821261309
0.621256745438  0.442381860446
0.500364560003  0.589367150298
0.379308196205  0.421884079901
0.2875422009  0.431314218572
0.73147578404  0.616894799832
0.593774349811  0.583551348631
0.382064410447  0.635826346758
0.565327707786  0.539747270194
0.331397879886  0.513957031266
0.603039122083  0.481381003176
0.498828648222  0.298421258044
0.389840019231  0.451750407512
0.510636914911  0.614325872895
0.532020639323  0.46210798907
0.341099030802  0.414075899119
0.507811743211  0.510133186656
0.297466972062  0.492260834079
0.438239359294  0.504634205359
0.438143893029  0.673374745117
0.454541628215  0.381475953942
0.545356062396  0.626554860262
0.390420958795  0.285705768454
0.446649290066  0.424023136118
0.452324804219  0.670945705313
0.38569045767  0.469032870252
0.311217076649  0.438702032308
0.452150056419  0.550810777672
0.374134127916  0.532281281447
0.458509236423  0.525035042818
0.54307369014  0.537652675115
0.501750789815  0.561680804537
0.575231656608  0.453420541488
0.379097623449  0.37791461055
0.509601840844  0.640354120135
0.446533994382  0.544070851814
0.537378689671  0.431460972514
0.463352806927  0.526060128442
0.574707583426  0.46918563962
0.507507868362  0.461591900823
0.457820343555  0.619244542982
0.565884337525  0.353639222937
0.573235301111  0.572019581017
0.508097220062  0.488186085922
0.509908675283  0.369714180335
0.501111483069  0.419837351981
0.490363148699  0.596335097008
0.489153889923  0.650831795864
0.450033023137  0.718345958396
0.467714596131  0.48982759886
0.49925613561  0.48988467512
0.386287984207  0.309532744791
0.557556425934  0.399682951804
0.403986334606  0.467153355714
0.460957416555  0.487594014274
0.594368962878  0.48398842229
0.398259862786  0.57678499326
0.460546978932  0.611831960423
0.556768086444  0.597599989098
0.549867592286  0.691760893377
0.604181671136  0.388161907411
0.465401457361  0.573269504047
0.592642207168  0.400206427711
0.568044303956  0.586712281979
0.649142916126  0.369498785385
0.493274834422  0.38976532063
0.610668994612  0.432011172004
0.560182817094  0.596221278226
0.47982848233  0.477150195554
0.523023849591  0.486702067824
0.348315794782  0.475065569534
0.591849366154  0.480824801032
0.504886579897  0.461771702905
0.525427532872  0.496370792396
0.437547424615  0.679476381917
0.3667722339  0.46585329818
0.334214483248  0.376457994915
0.504614776243  0.51756481653
0.447207282132  0.537898099545
0.454793843004  0.576831244508
0.580574139532  0.399785213564
0.541566442871  0.60277487006
0.42225066823  0.449706710697
0.487670491445  0.368666002825
0.357600252107  0.725047814597
0.362159702411  0.604805862224
0.48711189372  0.46012519625
0.551525469462  0.442438805286
0.556294264555  0.70234203699
0.501966517998  0.410374425495
0.508283234327  0.384855074359
0.422095650174  0.512062148479
0.386810448141  0.583789761816
0.395417927026  0.587715379396
0.511711025909  0.494104882413
0.536866584436  0.575656657373
0.582892939962  0.591365647304
0.472107359466  0.536205287849
0.549774649504  0.549558761343
0.688026075076  0.61862850407
0.597352662515  0.529115530013
0.56909489097  0.546038567822
0.55905420689  0.644637080033
0.513361657298  0.313449366933
0.459503937881  0.372329502605
0.419423819077  0.406556330165
0.557880592333  0.408714950351
0.611064478041  0.503744477977
0.385399954052  0.445138137728
0.27235324264  0.621044812418
0.548671806841  0.493228718094
0.560990805626  0.388777196381
0.548255698939  0.448046573576
0.510081368213  0.331078111672
0.613336121833  0.572894891976
0.62370574311  0.535794514026
0.603359580307  0.698578803124
0.483361742254  0.49931046026
0.534384221524  0.572544627559
0.601463875183  0.671884878829
0.607287150061  0.570524995316
0.459017844155  0.600810506898
0.61176060519  0.40055815602
0.471841882656  0.404456789162
0.592153652731  0.633366927862
0.482006751288  0.610107861696
0.443482966389  0.556266718014
0.546112518618  0.489978657198
0.406569890575  0.535774812521
0.668965786227  0.388008861078
0.382692054288  0.690268130647
0.596547355043  0.496817427838
0.481489048559  0.402888788575
0.520284270643  0.47637862138
0.447003134505  0.502753019317
0.317015498767  0.677069520806
0.512968546594  0.517401686517
0.354815501906  0.660136503716
0.49168760044  0.618339845517
0.548991632673  0.383637268356
0.458096561136  0.564495119819
0.327175486806  0.587374017863
0.522817376767  0.485936893784
0.629796785188  0.520237420802
0.340651643367  0.581472909396
0.397916582108  0.546985580507
0.501066631773  0.487335456207
0.308889808533  0.458532223896
0.59846458896  0.504342487966
0.662646633807  0.296247871862
0.464384066241  0.361057247083
0.534252207503  0.650876623344
0.624069572619  0.566646846
0.600756224485  0.572737860439
0.455712360934  0.601655874421
0.705155016039  0.57269507522
0.397627417132  0.437308649486
0.568215941188  0.584775427462
0.577518254288  0.463990086215
0.521683761165  0.641339212907
0.426286566061  0.606445882092
0.650093498838  0.50017694204
0.376209960128  0.575083930797
0.391325517665  0.334353472533
0.594967624538  0.610085931744
0.37558297684  0.473495053392
0.554335683147  0.550724469104
0.419501842236  0.463054281454
0.593472475169  0.547001461299
0.433791134167  0.524962146476
0.51115806718  0.520811633648
0.45438164428  0.555520249519
0.533729672765  0.63010259797
0.535703951349  0.47352535477
0.514221669695  0.632299340113
0.390218295511  0.48745381336
0.630910422372  0.423792425824
0.543340319375  0.257801327913
0.608881645022  0.408646515039
0.499807254705  0.477518133911
0.599996142859  0.559141365371
0.518705032741  0.387094158011
0.491966013559  0.354505279206
0.532576277818  0.401127178926
0.446103377762  0.480792535111
0.451072186496  0.444108748354
0.519389481366  0.391799974443
0.562663860228  0.460396637886
0.51172962223  0.552419430698
0.549548508723  0.577025685297
0.393224269276  0.457728361639
0.560694972383  0.553495413047
0.477673608407  0.529000554272
0.544381691718  0.624025357394
0.34724617418  0.567189881223
0.393534085629  0.630745070129
0.409950052792  0.503034530852
0.467746222516  0.522181490575
0.615804086453  0.414756387775
0.487448406013  0.543619006576
0.257801481174  0.439632441641
0.58745154358  0.341119791839
0.522010114947  0.537939650539
0.523795041014  0.476170593764
0.489254185098  0.505889277816
0.578284417549  0.585770949119
0.52329820171  0.520931360801
0.474873821401  0.640892872245
0.468858412464  0.70659112844
0.680526878347  0.49188557445
0.473787626078  0.645961884901
0.496453002386  0.504733913671
0.382326034317  0.494038913884
0.563918363547  0.356433671635
0.494499192825  0.492693536006
0.542169323777  0.475105786572
0.563119762392  0.498592281987
0.628192810028  0.606782521166
0.257311829465  0.612794068917
0.575196495302  0.406968992226
0.402367021074  0.550446873072
0.408102843094  0.40593758465
0.406123841772  0.628423340889
0.456841891563  0.565345592749
0.479856087435  0.452152106233
0.590016466506  0.547006239138
0.394241738214  0.503878893113
0.549294144187  0.569768378467
0.550669676028  0.462907489742
0.458871906424  0.521835367924
0.72543473967  0.41970655067
0.562037423961  0.513768931739
0.461402467011  0.644318328505
0.494700231149  0.625921335539
0.433993671443  0.598201037228
0.587176128943  0.456622488038
0.461698603577  0.265199806652
0.586426832715  0.528176115623
0.616095476291  0.484531213734
0.59396519178  0.543874775058
0.463872985928  0.596905164636
0.555977566533  0.521632149055
0.670185889266  0.268066331824
0.662596950643  0.584987163564
0.478876530677  0.6596638116
0.564272621369  0.593551869154
0.463104923061  0.57475107556
0.360982717295  0.444946694188
0.56983479751  0.686008480471
0.552999556823  0.429403141377
0.413028861851  0.25267681061
0.550826154201  0.366664881996
0.549289548875  0.38213975198
0.513223060341  0.543024587892
0.38962877646  0.615515820963
0.566046028904  0.506616344674
0.598723902308  0.584968494097
0.622557335528  0.556991660728
0.44756695147  0.313561203332
0.59740599208  0.7426965737
0.311329861046  0.474405257002
0.538570177082  0.505235762311
0.655633519999  0.424110182762
0.404733366829  0.389213929723
0.386196072089  0.474706441652
0.310614034137  0.572711865021
0.393031573277  0.489029864015
0.373105195919  0.420325368751
0.641697102653  0.461994084259
0.527388371311  0.504473859319
0.537237800768  0.400641136118
0.418811856908  0.545662612549
0.53673219917  0.501862601937
0.45445614046  0.34893615082
0.514199803051  0.323157878417
0.326918963879  0.359285711801
0.653922501692  0.414276799325
0.565051091932  0.484490962185
0.509351516034  0.463004007745
0.621318921465  0.529988256833
0.402361647751  0.665352202421
0.463909710966  0.434521051385
0.495587807696  0.508650968697
0.567509357566  0.625430953447
0.480756187962  0.475608894549
0.500998473304  0.517525719301
0.506836066107  0.661526307231
0.306945996281  0.468408184741
0.478313887092  0.516034574815
0.402831069463  0.509471758006
0.499086869496  0.435072282698
0.487953421886  0.649563748613
0.33546032571  0.387020284626
0.582164591689  0.478031862826
0.433652855984  0.59920482308
0.460662688291  0.475837329677
0.400424924135  0.53996567764
0.41070616427  0.52697534172
0.712332578163  0.516958352637
0.562551172529  0.443893078006
0.550370180717  0.519970376656
0.51947337223  0.517102388843
0.524339353615  0.24045332987
0.597477121289  0.510488420949
0.670182193245  0.536250853531
0.408152021738  0.661111490603
0.47727445077  0.467492349937
0.467581913243  0.535869806015
0.620586618025  0.525069921551
0.530978881713  0.525227699271
0.608928425255  0.39726941584
0.384919067105  0.483336610498
0.443452839722  0.473122104333
0.545941694015  0.56211481689
0.314440920332  0.480169528216
0.533935002145  0.534129637903
0.396597934518  0.582732116251
0.597020205677  0.602525740168
0.32283173982  0.327159682465
0.245630095958  0.437426759274
0.541618789668  0.480822176971
0.606318323706  0.558948431797
0.365413230239  0.495710809522
0.732064169153  0.700382268448
0.605383337038  0.477555835651
0.385813298633  0.329347350627
0.428030000448  0.439223087316
0.499319985429  0.567417056053
0.466442459037  0.484323732585
0.591008213059  0.492181978448
0.576443718677  0.33295387261
0.406894880542  0.572857964706
0.568475658208  0.443771259151
0.631110017489  0.706913489399
0.641852210071  0.352900244184
0.452103305101  0.56474033623
0.564573607863  0.542622543407
0.42390900657  0.469692718739
0.569802949144  0.541919789265
0.730771634601  0.40086240313
0.741173268356  0.46015658408
0.503980172904  0.535846966991
0.619647559544  0.47648815303
0.432882230214  0.476508729314
0.46470849949  0.292631390929
0.492259134519  0.414977834848
0.484866571222  0.484511059205
0.300420589445  0.431845120665
0.37112769267  0.643996998441
0.463763223229  0.511444688132
0.448153115074  0.473485287437
0.525001477655  0.459233075088
0.494648456676  0.493791781989
0.369437680077  0.410737621939
0.532796137839  0.484241815361
0.434966562276  0.55656096617
0.670811554992  0.533537626047
0.47795874107  0.509907931941
0.659543271049  0.314155717764
0.462751416054  0.222575398531
0.619404866841  0.637403711014
0.457756960855  0.467163297903
0.482755471988  0.528390221383
0.611229079574  0.605773886812
0.610828121378  0.416801576203
0.526658678658  0.641265733305
0.450008934108  0.670966508018
0.490774831929  0.588932566013
0.549095862454  0.399026157027
0.611923952706  0.470264010647
0.430012190049  0.424421306567
0.764552722516  0.519934286376
0.333820183598  0.547191675759
0.57861195279  0.506298158658
0.494691714705  0.575857773074
0.499235688625  0.478218552682
0.452913623331  0.611250108989
0.497211995233  0.413075000513
0.395142737363  0.585776969487
0.487957716232  0.503068343903
0.456680521653  0.618327176109
0.471218977183  0.623821000677
0.622976402355  0.486697634016
0.684066066778  0.471730497376
0.633547603952  0.541878228258
0.506756478099  0.490740872298
0.446571001838  0.459240304976
0.464410542888  0.585837865802
0.574105301726  0.561263887936
0.441103480744  0.448795066404
0.36051045179  0.572420503306
0.675228487391  0.6268596376
0.531444433219  0.568212252266
0.54526427352  0.519291109691
0.457385975872  0.445283023982
0.421707003553  0.536771259667
0.569333541232  0.632632166382
0.407272094263  0.395264918988
0.526583919017  0.512455876511
0.630146206828  0.556113960285
0.700285070644  0.480003063128
0.610362625283  0.329922031825
0.385817549124  0.576048251543
0.504154774843  0.413893970182
0.439636121553  0.528222692575
0.459459285748  0.456534484143
0.872329507629  0.568150828361
0.63133809782  0.430743262909
0.441914136952  0.414476104501
0.583637909573  0.434310703846
0.356986700865  0.331023577231
0.639817601448  0.467801275599
0.665655665846  0.505228800268
0.614913692961  0.471411831224
0.401676571105  0.501226359078
0.515754099064  0.514942537961
0.429123835446  0.528422311346
0.419664257075  0.488250748004
0.508746122626  0.4844824758
0.485032767168  0.323198745264
0.645884265433  0.563468434081
0.449950365612  0.314241346691
0.472830155417  0.565889238599
0.49552993847  0.460459235464
0.571975543653  0.421619408952
0.303622211124  0.424435604556
0.596844885767  0.558496269986
0.611918699721  0.569629916203
0.51327771415  0.711901825047
0.448515452311  0.342619566299
0.620584602665  0.59054221337
0.559291067175  0.524190154782
0.622526787963  0.31590366447
0.496939827641  0.160311914885
0.462627300041  0.451992055889
0.428085539163  0.507504875504
0.557992006655  0.687807837394
0.586707326425  0.488611007702
0.498768653272  0.497669241215
0.336013430693  0.407067531233
0.4621889896  0.454115017609
0.483897551576  0.499675949638
0.604671703  0.696812366772
0.459994421072  0.610160585173
0.475035276201  0.485172844684
0.645097788111  0.51356465096
0.436525399591  0.622903925211
0.436074394386  0.59109262563
0.593262633217  0.388206992121
0.473647614204  0.357727265714
0.585898669033  0.474308398148
0.448837393712  0.308321772091
0.334775377118  0.340626931425
0.444828296947  0.533343332277
0.47168375087  0.454373486741
0.473461996525  0.40397142004
0.616117055286  0.415492113958
0.378233532795  0.54228105979
0.483649951969  0.629361317249
0.440059244539  0.524409388437
0.583332824278  0.521888123441
0.421061190724  0.436575465006
0.647707465737  0.429813009513
0.423998874021  0.363824380879
0.569087246601  0.571564276773
0.839566151044  0.687417118341
0.687011758695  0.412956600759
0.458500913384  0.485780402684
0.478255655167  0.314578920688
0.356950517036  0.372205721174
0.521439930074  0.398248898431
0.363998927186  0.527635926656
0.561354772658  0.563835290803
0.563062909757  0.463873045021
0.555799718399  0.272818043024
0.515346568159  0.516679858696
0.531979565081  0.44824154665
0.439361134587  0.591266872234
0.44285755163  0.545276037165
0.590586154603  0.438780490622
0.504319670342  0.392494784919
0.525680434506  0.594766554856
0.464596205166  0.486907416332
0.657138963037  0.724157057372
0.611626801688  0.306628806754
0.579427160473  0.58243889178
0.592814877172  0.38031521939
0.352937823236  0.587166504271
0.505468492439  0.591300995749
0.557884882888  0.532384625588
0.480846458079  0.409385274874
0.529100251135  0.62458970502
0.473948443727  0.480378703614
0.50340943371  0.617370825014
0.388345293567  0.390180398927
0.392531420523  0.482766485322
0.475821950108  0.497801242507
0.47780134416  0.506575966904
0.534807294789  0.41914348481
0.410223881954  0.553774009678
0.52842289711  0.646712425062
0.261673087184  0.577841736554
0.569922452382  0.505386917236
0.541129354722  0.526117058844
0.625227802239  0.636935655293
0.551071719324  0.553225783228
0.504226953817  0.451597213041
0.443163185106  0.489829202011
0.319307707964  0.613277737161
0.508046063356  0.379381254649
0.412471747954  0.248638724415
0.439933477818  0.406458273866
0.413622939121  0.422443297047
0.498146004998  0.649390671115
0.502290622863  0.388465842156
0.693693282236  0.472650352393
0.534709386634  0.503975966869
0.383663521871  0.612090729206
0.599978820368  0.718424857768
0.537057554363  0.452625422575
0.427806804227  0.445874978578
0.516001202208  0.449019501222
0.575329144246  0.367823546114
0.510587288711  0.459746595178
0.357849989241  0.553969828149
0.580935382945  0.528513137728
0.593930822037  0.484494240773
0.64359946007  0.600548427648
0.607226741751  0.410606442867
0.768443509073  0.77045725116
0.407126331281  0.301921973035
0.464342837646  0.534720445789
0.442922122308  0.594481619632
0.582654001153  0.477085047868
0.343163448901  0.414702496751
0.608424220674  0.567980214305
0.461165903091  0.65838723394
0.544048390216  0.604676263725
0.283323676169  0.538311495475
0.528179295254  0.419990832476
0.581623746215  0.461901960841
0.463590400755  0.523815357223
0.652472829444  0.476584048899
0.479910023182  0.521180458688
0.43992482628  0.702170609461
0.39077888685  0.494144947028
0.523157049024  0.716582617144
0.315583532054  0.613195436175
0.556780705453  0.61566839466
0.52588366427  0.563660473442
0.654013932376  0.449135435581
0.386917574762  0.492926859227
0.568780772566  0.522084656933
0.329619934039  0.435484404447
0.586041684871  0.477923533892
0.574386803915  0.678504879646
0.630740386349  0.429154443054
0.335676772956  0.358485013779
0.54854296484  0.519860907105
0.300624297955  0.474553662187
0.398830518912  0.466762335421
0.509320657138  0.431241393538
0.444616516033  0.608634360173
0.469618288436  0.513298472125
0.36475110053  0.419373452416
0.547847457086  0.41462908867
0.533326131793  0.493222646799
0.542460317914  0.595326967985
0.51905691852  0.43875059889
0.414962540273  0.561166722604
0.568376849879  0.503711401395
0.401189921103  0.500431439149
0.436260321751  0.550218947647
0.631885399094  0.370938385831
0.600158460096  0.44673660788
0.57116629591  0.431744972147
0.501568349915  0.385985565171
0.379539536959  0.430423706066
0.48833646069  0.55471421324
0.550304825934  0.373743395979
0.454906693438  0.609319032957
0.565981828995  0.303286114893
0.652263417322  0.588980207819
0.548044584865  0.511390202153
0.553011842803  0.393614526188
0.548419657988  0.530390473326
0.587391957696  0.35690034846
0.418458323425  0.549267030304
0.581068336564  0.497478138894
0.585093188014  0.281648294822
0.455681789109  0.454140591621
0.630299699676  0.602352871494
0.58250307712  0.356328382819
0.389909199277  0.501936848747
0.386957367545  0.456133513774
0.636332505615  0.435699051832
0.502516214973  0.406351788679
0.516448686433  0.389624701858
0.600610370296  0.491831965922
0.697331634808  0.303386794418
0.650892524326  0.397148271256
0.526382654411  0.478103848438
0.549305328061  0.431809299677
0.636098739156  0.518224108023
0.736624551473  0.459023015935
0.499812616535  0.547610009005
0.430080015065  0.483875569018
0.535979646382  0.313579018035
0.868287369853  0.488906198244
0.491188184634  0.520518592295
0.442343394782  0.426723727804
0.450902494198  0.451863406968
0.460678387812  0.501593801498
0.423839539495  0.510567279645
0.429208144603  0.663736209897
0.384983975767  0.236821293837
0.417433338843  0.574567972056
0.523814985403  0.519009844131
0.499731935455  0.471518757945
0.533753587276  0.506612934729
0.477268973504  0.468976987733
0.587160836016  0.275650822074
0.489324546824  0.473406526162
0.443333138636  0.628764460069
0.338967449463  0.325276687601
0.535359263368  0.521338868784
0.449342457251  0.592014167347
0.316233423904  0.528880759817
0.466526316497  0.625671447397
0.28497909287  0.524220567153
0.514960941066  0.515441546998
0.434340652125  0.460573114148
0.534698001829  0.510557131872
0.451645850522  0.346498799684
0.354651294946  0.518433449495
0.638270645898  0.486915380241
0.462395771147  0.457652202479
0.439559275203  0.450496003368
0.505951533888  0.299023114365
0.549877798064  0.506073373164
0.653619521622  0.636194441209
0.685034540149  0.467736890854
0.402837747302  0.531223183891
0.54471080947  0.602903281178
0.408118648226  0.413222769389
0.515149085753  0.478874531493
0.46619537663  0.524764287947
0.585231687914  0.446381077215
0.531697948093  0.494549095549
0.313260468693  0.392008385404
0.635407700355  0.528671100797
0.513704490814  0.449617334372
0.541959773853  0.731527297603
0.44440257574  0.427992261024
0.340302639927  0.697657854024
0.599065019374  0.511552908853
0.571860312055  0.432802530807
0.659015365028  0.422582208507
0.446985935201  0.481914933786
0.70242558067  0.545908523881
0.674341763731  0.680341855628
0.342391582079  0.51816643187
0.566701781357  0.528438766716
0.689366232648  0.571112665746
0.402796903305  0.447374236744
0.553012749793  0.509521058278
0.466834512231  0.334435259536
0.511707837627  0.565305537071
0.532058340077  0.552153868678
0.507018436089  0.40067111365
0.29006695149  0.53396912408
0.438313174275  0.539326954862
0.447832961496  0.57005528013
0.487006247377  0.560706665259
0.51273028781  0.361455359457
0.407480204327  0.521536015619
0.515525125152  0.400955307673
0.294307378336  0.540440567517
0.514553125342  0.743956275339
0.385623156297  0.553394338976
0.447171098503  0.578663342826
0.445763652556  0.449396345812
0.60193829649  0.665805575582
0.476551001821  0.32141075738
0.619023112504  0.496561186319
0.492590587497  0.546347429284
0.35997989654  0.614659200891
0.626897145494  0.61404474043
0.403341254946  0.535550610218
0.576263633718  0.454265817265
0.511694490056  0.41311443806
0.562624147271  0.575430779068
0.517673308981  0.413991381758
0.632530366939  0.469200253887
0.572231014291  0.529355570236
0.557286709212  0.478025125916
0.847247747626  0.771428292298
0.409976052565  0.436814031746
0.458657612896  0.505274779015
0.437813650815  0.464954606115
0.376611000946  0.64977537486
0.323976134214  0.488060352614
0.605519816958  0.436111642818
0.618752969651  0.472462067888
0.557077909252  0.466384305382
0.498439565444  0.504218716678
0.481112950192  0.509035920219
0.569402012564  0.472500084754
0.447805551779  0.488600055838
0.481324469635  0.549539589077
0.521481663281  0.595563906122
0.403861331901  0.545339390072
0.724165701001  0.353261922386
0.523289254124  0.443801863483
0.404995433226  0.519113620926
0.658880742333  0.530074141504
0.355456808362  0.413029860928
0.264863676756  0.517919064439
0.33471052171  0.455590017741
0.442079411597  0.569890421123
0.455248226224  0.518761642996
0.30963953826  0.448676454315
0.654382625285  0.42442204638
0.522740821453  0.326015320567
0.4793600847  0.603549006957
0.452569071472  0.407494043672
0.439705017614  0.492284259859
0.497453873281  0.537712078677
0.477506042765  0.391818991365
0.46221929959  0.531230236568
0.464306263211  0.534668978189
0.356822840965  0.458988320962
0.52580714817  0.530481601534
0.487275521723  0.383722476682
0.43103187633  0.539217020787
0.509436561037  0.288197298167
0.597590993221  0.451860910716
0.447950752349  0.508928055109
0.565684922575  0.542952784696
0.320216892891  0.659229104326
0.442183061824  0.436049101313
0.513001249382  0.311836935582
0.480030747136  0.572804757443
0.431757257277  0.461910537222
0.596726301176  0.613340954212
0.566736219629  0.569379246307
0.460663259712  0.403082664217
0.450203294662  0.541967644869
0.539441324017  0.453995858004
0.721432942782  0.714068633817
0.535840629367  0.563050715257
0.471395248539  0.413538490252
0.476602652822  0.478596257283
0.512890288258  0.350879975863
0.39940001107  0.473754487792
0.468097401412  0.565168854637
0.424583286583  0.575606096045
0.55614457952  0.547498220395
0.32929709273  0.326772390824
0.8146507099  0.563641401491
0.563573498798  0.57367100871
0.504260372012  0.261020026976
0.476818850614  0.434160225212
0.553916659286  0.54161819974
0.456175774253  0.578371365774
0.579144149798  0.600885643184
0.708170745497  0.437807758712
0.344811530648  0.381416897381
0.463395818982  0.455089643198
0.437321786015  0.547852425205
0.633800550411  0.417435522787
0.55893745159  0.434339389471
0.579556296203  0.466459127433
0.504546675769  0.436705826816
0.518810467092  0.396852759913
0.49350977985  0.454221380078
0.400573052493  0.53668334135
0.450659438601  0.558804226411
0.515876785389  0.506017022787
0.491822364025  0.409526677352
0.642394313346  0.514449262861
0.506667596567  0.649354954991
0.498146333996  0.439437504407
0.522493839214  0.569142971247
0.237966322704  0.451476786391
0.506820195383  0.504180027767
0.553317075393  0.534410655084
0.342852172249  0.50002094056
0.420223781292  0.468613362594
0.527895696992  0.628159414207
0.494858759521  0.551907083556
0.463009078489  0.488367156933
0.628192588356  0.448686896521
0.409491128558  0.449440349495
0.54133068642  0.58046237024
0.50036205697  0.334553118166
0.361410755745  0.585771667743
0.571908885836  0.597121166652
0.608097923106  0.433414100664
0.431740346489  0.478744621718
0.513094576116  0.364099982166
0.5432619673  0.556306473586
0.641326907545  0.553142476355
0.491343909662  0.408861556027
0.471217840404  0.473192467919
0.499457936964  0.612692100921
0.564899527175  0.534175199392
0.509660735934  0.515749050818
0.55943829055  0.389957434237
0.504025876527  0.601321873245
0.714924099706  0.442788262535
0.624266125052  0.531004136974
0.41935665382  0.458203695301
0.703254225143  0.45753490681
0.273335795741  0.318278095678
0.500835330091  0.438205801171
0.622024169243  0.522490053636
0.413304373772  0.469733402122
0.450778876387  0.571404742278
0.501372980432  0.398122044665
0.375563282179  0.501788643546
0.30871558636  0.601048251726
0.526956865236  0.572665329442
0.482100110123  0.552721044826
0.575475835876  0.428627147809
0.402156956694  0.318560613893
0.491170808189  0.525928851328
0.569212395842  0.477388809356
0.4986927539  0.296305297042
0.509113274222  0.321431942404
0.564231933456  0.523625532975
0.322995960872  0.674366273755
0.549806767725  0.496760289655
0.674641036377  0.432922706676
0.532580831667  0.416723401851
0.460626082396  0.482260585184
0.622591076092  0.483067001337
0.458337642548  0.525833890531
0.571380879799  0.496909084708
0.344265652934  0.390849317719
0.621697128888  0.398663601656
0.584698186366  0.574492942745
0.602318513349  0.337011548944
0.352548334703  0.437321304486
0.551063460697  0.532862578774
0.562119010554  0.712194904651
0.355792043372  0.388489917147
0.520163802092  0.517879103085
