0.315237308704  0.489809247113
0.567352612667  0.321000502894
0.452251292738  0.590252864319
0.419569165593  0.40771613204
0.505576025802  0.632791939761
0.453899159957  0.456641501221
0.554273921472  0.528673356601
0.346087247072  0.52362320366
0.554565164537  0.43598005678
0.33719267726  0.342607365921
0.479568156594  0.485119862947
0.652862131261  0.436049977697
0.415517617377  0.257625259694
0.471502959376  0.261239660891
0.410578276811  0.639538564014
0.605796955134  0.30678588845
0.422668599466  0.338262282465
0.143216247857  0.614645526055
0.677776004479  0.349039876654
0.578966492282  0.431017797284
0.614779149375  0.486063398955
0.171718622013  0.385189505887
0.554998075817  0.402235249566
0.508345983375  0.418804672739
0.425192813551  0.450434748698
0.516857726104  0.435754772638
0.548180420467  0.54192163972
0.554829455439  0.45082902259
0.57883764724  0.313225419131
0.624351887368  0.433625685716
0.459785258734  0.398390672517
0.413573424884  0.471672080997
0.413567414775  0.549675295912
0.413407342405  0.568827033412
0.596505592091  0.416420325403
0.485782071743  0.520780160605
0.5021202582  0.586947335359
0.508393025054  0.409006139389
0.524021433659  0.427708784183
0.655127906991  0.67798746313
0.505806071318  0.44585341469
0.531898185185  0.393240524302
0.371906229914  0.44280412138
0.424415610591  0.456028206918
0.576905548636  0.619848089038
0.25268595552  0.514780251751
0.549166570673  0.427992213178
0.41249140075  0.364235444485
0.446616919324  0.653370732222
0.571710273201  0.420673986853
0.604730022084  0.524574055906
0.474710615106  0.439719143968
0.490572268617  0.714776858635
0.471890948482  0.511102985162
0.650598377566  0.55800808068
0.377056299422  0.417874454467
0.576875177173  0.554986190875
0.464441747052  0.477865725731
0.44070745095  0.302119177172
0.389328469826  0.726314467047
0.465660919593  0.733524507236
0.528610156049  0.426950298326
0.603316517981  0.546013054183
0.527144255287  0.392895360034
0.514008942345  0.589354966901
0.544114188347  0.606737806084
0.479895140253  0.258512968529
0.410212221552  0.429663652327
0.593422120718  0.589765108137
0.502390662176  0.480450955657
0.490341193586  0.49800967325
0.485883965519  0.315796880282
0.382764100376  0.415133679106
0.327704482349  0.429118856123
0.339478771328  0.578267389658
0.520496814731  0.768285444785
0.397711722463  0.322225215597
0.532480065819  0.390983930489
0.506458376508  0.284960060986
0.517017533652  0.356842548954
0.458345850334  0.497689237157
0.49479433951  0.366471895055
0.372202396552  0.400504813392
0.475591089045  0.672495190437
0.41647740278  0.539172392986
0.488553390788  0.471141773401
0.531856735063  0.555083021684
0.382900594637  0.593809763782
0.593706153021  0.412321547079
0.42388473774  0.784664262049
0.47022911592  0.534868540055
0.603594728049  0.544167858399
0.610278964391  0.491499933377
0.571954333133  0.585224335823
0.489692508482  0.363595651013
0.495878870551  0.495505887322
0.345819449812  0.298072953922
0.547479954726  0.395981424998
0.543994377265  0.545464332515
0.408496572523  0.474737095156
0.578050536639  0.457481519747
0.523943981549  0.632408264718
0.618704265395  0.434406904185
0.489787260658  0.645445481218
0.496858213065  0.367470919506
0.33887252378  0.370856552423
0.434724181353  0.572964280184
0.566505433279  0.644420644325
0.409777212758  0.526771810823
0.501442654838  0.529258956107
0.486536029219  0.363088599375
0.458605291725  0.501424941454
0.392853346679  0.57023678583
0.533055469763  0.335158050593
0.352822441633  0.347954670341
0.425767472043  0.473731366
0.385795212256  0.362440372971
0.329922267841  0.327564529681
0.292763922482  0.533851584647
0.553458599917  0.480249285325
0.569874505867  0.485267013206
0.41570038321  0.381930841493
0.429915280041  0.495265864896
0.56240364356  0.553092752079
0.500481103686  0.514779710357
0.538188743756  0.389029191623
0.467503541753  0.304749831974
0.570372963133  0.517806807925
0.487320953374  0.516250478407
0.388944626299  0.694046837136
0.548086846671  0.460122284277
0.508384294313  0.497668570965
0.437892066303  0.399441186418
0.489268958292  0.768139855616
0.456361331472  0.472537732013
0.459803147881  0.40137862278
0.545245990555  0.339113140745
0.632154302118  0.463583297389
0.41054550481  0.480709696933
0.422472018442  0.431822668093
0.363392136877  0.403986926212
0.429189911385  0.57609490253
0.335191846766  0.435974603216
0.409740085849  0.44417071462
0.573234412187  0.361973426539
0.516909989425  0.414609642755
0.536872806739  0.398715731544
0.61966066802  0.450612099355
0.516583407987  0.362791520985
0.416495761991  0.536136482987
0.544736068782  0.506839818339
0.376639744327  0.395733594725
0.391966784359  0.385220014601
0.37855085836  0.500149571516
0.457479775746  0.516834494892
0.501860949939  0.519342871679
0.414827048614  0.56942818596
0.353030969687  0.625030946592
0.378437454471  0.270728586587
0.613345878546  0.661638453317
0.513190660275  0.433232088091
0.463896185034  0.392474199234
0.420371380731  0.505342069817
0.516048664663  0.535049235282
0.580484393024  0.346123914126
0.621237730605  0.590955850252
0.554092598204  0.448382740738
0.613779467499  0.487705475049
0.59079122501  0.353569046175
0.457279131189  0.447356703356
0.476736938541  0.406762209285
0.576980510086  0.44924279427
0.592261117314  0.637645502213
0.333800282073  0.591073457939
0.392991034704  0.415957229719
0.477524648507  0.485311575899
0.382201710892  0.610106508919
0.548774061773  0.342518407653
0.533216221944  0.619637101876
0.437465304953  0.46894863114
0.498605310486  0.458483364998
0.69380393842  0.403366710039
0.601062231325  0.565735408675
0.44793835537  0.498117042646
0.294837490729  0.530856268654
0.600829649314  0.422394160221
0.577776033029  0.675190646265
0.541087753425  0.490065764713
0.564736964168  0.457987086786
0.433605737083  0.393917521455
0.420262320781  0.309288841003
0.373131765126  0.523409475965
0.728989389739  0.535164181953
0.469214168566  0.476772898097
0.697634542398  0.484420444078
0.460814666712  0.417219243714
0.470183632094  0.468590586047
0.529370116749  0.519578501173
0.633496776715  0.453217294143
0.368800314668  0.398910582899
0.466570889247  0.442807090147
0.567817754527  0.390209257554
0.490593927245  0.508582613771
0.512609554006  0.487133069984
0.527403853122  0.577797948836
0.659576652706  0.35245623693
0.564657918632  0.400638708032
0.481414439913  0.284337033038
0.66249594964  0.380268940341
0.570088364457  0.45919497658
0.373426166772  0.323876898225
0.764141298688  0.293275670759
0.594493292141  0.334782636352
0.282187058417  0.561447963586
0.410586460507  0.657072021608
0.64897960031  0.451984791558
0.480227163743  0.403533748426
0.570814670462  0.471841866063
0.628116491061  0.503967670779
0.496962359634  0.438679751128
0.569471069505  0.383282746781
0.513249271787  0.430342974185
0.469920811846  0.465174876477
0.488655705377  0.511368099114
0.504801203797  0.411553719809
0.609790281602  0.401194064346
0.445662949648  0.538819433688
0.568190530175  0.325243922763
0.411935064531  0.46770209091
0.370608382978  0.394323165188
0.458449796701  0.607439731666
0.420433880727  0.483567981353
0.612384006103  0.622174731465
0.535724793766  0.426765030057
0.540717709824  0.418108286584
0.520675856458  0.451987565619
0.377373506876  0.449207173837
0.448005250959  0.4228822316
0.422608222473  0.406488604032
0.515504041145  0.639726307219
0.339134751142  0.393110660265
0.477256153478  0.398153258277
0.555721718246  0.389513715948
0.550934997385  0.578625358016
0.777222536005  0.493467336716
0.434112529618  0.535486575861
0.532358922572  0.233604565475
0.544863465088  0.484594435479
0.373968062177  0.419869807326
0.485108468825  0.351164524281
0.351924791767  0.604635461951
0.622420188793  0.369632298499
0.675882079771  0.440022111421
0.644680002594  0.329838968224
0.637489360541  0.407637821083
0.507108329128  0.482210306454
0.564372066782  0.501344142697
0.478422419788  0.471380385001
0.440994277345  0.695716788871
0.558309176092  0.426136512932
0.609942031995  0.416096460014
0.616709482527  0.439811729838
0.532484664788  0.429413130886
0.496380880976  0.646715731807
0.55624750155  0.486298680935
0.383551767162  0.328461289842
0.586024503247  0.533889304219
0.487619381022  0.399606401945
0.449815811494  0.451400970578
0.420735994224  0.515617406199
0.564954676761  0.439829078374
0.516319092882  0.329432857386
0.551131489133  0.469917075327
0.345533914694  0.610485540798
0.414880503649  0.501680058858
0.407292060964  0.692493035737
0.493503666965  0.578361268022
0.493554197867  0.449447568323
0.564890288017  0.420714491301
0.539612072532  0.512131519419
0.462618957701  0.586390544499
0.768010612801  0.584116138579
0.223661752237  0.363381948263
0.486894350316  0.530605858719
0.460446040149  0.293790320363
0.49936846835  0.46028206316
0.546844764843  0.213220883771
0.489859058774  0.409633006343
0.406143219171  0.410802968124
0.555769434302  0.418645700508
0.396587058739  0.484449087621
0.371335908065  0.594186868418
0.503752902321  0.461053862063
0.642824200937  0.334420994811
0.39465482808  0.638953092744
0.3954190434  0.685341538055
0.523835490236  0.501853611139
0.452616664378  0.713437493768
0.291272760214  0.426938985133
0.544953959685  0.453434157756
0.425889838708  0.396418455242
0.526907331153  0.284059252991
0.380742760141  0.545015023298
0.538198705472  0.444280692346
0.545415299491  0.457219414618
0.32114252688  0.434530056421
0.537950550923  0.542824156007
0.556272398086  0.416339331472
0.613493693633  0.396498875598
0.520429387061  0.353437505391
0.451967562321  0.425362643473
0.508508911592  0.618574329979
0.511728235757  0.448254832335
0.565207264059  0.437016502384
0.72426914404  0.554103157011
0.542186773862  0.528462453527
0.490691386624  0.270472592345
0.482346388707  0.274283788042
0.487658344704  0.373081583514
0.473079734671  0.378617378167
0.56614586345  0.517422531725
0.390865031464  0.478037645022
0.704583561782  0.46454319155
0.480952993952  0.63706888096
0.605117433117  0.524466799555
0.541454048992  0.629945272849
0.528755582092  0.497658880488
0.574407803341  0.625202478466
0.451964701813  0.53365823336
0.604406925445  0.422174086024
0.383748230174  0.432049463462
0.380025079593  0.441094449093
0.625286607095  0.506186692346
0.572953702939  0.535562864567
0.342388163643  0.515677972471
0.50245189903  0.451019982047
0.48936648636  0.448036240184
0.475784269473  0.397503033581
0.479510564827  0.525563973733
0.50204091318  0.559861782967
0.493559389059  0.444383734212
0.225553001532  0.491836701158
0.437251600038  0.454386066596
0.375390960402  0.558253759502
0.485678751224  0.529768497003
0.552936017643  0.345968939295
0.698478022098  0.60555185413
0.597792636463  0.539136877939
0.482465814644  0.498509636697
0.480217019661  0.308828157584
0.400415155  0.334732920174
0.451258735018  0.597554081648
0.532332255792  0.50843665915
0.558504556823  0.609255835061
0.450690170597  0.493660527515
0.573509018662  0.362401862535
0.617161612838  0.550679759633
0.542036857809  0.474508555174
0.402462074907  0.526827239366
0.483656473323  0.29030997622
0.521994683599  0.619601258475
0.430891565923  0.525814246421
0.390852892362  0.450128052271
0.342607493404  0.514017298318
0.492755499859  0.548677177815
0.555146157196  0.62752915919
0.450458561797  0.536519492275
0.291816538701  0.486726526746
0.544101367784  0.584727344283
0.450069225764  0.403302850741
0.570642328319  0.476011957803
0.584729745748  0.514751792619
0.490966722959  0.474758176316
0.683837939258  0.384327279522
0.612534159407  0.473660107751
0.624022475414  0.427955968291
0.668529093282  0.393898854895
0.289100064743  0.411313678399
0.634607577892  0.547821210831
0.684524475319  0.45035305924
0.660985181737  0.448084700273
0.441667001916  0.521829028969
0.672184032027  0.549609752093
0.589314182856  0.626591538285
0.569625747096  0.472936601572
0.612936092559  0.507219158997
0.652692900339  0.485841422803
0.32054856595  0.573767217775
0.666633028151  0.596884111573
0.486515609562  0.548406905129
0.475808053895  0.4441430511
0.440437240409  0.467605921953
0.422361427194  0.365011773489
0.5717072357  0.504391980315
0.512185342086  0.54627874071
0.382930463564  0.544496375204
0.445926511174  0.483493776772
0.594074966692  0.393220064199
0.449179838168  0.434070603094
0.177626183519  0.679729442919
0.520544012735  0.550404326232
0.536993167139  0.462737533258
0.472615008741  0.428947385598
0.56489466033  0.373224969337
0.591953716448  0.811289206378
0.471997657071  0.36416976178
0.499968262422  0.461242748093
0.518786286313  0.357052937474
0.408025172731  0.429088360721
0.411492129223  0.534275908332
0.561923339209  0.462278902019
0.482933936866  0.508883757647
0.437278160196  0.583945168851
0.565624893003  0.255113406066
0.512423382649  0.493503065256
0.414464253988  0.534257372789
0.413275805418  0.557708323211
0.56954593714  0.451000744863
0.385696098317  0.533302324424
0.607882280556  0.257065497771
0.272346675639  0.436630240859
0.596527737422  0.573375171233
0.679405596052  0.420818069925
0.451052871794  0.52377082908
0.530534304839  0.432624336039
0.481432870829  0.33601207981
0.461918556885  0.361483411217
0.482585787484  0.332610209887
0.61403256858  0.448424494231
0.674889163311  0.637376147005
0.673850011239  0.461888467565
0.511575193012  0.570917110888
0.377050264711  0.501250108849
0.739313186403  0.651950718747
0.571902923559  0.508276784276
0.313442793521  0.48864780897
0.520548499971  0.634551648285
0.568575516282  0.502931522573
0.612681885715  0.443237042338
0.398217287951  0.443498117534
0.546292270392  0.529840878633
0.478823638477  0.517755460607
0.410450329476  0.477959066978
0.514062148043  0.61858456838
0.454569974709  0.48302188304
0.4752902423  0.548183154924
0.567727775491  0.521936720425
0.441011571421  0.365890144811
0.541184999829  0.589745201595
0.461055753983  0.399169959074
0.483910757544  0.733898991581
0.639533165224  0.276588224586
0.382040999715  0.499217464087
0.598060942671  0.453310089844
0.340886087192  0.394672600518
0.407978380401  0.271470481995
0.500401572676  0.374141639678
0.51326127216  0.517165864513
0.534284864278  0.61772978909
0.525449535098  0.485204411631
0.66269086015  0.562452727156
0.468310095432  0.296950616974
0.488598256829  0.511853416195
0.482135121483  0.557698743733
0.510300928261  0.418837390855
0.585137615279  0.592040454419
0.503955023211  0.539860978768
0.557921936905  0.579797403524
0.622199894262  0.553224292309
0.505139763595  0.373119166454
0.544723200369  0.592045154271
0.54944212445  0.333631542331
0.421877131757  0.346785359115
0.607519953066  0.466982909839
0.472158502881  0.490876690156
0.53465012061  0.629419164096
0.511389847359  0.329601920953
0.440533438317  0.373534889951
0.611638703216  0.437833552448
0.488611821375  0.648116731107
0.641246635271  0.348920669395
0.254997671072  0.448944447998
0.579638082517  0.441869483205
0.561641510846  0.420200586313
0.506357814838  0.453663321931
0.461700276043  0.306872984897
0.543747033089  0.481754120802
0.398957223009  0.361541517014
0.524150460944  0.703789511744
0.561770932751  0.698440781205
0.398185642076  0.443052022808
0.552593311553  0.424162910963
0.476934311113  0.346639260746
0.461436438183  0.524011751231
0.427511653325  0.469647982662
0.455221740605  0.376413958236
0.558634495889  0.565421167684
0.449858939782  0.512737031954
0.626231849741  0.474138224644
0.461556702396  0.6310232549
0.41345126391  0.310142250192
0.580115190877  0.23674340236
0.520209763548  0.347764031713
0.392108389278  0.279421471569
0.566132640302  0.327269303055
0.273778841667  0.6634040958
0.502500979247  0.253487883805
0.432535043032  0.522568714962
0.593940149607  0.512878819329
0.499805469046  0.31707189448
0.623861739857  0.646369928128
0.390519839056  0.472834787443
0.286793443946  0.460623088761
0.539064311163  0.402192873905
0.686003753065  0.51434463179
0.603434626065  0.439498621716
0.638191652636  0.395484762798
0.667511027427  0.42440676686
0.468527622821  0.368321760732
0.429207232856  0.646033562881
0.487784617377  0.36254839418
0.35698916349  0.518716789266
0.531308175701  0.527124681634
0.698581710659  0.411397628053
0.558338767854  0.55577415741
0.638237952614  0.305546670296
0.52823598938  0.464822470865
0.443284692946  0.4834597642
0.452438769691  0.471348023576
0.70386826274  0.59837374169
0.487061799616  0.45062188923
0.518460512392  0.511383783833
0.389639731358  0.627691923704
0.802667033557  0.349806805976
0.454095755307  0.473967162497
0.602262688303  0.422419756285
0.438150357622  0.552060282117
0.508304310097  0.574624824742
0.677446656588  0.322072430165
0.29475627355  0.519089551768
0.347543741741  0.559405989484
0.519212920706  0.531333871305
0.560935331361  0.40975333569
0.670013242184  0.495355198973
0.474655147764  0.633006685082
0.495876348904  0.626231243195
0.408015357641  0.445307458478
0.448728465397  0.507191190582
0.568178236113  0.415216959637
0.400549548368  0.437598418232
0.500359745118  0.583955927473
0.376379823183  0.485013824702
0.319324318792  0.396627017358
0.419801937096  0.561653959452
0.558732978333  0.459169007915
0.479084658419  0.311177497732
0.467114457614  0.44635456019
0.361124220712  0.462051245366
0.643688607946  0.467516124214
0.527684227197  0.556480418849
0.369483915108  0.498436780875
0.48261749378  0.480574248241
0.565910985401  0.399175688835
0.639021200237  0.607267473676
0.439791975314  0.345988784927
0.519474264291  0.591461276469
0.600190122718  0.506706944271
0.760546936738  0.272464014262
0.487356121112  0.621099004588
0.382827044275  0.506608357875
0.522435453869  0.481771531839
0.254937672277  0.442629283461
0.494658670856  0.622274970241
0.626195344454  0.553384391806
0.532527240162  0.516923828101
0.419630462061  0.335875954031
0.530005009763  0.529591813754
0.760755698718  0.345493162159
0.550549380427  0.464673382746
0.379599161251  0.526151945886
0.59828210272  0.565383531153
0.545374287915  0.513096402062
0.449626601819  0.552241770455
0.479352296509  0.380433567928
0.538823738718  0.459730780809
0.509363519291  0.559200954977
0.499358558578  0.392424672337
0.42426471461  0.55043755883
0.547274592931  0.493676694728
0.539631050346  0.367845194536
0.373088716206  0.545519366092
0.537699556642  0.529450100117
0.53666356781  0.471118446623
0.482899140895  0.560957835006
0.426332421921  0.54308197773
0.463913049736  0.543153437562
0.238090510434  0.511811058687
0.440428582656  0.619384410399
0.537579355183  0.543525019445
0.617743939633  0.662915544483
0.436064022433  0.592977760852
0.464742267819  0.399457416256
0.588119757544  0.595786034374
0.399650708513  0.492898770799
0.304249120711  0.37434318854
0.353027596163  0.307051454157
0.558485803578  0.428013916315
0.374417797493  0.414925809899
0.305531157989  0.549710602777
0.60960709244  0.505854183558
0.478669443848  0.483583503204
0.530808983051  0.585405776906
0.604528818243  0.505571843535
0.495828425206  0.533435939258
0.561725674897  0.457484943204
0.333351273437  0.58978376398
0.656404081595  0.471791708242
0.573944863561  0.484966092583
0.477662932698  0.357962670507
0.475375978019  0.470015850772
0.565051113151  0.38536438753
0.720760933194  0.586009227933
0.625767888757  0.58108060927
0.594128105995  0.4906649903
0.519948744512  0.480755887976
0.368512902588  0.383587227778
0.62394025315  0.545634327208
0.54196893171  0.408874513
0.504867155583  0.451382078909
0.591971104692  0.43576102322
0.474629885205  0.430898159191
0.632273782144  0.56139217773
0.528567380184  0.26034362466
0.450372702216  0.463877625545
0.46812979666  0.431035783093
0.404489047915  0.435390949813
0.549917340011  0.425904270189
0.576347644346  0.393465608357
0.31303242598  0.355944671302
0.504640697863  0.408169724006
0.397673475628  0.556313632863
0.628685355677  0.555904137166
0.232216068031  0.446843200962
0.628407714445  0.466782791863
0.503825986501  0.430133594206
0.511152366783  0.532258242611
0.427596535103  0.275095368474
0.540364502206  0.341902412638
0.656285107538  0.563774471411
0.525557992557  0.287266541793
0.541344595724  0.438917955092
0.479156918309  0.600012072751
0.47702082058  0.418829013686
0.491769485071  0.451261693052
0.524295069209  0.53174377764
0.483504783198  0.540994751883
0.607292523695  0.521983734317
0.408812462641  0.300409657216
0.457348656041  0.477144341601
0.428126038238  0.376607695285
0.58261432826  0.428178153924
0.749937787191  0.26913069613
0.338144063471  0.446928120541
0.47981340955  0.605305273684
0.435013160444  0.359270805107
0.471381159294  0.425749071481
0.542319885345  0.558090757792
0.491822743377  0.267531837921
0.624675800452  0.320572832913
0.474621213116  0.512468936442
0.519588915924  0.326121323448
0.412219117596  0.407888116573
0.50735157453  0.544884742279
0.841903455113  0.460532516219
0.497028793049  0.450788162113
0.502840390685  0.360173756928
0.442042205155  0.364288842322
0.462373289687  0.513059748767
0.560811360901  0.443950894258
0.448342621355  0.623623435744
0.595281777728  0.256673719731
0.544846840074  0.604671127376
0.548342837704  0.621535519822
0.424163963869  0.445143509334
0.365405193853  0.447667374596
0.489026117469  0.506691633216
0.485653556516  0.419123071269
0.420164362507  0.472198033816
0.583985525517  0.354208720308
0.565966103101  0.42969065153
0.427619465612  0.448121755961
0.42807055635  0.370685962787
0.54215656984  0.446422027519
0.471567384356  0.431053317941
0.422452188446  0.749048641768
0.596222673712  0.42233471733
0.492445277998  0.50865930689
0.44362534609  0.306937185921
0.537919363924  0.387940968484
0.568628766902  0.739187689066
0.559923294984  0.491860377225
0.449750899795  0.385453985997
0.423364779612  0.560154726225
0.47683769054  0.443564672767
0.490459276002  0.476821447689
0.56899401419  0.630578577695
0.563165719703  0.732906263488
0.469946580158  0.46975628455
0.363539586519  0.618743961052
0.494671497822  0.439422875057
0.679425983857  0.454443861355
0.57060159304  0.403551208593
0.472027593941  0.483002425057
0.512493806557  0.497212658762
0.481966058925  0.565881691653
0.716255048908  0.535344061384
0.702361483874  0.51638298526
0.452109919988  0.433208655841
0.543050037598  0.569658653908
0.36511762633  0.501364790552
0.634068908245  0.530024667464
0.428593834473  0.473973439878
0.306241778103  0.302938269024
0.503614127538  0.315437655688
0.602887892595  0.483870271364
0.475286292723  0.403734337883
0.415016155255  0.649156377288
0.630799220947  0.641349750034
0.414351898444  0.423858251098
0.595667919289  0.477462060051
0.494459429833  0.675280829502
0.508177365964  0.670689676002
0.552244657004  0.417807885497
0.509689871013  0.456187786532
0.714773152325  0.432030455056
0.414247356623  0.373509578327
0.556163311381  0.373272956785
0.642604657754  0.311133236507
0.491885513868  0.41994056696
0.610619823474  0.508414173992
0.418711911205  0.576860835026
0.460491773483  0.609923403466
0.500461057861  0.507625099409
0.422606905275  0.555607440143
0.56408695801  0.351835930658
0.580979063974  0.42041224555
0.613860538413  0.597080485629
0.584452140653  0.643462627595
0.409210546831  0.340699972575
0.565823502552  0.44082411383
0.514156949864  0.465443024722
0.619886548409  0.471736332505
0.468208180142  0.456391451915
0.623202090709  0.489283985716
0.386082137365  0.494016357765
0.492463882394  0.533764477762
0.560571613282  0.629920766391
0.573333221163  0.532650837194
0.550574440989  0.395206867067
0.31348623188  0.568897507008
0.418736519833  0.470709942087
0.39510848078  0.490574080086
0.608012371408  0.390570686768
0.437792734528  0.3935174101
0.225379930567  0.537010523473
0.643922836358  0.49218947372
0.3601633813  0.442267408121
0.435625745056  0.359645247015
0.584214205907  0.465300550821
0.365932110341  0.475626816243
0.377933185265  0.560897434694
0.635216281257  0.611078912242
0.554323100292  0.500025725761
0.487968992231  0.286084918963
0.567168670495  0.312774201373
0.438534030691  0.239508216162
0.496986615925  0.572961276225
0.48493859272  0.620869844002
0.645926336786  0.479014159909
0.507962465324  0.55327084248
0.526304495944  0.461961961548
0.600114964903  0.539223890153
0.511008812172  0.504395046786
0.48909564794  0.51484245738
0.521599425245  0.39750951338
0.529524827576  0.676707497009
0.411732802011  0.426097613996
0.555146412542  0.449112420831
0.610185566591  0.50234599801
0.401715706751  0.447871032763
0.490963472277  0.505968015981
0.534543233731  0.362291512
0.404867467842  0.465938003689
0.415185349214  0.57187201143
0.455451010856  0.451388851521
0.464564442752  0.516134684958
0.572271989416  0.459770465724
0.559932266617  0.519535431537
0.398005102047  0.562567628846
0.583516196718  0.363033782702
0.565678807979  0.510705763989
0.530106907019  0.598761691135
0.328960336708  0.452717700081
0.41183586946  0.389156718227
0.575858107332  0.250665731149
0.589579793343  0.613688874576
0.475822090265  0.253800664566
0.453831142085  0.54814813405
0.638934902258  0.507736006502
0.532623296742  0.557074548639
0.663758544913  0.641639544586
0.52387269208  0.627455933461
0.665095723131  0.493784852129
0.433202099493  0.39674922857
0.494175727056  0.483350327478
0.459793159193  0.486374261346
0.491393806268  0.555636251752
0.350469129999  0.157048676853
0.513108607229  0.578688775186
0.316669347013  0.435206883752
0.453549639429  0.272407475001
0.575460723125  0.307371898125
0.545405186987  0.467319848596
0.494120136419  0.552050587237
0.560457811334  0.468868311232
0.401229625528  0.556507643876
0.637413697843  0.587803756565
0.538297651968  0.590570396554
0.542542414938  0.564232631306
0.56449867881  0.565198811122
0.459218233624  0.471974900007
0.528741396595  0.35604261526
0.508720951619  0.307435477286
0.658403464797  0.47468408534
0.471423063415  0.485507578935
0.337520797759  0.537727381066
0.397496440066  0.149473443745
0.632209156853  0.533803600359
0.454439577436  0.400969534078
0.569261084819  0.422530135079
0.672997502133  0.534499198219
0.509723409646  0.502551582173
0.561683183836  0.441565482169
0.516427374914  0.667698800188
0.590599622994  0.680980416221
0.554883658106  0.672598165025
0.280938461338  0.542194923924
0.346613995797  0.626278069114
0.581984924826  0.492614515951
0.37878348968  0.397063712149
0.532665240366  0.420182934955
0.689940027842  0.428600570423
0.557000452935  0.49013458665
0.705680669725  0.37600195466
0.285967605877  0.435140289325
0.596456542748  0.339354249138
0.537501213657  0.377387221594
0.559577582878  0.565514803493
0.474415244278  0.412221035877
0.552594566116  0.449660721577
0.379794129172  0.192814598286
0.404189639772  0.435741892372
0.436081270332  0.427392183412
0.38060693842  0.49276554868
0.337180009223  0.61629469918
0.480937360195  0.414782233002
0.49218797863  0.303866446792
0.40231876574  0.615990140669
0.344279000517  0.650953332824
0.60101347311  0.38328141378
0.597456410866  0.477437894657
0.663443547294  0.446937862226
0.538676424611  0.483610341175
0.342784666967  0.48537437874
0.481646238686  0.497383643022
0.584729362236  0.614353721858
0.4467481937  0.44395779658
0.384014114228  0.603000165643
0.507112095144  0.550278432373
0.367808469542  0.564535062442
0.589336712661  0.531352446662
0.510895345727  0.454727888846
0.698676281919  0.448365157164
0.397168572194  0.572262275078
0.583599772506  0.617541239266
0.511062565888  0.604877585212
0.443406443756  0.224802700694
0.550262516677  0.495534397878
0.562987942447  0.415174158216
0.5604198017  0.598079234385
0.371097438373  0.550077420357
0.345984218139  0.352652577967
0.444641557286  0.483826963905
0.512303010094  0.613055770665
0.413120539305  0.595164108833
0.517771122547  0.436030508116
0.580960774257  0.550171925457
0.589995226169  0.384490007589
0.444335010308  0.530628538973
0.57189655207  0.356513689411
0.576655433193  0.592589411319
0.376346886854  0.551884696909
0.63495992542  0.506286304596
0.338626523508  0.458537052002
0.390030788734  0.447598811361
0.501406051692  0.426526285235
0.523919960915  0.376564009771
0.597701661466  0.514739457806
0.576339440199  0.415590466231
0.424795860097  0.632374822025
0.486314819719  0.671447365256
0.475331051056  0.471977723391
0.340128351798  0.539116070702
0.402528851181  0.510262257728
0.487831594949  0.388709864112
0.430709070657  0.533503654931
0.496029280631  0.438097050265
0.478474358461  0.353221233073
0.445760143249  0.370202652161
0.592598893316  0.452298046395
0.491872468602  0.55695014906
0.421039250113  0.505749548745
0.35446908127  0.376278957685
0.483420948761  0.448030415747
0.56734592226  0.523879030719
0.447363938763  0.317506882347
0.602051197562  0.452973079479
0.65798930549  0.574380690975
0.58868913745  0.461038298777
0.476288157246  0.384251359617
0.411487580399  0.311578757403
0.542955108608  0.745824014821
0.420507436481  0.538261302227
0.589333219074  0.517679284469
0.465523173215  0.509718795211
0.472617603716  0.553801304793
0.451332694357  0.388708162183
0.548389253047  0.449250104638
0.399287385501  0.445044355042
0.477378641911  0.544863117076
0.601355452665  0.533872746035
0.442043063005  0.398744799287
0.653976564843  0.445920038882
0.52751575209  0.572174091637
0.562074091  0.464372035315
0.458031509803  0.473806635006
0.452195958553  0.48740558492
0.369495369227  0.448877539776
0.520401976866  0.312210423134
0.501940313898  0.679923642689
0.535138217871  0.34483239077
0.541089581238  0.466165427996
0.606028850822  0.417200528692
0.588370794451  0.469164253055
0.399941078102  0.671288373126
0.698594997773  0.375025426908
0.311699051712  0.581275399171
0.656723032858  0.619753470968
0.504600567803  0.485559503286
0.566543435166  0.656417880665
0.556381646898  0.527050145213
0.739071222949  0.492801077675
0.534695292665  0.348216855309
0.354937568921  0.382505755423
0.422365821135  0.763454077731
0.480248326376  0.3799262753
0.535550515315  0.353093191764
0.538434259921  0.564806724156
0.483663158802  0.621287051583
0.535813787912  0.651375018505
0.605911949609  0.442828338825
0.34184511084  0.463801170485
0.437608758979  0.580643116877
0.493295901025  0.510568584939
0.47620515892  0.242483101948
0.369239528855  0.533865038024
0.525211972197  0.437388451395
0.578301348772  0.486058492947
0.498434953378  0.53922746954
0.434231375618  0.489948742826
0.367573722485  0.557987362404
0.442016543712  0.459415862592
0.375351664313  0.712900752587
0.364305750941  0.494044955243
0.597993180511  0.638078311339
0.524741695419  0.295649054211
0.428788156873  0.623032908487
0.377742647532  0.457225297585
0.375858946687  0.623988130227
0.431047151012  0.536614790293
0.462885968342  0.264956421737
0.481400636649  0.463237173847
0.458200692216  0.388414579644
0.538774047656  0.491510174954
0.49867985897  0.40715713257
0.432648869156  0.464686397486
0.513088711891  0.469445680397
0.579726122117  0.550192056604
0.463772856625  0.203699936475
0.534357684909  0.44041363229
