0.504443924849  0.561428639655
0.389063493611  0.758258299482
0.537860643307  0.645021289839
0.485304134911  0.500097522757
0.428528422282  0.48040191748
0.55547079228  0.599562660426
0.41493304475  0.576885859703
0.62155715139  0.482547005678
0.590088938146  0.522569040309
0.470543293645  0.534057016039
0.460475260802  0.288666521547
0.51336921606  0.288342641446
0.552994248841  0.396453794436
0.317569852113  0.470399750842
0.31473782226  0.548140661332
0.403609545987  0.487251335116
0.671958324321  0.380415940969
0.530289818719  0.584295447421
0.501274850839  0.381882718277
0.388327342871  0.669586739849
0.644172797759  0.504385876922
0.591480681404  0.644953232681
0.625914696172  0.649031338438
0.590330431045  0.491249732294
0.561721569676  0.384109392109
0.518253638448  0.530712094997
0.49856533499  0.537362144484
0.4707893737  0.439756380559
0.658300555002  0.481621128392
0.393989364087  0.510682866427
0.591754561354  0.462429377712
0.489163891888  0.539496011765
0.632817214584  0.40745446884
0.504948082256  0.533570674046
0.535380222816  0.465203685241
0.541001014668  0.443691790631
0.502682932177  0.705826586509
0.724809902546  0.548501843305
0.694840847406  0.449831862077
0.439915407526  0.406102603374
0.667858965399  0.592139269152
0.376062021092  0.535628918793
0.39908456611  0.499240951949
0.585966987278  0.509329362222
0.420538444071  0.42174995944
0.564803216428  0.549343235314
0.664608239075  0.497910542773
0.276632401122  0.443165772815
0.426811143849  0.451194778762
0.617941294985  0.597350315368
0.368154524515  0.531163618477
0.457844232007  0.503362816416
0.553606225959  0.494816021329
0.489397183558  0.635336944173
0.465120625869  0.611812652443
0.424668739514  0.562901674068
0.417331520205  0.490121998968
0.638891132488  0.48742423696
0.657056439233  0.570296377493
0.619524269189  0.664890186803
0.545305120103  0.466209922225
0.367730191397  0.538268017888
0.498452746429  0.604268043972
0.579654763198  0.498405991005
0.552408968879  0.460053111738
0.556057578438  0.543157135369
0.408765294593  0.456068764986
0.633307150875  0.607533298645
0.583223888213  0.560158248089
0.486519189413  0.486921162076
0.540817678158  0.408027143651
0.495109529029  0.418126132425
0.394326173218  0.539783312509
0.356603928886  0.655908824103
0.401261461609  0.372524102573
0.511529652615  0.585861094902
0.440695985897  0.436842853001
0.529586672142  0.55315128082
0.617540418734  0.461335384286
0.597478899075  0.601469317219
0.35765454445  0.617012217025
0.606407478152  0.58403476508
0.5320755305  0.630595399486
0.51101671324  0.562643656379
0.51558214423  0.536414568219
0.557515785966  0.535245315997
0.352455064225  0.509374229101
0.431809807736  0.656195000198
0.631864137924  0.441697744456
0.464790328559  0.633753857284
0.550357313718  0.61681976369
0.486300910276  0.570543185607
0.433869975826  0.540655736435
0.431617711757  0.445513703212
0.493460667348  0.575662379881
0.547594642227  0.412003840864
0.577077877487  0.612771269423
0.644219506225  0.402442018296
0.687542229991  0.27558043136
0.39787330082  0.524250992872
0.612908937026  0.583903694405
0.654121214415  0.412781707006
0.562117767439  0.517504471789
0.532723552884  0.488079112678
0.362620805923  0.401016513036
0.652151840282  0.464248695603
0.46300261925  0.298849312817
0.501053112137  0.696877188623
0.416099713176  0.449066975051
0.282482546156  0.331819316036
0.370453139758  0.356169845853
0.454287057516  0.483966761921
0.457559191467  0.409176495235
0.465583005349  0.629266700216
0.386955000763  0.319426855876
0.532028057212  0.590539667675
0.545390884428  0.35989814453
0.678898637881  0.468209271438
0.630182453307  0.53372453499
0.455178408398  0.514958623281
0.474375721303  0.533088210302
0.469700465736  0.396759719946
0.381254217348  0.563817074295
0.470610445994  0.420355483868
0.435578577576  0.410156695588
0.420800285898  0.435861842753
0.320862181397  0.500568514759
0.534284343601  0.509777166724
0.533827976057  0.680078733841
0.514994223157  0.586952579755
0.5307067064  0.506809112357
0.438776738459  0.405718272996
0.421804318851  0.413626840399
0.579727716441  0.513971774436
0.482684888018  0.442322513468
0.339063450884  0.474938856635
0.38322738021  0.449330253878
0.66217911867  0.543777615571
0.489088293364  0.43998107263
0.563193568019  0.764562991543
0.399536164431  0.702941252086
0.586387520612  0.469230759888
0.331348023751  0.443821944303
0.369972099586  0.472111037328
0.445252298688  0.565899181015
0.436657912623  0.500258586256
0.506200845781  0.437419453984
0.583653045032  0.484263603334
0.554899447577  0.421331435615
0.309421124923  0.582111594953
0.429589429484  0.693540790412
0.498449311761  0.596705111529
0.433863550382  0.41556928716
0.483730612172  0.773856833754
0.782184440644  0.555234649361
0.314505575614  0.612766014164
0.544657473856  0.43351349829
0.302812094814  0.527835818876
0.395918149115  0.268322838968
0.273615116911  0.419761389803
0.609482583298  0.501545215958
0.286086009899  0.611222944971
0.510054113065  0.394811876148
0.418196714833  0.564566868822
0.52852721435  0.522272587511
0.443749588079  0.382845991906
0.674678871633  0.482141270332
0.674069448499  0.404018522929
0.452562361108  0.593528376658
0.440535060174  0.511028234678
0.486832288503  0.674292389862
0.453050249051  0.846546231877
0.491773707268  0.683676722473
0.54101879565  0.520860251654
0.390821888573  0.454031702105
0.249304464196  0.567870273445
0.266642606077  0.540811921536
0.511456773106  0.605830016207
0.496432873787  0.449966882846
0.487127188801  0.511488534067
0.52493038504  0.588148246715
0.568096861192  0.53112570759
0.489360210207  0.620313082743
0.403391269045  0.518343890913
0.512183286723  0.514641809651
0.359961711132  0.42722971948
0.522908531429  0.544818992267
0.511166812063  0.36968801394
0.536568392349  0.635350380421
0.540966380823  0.277592790657
0.522808083638  0.578397270204
0.69400043706  0.411880300605
0.560564238966  0.30363916049
0.364896527988  0.537056486782
0.647220384268  0.167147371563
0.501446283151  0.505387597867
0.550361602395  0.422549517828
0.399478300213  0.501782130057
0.380407292057  0.450107914575
0.397738046963  0.537540785578
0.39380380301  0.602357965876
0.547049305895  0.429235076224
0.439265530153  0.366458771215
0.299505522264  0.541509455212
0.543785147683  0.613232270393
0.574886172955  0.458639049708
0.547746949223  0.455585692112
0.438275415076  0.405870288855
0.648779503032  0.582803910829
0.427813473756  0.471217877065
0.334533682879  0.43506508422
0.4143714776  0.462364434773
0.536000341239  0.459945268769
0.461207337006  0.441554620591
0.577933165953  0.316220181086
0.476410741087  0.712777996925
0.51761922102  0.550877488032
0.509001524596  0.418205148637
0.481414121023  0.435205551229
0.443339453114  0.471109189564
0.486169773208  0.471517018268
0.623959557368  0.481648869707
0.567436512052  0.364327609789
0.740002771473  0.468749124505
0.442446440072  0.746601935034
0.536185052264  0.489206109244
0.534366433168  0.619849589269
0.406300472556  0.545075382385
0.435967527796  0.544271327752
0.648034035901  0.549660848894
0.585589477154  0.492228721436
0.396280027856  0.4998064864
0.465282006111  0.485913749051
0.366813746293  0.714374240677
0.525542761253  0.476881727334
0.565999300792  0.553348631364
0.532967481885  0.589126761989
0.407220549857  0.413357834162
0.388229376  0.576466802635
0.434251532459  0.553093982074
0.503375309712  0.472124642145
0.38937194997  0.340320955906
0.444404880468  0.472526321783
0.514416260782  0.355523370655
0.65695874274  0.311288412981
0.322342236588  0.144666582039
0.414479464149  0.472706759656
0.582122930657  0.500269775597
0.448255434803  0.623021906953
0.705462453579  0.491385400902
0.573005353324  0.445910343501
0.381208349211  0.419745273668
0.502515655425  0.430025049746
0.502944883719  0.573557267188
0.635609365622  0.653223524301
0.566715518634  0.426706628803
0.655175202107  0.60801895118
0.450218344559  0.57681456131
0.49564084221  0.601261915249
0.337733188187  0.4889506832
0.70373514864  0.459635409021
0.384101132543  0.509593454223
0.551920018126  0.670745852548
0.493106285646  0.557504078017
0.419259572107  0.549413063344
0.5323372063  0.439894934765
0.51783308115  0.446100592451
0.661285326724  0.568467592232
0.501468660127  0.324191416534
0.405439487942  0.45400052025
0.500725488656  0.538584414884
0.573824552743  0.545483794952
0.456402084766  0.440830981507
0.545208263611  0.732098641294
0.471423111211  0.476819866292
0.518369240561  0.555297324134
0.564202404375  0.485781854059
0.532156815341  0.549494644853
0.51425764326  0.598929591017
0.521379742056  0.65490892374
0.543676773126  0.625739805575
0.386595552471  0.475687008636
0.705177731295  0.648483982428
0.501558419362  0.621091744306
0.385744352784  0.514793694296
0.540383018044  0.57712336007
0.504150497515  0.491951874088
0.516938631745  0.502968317427
0.473935278512  0.465680568474
0.421699780444  0.381877565707
0.571330558215  0.417768211995
0.521744952234  0.462925545311
0.420653239477  0.374147081344
0.493238047835  0.529131397325
0.465857266665  0.562339096208
0.4497126546  0.508141587968
0.594705651133  0.634921010899
0.682113281138  0.51863267166
0.334201373471  0.465031371364
0.583523857667  0.611876708995
0.733134983153  0.447558680246
0.562651341754  0.434115373614
0.435873335513  0.495189344504
0.581298843754  0.339857858594
0.390452534989  0.288590100589
0.360058679317  0.427144986046
0.544708801862  0.639491576757
0.402834823848  0.619298106317
0.612042045564  0.523644510315
0.48733938156  0.546184408497
0.707107158739  0.62306296679
0.422759228571  0.439462883484
0.496084610556  0.567605982246
0.425885823107  0.648151007865
0.419326012915  0.567154740155
0.761143963903  0.542409912864
0.56994372909  0.403847505134
0.530825593386  0.569200226708
0.552016309563  0.481897833202
0.418362186376  0.463228782509
0.564658745465  0.566112985788
0.544065064138  0.446058251808
0.41197684451  0.633213314474
0.519913701221  0.54776579231
0.513502061961  0.533402231125
0.432661058881  0.59625358011
0.536652209718  0.475612271695
0.651594700657  0.484566361764
0.492059139309  0.651452967745
0.57122500482  0.527297447116
0.415306566197  0.465110815324
0.461009722624  0.603050356069
0.430606654783  0.598752696484
0.599772567971  0.538932092989
0.451428674892  0.55731428068
0.654275919016  0.552979979448
0.481512429044  0.61466548926
0.500940731425  0.251212663183
0.277700192507  0.516439598015
0.741230838963  0.476077683822
0.381372725771  0.401104754966
0.628116586693  0.412507396093
0.285734418101  0.598073894564
0.487567608233  0.655873478062
0.501766960886  0.168957428199
0.346872213456  0.555610747315
0.730313263747  0.549806599106
0.468529992521  0.410968603628
0.642399347271  0.390693285073
0.393607331873  0.400186928242
0.581607261964  0.584293287086
0.553430872477  0.548955896953
0.463932141778  0.716662670491
0.596351713187  0.597354789487
0.455353832618  0.408381807697
0.492325758837  0.581074191501
0.413332897501  0.419134890027
0.552282427063  0.496633583127
0.477179428226  0.59689265118
0.576317770457  0.434570267566
0.588334666303  0.557500383316
0.522985240247  0.498275673971
0.506828472525  0.319527591587
0.466572338064  0.461316021271
0.421474142609  0.471710967665
0.405063354477  0.538129021283
0.506923246878  0.577755632827
0.604157739815  0.536963279737
0.559177205455  0.27715023051
0.580689787185  0.496362918454
0.536537867747  0.516800684476
0.671659756112  0.557004332369
0.541329731567  0.501569697467
0.637536702147  0.440736776225
0.505861254258  0.543795314617
0.470551476034  0.497849361629
0.611520451842  0.466873424126
0.594195780244  0.434836603859
0.336962403582  0.642712463851
0.417032554604  0.504499686728
0.520115758587  0.379328769853
0.574054366061  0.699640194117
0.574400137813  0.401779497429
0.705566878125  0.483658167237
0.59013287302  0.433408438426
0.540139055566  0.425167671307
0.425958703503  0.336991010934
0.306014370363  0.418802555291
0.500552366916  0.596500666974
0.47471766038  0.453901099397
0.621185191901  0.454003700247
0.446721086754  0.508059437675
0.461287553426  0.695849344235
0.550918327097  0.518129965949
0.500157775396  0.518798858543
0.418611130233  0.544094809919
0.517220195207  0.368962537286
0.55406503869  0.657903927589
0.383306407317  0.568128363837
0.236444570937  0.586913756443
0.646051535738  0.44521578968
0.483375514165  0.567711026779
0.646623538196  0.521714667919
0.520317242661  0.602075101514
0.343651030306  0.526884800746
0.489645945864  0.553721359916
0.614107127735  0.47622541838
0.57246625432  0.546696851439
0.405247419144  0.334742911166
0.650524378575  0.30856824241
0.453399215933  0.452576883731
0.352475066743  0.624724919937
0.553816127216  0.428743989168
0.605197056516  0.506239654868
0.477572778984  0.619679055312
0.54492625843  0.569712591175
0.591097867453  0.485798246345
0.609182190483  0.458543053862
0.69448508303  0.413264245056
0.51568100807  0.550688746069
0.712368433764  0.577948807167
0.534107003234  0.465094803287
0.37392252505  0.33770588004
0.595978671727  0.55638634239
0.285611066544  0.481666275561
0.700091904705  0.367538144849
0.366738884465  0.501764563081
0.49983027557  0.388940947186
0.352045976458  0.509092395269
0.618072650923  0.294196988364
0.409165258182  0.686545285211
0.314954442744  0.637009815819
0.557523690367  0.470576774679
0.61376976453  0.674575943386
0.559962639381  0.623916598207
0.422116002234  0.389812565942
0.629013340147  0.465764762804
0.516241989545  0.434435539346
0.490143395514  0.515395364397
0.476412340475  0.467970941916
0.442080200323  0.531096907713
0.432534062092  0.532379775813
0.694705372581  0.636181819214
0.515782397438  0.501560333545
0.453784420874  0.539647465923
0.391265948796  0.429150668503
0.675890402955  0.432509583937
0.437964452853  0.768849558727
0.582979629678  0.351101578916
0.414842395168  0.524131451786
0.324026096817  0.545038679612
0.339446481679  0.256990678216
0.478544436074  0.46632171799
0.442836132873  0.439951857509
0.492457609783  0.301253967017
0.540814732045  0.432753897537
0.454662808457  0.554960052224
0.411085742342  0.466712003696
0.583101144422  0.470283352001
0.390648102588  0.506346296876
0.344056765229  0.550266704248
0.661610995608  0.627173749644
0.577754834478  0.441924073835
0.455376856212  0.668505708997
0.479176041895  0.62675177882
0.334898351491  0.483113288222
0.411037368081  0.417172373339
0.405788610751  0.405855731551
0.457323181251  0.687098079766
0.310985492112  0.464884111321
0.429959754239  0.433894321616
0.577883224581  0.574233382353
0.514136788473  0.711346362986
0.395296812446  0.691909200314
0.513647989253  0.386835065201
0.551307547417  0.334463133987
0.58517738219  0.375219476342
0.435225381623  0.373865759036
0.422879325996  0.524943900778
0.521183597373  0.555194083191
0.404807886174  0.424173129807
0.655999391442  0.454635113229
0.56661380276  0.584456238952
0.402750961009  0.300361510072
0.397680461401  0.455674773123
0.544247384813  0.52478643075
0.525223703583  0.519164204005
0.482946442366  0.602025251171
0.545035386072  0.427173542298
0.583692105821  0.45685208835
0.444157185303  0.546606310402
0.364160210891  0.580603158189
0.473577640969  0.321005628776
0.518972100773  0.359552018361
0.346827856356  0.664106301132
0.5877662244  0.605817288607
0.605088334003  0.339576219532
0.352919885408  0.767842822757
0.476205296365  0.310999664585
0.448334392308  0.496798970741
0.435067221318  0.660435866637
0.549461502835  0.394747743442
0.511732281189  0.496249642126
0.533215322791  0.477226994169
0.500436379019  0.633866854639
0.405207959906  0.407030649364
0.546764437312  0.200489622673
0.627758440723  0.596220391969
0.380561044527  0.669879742037
0.491435323079  0.379569811165
0.346565479204  0.412461608678
0.396256287017  0.331273356718
0.660403933229  0.569265040318
0.5740088534  0.553562226153
0.637929626556  0.405474753464
0.791699830033  0.521267064409
0.63447239785  0.413404497751
0.481041885359  0.306808538384
0.585422603199  0.402393377488
0.505122844135  0.384600784815
0.340810940592  0.518726654939
0.65078097087  0.472138231427
0.416467544084  0.593045372845
0.620993764061  0.585083581469
0.425677944486  0.484056098356
0.394739087317  0.428002570674
0.500903533485  0.334003130127
0.541044267656  0.384828171351
0.499687470842  0.517067340666
0.296501299154  0.544879413325
0.480127575615  0.500605545995
0.576056282392  0.532871333663
0.424504236838  0.668584523451
0.641444274042  0.575852653137
0.401283110731  0.41056072306
0.451817417379  0.523467582243
0.360496338908  0.503138701975
0.348610886913  0.486071317181
0.564399921583  0.511958962312
0.504529111861  0.739715468707
0.608549733343  0.657443970488
0.433957290919  0.428195847138
0.538774225443  0.641077124462
0.517759762953  0.358915105063
0.341069532198  0.464808739406
0.531342159103  0.503683574197
0.412872304256  0.471832803594
0.644098079054  0.664311435589
0.41656012318  0.632726157774
0.563044061269  0.494067753876
0.500857115807  0.525953634084
0.512892308178  0.459699910165
0.59680478773  0.414268365549
0.334688835371  0.521693938208
0.473057016776  0.629296391746
0.433364628522  0.431674617867
0.584327144416  0.621780138266
0.514835824803  0.461563087583
0.49686777799  0.483619975117
0.459420474235  0.519619490536
0.707230925432  0.573012337548
0.481556688399  0.544150964659
0.720591822215  0.545770898973
0.635061754604  0.537650547046
0.568111986113  0.393197514124
0.646136065762  0.578972642507
0.556496390604  0.58375223534
0.509236913748  0.481560762477
0.546417050272  0.593420856178
0.458329104372  0.527408963056
0.583116539721  0.379037925994
0.592579282393  0.576104875851
0.586856836412  0.547499980809
0.447966796402  0.388628471141
0.53149028843  0.36280836739
0.530010866954  0.529386162166
0.653781086835  0.450926144364
0.464279190216  0.551559475993
0.490642989564  0.708162707692
0.30101843795  0.486697373215
0.35997779528  0.569162215535
0.401997231545  0.440960319912
0.486254813566  0.507410464551
0.488699845257  0.227307356759
0.46872711623  0.312446560192
0.271450644886  0.603991232908
0.388449281518  0.532851652062
0.203859353831  0.521791131912
0.532849407956  0.339543216541
0.451766676055  0.444957628776
0.573233991018  0.383126571113
0.454652886553  0.486830521639
0.656592906145  0.491002040182
0.549445173394  0.507949415011
0.361217902226  0.674282886039
0.568061450579  0.531052956707
0.703293253112  0.497150663116
0.525540415226  0.483206022857
0.443313345063  0.553083130136
0.559135405514  0.498385556528
0.527709143589  0.636737927926
0.461871111019  0.676836256005
0.388054265905  0.360632729401
0.530310339587  0.423727992656
0.387491167224  0.536186347547
0.52040845077  0.602509650778
0.50116641802  0.636252506945
0.499927707617  0.487239998752
0.407979384546  0.628510044678
0.474160507604  0.479149548989
0.382311744843  0.353401967257
0.455210622465  0.499356370279
0.561626655084  0.375483544075
0.671871981838  0.669148124493
0.51820530588  0.62396513586
0.49804837286  0.63326845779
0.531458913368  0.384584719851
0.478672042283  0.403120034329
0.53407313921  0.526973228878
0.420670218686  0.398918242664
0.484440755598  0.535406960755
0.620102790737  0.498098425372
0.456446395462  0.434936823284
0.46542153726  0.560111682581
0.557116341641  0.379367619921
0.579167623531  0.376052427592
0.609029052931  0.523206593497
0.313289282067  0.452952560029
0.455313924557  0.71228325583
0.527789239817  0.459903997235
0.450540813857  0.486168073326
0.469890644099  0.70278458448
0.49012427375  0.486073519445
0.62588654257  0.498649680657
0.492720508588  0.469896734567
0.565350474747  0.430046007277
0.471075062532  0.489015578694
0.476723682343  0.491246993309
0.337853394929  0.488090721917
0.530479941066  0.494258088862
0.525841119564  0.439264083757
0.550553808121  0.369953169079
0.440319542491  0.599083458426
0.635177303603  0.599845918018
0.619633353588  0.670485289034
0.362555698567  0.427216340349
0.459280381588  0.559819249059
0.509556849274  0.523840829092
0.440246831396  0.353726971407
0.459462874501  0.4935851422
0.732901323396  0.573295379708
0.538350821309  0.378017698277
0.70443048379  0.472370577848
0.641436949152  0.481657536809
0.600832326597  0.435068289865
0.49806120133  0.603856623107
0.556259486679  0.584705484124
0.606276503427  0.329372584181
0.487433996975  0.502093188268
0.375756500517  0.560366145108
0.418646133653  0.725338033752
0.38487511422  0.609944381799
0.404642356561  0.559276666985
0.678692147464  0.320191409975
0.51036546142  0.488020541441
0.493901643448  0.508530533655
0.32729603668  0.533423024833
0.393521493097  0.60070340828
0.613082228612  0.415399242229
0.582132356601  0.513223790575
0.387729123215  0.384496355529
0.463465574534  0.408601502266
0.370025117592  0.671324670324
0.57029118389  0.429472240468
0.451559849857  0.535720533017
0.365802093158  0.515790241365
0.465111349763  0.315376580513
0.28733933726  0.603819833478
0.277165593653  0.387647149091
0.330557881185  0.428798020321
0.525151729815  0.424424627705
0.494942422335  0.424571127816
0.543325532731  0.518604716295
0.330540764702  0.495704244554
0.536981636  0.471727050231
0.694904657425  0.363349891383
0.444706299925  0.637834920272
0.464435531933  0.560614471675
0.507505270509  0.444084833128
0.795471158446  0.627213623199
0.417615717029  0.5186142457
0.676852048892  0.373892947872
0.381000113047  0.592905050732
0.52676458924  0.442917480857
0.375914581153  0.439794825507
0.554763497598  0.603974392242
0.611109527737  0.394616069068
0.440920591563  0.53746309181
0.308013291354  0.625741170683
0.593382979645  0.567473211881
0.553940216137  0.371253875588
0.509470437165  0.378552296744
0.638836430094  0.564290686834
0.54094217027  0.349783870077
0.394423814916  0.420419245721
0.443543575103  0.541172202962
0.445361698025  0.447705842155
0.496179421576  0.499774718361
0.555415429953  0.410067775221
0.473315303396  0.502737894343
0.520375707255  0.429417156114
0.682676957229  0.613582142049
0.549325813902  0.600570464032
0.479115764648  0.561384026735
0.431032086871  0.637236439134
0.576349180655  0.518482373766
0.530213039075  0.655165357892
0.612811365836  0.560620440336
0.425107633489  0.347709039279
0.461194090234  0.493699358105
0.566726707351  0.614396343429
0.537209319583  0.429344086758
0.741266898348  0.52316403847
0.653497714378  0.376808739683
0.50149477514  0.478207399903
0.391931254557  0.384099262487
0.292346179238  0.615077826395
0.458276541845  0.676121933471
0.487016045287  0.46176277519
0.574656222656  0.473714237812
0.520905014626  0.432810024562
0.582181856037  0.437637018755
0.56687244812  0.437649226483
0.53420430603  0.595479381139
0.358772489424  0.653596995662
0.595065744184  0.522029628617
0.586912799135  0.588074336236
0.437395653646  0.68617986676
0.379076940425  0.409215802523
0.575775280554  0.597532472737
0.445666169601  0.638324127797
0.538165230745  0.2606936829
0.658731148724  0.561087061397
0.377187390026  0.621487571023
0.287095927353  0.59149151422
0.658436244229  0.445281665976
0.54602367948  0.236237141776
0.468239076412  0.499647926883
0.574100299362  0.555293781744
0.394106946008  0.49709553004
0.553412633308  0.53371530627
0.391183071067  0.524747581343
0.585635380146  0.288432812007
0.289245374234  0.410472988699
0.400887179263  0.426489545289
0.501317873559  0.504989928068
0.44017182586  0.2986450189
0.500110141612  0.520715407069
0.427199626985  0.4202234594
0.505804286781  0.514294020441
0.516956460344  0.491993922365
0.439981436474  0.566760119029
0.478767493326  0.446165601145
0.501374878089  0.522518812616
0.648569548591  0.634269089392
0.447616172216  0.589297756819
0.39997733128  0.47195818681
0.703843914145  0.449682238316
0.484193722843  0.343382980995
0.532944157034  0.53399427733
0.663660285023  0.492627654034
0.549549099461  0.386109056335
0.434471087105  0.476159669659
0.331475833027  0.344153586785
0.524256130258  0.564838140829
0.470600218207  0.502454879305
0.455136831857  0.614611568852
0.490291525432  0.559172002196
0.538634628148  0.353350549526
0.498011654174  0.603323566779
0.618584119937  0.431529197034
0.523288981367  0.482441269013
0.426231490951  0.540529307814
0.396469849253  0.500629366215
0.447575520373  0.395031907208
0.344213029224  0.460085295749
0.591188634668  0.623417254596
0.542753913844  0.500448619772
0.757875066617  0.512636173089
0.571315506985  0.506369570513
0.486586017569  0.661488533098
0.389568150385  0.427403391356
0.399351056317  0.496324402647
0.389388839093  0.545231019039
0.46163628004  0.527123238449
0.477671778933  0.391123101126
0.412404138227  0.356383328932
0.472432018582  0.51434792339
0.579865584243  0.460194606031
0.394548360183  0.505182637967
0.461439366181  0.446590732096
0.517363748433  0.429115014313
0.485828288805  0.489239303412
0.414627181096  0.396698554207
0.611594286808  0.530106345155
0.373104838251  0.422799217194
0.459295686591  0.368715337884
0.468060883165  0.523630628366
0.548100306167  0.547590506799
0.214366782318  0.474497570343
0.319199852007  0.629035648466
0.556533296027  0.531148516768
0.372949550875  0.545123734952
0.669679519347  0.446022544304
0.479231503531  0.341919032045
0.456736786119  0.476945314302
0.439306782859  0.372439074353
0.51216004451  0.513075663536
0.765497598889  0.449976319871
0.643920552708  0.767251946767
0.403838805584  0.384707684618
0.609747817999  0.364713601584
0.570985073436  0.524685733766
0.573228097526  0.466791306465
0.592481784289  0.57118019902
0.549207338786  0.469184925533
0.462979530836  0.465246838768
0.370984167324  0.454246743235
0.547984984301  0.569869322595
0.518411221137  0.583683875453
0.687239151496  0.499203736105
0.356149150946  0.342775151159
0.404817126353  0.535604246122
0.50667019999  0.32051542848
0.547932333858  0.599201257899
0.511957727916  0.360684090301
0.600390517834  0.59166090642
0.641386291499  0.426158754806
0.550142355212  0.471678332492
0.416205771826  0.520342337308
0.181537620141  0.542171693974
0.650087528285  0.540052732022
0.551323748174  0.551162942891
0.37408503959  0.514924011211
0.559680149881  0.568270381617
0.501640640816  0.473478603956
0.548347598732  0.505653936622
0.503020317107  0.528575711686
0.61047753008  0.366472246825
0.336924214955  0.366003175631
0.55365567413  0.536433856644
0.602187784513  0.566351780391
0.734793290401  0.67478930583
0.409906943863  0.453216316844
0.580503783798  0.566221287943
0.460923611607  0.479747845781
0.413247553758  0.649403794293
0.584822246761  0.667817473453
0.433151551194  0.52754435197
0.504647255737  0.522292830879
0.639670757804  0.386133011427
0.595628063635  0.351740807424
0.549266667249  0.396082045198
0.441407839714  0.455082325717
0.386564916666  0.575165539488
0.411238556658  0.588597713365
0.532973641439  0.395374317009
0.447884098317  0.262798385704
0.45845687555  0.370711429976
0.55988367118  0.601459071749
0.343242657273  0.438513966662
0.400530081196  0.472609486789
0.529536899413  0.413983801542
0.4971151482  0.517398092253
0.553044101247  0.508963694585
0.548173960343  0.475710219872
0.571157458887  0.557514314035
0.525950279569  0.515566244459
0.555744622571  0.548262293029
0.313911614122  0.610515234568
0.454167550919  0.406697185032
0.456428795894  0.492724173449
0.521496713562  0.488355689115
0.536710463627  0.525749082843
0.366368253938  0.475240308218
0.618397985004  0.336766607289
0.5914224358  0.507075062305
0.448614533839  0.50195358175
0.460119517957  0.346030763336
0.494891788397  0.48398902719
0.515689741786  0.426930029506
0.671148843114  0.548845635081
0.419272450725  0.460753095173
0.617616642343  0.520850358702
0.541015662109  0.444175299034
0.45447895004  0.629264528099
0.531054986685  0.441539525891
0.43728644429  0.364458216542
0.51918188135  0.509896628173
0.689303108008  0.544657376795
0.469322307286  0.514561892385
0.564417946444  0.421367453644
0.520220626054  0.551241951873
0.477051515677  0.497450259529
0.580208993709  0.764640664194
0.686867858662  0.607910932875
0.520237318968  0.410846551284
0.632970632417  0.479724718049
0.594734834406  0.578332542457
0.478401642979  0.559559149471
0.485771453163  0.622260746407
0.635951590625  0.40982561232
0.487160245848  0.517682010189
0.475322375137  0.534178263272
0.402640157324  0.548182549077
0.500774807672  0.505815630975
0.642018067744  0.501999936901
0.478505389253  0.50129704693
0.501173432533  0.388907925561
0.371777215885  0.412438925093
0.530296798806  0.372726429099
0.519108552848  0.519637994424
0.403118209593  0.685729443453
0.385370434358  0.518879408014
0.476793971337  0.42253976844
0.613785012484  0.629685822305
0.565459724969  0.467867289938
0.528007659639  0.3111640015
0.485830861642  0.69195257456
0.457026884501  0.496284939947
0.68016841626  0.529400675648
0.507867506722  0.474907739404
0.479955997398  0.461976502257
0.419806022462  0.386283607699
0.525401248705  0.427125718401
0.601092630155  0.560590319625
0.588647191159  0.440842711243
0.450623942098  0.492496166767
0.493216480931  0.412342837073
0.409884996182  0.58750504478
0.574756348507  0.283195319943
0.61163268513  0.423095913791
0.481872718247  0.312908015482
0.447303353598  0.301019043287
0.519750336813  0.502348027203
0.441053088999  0.570982352376
0.569991235776  0.468516944884
0.534127898205  0.408462171259
0.564315637197  0.729245635641
0.387928852256  0.271624468035
0.386497995874  0.580506641718
0.487860049701  0.630836877244
0.453928850573  0.425480341641
0.463198033858  0.434044193428
0.427362329026  0.497478593514
0.465753440692  0.498524955701
0.219309433521  0.527394689509
0.534549085854  0.498612193694
0.533997292423  0.562467440761
0.375921277286  0.65860349409
0.442059898248  0.529658280317
0.454407224296  0.614319373414
0.518532028875  0.743103191648
0.481982756386  0.638276013104
0.441039488072  0.506273803325
0.430489189225  0.381419276513
0.310620786721  0.387429408147
0.414069742161  0.526943576445
0.426543909636  0.51344800651
0.481325726883  0.630574605894
0.431057116267  0.609393350963
0.649422592415  0.67080916269
0.671118684843  0.526149374634
0.598240215313  0.517098251489
0.42795680491  0.559053077228
0.421703205  0.395640289642
0.544377128206  0.480618697897
0.707523972879  0.333147779848
0.583335672322  0.734516626538
0.424425560259  0.628887066356
0.40285068658  0.585915038141
0.607655787009  0.46030787044
0.584676529348  0.72877205353
0.462509789603  0.519558758787
0.397559137713  0.478802697802
0.302625908852  0.426215329064
0.582614717209  0.580086271828
0.650621648128  0.376239859437
0.652151434975  0.492441984313
0.480261345186  0.565878616891
0.529698194027  0.424409865242
0.65162555453  0.715472885338
0.339321227978  0.692061921261
0.599160350288  0.501014539908
0.471052825623  0.461547275304
0.458127946013  0.532972682883
0.60010902549  0.457183058205
0.486525324236  0.388193202392
0.432170036431  0.535381932005
0.449050174392  0.502925384494
