0.440294379731  0.346362993567
0.39267172474  0.4867755235
0.653753560934  0.274570979667
0.395103233669  0.396543616251
0.328916990039  0.585872727038
0.44031279696  0.408091580144
0.503169532092  0.526801262502
0.403878754667  0.396530713946
0.372428144379  0.519256424366
0.608061104099  0.236628008316
0.332170583054  0.343172401595
0.385614426389  0.435898033798
0.46465527871  0.404690825674
0.347162787039  0.433241379789
0.444305563363  0.494663249913
0.410176618522  0.631393697575
0.398994757581  0.498366801523
0.523037098903  0.36314889183
0.483515962836  0.471991943555
0.433501815923  0.440462948564
0.539587399149  0.380463867906
0.47528310241  0.496410222207
0.542373794271  0.347137595455
0.537142215969  0.303843604448
0.431991551875  0.210544960242
0.417372551925  0.398689206426
0.579470654462  0.635393792263
0.496939380657  0.486226148023
0.468517928557  0.589850562993
0.549662013658  0.632603629613
0.45314874218  0.568188117635
0.666656103905  0.31110128923
0.349999388461  0.435533331785
0.540131227651  0.412742002636
0.501256578509  0.49974646431
0.501020639693  0.515839598896
0.468585452461  0.526982354084
0.455031258136  0.363439003704
0.337277828856  0.346707519537
0.549589495704  0.5878956463
0.624955571207  0.306782714215
0.501556259604  0.433179758801
0.42940044117  0.202595318112
0.467915409291  0.38252059443
0.560895941521  0.28222454832
0.277698947132  0.530133386441
0.455290503195  0.51612399145
0.506152584727  0.688451344172
0.474062872593  0.477733462726
0.500796502084  0.388480961812
0.336887035118  0.404462628967
0.657778914952  0.523955817599
0.442347445626  0.442246104416
0.358422843397  0.483460359552
0.551672852996  0.660075841971
0.487440676336  0.523695597441
0.558887038385  0.579855569501
0.565323019533  0.469494366526
0.552121525936  0.453911873668
0.430463099038  0.456449226055
0.503988086109  0.518578433086
0.342756560373  0.357531411894
0.510558620591  0.551000074121
0.28729210002  0.38777126286
0.446811738078  0.499594376309
0.551092922273  0.425250475776
0.333911067166  0.55783387959
0.377753421984  0.389411226176
0.422844306857  0.29651091188
0.522869373099  0.533103790829
0.626829495472  0.580602703262
0.624793611612  0.421435962387
0.378088946256  0.355101973806
0.44113724389  0.346167201647
0.403882262471  0.639019970396
0.542930253353  0.500395232404
0.511419257002  0.49894581837
0.581820425752  0.537201442869
0.387184104397  0.262929295905
0.424965054457  0.454073609731
0.3693565257  0.468513510464
0.323654412229  0.477913478309
0.366728250255  0.45187009928
0.48759693281  0.487377731628
0.42882794922  0.537397492135
0.468196581827  0.432802723907
0.530683397616  0.51114433522
0.454648763281  0.56888208541
0.504860373841  0.376720165907
0.581109715271  0.487149502813
0.406341933417  0.488944902616
0.635637415805  0.406491327668
0.377291500834  0.647875809637
0.296255259784  0.410872353705
0.554055942726  0.508078155137
0.667057539651  0.558142305082
0.235713915442  0.491241657821
0.517044636223  0.461837192574
0.551010202817  0.507366490104
0.3256415155  0.481619228192
