0.496001534625  0.353102792807
0.420390409004  0.517364349545
0.318720202904  0.482707414219
0.402465645965  0.399016441077
0.517330362283  0.567012524321
0.404208373298  0.555905846706
0.350623143735  0.505560613813
0.506953148697  0.493321437495
0.568327588428  0.3401919724
0.445265663064  0.466663344338
0.3338550238  0.586666303306
0.589209639957  0.455980975672
0.494399001935  0.47000390024
0.457555153067  0.726432139462
0.57879178872  0.439215036337
0.36726610278  0.519740417022
0.58862104279  0.414648762179
0.520895183836  0.449306590902
0.462115842198  0.547112364913
0.522080844007  0.453723347708
0.525034082443  0.456752933513
0.345310815422  0.416374011391
0.498708687192  0.468195484525
0.436511076531  0.659374240983
0.603046538534  0.490897724637
0.362447773822  0.66687446517
0.37460978836  0.407479491591
0.393689384605  0.528638865807
0.591649926173  0.349360197142
0.592612164014  0.658979899778
0.610263632846  0.431460328867
0.642952517034  0.511956821041
0.398519519808  0.392697948826
0.392446727797  0.486066677901
0.679700978544  0.421022355171
0.201625689696  0.322205528889
0.558682654379  0.410350870098
0.567538711801  0.384402860691
0.417318150006  0.609708194838
0.600090256496  0.584163875296
0.475847350795  0.54194387046
0.402987624809  0.573881948817
0.468034758663  0.629764354846
0.610799977816  0.415105224338
0.64327761554  0.492176610555
0.589890389652  0.645359357907
0.571118952462  0.482942434174
0.340012897125  0.522625469394
0.376389163517  0.1821745642
0.389425210575  0.403164764104
0.500787287317  0.512823780749
0.408485215261  0.539881278826
0.547352394924  0.549711506503
0.573382933791  0.466629598681
0.569879329289  0.507838919443
0.357550197342  0.60220527196
0.498240973539  0.372742716975
0.677332781071  0.351713701819
0.474226396804  0.544245929589
0.506505614197  0.526001878064
0.68809585901  0.572321177826
0.400437640312  0.510507560204
0.526717676261  0.61564572142
0.538743679241  0.485612979777
0.485086781602  0.538717093649
0.601728849509  0.428370180953
0.452097482143  0.416721975989
0.648620660716  0.488588126141
0.551075662388  0.520782277526
0.422871268934  0.473594041707
0.465665411731  0.547545133733
0.509691357178  0.434585700214
0.457311741118  0.450083870146
0.551365207774  0.632844424406
0.547349924324  0.575450857103
0.454298654267  0.457741092339
0.466162881435  0.688470702364
0.47571442705  0.371208607225
0.445083348655  0.44185216583
0.4351859177  0.411380440355
0.486250192721  0.51252170086
0.515976196868  0.542741664991
0.69679407556  0.438949686383
0.47254473026  0.325765385348
0.49193222887  0.5466229924
0.494097124854  0.429481774
0.463467360472  0.336094164884
0.490434790756  0.610942711509
0.63838397861  0.253655143825
0.547121307246  0.511634523715
0.484732325728  0.552605717658
0.537026884208  0.546434515651
0.50935930595  0.428917478897
0.579411539442  0.435596225444
0.516318496157  0.519809491426
0.426708532946  0.401171812867
0.512691924382  0.506476043465
0.317195117257  0.408939546975
0.670724924247  0.542156961694
0.384217597627  0.541547665526
0.503747685858  0.41641655387
0.440851439312  0.497040490122
0.617934746203  0.42314280481
0.552548366644  0.433258856146
0.499805107361  0.430163228498
0.36485799103  0.496034729711
0.329939689176  0.609798356198
0.516507883658  0.614457647123
0.546259908931  0.685590398629
0.338842764649  0.415109810651
0.464500466395  0.490515466076
0.476474234096  0.647103706133
0.481536105592  0.469307761235
0.484212242132  0.495812174718
0.453993725173  0.485515822893
0.581493257904  0.454326316888
0.452128413653  0.495016984108
0.380265661824  0.76307017796
0.355541841487  0.499670804417
0.419198219745  0.468523119178
0.519469924399  0.448837791209
0.5000119382  0.511339308023
0.49297034729  0.574924174258
0.498232830712  0.515242248594
0.509604266999  0.494295281996
0.286844942112  0.542891708679
0.536825578551  0.460984621974
0.463621657241  0.544924613372
0.391208261585  0.62937444068
0.460226457475  0.58847572243
0.37760581149  0.521238460239
0.374590308513  0.368963131648
0.664321252534  0.564972006544
0.562354184671  0.488621867596
0.558016128318  0.553359994198
0.448257877319  0.567814037808
0.470640965971  0.38027042318
0.572884484031  0.427442439283
0.581920616749  0.420164428804
0.547935895032  0.410232728678
0.333294207551  0.527284799448
0.392944694479  0.54197614057
0.435064846074  0.556350598305
0.385350015693  0.654763854201
0.408012051044  0.35020474167
0.609152331697  0.409092465108
0.5968504943  0.298166270947
0.443828022118  0.414061727728
0.575243616517  0.466106833305
0.43519969972  0.365110129086
0.559704330889  0.430791597713
0.375934533086  0.342233268001
0.424792027926  0.503276664731
0.349991755954  0.379906013071
0.427969730101  0.753027474917
0.638331548908  0.381003877308
0.456004971891  0.443431180104
0.415367456588  0.558399035019
0.53110352362  0.508458475751
0.715849522372  0.483854865863
0.592904478395  0.619118238728
0.260633501465  0.41677697649
0.475389061067  0.134777310428
0.401342069283  0.58475960455
0.766349741583  0.558047645973
0.439119325847  0.389191454618
0.193464509635  0.481244367857
0.545416734604  0.518254093767
0.517147323215  0.516061511684
0.527078547137  0.570903790451
0.243654840044  0.416166105662
0.6035713779  0.424470343968
0.386716877745  0.445446957501
0.369522513766  0.296895355971
0.510219779879  0.466508796329
0.468225478123  0.573616646691
0.379541305508  0.407527258003
0.304528119994  0.499197408854
0.441663044847  0.658555461762
0.321972877393  0.450881294358
0.509827931894  0.365013635198
0.363921503278  0.371995465634
0.463937503779  0.538397857164
0.465762624379  0.641892475306
0.517560560395  0.211280457575
0.616507910447  0.358857489666
0.487456725279  0.569860861873
0.400595242792  0.520232466335
0.426436752293  0.623846975827
0.399788287219  0.551716843232
0.508383821113  0.472947804436
0.613637497165  0.422986747134
0.568203092084  0.572928831573
0.541256081514  0.494979626474
0.434393258922  0.500570720149
0.562551374853  0.508677301425
0.45124315738  0.399396335413
0.315905578155  0.391886798689
0.383748611542  0.553513478399
0.496411159278  0.427945789676
0.592518421129  0.435799973424
0.498620421561  0.397332620068
0.341463257848  0.480707436477
0.432995824747  0.579195035519
0.543371285497  0.638385679278
0.394412949756  0.641834130119
0.508054053657  0.546385052383
0.504298332547  0.438203866784
0.534689368389  0.657342753286
0.384489745353  0.54835752806
0.459639690037  0.562107303668
0.486138275335  0.358649409455
0.631171937114  0.482648025723
0.412399561261  0.45992202187
0.470573890271  0.576936574433
0.488283643195  0.647792219726
0.570580194259  0.38770728119
0.534007400016  0.277869003627
0.404495927103  0.420778060087
0.534122993992  0.414705144918
0.408133909294  0.374833676323
0.57713421835  0.486153309294
0.371699155828  0.573572369964
0.427244564658  0.469168546144
0.45845965593  0.439439911735
0.41743845931  0.378750783152
0.567780301442  0.529137675027
0.41336985934  0.436678082771
0.53790394381  0.516513290298
0.452667842748  0.405961997416
0.529138605071  0.43573576134
0.370011297918  0.593548273178
0.480252851602  0.414461889497
0.40425971151  0.43645926492
0.520670054507  0.441515313058
0.450324012797  0.492251007918
0.465533410462  0.510864327081
0.535530747586  0.484378982997
0.397809923785  0.40320952839
0.497684995485  0.384460677706
0.497657525157  0.424676817797
0.343028081301  0.501840838217
0.430119915392  0.422329368269
0.603253988672  0.284204433283
0.389018471623  0.559660881053
0.503817047909  0.561314385353
0.367997840383  0.617511279756
0.454739664625  0.559109571118
0.483587216441  0.477326104379
0.476450119532  0.3553594087
0.534988582375  0.445553429748
0.443821085948  0.418661666234
0.563159824967  0.733009406224
0.333405339949  0.320920349049
0.565338893962  0.623565082904
0.355381183346  0.518446426051
0.713131841443  0.350945263337
0.442946101225  0.434750617484
0.557634278136  0.681558155829
0.44347608054  0.52515239628
0.409944829944  0.477683612266
0.624382170645  0.519915811353
0.310461359706  0.559789536801
0.38433510615  0.354861152459
0.484376890206  0.359212229565
0.50475959703  0.410541813515
0.561311689193  0.439977233135
0.380596650874  0.388377213737
0.513358424924  0.62330284857
0.607647766084  0.302327789495
0.394907361935  0.371841897193
0.674358994899  0.541199066962
0.569358057089  0.486863983908
0.547323891634  0.659724970708
0.441910090665  0.352232174309
0.514101744096  0.56072024226
0.625151279013  0.337332386937
0.280564643819  0.335758581363
0.600556947153  0.586006370779
0.36481786105  0.437699061263
0.396648229637  0.454147634045
0.522041015325  0.634397970809
0.336381681712  0.198335957063
0.39965804357  0.301247745975
0.644614702474  0.370938819912
0.368463794766  0.358527684038
0.384531821839  0.610562805137
0.404775980096  0.466128567937
0.464419601734  0.526927478551
0.560966765733  0.565739749144
0.508600451113  0.672148906288
0.391816572931  0.60655715291
0.402283029912  0.440251498376
0.628404400346  0.5465447244
0.500881946614  0.320520695094
0.488089378316  0.583000679649
0.552256331854  0.57699309372
0.653756960565  0.46667559727
0.390249044985  0.415292849581
0.554426638488  0.431661275063
0.614161856362  0.354984815527
0.470844914725  0.410620805717
0.429021603306  0.58413786032
0.533113910512  0.537752297256
0.375586770588  0.491217657923
0.219278802731  0.172384183648
0.453782193635  0.554091445984
0.498715305962  0.478085995663
0.472508524664  0.430811616589
0.547695102337  0.417010005036
0.459200085499  0.361442874863
0.383191023757  0.64925211991
0.437253049532  0.499836037815
0.541332644195  0.646333124407
0.431566149124  0.554235899575
0.363259738303  0.689447788559
0.318342563611  0.397037240618
0.638050497897  0.279900239441
0.523373879977  0.442431901529
0.668193818539  0.426109756242
0.285519138127  0.378488004855
0.411716545106  0.270445850497
0.543774318151  0.546189082301
0.647356537238  0.486889557447
0.500920485715  0.364375329919
0.524374745153  0.376766228087
0.439314674095  0.601031783288
0.709126639954  0.528455549194
0.619293096255  0.524489061905
0.565082110637  0.486368460389
0.513472369849  0.287586066315
0.550003641289  0.641309644528
0.243345305297  0.59163298625
0.320447827624  0.45597911683
0.467077874536  0.551017458695
0.746202884111  0.474161634634
0.372108299758  0.54485007782
0.802822868036  0.292600906073
0.426422246001  0.465158797061
0.607224474673  0.542925961999
0.545467625237  0.344133099864
0.423154485258  0.406716818676
0.51607173314  0.549749816795
0.501313067255  0.43622018758
0.527021895121  0.661485439102
0.487057084313  0.448225301393
0.566177339884  0.563348443819
0.452072605518  0.608222896966
0.653310821224  0.63109572638
0.454159195541  0.366397609534
0.561447731126  0.589892397384
0.504837403875  0.498058089131
0.322180729885  0.544237692735
0.510886641221  0.49440579901
0.4737066785  0.292468300581
0.396111562366  0.525700584863
0.445675577879  0.523013535993
0.560867874791  0.327357683562
0.348098712809  0.45684461795
0.24774612365  0.246241464012
0.627260748619  0.589307550916
0.416738429874  0.374314390992
0.405493459434  0.578385256887
0.371744799149  0.374552312736
0.460896497638  0.432813588316
0.444477786923  0.342369747448
0.344188522308  0.380717209843
0.339764037377  0.592273214442
0.418354489209  0.420969925066
0.322172219702  0.341890663031
0.454112391436  0.42673522997
0.658859541638  0.686644205942
0.501933432642  0.476162093284
0.580864372255  0.387736759312
0.70062777947  0.353444688469
0.512986030609  0.562523714345
0.533359504817  0.36806256778
0.501998841502  0.477662323899
0.670670492019  0.421764261451
0.71034073009  0.47705093367
0.466420108087  0.558904361823
0.539838214621  0.474922338198
0.61592793377  0.443900271358
0.529163797135  0.431107274123
0.457841037522  0.475757686712
0.67592003821  0.388885023639
0.591205279707  0.478255116445
0.420998508246  0.428822084871
0.540695201637  0.455062862582
0.509703349197  0.44927405567
0.477860725239  0.495494646728
0.523343372366  0.402190579295
0.306592326694  0.398541977858
0.501066554634  0.42664400252
0.41646441885  0.575116985783
0.53474268419  0.532843824406
0.659884812755  0.525654866572
0.479035809698  0.605248284024
0.649440553587  0.538373793886
0.490319202666  0.519496353497
0.425708518003  0.577347346977
0.428941731383  0.520853188325
0.498593646839  0.485555085773
0.550694422538  0.534105539303
0.382759637749  0.584356590778
0.50984135907  0.460236795395
0.323416656846  0.540701654778
0.4293955374  0.52048065892
0.432165220134  0.727052865607
0.448512253786  0.668791733838
0.483064616361  0.327166814879
0.483923804744  0.504910585961
0.408906552611  0.560947576294
0.628857760122  0.617891887841
0.392705075469  0.517914688323
0.558867800854  0.257640250383
0.459589703846  0.507302434555
0.527242737594  0.643503574056
0.396572308036  0.480689180894
0.631173351469  0.485413313331
0.557427757321  0.560774579138
0.50638553786  0.315127638491
0.521153536557  0.526079481806
0.360154850972  0.551026111512
0.340618050198  0.386959995903
0.687233587309  0.508480474054
0.344067387526  0.259301539375
0.558574814214  0.442162703252
0.249163796055  0.44209770303
0.513190046141  0.365854389194
0.555795738461  0.51519956469
0.433781715263  0.502059823907
0.488364395593  0.654672811816
0.365664670012  0.434110260373
0.415903112844  0.53001501252
0.560743687425  0.358567147085
0.432050849399  0.457761059316
0.523773839704  0.513287012445
0.437675474532  0.379616815841
0.636385098971  0.418865768712
0.452244477586  0.470981302821
0.430879268902  0.629111519027
0.426762168001  0.326220468106
0.614636618836  0.392492408112
0.485059698213  0.574550609514
0.473293848336  0.444891462008
0.114771203167  0.436718926976
0.453612158134  0.352334270388
0.503267812468  0.442681906323
0.509969834431  0.614046434907
0.464041878538  0.555913832377
0.42053998731  0.382452969953
0.357416902564  0.365789195181
0.355730283106  0.593664249185
0.364110252425  0.615562987359
0.411139823144  0.712546854851
0.346293616979  0.327879801633
0.428345546527  0.284564358207
0.471930272593  0.62040370674
0.498791935657  0.359290407171
0.527627619749  0.573614874095
0.423966777534  0.485550376377
0.472615060083  0.60500388452
0.388938563088  0.516954247279
0.54903545733  0.629766667409
0.41781928735  0.626211706302
0.457702831958  0.446674952247
0.372101857389  0.591851172114
0.577302805443  0.565961923442
0.442569302243  0.597424620308
0.586082258667  0.503486372144
0.562881673982  0.43197070321
0.374150709492  0.628545613602
0.48472128731  0.4942736123
0.484040401615  0.480869876794
0.470199062464  0.549907724615
0.486910055689  0.245458363045
0.373159054444  0.685989934926
0.334281595888  0.442681742014
0.364944840056  0.472676355805
0.462120260121  0.444603113461
0.500627906778  0.562517222071
0.167263740474  0.628533651287
0.477110561459  0.59554443393
0.534884009017  0.434709555374
0.512234314062  0.668363653335
0.518618039563  0.64134744401
0.54304395643  0.310634840541
0.433045077101  0.599189538392
0.444921026626  0.57170116875
0.480110909375  0.369185376912
0.685683116883  0.388482546378
0.450117782081  0.327422018901
0.369710768213  0.441313182184
0.273127682805  0.557658614566
0.520553583395  0.627256108993
0.393733186295  0.474164013626
0.359306430035  0.334763365169
0.451360119055  0.437200780923
0.482882066966  0.51344034235
0.572075515355  0.611864151337
0.46753633216  0.425408218712
0.53518888696  0.439814566199
0.546717184248  0.308697906393
0.434318895634  0.380169910465
0.38578147567  0.422499241572
0.4657562442  0.594601938213
0.506637398025  0.672498456042
0.49061267078  0.591152657462
0.482565806686  0.517595685453
0.464062925843  0.430299116161
0.58339952177  0.511054634435
0.410491705923  0.537939280809
0.408082600119  0.350794202974
0.416659661291  0.396187853609
0.24252368778  0.422679710935
0.321225762345  0.405350764801
0.606098843904  0.500734244978
0.4028367488  0.512999347962
0.597106535525  0.396022127609
0.454570146476  0.433528042916
0.444790991206  0.350980835213
0.459539606272  0.437368357281
0.482504859456  0.602971538301
0.633815840344  0.652261500586
0.362190124089  0.443351402636
0.392952859349  0.611462567184
0.377201395858  0.309000901921
0.690549249958  0.434522732082
0.616851307897  0.553618199542
0.496025301866  0.452438665663
0.471845922134  0.663316309063
0.651117960991  0.447048088219
0.447198294364  0.517933386435
0.446542715012  0.481192686953
0.656971243956  0.38968261204
0.33502851456  0.329454921512
0.421114466621  0.551105936913
0.413393068073  0.268792741629
0.386997491503  0.553259274382
0.402479251974  0.419105507969
0.476840496024  0.46814122168
0.470659401653  0.357113036823
0.668135622794  0.556379275035
0.350533115546  0.331845429202
0.571431723517  0.406030618494
0.672617610796  0.594072691398
0.6093968793  0.567942096591
0.608906988192  0.513978649681
0.548377723777  0.458165596226
0.465418624149  0.343406153057
0.426274452881  0.351814210486
0.30605614563  0.46203894609
0.572172473242  0.607434555924
0.446714542514  0.521046842692
0.724775378812  0.655319742603
0.429596466475  0.380802554004
0.387017557581  0.568822766233
0.365327697801  0.451990486941
0.650579492114  0.607060200838
0.746984900757  0.425037941324
0.457958183245  0.637777859534
0.51135586544  0.384277965482
0.507610701948  0.35181160375
0.644217300994  0.596617667126
0.544156803225  0.594096451308
0.304872804827  0.453482710924
0.284012717896  0.395517085461
0.450897410838  0.514226690987
0.56273330006  0.417564838644
0.556284643772  0.598168432411
0.398989563332  0.430321603294
0.40988652501  0.426150286686
0.552073007447  0.587979166868
0.518705135974  0.415569500202
0.332240766523  0.362332296941
0.401333138599  0.443366718801
0.333246911925  0.606099008623
0.536093800835  0.502671748036
0.465490235653  0.48537671389
0.407618694938  0.509486724933
0.565312315717  0.50305699764
0.466600621881  0.537059738194
0.467197470562  0.363318466797
0.5450160145  0.446627845206
0.510995950924  0.370732031321
0.546797389878  0.399153244574
0.551451777202  0.590916049973
0.377984993422  0.50426490554
0.440455874816  0.347873952014
0.61256296213  0.466328011096
0.581744689849  0.413576882293
0.511698604068  0.38733250641
0.524578386293  0.571045421625
0.603456589048  0.507086856306
0.561939694618  0.601438251634
0.421657529995  0.694385655716
0.32217998084  0.381757460735
0.622108257244  0.50521073064
0.436550186489  0.449975879448
0.601819607882  0.609985976555
0.501416593441  0.554553318475
0.594544628114  0.482990228823
0.430621387717  0.309295570332
0.436524034394  0.46661556655
0.488453535133  0.517202445129
0.470536224576  0.461571220661
0.622487156211  0.682682667427
0.643718918175  0.541171310285
0.30123478198  0.505794078459
0.452991091986  0.523732203772
0.482068109931  0.477695865728
0.529905250676  0.517268256819
0.430230517617  0.486819544137
0.486740748941  0.517631330071
0.429685854321  0.535244774634
0.468647424578  0.532291807178
0.454799859295  0.538052429442
0.357038274739  0.567552754288
0.486573050864  0.583833545045
0.43259725376  0.350105758798
0.488088060104  0.509743912085
0.537787476087  0.54726113313
0.525335712229  0.486154988986
0.512294850605  0.571698933822
0.553720266541  0.464140471979
0.580941859191  0.362056417584
0.454535299469  0.516757455653
0.518999243586  0.482856740689
0.642797543318  0.559579810617
0.539131746134  0.431388725203
0.478962906771  0.435028071709
0.712696068464  0.361539704342
0.431002175774  0.498280590265
0.497896817992  0.397938870257
0.432790339107  0.514142073993
0.613469546449  0.4571979208
0.469114253814  0.440570970533
0.445383218018  0.571613548932
0.446293307692  0.499225511849
0.509028403149  0.50350129094
0.343430476437  0.475624548396
0.443769055854  0.459737038652
0.299387772709  0.5252211461
0.493445459211  0.632977046625
0.493614182388  0.479552641319
0.549723330826  0.452145137739
0.529162207754  0.484876758129
0.514831366387  0.517336559848
0.553703980279  0.380042143543
0.567056592626  0.403634940288
0.49311199048  0.443490481618
0.417827378544  0.455750106803
0.437610197163  0.462884277722
0.790620388693  0.648932125053
0.412701694136  0.543810221124
0.295846430593  0.456837770372
0.367676405622  0.470669804369
0.468398273845  0.405086086652
0.545852329931  0.328907690786
0.512248389884  0.463212291403
0.646519896204  0.604647321415
0.464289662513  0.251127715195
0.549903025229  0.453536834345
0.480926707352  0.484176880463
0.512018422266  0.384021070706
0.600919497656  0.577676142977
0.476186314176  0.4892046403
0.595632588584  0.476053467181
0.399114581532  0.444282973428
0.408189428499  0.49383579282
0.353919817953  0.656502822684
0.434229586451  0.4453670127
0.417727143574  0.446351480469
0.456756944042  0.604936344819
0.353636187145  0.568513679401
0.420042979114  0.512701068372
0.542882804079  0.522559543443
0.491398165461  0.558674537334
0.434007914744  0.382913658135
0.528138799177  0.542607258536
0.534193886584  0.52200360484
0.509702605481  0.510821003524
0.564645688793  0.543886993397
0.730509219124  0.619322995436
0.471168899562  0.527871710289
0.470649918137  0.530245213871
0.423713494443  0.560860508239
0.523514123317  0.36025105634
0.36527439518  0.563780060849
0.550985920842  0.470364496148
0.54594891015  0.459131990254
0.479835307147  0.504500057182
0.600544427019  0.570596869973
0.528491676081  0.483574866463
0.615036034286  0.593556738875
0.397421411708  0.473682255238
0.392222318929  0.622813468023
0.356815909557  0.47625586955
0.402356673282  0.494448834221
0.477280566257  0.458981608369
0.528923366625  0.452479912257
0.41930796603  0.598928926826
0.469335875145  0.386284541066
0.247720066048  0.450483382693
0.430492726475  0.448735535701
0.450212880985  0.441026722891
0.387660849684  0.341768427665
0.586397181557  0.318122189308
0.596002921603  0.417587618845
0.354791817842  0.663522387203
0.514617831463  0.621975169458
0.319326114928  0.454787389894
0.263228585676  0.529956395785
0.351563201826  0.439282432247
0.510147544389  0.385064743282
0.430450096478  0.570100546967
0.464828180765  0.47401819589
0.469767407906  0.533046634869
0.455673764159  0.590444906979
0.403586873642  0.525514702345
0.56576077833  0.592853424208
0.684956168008  0.568520807575
0.47435791252  0.462250385031
0.451011491951  0.313459149464
0.559671724444  0.443705035355
0.458418142975  0.42315821499
0.494237021528  0.359203465356
0.504072896062  0.416260897108
0.381336565005  0.467730714202
0.37322349097  0.440755551222
0.456211219601  0.433970296222
0.564929685866  0.616943233583
0.450218872101  0.464730453383
0.51449067556  0.418355330578
0.709533359207  0.483154406579
0.523920260389  0.52980376701
0.496124631597  0.652866621228
0.460333495246  0.46359702251
0.303360218893  0.526109774989
0.455031480577  0.313912701938
0.581899184949  0.50691163971
0.312637980714  0.393318865112
0.172516823078  0.552105607686
0.383458549105  0.538995150011
0.341962157327  0.494211515686
0.585579992079  0.57908590829
0.416817451543  0.415506333699
0.368457485031  0.452101166082
0.464433428419  0.528106600016
0.479920838964  0.433746433522
0.447213883865  0.259808721998
0.288217743  0.592080570699
0.336852837931  0.395313793846
0.320300944314  0.355406122628
0.589326224472  0.644501578217
0.414992343993  0.645538993156
0.550084915343  0.46755871264
0.573963334322  0.428052030468
0.5088533911  0.539175101642
0.342368995228  0.593871155315
0.510002885377  0.501384057894
0.403370598998  0.356196780952
0.577394665166  0.53447768279
0.398479387803  0.585320259735
0.443290909389  0.401615161129
0.424135873625  0.528216953063
0.505465440937  0.529826876274
0.314317257374  0.536426394161
0.401093572333  0.446204310338
0.540745779392  0.529438358307
0.45839472386  0.410471148054
0.449024807805  0.567554569544
0.474715495397  0.462410080877
0.685665698057  0.484302362959
0.617849382418  0.379485219332
0.264433820847  0.647766509578
0.705101144242  0.328816705416
0.375182060082  0.501279386198
0.541815270292  0.470141997994
0.383608662818  0.377801879911
0.47982162021  0.666950253852
0.481642259913  0.465842832636
0.561423404511  0.416158061223
0.407739476844  0.50287179008
0.467834252802  0.386521524796
0.50401418285  0.530890112508
0.379600128458  0.320850608058
0.540776462103  0.444978588044
0.507239236778  0.398240524461
0.509565017761  0.607143823564
0.419210711584  0.563624892747
0.433889800851  0.401410314676
0.546877898827  0.609419026276
0.524841241901  0.47935920497
0.42776472138  0.376575294436
0.576696404894  0.604064192444
0.553012647831  0.347770148203
0.549189254267  0.577905437843
0.341881611412  0.233051063542
0.361788471207  0.464261157919
0.406393700266  0.407897152803
0.458625541924  0.449165524042
0.591217784294  0.503405059655
0.435264503415  0.494262454923
0.415450149193  0.464581450869
0.536052492696  0.34728352045
0.344420389724  0.577460262609
0.41616174394  0.412440931203
0.518104371434  0.423895914729
0.239006691585  0.479834570514
0.564618124019  0.709489156868
0.421182222341  0.207775022427
0.640188945492  0.515744254011
0.454582678204  0.398457128869
0.450217390749  0.498314950587
0.399248655239  0.651473105718
0.387807680504  0.501961891542
0.288561970327  0.543001928093
0.56572975123  0.437555067006
0.496322631817  0.411070606658
0.569351335605  0.536194292115
0.499387429031  0.390286961031
0.47325778655  0.289524985977
0.459958973757  0.46805849207
0.42390901288  0.488955464514
0.553899416443  0.430565980236
0.506385381306  0.447654179721
0.601407299397  0.57395436427
0.382147835571  0.616853552523
0.308629913965  0.253616029667
0.408545023666  0.437064822035
0.250958227262  0.277968351685
0.58805164893  0.656579364264
0.311819277733  0.380327632554
0.363466721792  0.66407948651
0.596045631717  0.320122589234
0.534550409217  0.606318462272
0.37781135566  0.707365258619
0.341213624438  0.439825842986
0.457678041957  0.493801754222
0.490680809051  0.395017599359
0.434917595775  0.607817579651
0.486974402907  0.469221364606
0.358710674531  0.570199531933
0.400927386139  0.607621194485
0.462827936311  0.486083585295
0.583517302028  0.358308706083
0.459973162318  0.30711401569
0.452475951506  0.442596547183
0.606370626942  0.362246467759
0.441860229693  0.350501270253
0.560581059284  0.489737286005
0.705714330445  0.387253287411
0.54626489176  0.544386101
0.367463333063  0.584712684189
0.548450604204  0.501038953805
0.410944844511  0.342209181284
0.48941475183  0.479366000249
0.516738563205  0.565122433506
0.572373182749  0.268214593027
0.535092915779  0.402843789331
0.395612515368  0.541139098866
0.537299738182  0.488963849956
0.456456765428  0.492645172551
0.61172273645  0.489932797351
0.453297083098  0.53943818567
0.572256363743  0.457229261031
0.453258350766  0.222966863328
0.335283492755  0.51206353803
0.420948804558  0.451573888014
0.502710662761  0.460099822164
0.459924368726  0.466073434238
0.437693636952  0.543856940515
0.725852669282  0.597565404722
0.587953394695  0.378721337727
0.596616275194  0.254879088245
0.603317147649  0.483308710748
0.51175041881  0.596733836363
0.6055278964  0.450206475591
0.625307545525  0.46682297223
0.543819795376  0.53695815447
0.380088705565  0.448271542077
0.370907209622  0.468858819394
0.604504648645  0.545742774663
0.624274056334  0.431553218046
0.600958470116  0.39458802753
0.403329547027  0.492169816033
0.557213730865  0.583651917064
0.511896668205  0.576327335501
0.564718239831  0.625890005418
0.394108645422  0.309194196739
0.372216469056  0.337155007057
0.568494797143  0.465743271812
0.336377468323  0.503559109984
0.69611559093  0.427391329898
0.351452293832  0.452979053436
0.478501839117  0.563613294132
0.514919259555  0.604030173857
0.400579337231  0.358865214829
0.61774248319  0.49844352173
0.50094727506  0.525222293112
0.355891609969  0.606810315141
0.333028269859  0.408075402996
0.488849956633  0.539110938403
0.490250356166  0.397017995096
0.687984984799  0.336311123266
0.513011848409  0.558385059615
0.544451429244  0.55949157761
0.533671967873  0.395561216945
0.302708678591  0.514024367918
0.42650437251  0.334501449354
0.316751162614  0.473675998486
0.53623514165  0.637228182996
0.340027849876  0.510464111096
0.534543127325  0.384378858521
0.329203788526  0.40884782839
0.487924852684  0.536730377734
0.422141697946  0.317525730999
0.372399968694  0.45004018832
0.546664772105  0.55056247576
0.590466939322  0.445412172617
0.454816694315  0.458267235968
0.53897620321  0.401115178678
0.655327512418  0.389305978193
0.493593456336  0.492427820981
0.516130721378  0.556468240957
0.61549296924  0.430698020743
0.446377640252  0.663982756192
0.497306230267  0.688638065267
0.463613813022  0.495511440076
0.256380697594  0.697301222349
0.442723516492  0.486633701189
0.388101710962  0.533111420915
0.526527927256  0.460583653421
0.648901912301  0.4609619571
0.3558094227  0.499069167182
0.389703048203  0.411082937751
0.54593946606  0.33356247613
0.38078223425  0.434197839619
0.472906601032  0.303282043386
0.483119903967  0.351757443586
0.392995601975  0.51366910686
0.55093155486  0.487171896597
0.322064702506  0.319880967678
0.429267148744  0.337879894358
0.322567989329  0.558366723527
0.502167625451  0.557133314113
0.311771957935  0.550972223606
0.491746658115  0.508246609749
0.330932641364  0.270212088034
0.532642320705  0.409960185077
0.51328354211  0.42578535949
0.55022657579  0.454588457499
0.483731062817  0.601754886274
0.460493675768  0.676231394746
0.497156686017  0.517755100872
0.531306823734  0.579282098371
0.482408490597  0.586280877283
0.55276544642  0.355746536585
0.302583124121  0.605639503898
0.648052695543  0.455132630487
0.435688327219  0.451889833254
0.467011535509  0.508497931797
0.443813512469  0.518802407098
0.578038950355  0.415146151111
0.390977330389  0.454824534195
0.525538795614  0.462132947306
0.373311829995  0.442863614404
0.482046731974  0.530692399017
0.289348232577  0.4578542668
0.531927047928  0.448505940882
0.373881254797  0.504798345337
0.578462096971  0.267556842548
0.331607038671  0.477491228513
0.481096584464  0.449848000532
0.465434066211  0.355325086983
0.375113963552  0.519162966568
0.393207497679  0.524683973213
0.591112596913  0.514915204731
0.523709392414  0.614612504243
0.532306329024  0.411255709029
0.49654899597  0.614103410959
0.519839236239  0.469763807901
0.419385843914  0.367170624775
0.481901971947  0.690190402071
0.692886410092  0.513612035429
0.465610045647  0.456053102303
0.43479980848  0.320519103944
0.591603144724  0.418722372829
0.56980501508  0.496549911317
0.446634410082  0.599421092016
0.642243643079  0.625284736556
0.399151797851  0.427050588433
0.365449344968  0.486010329037
0.606448173484  0.349862844783
0.536413367183  0.386652670965
0.400783597993  0.395927342223
0.362329344472  0.485345863247
0.457775456334  0.506363842306
