0.341500839494  0.624428408013
0.580972440914  0.364556476647
0.517823709136  0.488024595101
0.573628630885  0.641658183217
0.461386510871  0.550063132838
0.576344276981  0.478116516902
0.361033587593  0.533172662211
0.357243724447  0.496053416995
0.623470998768  0.502989414556
0.552307919522  0.575850092073
0.506511422007  0.563397458165
0.408671564778  0.453392137424
0.490469023197  0.65037458112
0.378230150281  0.445547723123
0.412010835455  0.59921137485
0.593071960701  0.515846880033
0.566371653191  0.427230461867
0.473157830029  0.485153252947
0.507775280547  0.545852826616
0.540532377905  0.641885056318
0.516336079031  0.512364323211
0.601018896697  0.478708827801
0.409323965971  0.529781169364
0.513731201283  0.577826868452
0.534114870149  0.650992879978
0.556294484297  0.381928786206
0.389662690816  0.543584405737
0.338533800995  0.427214895749
0.480885128152  0.510050572232
0.494814933481  0.460776602435
0.390135531833  0.704991861298
0.488812431566  0.562852731123
0.511146989535  0.320767564436
0.483666742445  0.468074910907
0.323773719815  0.622244020464
0.597676676283  0.514479199344
0.586208348893  0.532919122506
0.474773883927  0.415070331881
0.614084860056  0.582927144956
0.455360756824  0.409907895296
0.53024497371  0.365854962874
0.566529295017  0.585362966717
0.626703319607  0.464534700419
0.560789252157  0.49226431694
0.646519328301  0.442407279323
0.360394009114  0.528608725802
0.561165172067  0.354846884284
0.376643632805  0.593110847488
0.515094334584  0.431828996952
0.353221965556  0.61204562131
0.590486863222  0.414024447996
0.424107631866  0.456271874903
0.453944011976  0.471675718059
0.353670923274  0.479872813419
0.459101328179  0.601752142874
0.477961834506  0.560139387151
0.551167113754  0.576499648057
0.505723867244  0.575859192934
0.503480768789  0.464318512869
0.497034228362  0.357850727425
0.466527288788  0.479330843739
0.47019935802  0.432023071982
0.531256818011  0.453276856404
0.37195315508  0.576563571235
0.676684917271  0.54100224113
0.672436210582  0.632154322701
0.41214430424  0.477748784476
0.687152467212  0.469760107904
0.27123284981  0.389502470078
0.357588485871  0.371516425308
0.396018977935  0.35330738611
0.509664190571  0.639979475434
0.50481230843  0.652600069751
0.490322417554  0.429059436411
0.453220111305  0.533696234904
0.356298079256  0.492986741269
0.510422650808  0.31793543123
0.527850779046  0.595412004031
0.508157495071  0.433339550392
0.425231233244  0.529560295638
0.514304632761  0.447381833293
0.389017086855  0.591293124364
0.651005067935  0.547043414125
0.430287284035  0.581565146636
0.555575709476  0.693993829377
0.613180983505  0.573896628328
0.490267257621  0.518458666994
0.551628587206  0.600085709842
0.456051932709  0.539308080363
0.644122673509  0.362055165255
0.513990365491  0.34909731722
0.507955608795  0.555638941056
0.60442368262  0.443264736246
0.392344543103  0.407161822214
0.481435399276  0.386548360425
0.372845661166  0.471177880937
0.327975040592  0.498693159664
0.480992233217  0.358398448535
0.563401096322  0.646255892494
0.759005231075  0.509813430958
0.584042281163  0.584973811414
0.408007670254  0.579797014244
0.510389248536  0.55557558849
0.663554865577  0.530893685319
0.69727473832  0.680702439508
0.403032757848  0.4052527695
0.385578825494  0.392441869018
0.509347501835  0.686280243245
0.53785526184  0.641477422353
0.426597661792  0.452023000048
0.588107985662  0.478917403321
0.301555273534  0.413863961137
0.342584980229  0.613539093281
0.515005007336  0.513553777831
0.381998331489  0.440098360232
0.633008160601  0.467129735075
0.506342253215  0.436855595572
0.602158171492  0.48573751277
0.504412655557  0.467933840752
0.52103493964  0.574688735228
0.632234069343  0.791402648039
0.402989407809  0.492451819157
0.582238712134  0.562245154839
0.491513010287  0.564286817258
0.546072729401  0.323932831378
0.553605330458  0.67154954588
0.373824856584  0.293235435466
0.473865517133  0.458174375785
0.482999692548  0.378799888298
0.404137236555  0.354963132104
0.428714997992  0.50013944335
0.409329814062  0.483143446147
0.535125935262  0.453432230517
0.541716011222  0.554291000779
0.499808475508  0.675165908667
0.467225083334  0.419770159937
0.47845249404  0.528894108407
0.667886220236  0.691482742823
0.493084696085  0.521171534192
0.472282204946  0.358034820683
0.543085450839  0.481128478766
0.451942536379  0.341974959965
0.47249438242  0.593665052297
0.325410594216  0.539459949342
0.489818119395  0.549425484853
0.471228690548  0.562286034366
0.528527796934  0.591306138167
0.439493501201  0.347464850294
0.598467852366  0.507092258839
0.478008372357  0.487828926287
0.566758279199  0.380717071042
0.437510907679  0.590919375741
0.410069750403  0.547840090042
0.444894864678  0.413169582935
0.307197374724  0.60879844508
0.526806489979  0.557386849914
0.500510868992  0.592960334792
0.490706294364  0.574788576802
0.57795778844  0.483978263275
0.481963074153  0.58925774083
0.346323898369  0.433298531224
0.44939289439  0.558066602054
0.387335091061  0.42361926162
0.611309562342  0.443560754125
0.643989356707  0.406088982364
0.508061329936  0.637702165507
0.450193241531  0.602305798848
0.387156598455  0.340278927156
0.501809161726  0.626666390586
0.556003100233  0.564616606972
0.536326744269  0.544402364559
0.509249625353  0.496672244975
0.676727319329  0.435446797075
0.504287072681  0.504558137278
0.475875535049  0.474132788038
0.58414546961  0.519648626072
0.444402616678  0.735308162855
0.416042697615  0.503808628436
0.336664528069  0.501662612572
0.573515268656  0.570863410474
0.645947850591  0.540090361292
0.601859017428  0.37853301966
0.482227770366  0.425317101298
0.627007234306  0.683957256089
0.596444799312  0.60790029405
0.204223080039  0.392228721898
0.520809083234  0.544123869678
0.671093217602  0.424826958147
0.423101365404  0.388374128229
0.629517440681  0.574175821608
0.400980819998  0.185206899178
0.430956457693  0.519294747648
0.467031608608  0.63788361627
0.552831080038  0.485461670955
0.41320472741  0.402933033391
0.485884828269  0.4788931712
0.559056505405  0.606521766018
0.464259111387  0.352531288757
0.391658434937  0.440783311878
0.580558526823  0.566942277255
0.610987087283  0.46032912395
0.55978830621  0.70217666626
0.653308544805  0.582530427348
0.642816546978  0.391743766329
0.388960897005  0.557882959877
0.457978442186  0.429216056504
0.473049901146  0.302650119267
0.638276378627  0.500441211748
0.712541759638  0.572261457018
0.454403915742  0.569745698099
0.230087903993  0.617694143642
0.519904922479  0.584525314101
0.749360855293  0.510176017662
0.561359411283  0.410208779366
0.654913053793  0.31895080677
0.324153517456  0.625415897239
0.302790642135  0.486025432746
0.524776801959  0.582856485056
0.438871378242  0.586988520442
0.48399360374  0.301517904377
0.58677970439  0.435847010802
0.41764065107  0.435771139295
0.526583787971  0.662270834827
0.457492750786  0.467198092681
0.403920539732  0.465352605162
0.596321631882  0.396541388047
0.478542429684  0.594745850547
0.394582459335  0.616957818305
0.346348087442  0.672303332703
0.473640218841  0.515705762764
0.436082657159  0.570306973
0.617490912071  0.362762334215
0.587506414709  0.518083658457
0.396577627494  0.435076712689
0.472927105549  0.528833617396
0.439928376303  0.381847236034
0.582254438876  0.466355319726
0.432917270705  0.66554039038
0.494960165448  0.586420906623
0.668437715441  0.44940352914
0.707398859868  0.459877775366
0.591989802159  0.386534224092
0.453454372127  0.605132908517
0.444617037304  0.558479196641
0.267285932687  0.404285631255
0.565894963546  0.598535415335
0.617157967605  0.649519643913
0.599076612872  0.65512723359
0.442580155285  0.501170642084
0.410201303763  0.458510996205
0.458909214937  0.596101939625
0.366179823671  0.420276390627
0.573370315972  0.446477632437
0.623827344542  0.513149649896
0.495589836164  0.552361689517
0.563031076395  0.493464906886
0.556174585719  0.637361017843
0.420462715428  0.291718272316
0.487523761931  0.663633450031
0.533338314141  0.477842994725
0.706380598991  0.437440305091
0.591320603494  0.417988637073
0.541456311344  0.479747045941
0.461832598679  0.517629508016
0.493315403344  0.374893760857
0.584105765512  0.52802434833
0.55613972907  0.422102736226
0.503621407951  0.562689717176
0.407817297809  0.503836726713
0.553241104038  0.355126689732
0.730091100498  0.668949162583
0.47385843539  0.290897289288
0.555570301316  0.566942576613
0.541033525111  0.471180797199
0.58466743659  0.495287590018
0.541873002743  0.561505803997
0.569623156401  0.593888134309
0.531653925566  0.33869195929
0.51424501728  0.362047255189
0.524418066576  0.478941036744
0.423425467329  0.537818446258
0.474111156656  0.596709177017
0.518385288275  0.312818345726
0.485776962567  0.532698052095
0.346153374938  0.474022276737
0.562236889125  0.459622963974
0.229688725363  0.519010711948
0.720525993011  0.506003784967
0.654050488836  0.434189108223
0.302208899775  0.432963357854
0.615699176029  0.347351550325
0.591846110248  0.353159659484
0.59667368979  0.476796385403
0.451757718594  0.578671206208
0.502017097361  0.561497001688
0.429890006603  0.643569524156
0.610107847632  0.42958054039
0.504763474676  0.682944991807
0.618247727556  0.567560486985
0.766254427239  0.444268753071
0.465487300191  0.423718278522
0.524181025439  0.485210777291
0.526135830437  0.373234953201
0.583584548407  0.430383083412
0.459001736935  0.423538858644
0.56289458715  0.686005891635
0.534057873134  0.46521343664
0.479441468168  0.349358044881
0.43007355069  0.441136572002
0.436970327263  0.391018029961
0.252349242748  0.53529950355
0.393589179256  0.636357178813
0.678230012735  0.692444392027
0.414083498508  0.549779320115
0.481839895776  0.531073329003
0.498844826551  0.562741880516
0.541685344526  0.544434287388
0.604179285476  0.586932937341
0.530520855231  0.610129005391
0.439630307308  0.581379426706
0.36316645045  0.488777210907
0.540272924064  0.560919698682
0.615200705291  0.438312842524
0.554480037262  0.364411953383
0.531563234572  0.388585575003
0.587659604326  0.589785549711
0.552407771007  0.362357450798
0.56514103282  0.559034750061
0.544297050585  0.501145678402
0.567508447307  0.675942826551
0.525508035351  0.601553886643
0.541352977269  0.37429960388
0.307042374071  0.395127622183
0.648360048409  0.398250513194
0.537147065058  0.665655115437
0.558628585036  0.531843768463
0.345699530545  0.289709594252
0.584876098573  0.508519197801
0.493302259189  0.519754821686
0.437217918254  0.420412295155
0.391990283841  0.384179259371
0.455439132203  0.44197240252
0.620863615054  0.469149965254
0.489530404153  0.48914483888
0.520911973656  0.571362380608
0.567132981922  0.4008865889
0.67486881457  0.526555305092
0.607540831368  0.494957697394
0.505111232807  0.622772046239
0.567115741627  0.475657470555
0.55662306357  0.439107402249
0.394454982539  0.29793031197
0.549725058544  0.346650150104
0.38245652368  0.587243951628
0.780984435631  0.369277959905
0.492630475885  0.511259218674
0.572035429238  0.554209025119
0.577875975597  0.524551725842
0.514436587567  0.515529910238
0.466557630818  0.270928663571
0.420565713616  0.653627811721
0.39713496518  0.505483108964
0.642073947509  0.445706605619
0.629338151164  0.601098918264
0.517609559061  0.501181524567
0.380384324491  0.560492345326
0.573355527369  0.514815031908
0.51833549872  0.609070783808
0.663555672402  0.379473336121
0.380733911029  0.404665795666
0.587793555097  0.609299263308
0.548509197218  0.579153253829
0.480546039707  0.487413066281
0.644002305838  0.45743346375
0.495226932406  0.438110805171
0.53133778486  0.590597511621
0.415747883319  0.609404388014
0.47649658267  0.456824442836
0.692394257089  0.487024053072
0.467040270866  0.418382276325
0.601972880282  0.444978899368
0.656518774561  0.628724282098
0.47281997059  0.497657176857
0.59194836327  0.368821490108
0.527094450993  0.350077592172
0.495500555397  0.508304984784
0.390828556431  0.59975708662
0.532637830115  0.635958811953
0.412007881805  0.755921817585
0.392699841005  0.548001681032
0.317607468653  0.495622275146
0.398432716427  0.519813138087
0.336380171046  0.603763200319
0.501141535207  0.445515312549
0.46287128884  0.470459271443
0.416538255793  0.51391503415
0.578991157734  0.365678565364
0.486196843446  0.553816394442
0.345739998308  0.652598940828
0.638735780481  0.687906044716
0.420801151702  0.561696031843
0.412311666336  0.570326441321
0.648702560776  0.477949266676
0.339385873681  0.429075765906
0.614394040467  0.686629555777
0.697696610588  0.320185662687
0.510693763411  0.548015812302
0.698689524985  0.35297056229
0.543268710483  0.456504047984
0.371158219987  0.534682681381
0.533765243758  0.676868294698
0.495587989431  0.479539216329
0.31858593986  0.6054232124
0.535917255892  0.436693416046
0.566783377587  0.310375022612
0.613521679468  0.58266257417
0.595423559836  0.570931758801
0.570036582299  0.325861635539
0.467785364689  0.556467901872
0.483861754996  0.36269245326
0.423410826589  0.606039176633
0.520416507159  0.498297954892
0.57628064675  0.44657753047
0.280364347117  0.641369703702
0.437536767578  0.485186216774
0.697770548103  0.483530370824
0.432424904188  0.551183478
0.511160688766  0.515022064337
0.560465206726  0.38396251106
0.473742186436  0.52137733945
0.449239965027  0.412866222637
0.568559000915  0.379862878794
0.492140001987  0.415768664871
0.395766201463  0.360506149703
0.517189348642  0.500515301499
0.395405292437  0.316975369779
0.531340790176  0.440317305493
0.661894655149  0.491045527398
0.289669985583  0.418350557162
0.313470780227  0.580398857383
0.422735856194  0.433414549986
0.615435999676  0.523903671916
0.587909043349  0.541054556992
0.435299896744  0.470773437806
0.505541640185  0.552587232288
0.710243454524  0.480060062975
0.415435093987  0.627238968143
0.552842603137  0.486224146549
0.488298826035  0.535720904072
0.325726632733  0.423149164289
0.437245084497  0.552256983447
0.479954372466  0.497149225054
0.555587083371  0.384334715096
0.2581717554  0.415957546884
0.588642839157  0.603118331814
0.518320803624  0.583213220084
0.469678683293  0.721182368739
0.505258368782  0.73156204927
0.627957281564  0.524809884902
0.313865810445  0.544220954325
0.510510360587  0.45616999433
0.528944100416  0.425539242937
0.461945842877  0.557220473414
0.503341029244  0.540119272107
0.320923516285  0.668441958472
0.556241211415  0.615909212288
0.349471225609  0.646633908204
0.432631445861  0.488807859067
0.474253266507  0.411650127493
0.548509365537  0.556181259431
0.503937292255  0.630915730072
0.478661418434  0.436086797294
0.556809476029  0.342366226357
0.363123754938  0.25444528881
0.51063705555  0.481620868971
0.45972869087  0.438582507439
0.332493236776  0.590821481331
0.467859306902  0.491424935649
0.651901990315  0.34146463455
0.415435992561  0.509537272278
0.473673211052  0.467868471312
0.499906262091  0.566776180505
0.505603367826  0.386080271325
0.423706221821  0.819528027116
0.46794263618  0.45910491605
0.458297917634  0.374619256171
0.579584381845  0.392601418878
0.522080096832  0.669211834929
0.475452111799  0.362348908064
0.413085578871  0.545877688604
0.669740810494  0.42403219625
0.434790712225  0.577174396313
0.508527147668  0.501327757063
0.498337036369  0.288859455134
0.384766599287  0.531334274307
0.750081847913  0.46224728114
0.383069715264  0.291916749909
0.555903644225  0.396992131722
0.535405867487  0.382633474787
0.617921616431  0.611697691089
0.435475024622  0.374957342777
0.564825024646  0.497159977422
0.328421186033  0.35129591382
0.653285833195  0.410453803645
0.483846528945  0.776590114693
0.56307822652  0.398743570313
0.448463503507  0.49388502234
0.534141851804  0.397397866887
0.488315414148  0.429958562138
0.347477018735  0.562540891591
0.395463120442  0.55756335485
0.602317367992  0.497477199029
0.391512325779  0.478139950658
0.447181457359  0.580653158702
0.641040150159  0.400013884078
0.601560579651  0.598876673445
0.504142177281  0.378542018443
0.578586012146  0.492140197521
0.417934145794  0.605878270276
0.420069153014  0.519811077482
0.534392312452  0.453578286105
0.461229578558  0.472010713903
0.62296652522  0.431188290568
0.613669366385  0.470227337353
0.449233596495  0.430173060882
0.503135367397  0.482027696143
0.285102560046  0.718253500457
0.60613762699  0.414546317819
0.612504744014  0.379211740353
0.499692298869  0.483553206111
0.563317632409  0.43393939281
0.616250508757  0.571352181052
0.484204494793  0.464305444481
0.405197526289  0.582512658658
0.260202780196  0.523039946715
0.793526573119  0.455753235874
0.458504616971  0.478080923498
0.477885898027  0.532392476194
0.51744294289  0.512772877834
0.522593813376  0.535379642627
0.770681278045  0.637221980951
0.571946782753  0.488860741919
0.467740529951  0.578345568339
0.53289654109  0.510888764543
0.558169556638  0.47222061815
0.51453056079  0.539780493427
0.420613647157  0.534475613395
0.580080666384  0.457187551484
0.447410182415  0.497540221409
0.536073221106  0.592716617839
0.628845734103  0.615793422654
0.545675294942  0.409890240991
0.553178878448  0.605330730129
0.611561417202  0.647536644336
0.584410044995  0.506183144271
0.558560896416  0.437126154286
0.434638189883  0.595299477398
0.631318563429  0.405031649088
0.49889484793  0.652344661781
0.478982842592  0.669766745972
0.45581897395  0.429084476508
0.665753657607  0.668835413226
0.488599421526  0.532927284398
0.35786760345  0.552246341008
0.44239847404  0.490606053039
0.344012648179  0.480462212311
0.486437448987  0.567091710215
0.584084077134  0.585327423204
0.383562362166  0.377113977296
0.570324938873  0.58828127091
0.479714305954  0.527290884946
0.539161844806  0.542803901375
0.596098420871  0.498012611643
0.528653673815  0.425183821433
0.461170882324  0.445544517573
0.636087413661  0.635623192231
0.355879469123  0.370256368367
0.466470921396  0.674135469166
0.395956496298  0.540378848659
0.427800072226  0.330093529189
0.619541225204  0.384578637272
0.56551322522  0.436679133391
0.351993633308  0.526527321838
0.597520749171  0.512464003287
0.436416037155  0.559043477586
0.398260732472  0.494692610877
0.486352632181  0.469612499555
0.583952788804  0.596800401245
0.299250934064  0.589050317075
0.436480849321  0.620615264728
0.519967731567  0.664751971736
0.387667667839  0.72814726904
0.532828449093  0.532973971102
0.257356988961  0.268536506545
0.548856992685  0.582221174036
0.618002874451  0.482284395197
0.583866070179  0.514906405014
0.339046391786  0.426326746602
0.533218910504  0.428686407446
0.536072661895  0.710446580159
0.360064206016  0.636245629971
0.581979463571  0.793291080387
0.456576010681  0.473409366496
0.546693749087  0.605184877062
0.549081939065  0.576527166282
0.428203473286  0.65342088936
0.422330268922  0.55158727001
0.321668423142  0.575680892233
0.588935154312  0.417013007773
0.382903044795  0.674440898942
0.49004226254  0.403416834678
0.469300613732  0.445590472875
0.443654989784  0.447371620577
0.432462224518  0.513001853628
0.402772506222  0.581256293832
0.434453867412  0.495701804716
0.363141153262  0.466152431627
0.472930843272  0.517333192695
0.564395166421  0.505311030621
0.496332489759  0.573071571988
0.527670659379  0.606961734447
0.607612781244  0.483068203534
0.491406088398  0.517585655959
0.493723709406  0.523655675155
0.455454580036  0.39827361443
0.517628768268  0.44230958022
0.548931685803  0.608473838421
0.579693685867  0.428253889461
0.604918135122  0.599962872213
0.625539143476  0.515409633038
0.497935848618  0.355361466972
0.548467583598  0.534231457664
0.540956940961  0.546716412011
0.512217489162  0.415095122042
0.532211157994  0.488460236064
0.54332613524  0.457357600189
0.572146231789  0.35651968909
0.600749177802  0.418511060551
0.47309590905  0.416947069464
0.615992321155  0.690140820731
0.425561815965  0.442018992367
0.472086973305  0.462537833472
0.692015495117  0.477255753544
0.525963580084  0.558019196855
0.523856575983  0.426076581608
0.436313723543  0.517436255969
0.662402598799  0.63243093536
0.660640664768  0.366480417935
0.507554791641  0.449735251526
0.346135271922  0.530582032814
0.345746146965  0.500796553539
0.503821864128  0.53986397799
0.68335890789  0.665120420294
0.627859675587  0.487331420198
0.646294737269  0.215379322465
0.60243563536  0.430643038896
0.378020867412  0.359740353211
0.543762351436  0.444916601119
0.626848559117  0.552899902059
0.387362972156  0.451042323214
0.628666798086  0.440552836886
0.599306539331  0.579091657902
0.504022398452  0.387229991744
0.557315947433  0.610384373855
0.589738434436  0.525974798938
0.643354322867  0.587173068833
0.378872883684  0.382768243919
0.551812696937  0.441376596243
0.584412111423  0.429090842199
0.571380258793  0.364538725231
0.572030185842  0.690589500774
0.476498628159  0.457175107098
0.529655747681  0.537223713163
0.393997290758  0.469168244631
0.454259954618  0.326609806961
0.565476523663  0.562667455978
0.467413616807  0.556165337763
0.397003951752  0.461816234837
0.501568425244  0.419971224274
0.780306858889  0.444518686031
0.638369344736  0.5800474685
0.561164180787  0.42092603744
0.64181942895  0.544552677741
0.531724846501  0.462078396364
0.605928166171  0.3793806008
0.524390977637  0.422750851803
0.61037748406  0.423689852918
0.470805218543  0.564248582084
0.475917166925  0.581211199994
0.434598549131  0.25114375206
0.523824113097  0.76582324603
0.502558215691  0.528538614891
0.552873801095  0.673149169025
0.497739709363  0.535654734342
0.535839690643  0.591136848934
0.470961743666  0.562132643944
0.397222042786  0.406837374095
0.47619057438  0.334267517653
0.635734216926  0.436367595587
0.377852713171  0.755269234178
0.367479713721  0.441328833352
0.457180452184  0.343795586013
0.529586186486  0.34897078272
0.483837592545  0.681871990641
0.495155753413  0.54283237499
0.547262979948  0.48935737686
0.479076904668  0.530970500436
0.440997796681  0.543367352028
0.384904454734  0.267681995927
0.53360324394  0.561439632854
0.597368096576  0.421890508299
0.30695585093  0.475938145252
0.499706166622  0.40063776495
0.573972154302  0.468339470248
0.667442763677  0.675885656671
0.442439843583  0.409132193907
0.468584030612  0.655666550576
0.369281951397  0.473721796982
0.571043872045  0.392206178751
0.591817301046  0.567368226692
0.439921486006  0.482202417049
0.519654167974  0.447643567689
0.563021858425  0.453638456625
0.595196743516  0.442270695346
0.452404853362  0.508830112509
0.521031750423  0.362447459173
0.407472922838  0.550729588232
0.51058366002  0.49646696102
0.55879320124  0.526918774526
0.415695856048  0.471866085492
0.586941075116  0.542538308376
0.552662534895  0.454056115759
0.56044515902  0.532683428214
0.431172140181  0.507842029386
0.501399801051  0.58026869654
0.444398215878  0.475310426765
0.476232076138  0.433599128945
0.497980992586  0.444590239829
0.461271307819  0.429424012398
0.581248608587  0.552172271554
0.568867928449  0.470584224154
0.667351901989  0.384200342368
0.438991172538  0.453032073679
0.497400398439  0.423830403159
0.508395533829  0.405797408021
0.449530410773  0.551154298057
0.426664453929  0.362239756153
0.501993681912  0.442322662465
0.437309428583  0.574266602447
0.323648458366  0.524914788737
0.540802162333  0.57608515258
0.384516780996  0.734117029408
0.487133088748  0.270051513219
0.411882587492  0.52786801187
0.613767372155  0.443174719832
0.530362506217  0.566079090782
0.390848305263  0.470361146451
0.60312425257  0.442208255791
0.58034489357  0.535361489816
0.474052513518  0.621401703571
0.425008499858  0.409708164453
0.413994529015  0.593053905777
0.43357305128  0.484939086273
0.413826832198  0.516612432582
0.572249191228  0.68570318988
0.572054609202  0.465394276088
0.488876462617  0.542986510245
0.562619829805  0.447191042781
0.438643801219  0.707738357842
0.575621323198  0.690999796152
0.679951460233  0.525836160516
0.511675777449  0.432988375171
0.5489911137  0.417909299715
0.51135424136  0.488128340669
0.358438585855  0.544604713492
0.392365966251  0.49245939782
0.268344777593  0.440326814218
0.466395183459  0.554440498799
0.465679346371  0.385938306181
0.470744929826  0.564775822169
0.495498657018  0.539558904994
0.584723098199  0.656366217433
0.574926099211  0.442309442983
0.532786668225  0.499096719546
0.452376215135  0.589793627688
0.303042958407  0.406655426048
0.310330195118  0.538011748017
0.63083564575  0.376114992953
0.488752659232  0.473400360673
0.404260946901  0.445194652671
0.775719311835  0.301616469183
0.516761032145  0.663814629624
0.346116297048  0.462281441416
0.566689542506  0.363338268579
0.435520928814  0.660698454919
0.277973375818  0.441307106242
0.566134991318  0.567058234197
0.33321668166  0.525350085319
0.382373170172  0.460141487305
0.499332857582  0.446937776701
0.583717756181  0.507793311885
0.484265797066  0.320877259838
0.46231083734  0.627842682669
0.600408197363  0.570014732905
0.553681965369  0.497413895943
0.462485081451  0.574879920843
0.471567332973  0.562550557907
0.393092813595  0.533902475626
0.593180563918  0.508977994666
0.542489574926  0.284704931098
0.490618361803  0.546143961522
0.565260201141  0.344851682115
0.622867802797  0.503804938278
0.415306841864  0.53874929313
0.475234316948  0.562475931132
0.451600617116  0.610765188535
0.421976006774  0.637672408371
0.510685755795  0.506712748613
0.433466149871  0.495244324957
0.620719463739  0.592596873073
0.459570878683  0.50459998154
0.507836007537  0.386307164048
0.664818060151  0.576547284026
0.58874086713  0.325330683019
0.585079338081  0.504563116
0.496955313452  0.531194189905
0.428609038085  0.5983020169
0.505492963309  0.331367964795
0.584044692607  0.481853296038
0.438744717999  0.570543853277
0.59087827617  0.523585574095
0.582558146632  0.520943624582
0.528728033072  0.594018394947
0.443918994318  0.398041074132
0.394284186191  0.532975489473
0.456039322043  0.59683385472
0.477210839156  0.790441749702
0.46804306053  0.48247879066
0.565941658009  0.543419873491
0.650176376409  0.413622367952
0.636867949886  0.594145706732
0.558643518698  0.43757847187
0.477807341051  0.721275929856
0.627016609818  0.737262018088
0.348394577832  0.504735981552
0.501704088453  0.545299923734
0.764312649107  0.567572423751
0.394251587857  0.444346998796
0.465105693037  0.333414385802
0.515485720443  0.557604557391
0.597255642493  0.66936977887
0.453920519499  0.538015623268
0.53754210527  0.465185088012
0.565298614765  0.638873205133
0.456746040631  0.395346785386
0.637491541812  0.41252065834
0.560177190795  0.612509986796
0.478296485471  0.510933404921
0.474236543327  0.458846428937
0.528429399682  0.364503488487
0.375443497286  0.61003907964
0.411860663735  0.601027336856
0.551567623944  0.326693841501
0.402760718991  0.403999063434
0.439071714914  0.450131889129
0.572680319353  0.49029462889
0.351191806689  0.406550819185
0.530178919813  0.512775920188
0.445043468416  0.58233451181
0.43743289706  0.698005477926
0.572906972174  0.411651536316
0.694004343379  0.566326443295
0.444236464905  0.50291042907
0.592137368283  0.557506325991
0.594003928513  0.421997162474
0.509835780005  0.542213225704
0.49950567304  0.548676194333
0.482689940728  0.332945342945
0.569790041176  0.495773486926
0.507955131583  0.436815296281
0.594216260101  0.493989393905
0.439224346778  0.476165764824
0.479766424152  0.589565028183
0.37143713822  0.403173067832
0.447571448637  0.648476380338
0.328575519753  0.642669091976
0.512724937505  0.612545879916
0.516495113149  0.478587261538
0.812059496902  0.502505804549
0.504389700861  0.423438198245
0.647467822442  0.438943795481
0.574811876341  0.500183996676
0.528226160174  0.375138670729
0.310138354764  0.486782798011
0.447103091989  0.451871569
0.534556548831  0.677717001332
0.429443152646  0.359928420109
0.533506433722  0.550867218116
0.607274770858  0.530349425524
0.346687436685  0.399768236958
0.394905253516  0.458690478366
0.439389116417  0.539698967833
0.527696629258  0.573615229138
0.463980821011  0.47404966321
0.579602107675  0.596841840305
0.294943108342  0.563596571365
0.589071525557  0.441157984111
0.546376067603  0.368720822684
0.677163709712  0.49029782028
0.528975414839  0.46711960693
0.436596520166  0.485512100984
0.557350939719  0.565367841548
0.538214732281  0.677446257362
0.522636608972  0.391733803215
0.476777938233  0.448838577579
0.276342715942  0.475749343757
0.457244911757  0.401468500643
0.521214128336  0.31161905785
0.424970705137  0.44221924124
0.687658023977  0.370411729385
0.41511240604  0.501903329816
0.477668534453  0.654602549056
0.604125564253  0.676983730725
0.252185116858  0.453008953409
0.370844412215  0.45961631862
0.408863000704  0.724697646585
0.522057643595  0.397167030893
0.471455527996  0.57606781911
0.545697244859  0.468251829166
0.60641524982  0.605736531971
0.505807247637  0.314595720702
0.44420596504  0.681628618546
0.467634547316  0.448788432151
0.539935247157  0.602389413143
0.346929621504  0.510321916835
0.583096765024  0.477971546623
0.373219114526  0.419367871086
0.478436607098  0.324689683258
0.531985369821  0.5038073601
0.584516118717  0.529607490259
0.518851294124  0.499811267872
0.472494731484  0.63574863189
0.496965228583  0.418163093969
0.556467597325  0.432372935566
0.420792375583  0.431358754377
0.384212297364  0.467185213519
0.409868302642  0.406984877747
0.476194489423  0.475246849405
0.634109018567  0.579671155119
0.375551744497  0.51302961761
0.363878564077  0.652085773634
0.612786186747  0.537882343906
0.343323752933  0.593371405774
0.676619363371  0.638993434648
0.36425087958  0.655852740528
0.537467766766  0.505750025777
0.523853726834  0.459011350747
0.406698615178  0.386193689041
0.477303227603  0.306884553115
0.624299549368  0.338628742484
0.291573829174  0.455766780711
0.312185148124  0.588217547462
0.521006547508  0.576993205221
0.52475793042  0.571359459315
0.625501834133  0.46617095661
0.529536719932  0.432462268783
0.476338947699  0.448580950696
0.477344183302  0.595688842172
0.569078779627  0.443708336422
0.324576731423  0.581450803489
0.51378788225  0.617217418161
0.316677027125  0.512492601692
0.691225938514  0.433163508625
0.600189373927  0.509254823451
0.455538088994  0.33266157332
0.661918475112  0.619556139004
0.525757005739  0.590462304028
0.521994714084  0.506185056252
0.419723384681  0.451803944151
0.600983941459  0.583056594599
0.33228782477  0.429497379414
0.462209847314  0.572206334889
0.549511349675  0.577173887414
0.626221435063  0.444899440511
0.587700104736  0.636464109239
0.327747792388  0.52759600736
0.547376336486  0.499940270373
0.248032029152  0.556434089606
0.626393644294  0.614297876284
0.534782826008  0.407892286929
0.40975303793  0.45081577136
0.617933807024  0.425581977021
0.641625000765  0.27669397321
0.495600552162  0.432776022103
0.456882442422  0.551142767286
0.520082160181  0.460308442654
0.377128748604  0.376694646922
0.397165426678  0.537692329995
0.592401176008  0.576549985533
0.490707151003  0.442767507379
