0.530202702171  0.383597880637
0.512110557918  0.536333981139
0.557806706181  0.566457645732
0.798270019073  0.483384994582
0.61422057357  0.69534682226
0.3497326955  0.51495442958
0.572694070056  0.658276212762
0.538871922281  0.456591380611
0.317582472201  0.4910919389
0.553041026403  0.390725973243
0.158575987059  0.460134900974
0.486676752786  0.462650685651
0.623552959322  0.303156689991
0.595327089932  0.51412296556
0.497378270096  0.595666166288
0.394965589883  0.580797510792
0.59831756092  0.527250651132
0.354080257588  0.496761176079
0.574861753011  0.594767725436
0.449231790204  0.55093832909
0.475112915608  0.496549058585
0.495116408537  0.431409152122
0.497561404349  0.438496691416
0.508248068256  0.388232462644
0.49170166288  0.432961286007
0.570816803873  0.480741066396
0.348696224769  0.442196936053
0.554409977206  0.51909849017
0.368852474668  0.469797914484
0.513040479928  0.462611083455
0.725818988828  0.66087052673
0.802537441166  0.537932882772
0.434319243989  0.38430065334
0.589203885975  0.621250824206
0.534443274317  0.587254276775
0.397569518876  0.493501008492
0.616078025977  0.352615432646
0.43556428947  0.585745139378
0.352334742742  0.283073043732
0.455272686724  0.713008154207
0.579220142284  0.597303562822
0.517420437145  0.468598929849
0.449860058793  0.671107109691
0.608126621655  0.483551632211
0.569663615615  0.701585411148
0.458506694446  0.419176228744
0.413089008361  0.534796787543
0.289761601702  0.342338705137
0.555428133574  0.462419038957
0.500480303367  0.63894323243
0.481300143095  0.569887891595
0.65340934357  0.693888247964
0.597762490536  0.689007124948
0.49345837478  0.376478992656
0.555992397393  0.448210999351
0.513388332925  0.302473622279
0.514246256448  0.453647671096
0.419782058256  0.528648189799
0.572423977034  0.510984724607
0.587146315966  0.449469194027
0.589570513553  0.441834379776
0.622356481901  0.604404142556
0.447169490729  0.576788910645
0.474744008932  0.611347575713
0.697071204933  0.483094976934
0.684638803075  0.432680219578
0.569619290905  0.560755271004
0.539458353076  0.604860898833
0.495667318327  0.618011324796
0.460993170684  0.482086967399
0.508968001676  0.405457842812
0.646092311872  0.611427784972
0.544048292565  0.587859955686
0.408162112384  0.444346250962
0.550353883512  0.387492392333
0.597626167534  0.474579280439
0.705527309688  0.411081353274
0.504930043094  0.326344471609
0.58613480084  0.551937749298
0.642096094385  0.525483201895
0.640473138206  0.400405983988
0.501563508756  0.527625037484
0.591855814672  0.379482833204
0.252085335021  0.477695328762
0.438168394394  0.386798782126
0.467834032702  0.378842164144
0.498883012445  0.51997548479
0.489637079271  0.487549427925
0.450192498979  0.617804303679
0.515626977223  0.528567022999
0.566109017915  0.461493930255
0.348660846202  0.469458848793
0.530192043065  0.512719358275
0.5870417073  0.451248557082
0.615976891407  0.370589973182
0.44497486301  0.420096191824
0.508086588298  0.60350174627
0.481847586225  0.46804466094
0.584927680872  0.146432722975
0.542947470603  0.421509580925
0.278755244118  0.529627276852
0.524993079148  0.567524306598
0.356985509229  0.374852647531
0.735389305376  0.677659383092
0.499505541728  0.511950292531
0.339053066883  0.55324779605
0.715178507847  0.415328798968
0.49805837304  0.580424418291
0.625969936749  0.599069334386
0.682395940981  0.558664937285
0.497985946107  0.529349370773
0.536251137259  0.612984205021
0.609019898288  0.591615750897
0.635180574829  0.514703245038
0.594231329633  0.572256325624
0.514660039316  0.618066896101
0.601731709993  0.51935737015
0.554107235501  0.569242532776
0.548079272659  0.567107292032
0.614990637629  0.431841813634
0.602269846548  0.621046136798
0.416559745269  0.521768751417
0.47260770045  0.377879611077
0.423273833219  0.459856261166
0.44304241101  0.41755975899
0.577331288114  0.495676785937
0.671108770441  0.179902068213
0.546896450891  0.511585112295
0.380382059862  0.473094285721
0.47487053008  0.645902726019
0.480210685109  0.491537363613
0.666706143905  0.477675066703
0.413415236664  0.727293365828
0.75306095961  0.565547611073
0.419558276634  0.493049682422
0.601241007931  0.619260541722
0.436567367088  0.492544375627
0.525953415273  0.461566194664
0.450417989113  0.35935941938
0.516119388839  0.64795609033
0.447521409592  0.487885194966
0.350382953501  0.459745738685
0.40492111955  0.413409607083
0.30226286124  0.492783757814
0.358828951987  0.632834054926
0.421306005085  0.393255652921
0.453645079976  0.4890522016
0.257461557679  0.543522677112
0.426096606579  0.437483758624
0.522563297586  0.443368609728
0.31829897253  0.661101773361
0.629226494341  0.551551812381
0.511300898859  0.528897677215
0.578502598382  0.694620370565
0.446556633464  0.541272236761
0.68188711844  0.591754592029
0.550042283154  0.614444006407
0.511283974966  0.407919948007
0.371718489394  0.416301718048
0.569645493279  0.39520181512
0.508317009355  0.546985257362
0.397957744486  0.47159061458
0.479617820879  0.500446907557
0.43673202934  0.49189370968
0.69924757953  0.640533608388
0.670422315929  0.728313771143
0.489847310193  0.406525092201
0.46755015119  0.668939757711
0.55957203613  0.414389514331
0.571812220853  0.472379739181
0.487423320122  0.513724020659
0.250975517111  0.457087653018
0.605894164242  0.692590964199
0.389591268044  0.497698960586
0.566018499547  0.457386982638
0.494312610309  0.647651518737
0.478197883764  0.253291882673
0.47173149066  0.309658711484
0.50192832772  0.484700323847
0.586479752366  0.67952953844
0.49121898026  0.521990945934
0.341854169767  0.44392566658
0.503309908691  0.415966926829
0.554553633458  0.439794800446
0.280247449179  0.571189344647
0.465170446073  0.428496895625
0.468891960102  0.448589630146
0.481512905385  0.37017234492
0.519380577455  0.406347306375
0.516318447787  0.571474891463
0.176695816527  0.43315364146
0.41944673058  0.523024948928
0.303892607449  0.542592156693
0.434005786754  0.403359128048
0.46501302317  0.392181078125
0.51588833045  0.505588360615
0.552988444094  0.597991489998
0.539280051617  0.555434162241
0.298598397465  0.298281080798
0.674843757276  0.45328317554
0.699217363712  0.349667874907
0.558310048252  0.365597211556
0.677790447601  0.593747295806
0.444547555934  0.365404870919
0.5241284414  0.613972147125
0.430411610917  0.619078707617
0.45498660754  0.531638327894
0.631883734249  0.369329201657
0.547671970336  0.53657622906
0.648137887271  0.427694516783
0.36931145816  0.763083935021
0.470754074144  0.477058503802
0.410497291896  0.639804202224
0.537336125838  0.311627525967
0.446492641935  0.613302842364
0.415079794771  0.447581030788
0.355303561838  0.680804582417
0.54093074783  0.41030621903
0.536677332875  0.306964940399
0.598430829184  0.483868919804
0.414339542005  0.529988156833
0.433154110395  0.492477104672
0.397054264158  0.48967853083
0.650609963538  0.41825201879
0.600535317077  0.481102367302
0.480658666862  0.606617560154
0.53297423448  0.626262883561
0.60180167822  0.442370323416
0.63977129821  0.439875351248
0.529630984226  0.388012496877
0.452580042333  0.559094543468
0.494858762451  0.48062904506
0.322736324066  0.389493824598
0.476675891528  0.315698702896
0.558578470642  0.61167468702
0.520864052003  0.60717171536
0.339266751829  0.472520842717
0.742894427721  0.439524177609
0.409911424484  0.598256206516
0.640426405275  0.549836261747
0.620718558301  0.507783893238
0.428500096795  0.47056367468
0.532814018472  0.69143583469
0.453228662041  0.462388936485
0.648439134033  0.529550060665
0.456710425074  0.463865882855
0.567593546656  0.269948800739
0.443982826691  0.513037541472
0.433347779213  0.481490959697
0.492439903251  0.461268491457
0.481154769912  0.519940306178
0.539307133677  0.437352144279
0.569162222784  0.391001120706
0.527600178822  0.608957620901
0.498508370668  0.350163973923
0.580180326701  0.603108720534
0.507164615324  0.544413451127
0.290586320074  0.450170454241
0.570525082252  0.46158661785
0.50356960198  0.365972094432
0.163605426863  0.29891254411
0.365239940016  0.517404247649
0.505300157539  0.615948131657
0.442861443931  0.466720220896
0.426168080932  0.524564000045
0.489127049171  0.631060445339
0.547509948217  0.409137616822
0.682904602339  0.518825262687
0.540979784286  0.557962547309
0.440251894459  0.523087589198
0.468937081507  0.514647386147
0.387695158036  0.422885586637
0.518176339657  0.753501424936
0.449101103382  0.463711494799
0.274643343908  0.500482054449
0.480901960263  0.669992356604
0.423469653882  0.540730154518
0.672289846063  0.328650627183
0.659314268505  0.380738429368
0.500194601781  0.526489124919
0.477702856699  0.636096394924
0.501104100696  0.561066975104
0.38011427702  0.505260638651
0.619535885335  0.587643353419
0.464687103278  0.624797865874
0.499774388136  0.544369308449
0.556064697194  0.535684367299
0.538268749031  0.596680166318
0.370781803362  0.413655046638
0.480402383455  0.414964593468
0.408602750635  0.49037455348
0.486044275639  0.445910185481
0.446797657818  0.512285567845
0.420467951756  0.504057812925
0.704351225392  0.593367009916
0.579514028076  0.462654469177
0.515179570694  0.49926982273
0.407527745858  0.368975646609
0.442036727433  0.565399302856
0.577879907241  0.412028896547
0.400900511105  0.535217650775
0.517432744537  0.381919237253
0.468848734259  0.54264442513
0.378164312734  0.329595226105
0.380952887747  0.474657893764
0.379443758125  0.262491745695
0.414130832906  0.355673328665
0.466867729467  0.627602319989
0.382712683123  0.611942718465
0.517302240147  0.482981485103
0.635227635198  0.415722650225
0.332434127691  0.538284747216
0.494949296537  0.461469209037
0.396865716612  0.499167076978
0.461396657961  0.608441802523
0.577355947492  0.561835958966
0.405775823183  0.448029174582
0.610820406651  0.614488846385
0.669293781453  0.552691156133
0.441970446366  0.438569993016
0.453192743958  0.537722755721
0.419384321882  0.448323329766
0.606352541468  0.535706590532
0.554437468855  0.367185151879
0.383228536431  0.549672923373
0.675899680787  0.416363432853
0.643862356801  0.556640145946
0.56988680296  0.631390663491
0.311839745897  0.479788779795
0.5038350296  0.556039647759
0.558137597362  0.475163457248
0.589514210171  0.502171119101
0.62846961142  0.594463769839
0.472555415306  0.397285010465
0.489277771508  0.533206756528
0.480348906414  0.336467428731
0.550852428817  0.504192684793
0.392357756611  0.364758485825
0.311267140302  0.508630361176
0.574604612939  0.629106701584
0.390877125796  0.50619136856
0.568882013973  0.407414872333
0.416286882  0.525434377179
0.46411265238  0.598861445745
0.594987949339  0.644454804941
0.625462505785  0.508902299785
0.560842967622  0.526841881209
0.53240081236  0.724154045172
0.474100296945  0.447303659605
0.708612661101  0.468276019479
0.525413090574  0.539922066063
0.562549324339  0.356010914525
0.444977293045  0.638692407531
0.67885674966  0.482614028262
0.539828296738  0.402482222866
0.506403959824  0.481485693714
0.453767692801  0.461195640509
0.36945709259  0.407547290286
0.370669141645  0.596361479065
0.555921158032  0.479351142007
0.537258711077  0.507228205541
0.520342052839  0.365925324502
0.527002923156  0.426271762195
0.54240285479  0.542527203303
0.558982792602  0.639345452722
0.44342255336  0.425473603268
0.437741877275  0.503413315255
0.479193798549  0.517785910056
0.449291003103  0.46062905219
0.637045471954  0.488554631878
0.675605335123  0.509912869163
0.519838091557  0.239190918942
0.453304566476  0.441625843512
0.421203466592  0.428130695076
0.596132810526  0.570667903299
0.588766161847  0.471214101647
0.514986743657  0.500422729608
0.446537699919  0.50313598965
0.293578346222  0.452410913674
0.474351171732  0.610447240115
0.625555856887  0.65786623802
0.479532296971  0.450312289381
0.658006986533  0.367863959296
0.748015673121  0.548762857873
0.625817730813  0.585710938704
0.452374094841  0.380369509538
0.549252024237  0.540577570044
0.46270420145  0.498513247588
0.545323168591  0.417990039916
0.371827918738  0.513253337671
0.613857522155  0.371102159573
0.459726590594  0.368610004962
0.495324152343  0.507691475293
0.462185576122  0.582546686467
0.375508443184  0.393317726267
0.419296318266  0.443844116313
0.412735789206  0.535687745464
0.525513055233  0.389219364727
0.48967812883  0.528707536863
0.586552517795  0.617162822012
0.354717274454  0.547464630626
0.590242860536  0.543789307
0.536495879051  0.478476406405
0.429210481852  0.490307963768
0.622933715597  0.576007329865
0.480398545266  0.374642632918
0.688380734895  0.509320088594
0.580672854939  0.483815287306
0.518980625688  0.652406345825
0.715037660784  0.379874358425
0.667872648885  0.272048729311
0.437563978681  0.532731986228
0.522538559963  0.48343129897
0.552105021062  0.629351567191
0.367359325509  0.628840143193
0.511414850573  0.540474231891
0.568626491461  0.542624014479
0.543337351893  0.386103042648
0.689725832278  0.443330933765
0.426672626259  0.679872354666
0.448476912882  0.432809883874
0.545878291135  0.389586517584
0.609592648864  0.573706112043
0.375055667402  0.450106635878
0.494119922213  0.664726694406
0.555999459012  0.31044533465
0.599435750369  0.55448784749
0.625279328272  0.408257394261
0.556871357605  0.565433140391
0.504058426992  0.610344410366
0.435464534957  0.626918758829
0.491696689519  0.582096385783
0.528618920755  0.564805448133
0.412101902359  0.583717765743
0.536434016099  0.572173524974
0.444123566757  0.394156869561
0.545078610324  0.400566159538
0.325717228441  0.455999750345
0.442977590997  0.575037715782
0.746198907466  0.420009891846
0.360046159378  0.403992635373
0.51530441288  0.337786214084
0.462465575314  0.466374860279
0.535473622293  0.495677334244
0.487215736561  0.502746840644
0.468867133644  0.49240173512
0.368297306103  0.499298549394
0.511565359124  0.487159924552
0.509771496766  0.549497530448
0.534164840645  0.472628612488
0.307084514203  0.714315866223
0.460747522705  0.510104857689
0.448841954484  0.417022055382
0.573829540907  0.268458424532
0.626876281909  0.664769699308
0.429341931504  0.623362799394
0.54690432497  0.415727956688
0.368358785863  0.768027957998
0.570473649524  0.447190634939
0.605286921232  0.601539534929
0.221985550737  0.377463977903
0.638653967162  0.606050175129
0.487906607775  0.625929053224
0.68152929528  0.450729730967
0.625273453781  0.459093388689
0.697785950722  0.353823270426
0.376534362618  0.58196709556
0.433060878346  0.465913955908
0.527242029387  0.506217225393
0.600006126674  0.541729035539
0.5902711816  0.558471586162
0.579906738362  0.514993062853
0.489732467748  0.390051490531
0.469234305398  0.640551648661
0.344498280887  0.515005578198
0.412997032556  0.400950200461
0.579667621769  0.509991289989
0.465489441315  0.600932896735
0.398892475079  0.365994536696
0.289430683401  0.522070795215
0.529942210297  0.427311151498
0.571227047512  0.705354117252
0.525919674559  0.485894681176
0.621293022763  0.737588413766
0.317032279103  0.626018119846
0.519453004971  0.421686177631
0.45670631362  0.543238176453
0.465319087013  0.65598356082
0.582414438644  0.488967075898
0.565504424207  0.550637749681
0.492975430958  0.728223166603
0.385009572884  0.575473579565
0.535845984727  0.403540845946
0.453086605538  0.379076963085
0.441223189112  0.721406804755
0.474578249365  0.550611798386
0.544633074772  0.500275832078
0.407967889132  0.503366708521
0.453473698603  0.547515596449
0.46259583106  0.336749214738
0.379532270641  0.623310190495
0.420387790294  0.558667010769
0.567890244798  0.555916387213
0.458413684722  0.666949834808
0.584273316398  0.431913180363
0.444535061453  0.522826457886
0.528061763262  0.37786497219
0.518195197099  0.253424116635
0.457893932515  0.452564977189
0.604761205877  0.525715376306
0.476520546318  0.484998783053
0.545512773968  0.403169263254
0.599810597557  0.43002137693
0.634897645075  0.574528818892
0.444053823507  0.419299776943
0.469341157181  0.344537815834
0.533765708454  0.278726547477
0.553182490491  0.522235660923
0.414054981811  0.491086263488
0.507413769413  0.567681443232
0.442374033541  0.553997755589
0.444252912151  0.707756902448
0.55844679112  0.59981990972
0.473718921888  0.492149251893
0.427342952537  0.725122236079
0.516069152645  0.405943743629
0.641447380437  0.388329861125
0.568127370138  0.389844459912
0.56565652417  0.472176750537
0.496452392921  0.332254887682
0.412750893113  0.626764465169
0.37161834184  0.406826702675
0.56008393144  0.570583992439
0.565338925796  0.432500591114
0.534575364855  0.46836926586
0.409986545884  0.65206770611
0.466215614436  0.574338238718
0.618727869688  0.546395539971
0.570472598787  0.456990412438
0.597220873908  0.525215635044
0.463873090931  0.593983563481
0.446734685216  0.495006017323
0.558824650517  0.548343232521
0.385767663357  0.647073683704
0.507052891095  0.471135128292
0.493335623768  0.665920243517
0.529748395072  0.553227829195
0.49247516468  0.587842062565
0.467821105201  0.489190820881
0.495590317659  0.505483010917
0.377756405265  0.534589301967
0.376439368039  0.499669130384
0.511992236722  0.389947110087
0.569759622605  0.509998294775
0.451699343062  0.604200898939
0.422296384518  0.708031474052
0.353778056782  0.545899461138
0.318428903079  0.382393270694
0.563270153639  0.477086153613
0.507326872656  0.487798162614
0.590197537099  0.542399956341
0.425674704933  0.395797348978
0.595103596704  0.653381341784
0.418990398294  0.33755881622
0.440173906972  0.642516902878
0.600793731028  0.546497244095
0.587856005338  0.493714955536
0.553600992514  0.378968081076
0.475497581918  0.403304915008
0.681191600848  0.546948906291
0.685333292644  0.40069597013
0.454897118318  0.459716621975
0.492335302924  0.507764365339
0.500290521735  0.61184010667
0.432936047193  0.431340904545
0.510670474867  0.545259117836
0.551618643826  0.533681104915
0.557511258041  0.533851563252
0.33277541003  0.489564463975
0.57467712327  0.524609396324
0.483292871855  0.531211339663
0.400456449303  0.474653804512
0.550967715996  0.579931235439
0.40058936142  0.412555622621
0.347556335927  0.375866178185
0.643486455587  0.567411730709
0.581188195839  0.645083034027
0.56283098107  0.630918156728
0.54401827735  0.427912618039
0.632474913262  0.305926813982
0.433984796586  0.36795821026
0.501577757665  0.522443104864
0.518681148751  0.591718354169
0.464447810542  0.436498506318
0.548685279131  0.470403693159
0.575924730166  0.498947831682
0.61112389902  0.592939493565
0.553209617374  0.565654857888
0.480262153923  0.491507808146
0.41259768307  0.518762128507
0.463805258428  0.638042786835
0.393137281991  0.513233661499
0.373523671558  0.555591302518
0.508666377286  0.543005345532
0.718130797193  0.521073904708
0.418156319824  0.431668289654
0.451541040027  0.403469948401
0.453812781566  0.508848810559
0.523039644698  0.603309982665
0.509373840654  0.5998090662
0.635645583886  0.537761485914
0.497934896135  0.62596027474
0.457437595324  0.590466193751
0.487764689191  0.410233140219
0.520599208216  0.701711250816
0.574403020245  0.444646053964
0.596992453732  0.49728238332
0.483893698919  0.608034765195
0.504693798802  0.57403818107
0.472067841019  0.550183241518
0.506390480773  0.642372562654
0.551580813334  0.358668933461
0.498018333799  0.466504215844
0.617219472034  0.454646128445
0.549319712345  0.524984667612
0.43978986517  0.552769654196
0.425410595647  0.523082628395
0.548447853246  0.309130926673
0.404395335211  0.327582785049
0.356866637648  0.438319095044
0.49060826552  0.519880043285
0.409251861736  0.631482166793
0.510975468325  0.379331436535
0.470285285759  0.560136006857
0.403654544226  0.388648981695
0.627271194939  0.450815341009
0.421812833107  0.433818912527
0.457572907221  0.422830246296
0.544170258262  0.486476011248
0.531496077195  0.420687120819
0.499348443883  0.67760958864
0.536648343587  0.581337104715
0.395223555454  0.389961619811
0.325910100102  0.654450718501
0.421787104991  0.408233529119
0.521452898727  0.297618100736
0.465533306454  0.423216389762
0.439920275311  0.605878172025
0.519000320759  0.515027645615
0.517530968058  0.29711098862
0.436907676595  0.5944276879
0.415748727903  0.631681608221
0.285191675487  0.435052946268
0.684869813758  0.331918131413
0.604723865193  0.722391628992
0.594739963496  0.436708392027
0.461879002738  0.248245554132
0.467877381163  0.236986333195
0.197045231503  0.48930616631
0.4847898283  0.595343058491
0.523935805832  0.303729392433
0.382393327915  0.39731155072
0.651228197404  0.590884023556
0.513716062355  0.382371427538
0.409730895172  0.449964762319
0.508901172214  0.502422329129
0.354481270253  0.505440167505
0.385425478792  0.539235639472
0.566520220857  0.525623799569
0.553587472318  0.51153531771
0.366339615353  0.578334950931
0.428146981223  0.526068146245
0.431664387931  0.495391061456
0.53976098939  0.395284640411
0.622987493898  0.521709459878
0.500353736714  0.416482155972
0.559143391684  0.577909662023
0.489462251113  0.414557215174
0.469892968714  0.57890667132
0.572790244863  0.465682223612
0.415317485752  0.652358369966
0.24434620801  0.500082433647
0.559013491594  0.490669029012
0.541530918617  0.374582868956
0.570822828667  0.378686634185
0.516614710294  0.277417715741
0.533537487098  0.423574741715
0.529837321181  0.536706821413
0.638270999315  0.469581183654
0.560192132764  0.460259193344
0.499321621322  0.560364463295
0.681748423077  0.604341596
0.476159718262  0.339057193138
0.470494952026  0.540251647589
0.520823934439  0.609051678434
0.45171322984  0.610405353586
0.714472979579  0.406085740283
0.589960625909  0.404032542545
0.567165771835  0.468213253492
0.453703083116  0.397173086751
0.540590498482  0.405110681599
0.435013312679  0.748039449821
0.459282808675  0.530701883216
0.487573659143  0.448029915339
0.465650957792  0.41661190961
0.508611439438  0.341975547813
0.785151222872  0.577783079632
0.437029456708  0.451606853507
0.519770201441  0.379885478608
0.563994239923  0.530699951691
0.584047149843  0.406254267157
0.670782615303  0.520908346247
0.241740621169  0.610508752275
0.389759985642  0.499501910609
0.323355470129  0.383954832856
0.286330030545  0.391324017053
0.466105773553  0.629861976909
0.40986984057  0.645091683245
0.639924633108  0.320245552143
0.399206567706  0.493934357773
0.336926810761  0.477373441137
0.520679820755  0.640395370245
0.507855441794  0.539551659584
0.562959678491  0.448048671302
0.338050112405  0.523532397859
0.556752162548  0.807633724147
0.593949450834  0.397723515994
0.304649546274  0.526784872753
0.489530408485  0.446642310131
0.330247838474  0.638045774476
0.510576369529  0.296246712038
0.583726277058  0.505221872619
0.713517002181  0.500692738511
0.452867201956  0.535587292135
0.608963732203  0.320073167182
0.411462582162  0.376168891753
0.602898132383  0.543223440148
0.626574549703  0.5372377053
0.631891213108  0.531125998336
0.376861918924  0.586976648807
0.428651388194  0.386841686232
0.545330393615  0.633307945073
0.453543546348  0.480911128293
0.457350936488  0.629070216598
0.569402442213  0.565871122772
0.490548622158  0.45068174265
0.250055176525  0.504826064543
0.47784005071  0.325007206668
0.588761327381  0.65935767586
0.393335697071  0.530892109416
0.544687613432  0.546741667684
0.481925343442  0.5544739427
0.543102990368  0.438009602545
0.38079074674  0.598471897568
0.475076482823  0.44246038775
0.596841867798  0.449933026451
0.506341044198  0.5736342503
0.465734609678  0.747175447155
0.598460656811  0.43205708066
0.382929007004  0.575779449304
0.539805725934  0.566008694342
0.520716718168  0.527202257768
0.488783068188  0.42151717398
0.634532019125  0.422832646992
0.359835317573  0.620624517184
0.699587356124  0.429347842377
0.36402865292  0.686309780483
0.316843513099  0.537123708547
0.32196230695  0.425989416652
0.451556737209  0.491950554046
0.336700058498  0.519394177109
0.539942036369  0.418269357579
0.61649020996  0.482555181421
0.443628290952  0.64837098891
0.410245237828  0.619480191117
0.459120599375  0.551067063691
0.469571025251  0.478316261525
0.639006334784  0.493608906246
0.49413066851  0.424960314986
0.65037019583  0.646018346972
0.54405485497  0.469644083236
0.487240487374  0.533551112491
0.497154497606  0.472173984375
0.440795538095  0.364551126989
0.461319963371  0.469662250882
0.565491025779  0.386950160862
0.628824839536  0.528225134883
0.479040087543  0.503508637158
0.578658705687  0.588700262968
0.473937625408  0.359118820773
0.392047157503  0.420811312961
0.550690309551  0.474621459827
0.633374759551  0.358555621169
0.231913684286  0.402702938723
0.565055605402  0.472709896896
0.594379666386  0.601504168276
0.471966981002  0.583412671816
0.655419536415  0.652810556036
0.543900119539  0.395787603779
0.360924844005  0.577328940698
0.497146296469  0.552199202373
0.588797689467  0.641950984324
0.50413089917  0.511565713644
0.330795761894  0.415773287846
0.408835825733  0.400328397952
0.492379063772  0.428240532916
0.515084682854  0.469499372667
0.623856431004  0.542092768206
0.371671330575  0.681034192444
0.4782921902  0.546721197869
0.392910152013  0.474831254977
0.364695877903  0.537147614371
0.646009372148  0.450543010347
0.454461172404  0.561398496147
0.577214142581  0.521857158032
0.360360271248  0.575926879378
0.345749720394  0.484959072418
0.441191765773  0.457760859686
0.396052077248  0.400901521283
0.660672832663  0.428857276968
0.374486221797  0.495269310142
0.322762687676  0.473856088987
0.486314734682  0.379809652813
0.423669450563  0.490436578228
0.552989439526  0.490442865648
0.541517003632  0.558515520429
0.502561799622  0.290090603302
0.465878937534  0.600219599015
0.416981203969  0.57044850641
0.622741668593  0.470237142708
0.497543195155  0.384554178548
0.618093940932  0.366266821864
0.571183629743  0.469601414296
0.522511793819  0.586385394706
0.484901787075  0.335822349557
0.601730539926  0.562177561589
0.484608080635  0.507601121635
0.482098957323  0.600660278785
0.516504373646  0.559785614571
0.346386168189  0.503919539874
0.479947323657  0.593600923411
0.45779330662  0.562857831858
0.518456393684  0.611363261515
0.557675317004  0.516977402405
0.565817938955  0.536765833573
0.392803476897  0.525898890337
0.50863670566  0.463934264864
0.318014855724  0.432762367863
0.507309638068  0.424157670205
0.453994036691  0.479291314789
0.466495052661  0.423085083411
0.514226910371  0.613981909787
0.502807596946  0.435054194717
0.413858448061  0.513733485912
0.38339659654  0.30986922259
0.635437562962  0.490229333769
0.413750891523  0.491784326142
0.465621176883  0.522901580632
0.647477888449  0.468628329716
0.560081782091  0.364552954294
0.388266411824  0.471300345183
0.532726066157  0.503959829011
0.454777046503  0.386706261949
0.58534622731  0.520796144384
0.484887426592  0.485796056002
0.511797188938  0.3374485988
0.454101646438  0.545313189675
0.432329623533  0.471860446569
0.358013348549  0.544740137758
0.430174962591  0.60366065662
0.301306232789  0.343519476829
0.545370570449  0.526706527249
0.562300919786  0.551448372679
0.433752341079  0.565539325125
0.473506610615  0.51375553094
0.541623188881  0.454679448375
0.49887260663  0.772213826018
0.52138506185  0.523648774932
0.471274976194  0.351515106703
0.442741823711  0.548985764093
0.439811159353  0.473874966719
0.595455371208  0.409404516427
0.366430305356  0.445279913847
0.476043436443  0.61823917433
0.28797574198  0.695934907877
0.444201476441  0.229338597854
0.351095778814  0.388119484956
0.618219342467  0.536215627555
0.462504744332  0.444049034637
0.47121994716  0.422025904717
0.303370814598  0.67911416223
0.500327039789  0.394556261323
0.520821927998  0.56238385953
0.6130856014  0.494045487442
0.522908193226  0.591045933218
0.544264604705  0.452066174838
0.586091642266  0.602363573893
0.495733806956  0.311753271124
0.481020517169  0.436266970991
0.475652899301  0.476450633271
0.413905980851  0.401548096889
0.522235765078  0.575165496712
0.71280225378  0.572297420987
0.555230261921  0.540395324947
0.492098814242  0.465257815239
0.629174691464  0.433085079051
0.461463952903  0.465390102037
0.592788299054  0.382719021396
0.349018563083  0.381083635335
0.476021557282  0.534162122578
0.394860134356  0.663133701603
0.543530193928  0.317450539089
0.684353308559  0.309844111001
0.5673312809  0.435209838018
0.544956762024  0.389445166764
0.449893962576  0.474198302351
0.507599651538  0.554795535449
0.571513434194  0.761816760527
0.352153505001  0.52934896359
0.343527498995  0.493791173967
0.651028295915  0.47460410393
0.367388840289  0.525420262396
0.452551608018  0.442342754572
0.508934331278  0.442223942155
0.351034197221  0.505638583166
0.264221345892  0.542427772155
0.606052736046  0.562750853208
0.409247437906  0.468076812554
0.464556329394  0.617812741244
0.412463426031  0.489567260273
0.573494999968  0.571031191645
0.528833835973  0.493087103612
0.571762037988  0.586985709503
0.638587019133  0.658125676168
0.646964997024  0.474648047424
0.541915883444  0.553675578721
0.571865361991  0.430026171043
0.578966860712  0.387922745385
0.459073829148  0.480425912724
0.586473487314  0.623038707557
0.558512579932  0.49578154692
0.716847918503  0.61930451405
0.610589233176  0.363578713061
0.509079025492  0.384620405932
0.409530400789  0.503272318372
0.537420541973  0.245913298058
0.574407475549  0.530628961761
0.508585233331  0.530594883148
0.570558373539  0.62025188601
0.505798966505  0.511239946197
0.409353123268  0.527271713587
0.461779741218  0.537005724764
0.473302779156  0.401897261635
0.400592212781  0.305298747837
0.546470570951  0.293758449146
0.576745108074  0.449955399611
0.433693089589  0.596914374943
0.534645581318  0.437647167499
0.414629455012  0.376734004404
0.485108456651  0.366502908065
0.455771658794  0.492459564433
0.615504827966  0.430557033542
0.333983049355  0.492143635313
0.513533186507  0.637524653994
0.389445430941  0.541431318197
0.564909201507  0.691711367037
0.581364952104  0.468793536116
0.501522440896  0.641665397275
0.435838337407  0.472703889431
0.302958724613  0.599360006417
0.667062721721  0.338418884107
0.621403561562  0.556090874003
0.463794572557  0.508581646246
0.403427081379  0.551276172626
0.659387688976  0.478643709002
0.499216087993  0.506785014979
0.489534140608  0.573279747803
0.529745517623  0.413786001088
0.439649359197  0.498972147855
0.691197874012  0.596157649086
0.338801007934  0.355904673925
0.423614572489  0.464545369464
0.534165309475  0.528467646721
0.405178579052  0.467957239164
0.510408171522  0.394413487025
0.527762368136  0.427265406882
0.384229141818  0.444414837989
0.569880185232  0.545651117742
0.659129813418  0.628822022194
0.614391032117  0.284529781307
0.529426664965  0.347722913859
0.564462612594  0.573838534507
0.446280649813  0.520056855173
0.576607990492  0.530248002089
0.567569591129  0.370350885683
0.601236155477  0.587041051413
0.500488979275  0.428234068999
0.458676687615  0.474663049006
0.555686866648  0.430637585603
0.43276409926  0.38843541196
