0.654909982888  0.355821506111
0.450068955532  0.567237230908
0.460476667437  0.389448883376
0.455264556453  0.337255714923
0.573934605918  0.557290341027
0.493391692209  0.583284278292
0.567416547678  0.439321200674
0.350576875959  0.460853124098
0.313887847064  0.467748810586
0.266873094479  0.563401737785
0.36483658992  0.371309889927
0.498346930057  0.706924949837
0.34771542417  0.504468993778
0.601893319332  0.383562103936
0.418254560815  0.502622836004
0.402477888364  0.383699902677
0.315002363872  0.612049433457
0.396970024303  0.494387028206
0.478170014934  0.45583318574
0.548446120418  0.419061598216
0.471060946735  0.555220682509
0.371703806507  0.116436810642
0.515450935793  0.520038841955
0.371165071488  0.510195902802
0.478257753194  0.373910439731
0.572616149427  0.390823780476
0.45441068003  0.5833788741
0.45679115421  0.528905919605
0.503174407819  0.427076095932
0.487484713531  0.373670938023
0.488506365844  0.347330576281
0.415514996604  0.636501419931
0.398898266994  0.495433525632
0.336557240741  0.342249409336
0.523344308744  0.591310434748
0.40021890635  0.588891821941
0.367305053977  0.36045719348
0.419592262706  0.437287639855
0.448012379253  0.537806306764
0.429618887559  0.452731348179
0.386614350952  0.521669265912
0.466803388717  0.55557109915
0.558560224305  0.488785828239
0.395747935195  0.371508102395
0.487079636447  0.622426577635
0.71433820922  0.305792380716
0.493098370669  0.245316930057
0.546071929508  0.463148761065
0.401475286391  0.487675219051
0.524349065536  0.481410993878
0.469326741119  0.335875168363
0.498337561518  0.493469715733
0.467732123649  0.573459042386
0.363309733386  0.555391813223
0.361820614479  0.527936521729
0.466280101055  0.495040419362
0.585325622071  0.575955089744
0.482394757216  0.44382427726
0.595456713261  0.325564579205
0.601740318055  0.562352754777
0.396234987359  0.500768599744
0.618822399834  0.221733548446
0.454086925597  0.507732769599
0.501483399803  0.541996840057
0.402357318836  0.568673616641
0.377683095109  0.445112095243
0.763850311428  0.341530228629
0.573684789529  0.507738735102
0.419585859835  0.421808117916
0.540257877101  0.544294775046
0.338909535596  0.538862571349
0.605290643705  0.432483606443
0.495322429947  0.512748935848
0.274620677465  0.579243470453
0.452513869015  0.489234551186
0.371377245183  0.533742898868
0.264647816905  0.383099068744
0.44510753189  0.255928768481
0.363359145065  0.558206053422
0.404407411969  0.578534361364
0.352805475087  0.523526623918
0.544166008639  0.585770424937
0.524704270838  0.443257990513
0.691753846849  0.458497013618
0.581077584295  0.400785348508
0.453771507818  0.524417317289
0.417736104868  0.291666230726
0.485239723132  0.500673346661
0.459652116355  0.600543337518
0.543245963008  0.543573453278
0.557251304121  0.568983109992
0.666299162172  0.324149229603
0.550257018975  0.606913369382
0.736513771623  0.528977990992
0.472355163682  0.445611957005
0.506724711462  0.389422173036
0.510581620513  0.648090906742
0.529624062417  0.462798830801
0.640877748659  0.348540594879
0.658855454439  0.379670530541
0.575742977345  0.505640636215
0.55517486402  0.375040841007
0.546459277334  0.589303917856
0.566836378948  0.42093483089
0.580976897698  0.576941433328
0.566088504643  0.469659639934
0.395643449853  0.387854365684
0.532475040887  0.295463374666
0.401159382284  0.437202726887
0.576632382377  0.463285403711
0.441074568247  0.342495906745
0.512951270623  0.472069453913
0.466550194631  0.531834338204
0.426339449381  0.296712870504
0.498238087408  0.328335732655
0.443242108743  0.342807903108
0.253381811303  0.335465979038
0.605941273929  0.462169489609
0.52529208824  0.401198298956
0.524800711358  0.402361986742
0.457642025557  0.511574035593
0.346633756601  0.447463326901
0.545518766158  0.263552602592
0.633097791585  0.452095739328
0.439213070974  0.523278832465
0.671869833057  0.496919744593
0.563510110238  0.474777422876
0.509961220005  0.424778836154
0.606986003879  0.426038185973
0.520188266618  0.528781099956
0.521829653808  0.437379158628
0.565609107303  0.648097416729
0.532691079677  0.497081873941
0.410540784556  0.359869982892
0.34800231941  0.541168913462
0.367918620181  0.590468259431
0.493492206869  0.346501082158
0.554547069591  0.548494448458
0.461538464768  0.382693685583
0.390956836272  0.475250580875
0.493294001431  0.598403796509
0.52776603277  0.506862892784
0.557082981716  0.468948153534
0.584460288068  0.393697887143
0.423012978553  0.664814303816
0.285885286964  0.610853849887
0.414179958882  0.503227795222
0.51385422449  0.452784673278
0.314459690546  0.547903041086
0.239886009211  0.381451194533
0.494260933122  0.322597325554
0.509394676871  0.516525310552
0.502565568637  0.392224600505
0.495091679049  0.545542892838
0.497762353876  0.428731519629
0.563333336584  0.44344058723
0.484588072676  0.692989976623
0.618880282357  0.556175443751
0.383999647677  0.388818608158
0.522252912506  0.49759825667
0.539269073582  0.444166445795
0.315186059837  0.503417349689
0.56588934924  0.367387701426
0.387283432279  0.435658336423
0.448860447754  0.35430384224
0.649661761558  0.450305727779
0.536319677261  0.364894482291
0.46488530466  0.461872280033
0.482174231743  0.158699450292
0.590854403597  0.53872219589
0.577568773103  0.602049553365
0.260577418891  0.522260805072
0.654610596791  0.522578640108
0.437505171516  0.559131282922
0.545601317235  0.362220359186
0.447661697475  0.516021459631
0.518670761041  0.506110821334
0.434583760884  0.426951224431
0.591165208359  0.424149106079
0.461031157476  0.57611581387
0.485569944468  0.477653380027
0.578812952889  0.548390947499
0.345331032956  0.579380551574
0.430038225729  0.420799772034
0.528723387304  0.418722305207
0.397525287309  0.500968889604
0.359767918008  0.52160625243
0.675423097914  0.424395750245
0.645098311325  0.537788897205
0.49046779261  0.476504288907
0.485278287852  0.404256093884
0.705054579507  0.335886360662
0.534305537942  0.356886435966
0.384790557653  0.416639368082
0.433047535909  0.505279262571
0.527045902717  0.373603835997
0.464012633386  0.497919975277
0.599346321618  0.469971713782
0.486260192049  0.45611251481
0.540829746235  0.364428105572
0.536026090118  0.360678954419
0.420600876296  0.532964959593
0.59271890425  0.491627518471
0.511719053176  0.460297530245
0.518154417386  0.425683049575
0.505900213393  0.558141852256
0.469770645825  0.631689815943
0.461430907051  0.5628265576
0.462599001668  0.585341455723
0.376822516505  0.311988512821
0.569470884037  0.455157819067
0.600411475005  0.408708200262
0.463538179106  0.43211278434
0.375804694324  0.433866841526
0.779717536226  0.477622042167
0.702921315471  0.485986228794
0.430095769524  0.411933508446
0.666615966522  0.431459888362
0.569955314133  0.482142224132
0.595325227848  0.323084514654
0.407223687269  0.296309356211
0.459144498884  0.509055020767
0.399892894246  0.413416265019
0.554232490856  0.54025512176
0.546978512628  0.592131519077
0.271855839265  0.579743222634
0.465871587541  0.548920679586
0.461161136412  0.50160282677
0.385634583715  0.633380616918
0.637348339286  0.456623297821
0.724870003854  0.610654532701
0.633938819275  0.363930422854
0.516917756058  0.471212079859
0.570955307674  0.461947749781
0.34987509741  0.517479392722
0.498796995622  0.501778356279
0.497773837344  0.442692450505
0.575083634414  0.531691532734
0.269787089428  0.496687192629
0.564477925253  0.554476343003
0.485550780053  0.508903877862
0.351304506649  0.611595266336
0.507493602503  0.387706365103
0.704479722547  0.49642051714
0.393997842147  0.26287364684
0.54771603032  0.466538813186
0.44664876393  0.483179387265
0.611807157886  0.389620958551
0.423716430946  0.487033943526
0.688590626785  0.646517861738
0.468742279083  0.453517624758
0.546234226968  0.567320642667
0.461470707633  0.516738598699
0.493803004806  0.612809993225
0.640585795452  0.561500901966
0.720101828976  0.37113564112
0.45897380134  0.291168409936
0.401919303727  0.499628879173
0.49961934933  0.527835829358
0.535916359766  0.461227213684
0.405580806918  0.689777598087
0.339237643817  0.580556197391
0.439638220503  0.460573132369
0.347418332619  0.588154580491
0.437692744963  0.470954315367
0.474746380354  0.440816123681
0.454947128943  0.283471043975
0.594693046448  0.464621304663
0.573666323209  0.684593693925
0.491733988173  0.405751842699
0.383056347071  0.515244238401
0.464784677961  0.35593321029
0.527266573111  0.492119995643
0.461904861765  0.501653521391
0.646246604047  0.454682820179
0.457063697809  0.578612763723
0.639366066145  0.43673020842
0.405423314025  0.364519105576
0.533774912479  0.372676239285
0.444939170277  0.596903991115
0.561907017301  0.565174900524
0.675690853376  0.355688855351
0.36442491792  0.398936083906
0.440179119879  0.424542947167
0.317202705065  0.579203443529
0.50896638153  0.353682812597
0.609527065391  0.522783322783
0.592929554298  0.533624534978
0.558850679319  0.440170853372
0.57309154443  0.579082333095
0.427639448772  0.586590639605
0.55567228909  0.312230692464
0.442621998297  0.587202485945
0.547214872341  0.524554106706
0.475053789096  0.467076096308
0.272136935675  0.423444713359
0.308365486847  0.371795775595
0.448436968219  0.490318835995
0.406639189542  0.500273054446
0.471621241733  0.582666518467
0.410603745363  0.620197127665
0.392604769956  0.622761758169
0.435041874285  0.496382579632
0.520824514717  0.419578682101
0.60950885731  0.538948416068
0.392537668063  0.408250116127
0.485579762769  0.581283924529
0.456270309357  0.274608483812
0.579234939448  0.419372891675
0.526970297606  0.309933085661
0.588169004382  0.356459446274
0.493508110302  0.561233988412
0.474617061201  0.387190533451
0.504494418804  0.487509414577
0.374064554815  0.468213935049
0.476802865744  0.363779182347
0.319225127151  0.555878506959
0.661808110918  0.494225786871
0.393960265894  0.536639477856
0.343184036459  0.529566828436
0.410101477997  0.61991037912
0.556224684408  0.566601410827
0.6081583534  0.534043326902
0.53925820389  0.661364990887
0.412191106178  0.420517518886
0.370972884743  0.465542375115
0.676633084999  0.386207254331
0.461978839439  0.496000998163
0.293820689917  0.665478006248
0.397166874374  0.53921576625
0.262417807788  0.279894178845
0.285843642445  0.56999582308
0.413638465205  0.315494844712
0.404675991062  0.626346160497
0.523333220685  0.463083103615
0.398170756341  0.406390135093
0.580148307722  0.573337122259
0.408112658848  0.441406940917
0.549106103708  0.547510112583
0.505372787151  0.393224389358
0.283104480912  0.349316166505
0.537715901338  0.648332490099
0.484683035518  0.627521220376
0.628874300659  0.509503225017
0.408983579122  0.461746986757
0.390991492348  0.476311159475
0.487267546762  0.636058061725
0.593663197336  0.457440105295
0.414944480587  0.508863172521
0.521092360849  0.647465387974
0.478195948582  0.545982102151
0.498538769241  0.53178294972
0.449076222976  0.438862162587
0.430494356667  0.517756742481
0.373276200275  0.513601564942
0.397344707001  0.482326060512
0.451384256562  0.508302953378
0.332948790843  0.493272924577
0.524839892859  0.237053881047
0.373337395516  0.579742075891
0.284282271482  0.461562934881
0.391732517283  0.460641478839
0.690740239461  0.449681999502
0.567548263822  0.764909561865
0.471993842028  0.575219876344
0.471742014768  0.6125990811
0.50849305396  0.588633825885
0.603196767576  0.426697079806
0.475097775815  0.565642215551
0.57141471027  0.383412235815
0.600156949888  0.503736275194
0.494246861255  0.461978282116
0.391100951881  0.352401634988
0.434558680363  0.583114522959
0.585212306452  0.450601416136
0.472637012767  0.442740905556
0.542893430016  0.484904724132
0.418314134656  0.467251344841
0.563655797635  0.433014023852
0.343964834616  0.44939877562
0.439693166319  0.385970864081
0.344475034015  0.464334410288
0.452339055882  0.556777624543
0.464501509186  0.526870125237
0.531477413968  0.372170076697
0.375253052227  0.485588009384
0.529264005061  0.437903547314
0.383170276365  0.488128120266
0.64365478543  0.463931149128
0.402671947414  0.530962564578
0.434067041154  0.548655112265
0.685557654047  0.542736820076
0.304550098554  0.615773858701
0.49489086676  0.369752667041
0.472362314967  0.600099460648
0.436407556729  0.603998356373
0.436120360907  0.523419518268
0.463873107372  0.337184329069
0.392956582847  0.33506610666
0.445521988269  0.60255849253
0.565682109381  0.525120597342
0.415826919648  0.51503180224
0.627777363798  0.556447574478
0.566931554459  0.547088184193
0.409982795388  0.338431750922
0.508021087024  0.583091295448
0.472611735963  0.554571566981
0.635456061884  0.543942441671
0.690392530543  0.144926809179
0.343559300347  0.415607188906
0.401638534377  0.484183240772
0.415101092257  0.499118393428
0.369383401842  0.553541789355
0.361450798661  0.500728053951
0.583217708217  0.384733771713
0.49817181527  0.542280242002
0.66606662396  0.692906407224
0.474735706449  0.567926079701
0.533579848307  0.511692824412
0.497331236773  0.451439813972
0.398877142611  0.557786997555
0.405406089715  0.460449821604
0.384037994959  0.466424587228
0.450070883281  0.373703654319
0.429888444893  0.326556311629
0.508714769298  0.468887928678
0.3505495445  0.480842202787
0.464392966372  0.306287812287
0.479848933727  0.533221515908
0.288156293694  0.268636371628
0.486893531984  0.37170635854
0.474134332799  0.469764185597
0.571634488642  0.730181330331
0.507227007124  0.369358540633
0.602085528602  0.440920707317
0.390348014502  0.460506878464
0.394046821408  0.409781167275
0.454616173328  0.306648074187
0.700022715064  0.529774394771
0.43671983416  0.455253514982
0.47192921703  0.595129998474
0.455715954855  0.563655744689
0.569761082861  0.576976289447
0.526980219155  0.372301958213
0.546984879979  0.592114925334
0.397960762755  0.469678415538
0.540005675291  0.555584848778
0.733892832776  0.458595074309
0.545911009557  0.521251086388
0.459357643025  0.742905256309
0.461612620026  0.535584894193
0.426604501016  0.409044919891
0.42405460536  0.316080310413
0.228122991438  0.3089461001
0.423791544449  0.360874350489
0.626280401511  0.486870564513
0.469877330595  0.436441698643
0.24495809508  0.403133270746
0.618752623941  0.307406301224
0.546036174946  0.515866559621
0.226640138621  0.534645955034
0.517090394793  0.468457333037
0.679657989872  0.458136685907
0.541789371618  0.354018992986
0.398826256727  0.418163882743
0.685146412624  0.534573536797
0.703220307809  0.454720852218
0.409155947352  0.397605760331
0.483607619316  0.455792506957
0.451377152052  0.603450264028
0.64186193692  0.487781007313
0.566504188968  0.278592520193
0.604206969762  0.630883421232
0.450990320925  0.492126593417
0.35305623549  0.473051630951
0.398973633932  0.45020901439
0.598685928572  0.391237797766
0.336039642287  0.589898104891
0.4789694949  0.445167871356
0.362911995299  0.487823673713
0.303051652492  0.525244790958
0.535129767803  0.431431781259
0.555894448406  0.57044125449
0.561420550477  0.574543230001
0.597991416165  0.54738588783
0.444848997194  0.253197001739
0.302517653606  0.568746752856
0.498654004708  0.438788450949
0.471063863223  0.415874896021
0.368052100018  0.504907456556
0.262321662646  0.45502257726
0.587971629862  0.374954620162
0.645175398671  0.614313035463
0.469989714481  0.487329364626
0.511248510073  0.460124475749
0.507273093958  0.386944469431
0.269572987781  0.50140773412
0.438790267304  0.343969851119
0.558247475761  0.538655441934
0.599579708835  0.494707187407
0.515110665138  0.557159642855
0.527790840702  0.547882547693
0.392551795329  0.414850339301
0.430055857206  0.515744515743
0.651839925285  0.358905993649
0.532320535967  0.503792831636
0.475336987558  0.376719125417
0.38076083826  0.517887578418
0.467859491879  0.426885004721
0.369860908672  0.443894802204
0.398832681669  0.451331804861
0.379980339569  0.496475091883
0.484924762834  0.652558160047
0.577892667265  0.391793421908
0.528576673571  0.513814134946
0.40433838473  0.559567549581
0.370049121421  0.573776875178
0.336674137832  0.516726346009
0.317318415886  0.524278919407
0.437932788687  0.808468818457
0.560567436936  0.425795299225
0.366690830655  0.4530517024
0.461925360097  0.489353227189
0.394302101437  0.250083846875
0.365636747487  0.574478624378
0.368460060262  0.368880615907
0.472111258966  0.650151566002
0.560414652173  0.352251461307
0.439991621338  0.721855834615
0.503830643705  0.387071573152
0.41660044909  0.651850048136
0.497039446047  0.442505415568
0.354433511457  0.483133618569
0.373177392761  0.31730645019
0.4578054887  0.34482226176
0.519891580446  0.344257168969
0.516897091902  0.478139741554
0.373152769004  0.517509948018
0.452359349879  0.604458114443
0.44654643644  0.465778901431
0.342382942131  0.534857023631
0.610351279043  0.54344082084
0.195727279593  0.453665124978
0.507730416171  0.705918517908
0.501441654572  0.368865752739
0.62401724682  0.48576597875
0.534240070782  0.472186265113
0.366957340099  0.479110406042
0.426173494032  0.552087880802
0.473575623371  0.579179181142
0.76215123594  0.31308087982
0.356239923569  0.604625426774
0.464321964235  0.521989568373
0.417718769161  0.539975818317
0.385031536214  0.503206563062
0.518129975517  0.519137181419
0.5130649361  0.591851924463
0.636670569463  0.553945018816
0.297908280262  0.615498673952
0.460891053001  0.484559537157
0.359550995171  0.516212639468
0.592970264882  0.3583880891
0.408688171205  0.40920702493
0.525134135864  0.407853629482
0.468761271555  0.25735076145
0.650760643537  0.601141997421
0.499778561148  0.420543414431
0.513608725647  0.439937678248
0.424246543367  0.638298458901
0.447364757291  0.456392456706
0.406399358147  0.614362750928
0.569214682136  0.541145641908
0.43753008952  0.582035804816
0.589583278228  0.420036810438
0.460628975577  0.213344937086
0.550694250573  0.453529858003
0.591741033848  0.345271052611
0.495167081613  0.464806798905
0.584884952946  0.546030109728
0.559469544731  0.591035691923
0.682052061217  0.631040327462
0.50564714072  0.366018315233
0.527629394168  0.495439003642
0.321714796822  0.57115868549
0.588197322868  0.59312090589
0.378979368305  0.668057535594
0.479621912794  0.480660229465
0.560583751426  0.493294709301
0.591200477868  0.28526349143
0.635500024438  0.423013097103
0.393939226109  0.640746591999
0.68033362962  0.391374612855
0.360092395481  0.464391803311
0.2976326012  0.457240551386
0.461857544633  0.436934553058
0.29251777549  0.245305763608
0.419481838892  0.489050751972
0.65503714888  0.639205462104
0.517062613348  0.488584885269
0.554829853595  0.539211748682
0.381683949746  0.381742362822
0.446816799811  0.597557947535
0.540802197436  0.484241003016
0.393923043595  0.504574705542
0.510796655363  0.398301504363
0.458822810375  0.553257809787
0.524912152796  0.604706475668
0.353645664473  0.578715815286
0.65923579393  0.392897641783
0.483450540377  0.546908441498
0.499009982607  0.499783653835
0.720475999931  0.577647354634
0.51945940054  0.709402193623
0.422053882759  0.476487373613
0.529750185336  0.417210930589
0.582649118728  0.498279145153
0.469289122227  0.599092728623
0.46975405094  0.273098221595
0.39571009362  0.450808329557
0.489473763044  0.41007277089
0.665791586133  0.542720195742
0.420269125519  0.425475155092
0.4858568796  0.603869424358
0.369486642002  0.472426999156
0.430726537546  0.618235132723
0.460036131807  0.487545112607
0.541949497341  0.539228337739
0.41156357833  0.413099138201
0.711911028499  0.604563903973
0.53763991822  0.387898276407
0.572200780777  0.327878255653
0.630867038998  0.573267542191
0.412043809331  0.572183819084
0.405103538155  0.501084788998
0.454077463412  0.424586518366
0.48168263232  0.525076560156
0.529550082282  0.369296578337
0.47488850695  0.422185995071
0.463190083962  0.431058359294
0.514048205685  0.586703168427
0.595744358951  0.461163763948
0.260400255559  0.526341100285
0.387988912009  0.478804782701
0.53555330335  0.406778525654
0.365642374425  0.509550864649
0.372034536485  0.422048474981
0.379445737399  0.634110436625
0.510941218046  0.457594418057
0.398064675196  0.377659057549
0.60032301978  0.544106154865
0.616088524897  0.276279670601
0.567446385971  0.524568604252
0.551637583177  0.326721193042
0.523400253507  0.494458524024
0.500720404656  0.500704947672
0.397023752286  0.47874141731
0.504766985622  0.554838389549
0.349523384048  0.422335312053
0.628429070334  0.538696083438
0.391528500525  0.449677967319
0.553629994609  0.481632322532
0.415926410463  0.399995847366
0.474810302159  0.519601810349
0.476194863823  0.399996123852
0.520632201736  0.383266834877
0.330587616377  0.259879330383
0.633282622965  0.519134149774
0.695135115648  0.516218241665
0.605952407023  0.515000209353
0.409191555678  0.516500359406
0.533077226739  0.308298224571
0.396060074157  0.404643178099
0.466907435429  0.402749655822
0.59843556396  0.359285201468
0.378294447976  0.330110349735
0.460829023624  0.379253666351
0.595415567294  0.259490654582
0.196282474318  0.580525353974
0.460130923477  0.500596344837
0.404957344431  0.432738735537
0.643189569565  0.458857651941
0.409766765803  0.499687663835
0.429051769864  0.478811839696
0.310049714739  0.544025348318
0.63901203033  0.509278483787
0.48510136094  0.44919781523
0.666872926707  0.52671133141
0.73038141598  0.599623494154
0.536718611327  0.387080543169
0.543288714154  0.474129028971
0.317668858044  0.229781773716
0.367662090937  0.455356374645
0.485008931309  0.54320198598
0.362103119136  0.410034281779
0.586360707693  0.386758844577
0.459194274862  0.371016473257
0.347122882064  0.45097842051
0.44776231871  0.431142462475
0.601021088252  0.323387657065
0.487872306124  0.629933707169
0.525836737812  0.311757163514
0.431185386818  0.378727407324
0.33425620577  0.536161730174
0.553895484424  0.477376389582
0.618930490006  0.423828845108
0.631509573447  0.461297319977
0.51481349597  0.45171752356
0.659951170878  0.357931812395
0.438103077996  0.346550302944
0.345019618177  0.476082789849
0.433931753982  0.596866537191
0.279643413426  0.422732631422
0.601804999007  0.472655989882
0.586886328366  0.504809415248
0.615153459652  0.574013809849
0.466702300462  0.399499473824
0.333863919194  0.479815088147
0.515044684174  0.480341352119
0.51143297186  0.393412854844
0.454912684763  0.360490973349
0.505295900929  0.357733891758
0.41319101793  0.484728138086
0.539221933972  0.355047976671
0.497151213542  0.429447717381
0.446215210495  0.380357005695
0.395180213808  0.433861695786
0.404410413011  0.418950627646
0.667158932374  0.566086644897
0.683988085054  0.517123901115
0.526002326197  0.475286567879
0.574907070409  0.520663981861
0.278329655762  0.447757282386
0.469212162491  0.520929360059
0.56267308159  0.508922101028
0.542491041354  0.449095845849
0.519185982232  0.40663531495
0.589085541534  0.487047577622
0.447813581654  0.444111995477
0.37405122556  0.347353123947
0.544379986262  0.524920337455
0.429592455049  0.488193738985
0.561287611126  0.50242200546
0.448060342431  0.597977999425
0.400631146824  0.575024397704
0.51446015954  0.597009880717
0.508121313559  0.411820158203
0.519001023837  0.488405731609
0.398655115324  0.354397707652
0.453478636824  0.46660963746
0.641438399033  0.5185671014
0.610612445966  0.61898767271
0.462147880027  0.335270080468
0.550717942998  0.57722599733
0.421154422348  0.515566893312
0.476015560314  0.557513067395
0.446409887175  0.429409199948
0.330749553772  0.659273842686
0.474089128152  0.39793396579
0.410486722068  0.496415624667
0.43765994062  0.635189695973
0.488180452896  0.465035724649
0.466694811192  0.361900881647
0.623897943869  0.262341646415
0.424539501222  0.381138106062
0.550554488762  0.45582444443
0.522108303331  0.605080701798
0.515323738721  0.384217013285
0.541416233035  0.38069683977
0.448115995518  0.450286592447
0.355208865064  0.438230387981
0.539550118219  0.487829465772
0.506255476226  0.595191541625
0.491438758032  0.576610362694
0.492596163872  0.433156623806
0.444041943745  0.511988322204
0.532484202246  0.575502405926
0.411956166767  0.403642675822
0.449197227292  0.406262399954
0.466122024229  0.579619067362
0.466767792113  0.701128710159
0.429469426558  0.405774474232
0.545732450098  0.349986409413
0.491927525036  0.425586644868
0.465327049866  0.582557080621
0.51831739006  0.500978767196
0.611129563976  0.503058256306
0.506002516406  0.495839764135
0.355438431534  0.395703432763
0.399611495899  0.628175190955
0.592527424384  0.403268996271
0.434587848933  0.631775091094
0.49821956402  0.532889731205
0.34952395206  0.344049816141
0.469647215803  0.471517354183
0.687852458727  0.35730275502
0.345570631895  0.532079002725
0.31873616385  0.364686678888
0.49832749421  0.426487146806
0.588824968165  0.380046919281
0.44135324318  0.437950759686
0.638053279838  0.536620737886
0.537448538801  0.585161036161
0.232369880481  0.633491562006
0.40077193978  0.556808482237
0.507713047432  0.445059421613
0.400593233039  0.595351416592
0.509854501234  0.507292906478
0.610594119089  0.512691700708
0.462912994534  0.447631403759
0.338155992196  0.69467613715
0.414508222785  0.461120106876
0.625628257337  0.565416142201
0.487302734366  0.403204176797
0.479640601855  0.413589147736
0.289475649917  0.461338361151
0.472237501625  0.436287180184
0.453598540264  0.525381313973
0.515382110091  0.672062443764
0.49936177141  0.474540195954
0.561073274953  0.385946721939
0.549164717718  0.506223189067
0.532814681458  0.547661563224
0.503230474584  0.321384394205
0.55580962828  0.321269060006
0.550690226832  0.316138475552
0.599241984662  0.681324575689
0.501076897691  0.51441950383
0.414954258092  0.476879365993
0.533277539361  0.43360659841
0.614878246954  0.312927600524
0.401640999997  0.418110195135
0.505839329043  0.622111627208
0.516694710758  0.241413862679
0.49914751741  0.461474878155
0.75654577544  0.667950991888
0.44289089546  0.61732484891
0.487538898231  0.581226970443
0.701486588049  0.471281845107
0.384470341312  0.453706426343
0.431279447701  0.620142098786
0.532260784106  0.459977477653
0.361320100646  0.526262369645
0.404307642908  0.479083720464
0.550645994903  0.404637215944
0.428579201962  0.394238399303
0.607018396794  0.579437638729
0.661754099828  0.510056801558
0.538418409913  0.433029696695
0.392865145066  0.402069485517
0.354339406768  0.465683760294
0.565630660277  0.51881526116
0.493140743486  0.403916742309
0.339465172194  0.523878921206
0.537861535648  0.466895168691
0.439743438595  0.448391586315
0.518674443068  0.446333530873
0.431159047421  0.482580217098
0.417852003234  0.411710563219
0.480207047574  0.400925863492
0.467015595311  0.315296952721
0.622785898515  0.390372880064
0.494413925063  0.550290725555
0.411552985869  0.499126536134
0.581080242983  0.658157245607
0.526003708696  0.384526252149
0.580375863782  0.531291388254
0.376337648257  0.582665144397
0.665672040684  0.331290731222
0.426956989237  0.496982796508
0.520863657109  0.397892013489
0.558006414499  0.463741968305
0.441690170857  0.443745789922
0.382834177961  0.409468165509
0.564417411086  0.370712485982
0.459786484654  0.52013029292
0.518931430324  0.382419855955
0.586382926657  0.306083565254
0.656149558342  0.555204669722
0.565826003529  0.420517640488
0.413614890101  0.468867289932
0.559756541271  0.484960728834
0.464313442294  0.488187907305
0.406229551445  0.537381752284
0.274964736095  0.530543033475
0.566658677076  0.455015160763
0.46016308465  0.473747807289
0.440851676904  0.327702017616
0.686907796968  0.485254217428
0.513013499396  0.419786705041
0.418297956227  0.358934989999
0.194916885345  0.151514832371
0.575329630987  0.482366768208
0.504321281788  0.449836429156
0.384777453419  0.393226500854
0.376414062834  0.482705728052
0.525640372081  0.40229180471
0.460013169231  0.575457713016
0.540348755747  0.409838422167
0.550848909569  0.485876740696
0.447203582461  0.511369008251
0.449865114775  0.65717652163
0.321591829159  0.605093049603
0.620996980689  0.475637849888
0.35387305455  0.485820655085
0.573492982865  0.605299483389
0.448564916053  0.569586639336
0.494242366724  0.413703950071
0.446727149049  0.544350037863
0.488937152188  0.501643611107
0.579698291182  0.437513851517
0.437500419626  0.317506157772
0.504490093927  0.474025432782
0.349134878159  0.562614137976
0.43826707865  0.607498571966
0.581418536674  0.55061216828
0.617280907327  0.388994282808
0.598059302211  0.38729494642
0.449842729641  0.386099127303
0.673575748374  0.434308249043
0.593808458008  0.523805524247
0.660815297715  0.350954142337
0.54654400414  0.655047159896
0.49615513091  0.35287143314
0.566688072762  0.514262050896
0.479405656509  0.429078434828
0.407504572512  0.417800899493
0.439343472376  0.44222077074
0.437083697528  0.604905406963
0.467397972287  0.372725568193
0.638417846593  0.411683945817
0.447436506798  0.437878375073
0.404449271021  0.561353238557
0.334493880153  0.475325811261
0.514211165688  0.36835072177
0.430252377954  0.491809588604
0.380867551596  0.513927866804
0.52477829782  0.471335166215
0.586263304771  0.602849414136
0.53855665263  0.362204821403
0.432609932226  0.70811936922
0.411565055133  0.351057033556
0.645053118963  0.424320975344
0.484378335664  0.527795948657
0.52653321964  0.586344221752
0.559867616136  0.451591591018
0.539801907321  0.452259296232
0.39839061085  0.377321090832
0.647621727925  0.37321166539
0.486673941819  0.629419945197
0.487132777886  0.527370856812
0.400110962887  0.622799270819
0.307045648527  0.44679726785
0.545973073291  0.422666723085
0.528926704404  0.391556295498
0.564799265486  0.601350991823
0.58074142072  0.373954039
0.390924928893  0.427521473168
0.4164908778  0.566980805934
0.432658306986  0.477305991371
0.375501269241  0.635189931464
0.504922516207  0.523432343122
0.275879450797  0.587404371306
0.3780222468  0.482585205046
0.463934586269  0.608585112952
0.415560369325  0.527117217359
0.539411299529  0.359374533241
0.525643040347  0.585554555545
0.583557084406  0.280656322963
0.470574500199  0.319219468645
0.650788348267  0.451700189401
0.508443275408  0.508811736154
0.571382603393  0.373464963596
0.4772941175  0.409900470232
0.467177042335  0.531151632875
0.448160976678  0.561271170175
0.525495658217  0.66784854847
0.451736659912  0.405250471209
0.458599219288  0.388285941175
0.473894659749  0.321446657495
0.403952061137  0.500532151292
0.482675978015  0.652409302911
0.554402551697  0.538439498634
0.56684576567  0.603918004651
0.375603884884  0.53715063448
0.459331670055  0.346777141504
0.524081185296  0.546679408569
0.532727628331  0.555333785183
0.527487575118  0.59869605317
0.488724146769  0.540831224056
0.658498050069  0.645441610544
0.566256666591  0.495247077509
0.39318438054  0.458730094652
0.293583746841  0.439034272238
0.431721651992  0.666990684534
0.531925278249  0.284550900685
0.610065706005  0.300528770359
0.520297797871  0.518159505176
0.487454839391  0.384396185974
0.572077435938  0.39573752934
0.708920803299  0.550917539734
