0.568549942572  0.442565519468
0.555487050721  0.380913076873
0.409799968577  0.451018735437
0.310204368602  0.494374345345
0.456752830066  0.631289270392
0.248861068308  0.375235033216
0.541531015334  0.40345450223
0.450472764453  0.525906911591
0.491082705177  0.441680257424
0.405327490444  0.430219225063
0.471641433199  0.330402128452
0.46500691606  0.549879549985
0.566445138003  0.531859980408
0.526046586609  0.497733185235
0.411926305752  0.535592761046
0.435577827022  0.292137798836
0.591920647693  0.547266550528
0.582157246951  0.391148957609
0.403918781965  0.467021115715
0.441519911249  0.378726404705
0.59016788615  0.257697220633
0.606350374469  0.492245274018
0.446385264261  0.479325474281
0.483770412826  0.377749175449
0.353544667372  0.736575492357
0.422030242929  0.452947659169
0.435989901126  0.486126068139
0.522557831752  0.353149802731
0.416366820763  0.455658336795
0.464178413289  0.51346801836
0.631716061398  0.494907824326
0.417814587846  0.542030592879
0.417385476465  0.28121060715
0.557640891402  0.495470154398
0.56235657423  0.432905029323
0.487774444242  0.455690623752
0.365515917096  0.407151716518
0.542600565342  0.66879243697
0.466987547325  0.498878669449
0.508438396969  0.423714052618
0.376561177734  0.426156774897
0.571825551189  0.503722208356
0.347813735996  0.425109348376
0.408976764814  0.429165732427
0.522620336353  0.535145190339
0.461097093415  0.61216656984
0.470758999457  0.416684750976
0.525436337388  0.44789089601
0.336150094738  0.457690505454
0.680739247193  0.496063260803
0.511091849006  0.479412358369
0.519467336481  0.45576753922
0.379871523344  0.527683425218
0.504412372836  0.450327771736
0.521685849298  0.438969114267
0.430649647963  0.456874397476
0.506779988967  0.465347956656
0.630570296865  0.6478681946
0.631751501957  0.605127224778
0.368026254318  0.474743767432
0.380033925428  0.437410214168
0.312371840608  0.625650831647
0.391791937853  0.452831184524
0.236331658299  0.541870095709
0.468012072016  0.580813956484
0.27677066302  0.529920599626
0.293810040187  0.527673701065
0.579168136324  0.319167223807
0.678862892173  0.431463018146
0.666291133859  0.435592812928
0.568909123221  0.42801029872
0.421955419821  0.612305788264
0.440387309666  0.452513688128
0.52085005068  0.526335535563
0.498701206557  0.435065834391
0.409484551577  0.649022849924
0.387083465927  0.502992517838
0.303786003321  0.297207305295
0.414984155887  0.361767741037
0.558896661954  0.631936987428
0.480006403969  0.40479406236
0.673549943003  0.465482034126
0.451598238769  0.48053902323
0.350136894516  0.500641932405
0.578349485727  0.323338245612
0.403289654672  0.533206858189
0.724607602992  0.504199709732
0.395851516253  0.670992617956
0.403497266937  0.590650028696
0.561502026465  0.470027726649
0.324099238845  0.664787887975
0.485556194091  0.651006287639
0.409058880126  0.42135767605
0.514108694853  0.659454049615
0.285518670577  0.472623708178
0.433915394971  0.519556812883
0.517906325723  0.460144335199
0.470478234027  0.404867438878
0.600168969873  0.567476988125
0.426828968152  0.394664013183
0.438716864441  0.520410434157
0.495753164192  0.489698375028
0.657694115625  0.42134128962
0.553977977527  0.448844529991
0.528369255349  0.477914583242
0.559917391048  0.538364455318
0.41059453447  0.551269806407
0.599637723643  0.463033215784
0.395622576891  0.482088421724
0.494833467571  0.650511935215
0.515623625689  0.514942625924
0.50565692098  0.524432347013
0.457705840554  0.540185233684
0.484027065974  0.383934713692
0.521961013811  0.468538842237
0.239606766314  0.604239835803
0.474344804033  0.639189537873
0.523704347367  0.388898951169
0.487929481995  0.58467387677
0.494684187003  0.446078658008
0.372029602802  0.385386477511
0.435469452926  0.299150072462
0.485646609921  0.332865823888
0.473450461796  0.558024399459
0.690076207004  0.442878822014
0.315377837182  0.526535631745
0.390841217412  0.627320466993
0.531331650836  0.460628563196
0.388861799161  0.589814132255
0.451485317576  0.607850034386
0.479702039859  0.519086269258
0.528543153789  0.376745768962
0.431603686662  0.520493030834
0.46836458054  0.5378318273
0.478666173797  0.440966418024
0.393394899279  0.5978694052
0.653541158069  0.507605366727
0.429306825864  0.402008859177
0.595650757862  0.449428620945
0.491875614363  0.475205207615
0.543318143448  0.357774956465
0.368952830111  0.469429875986
0.470209904628  0.512590780852
0.434998282657  0.512152748191
0.407461124889  0.47685095416
0.405985738021  0.581113530693
0.489596481252  0.428182791082
0.532662562483  0.574164352907
0.432596203189  0.265109034398
0.450588913918  0.289613518532
0.426998794073  0.505367469069
0.438404851906  0.554260232998
0.457643408152  0.565099302043
0.418247034029  0.631354402523
0.273581429866  0.349522613482
0.643992564246  0.344207025632
0.682503855588  0.440336715253
0.413514985764  0.387367813254
0.44379834163  0.439936121281
0.612907805643  0.401781150844
0.46073455995  0.509330743182
0.512472901824  0.503695253579
0.361294673848  0.487417928529
0.642592025752  0.579502013408
0.52097399048  0.442159152961
0.358216921804  0.465750485501
0.431721907058  0.672470605714
0.525281785515  0.387523533506
0.589717300171  0.421565325304
0.481486616229  0.347590115263
0.430751663487  0.529536464921
0.527843116589  0.446331332299
0.419009578253  0.56937215427
0.730216481526  0.350959827318
0.504325819992  0.457098721334
0.524650706793  0.524249917505
0.478718743712  0.48315063264
0.60842227475  0.673883071022
0.580968068592  0.484893219476
0.46053330237  0.46922784879
0.348948920423  0.363568920095
0.310431857152  0.439611083906
0.501692263158  0.486579051264
0.521655220356  0.372171912155
0.287053765736  0.483328848063
0.53861532552  0.262569617804
0.543034731288  0.440417646398
0.442586349515  0.541714882289
0.304008355926  0.569553923494
0.53321378078  0.440431328052
0.585355681456  0.381550583784
0.373336207395  0.475066620081
0.64011468588  0.579978664147
0.420896032063  0.494278984607
0.501462990408  0.537995699252
0.511105227854  0.612996765893
0.119713199067  0.534644118112
0.397075398631  0.438296448561
0.649569996866  0.385384685477
0.604890295752  0.475450779734
0.39425731169  0.381637717282
0.550142803901  0.47281183523
0.547820179593  0.453494029557
0.44554296526  0.573597358892
0.378164924851  0.438223892257
0.532109381797  0.49268884783
0.599850007798  0.578145199419
0.497564224045  0.576318415335
0.442386626137  0.584813873523
0.574031811511  0.644162320536
0.382455993211  0.599939005123
0.558589751091  0.472772958753
0.334555038984  0.500730974415
0.507597856266  0.480921815379
0.500720772914  0.546996997107
0.644613342718  0.534601029042
0.418553253135  0.559845507546
0.512902682443  0.322320099587
0.585980791607  0.313851391227
0.539413933711  0.410833492195
0.57860571334  0.586609519162
0.461922362124  0.350060235966
0.359187791264  0.297216073992
0.549198600837  0.39391996385
0.576070143692  0.295591420891
0.255941440873  0.39539091855
0.49231664727  0.442851922172
0.522006066154  0.557993891189
0.477930766143  0.635092025808
0.433080353269  0.626392341389
0.684022249997  0.57544518454
0.443368548982  0.50301389195
0.512590659888  0.289680663023
0.571152219826  0.281860528839
0.456154355889  0.41565415278
0.327689846673  0.487940461033
0.505800451705  0.454212396602
0.324904776142  0.547398077153
0.628172825989  0.592121852096
0.538001337691  0.699559970677
0.507819154093  0.462859216297
0.306647558029  0.483382869131
0.535480660747  0.629566389286
0.424353841652  0.451738760266
0.453506115657  0.492597759822
0.643409954684  0.47061513426
0.437941443347  0.527491557545
0.587708923258  0.414727284426
0.663813057042  0.595791559574
0.409297565807  0.464421176918
0.425502989753  0.457988647976
0.397474612522  0.398282503252
0.672174460917  0.386757598077
0.423368760795  0.59209529233
0.606255865246  0.369942283743
0.499379126229  0.400504437852
0.445673971826  0.399957107853
0.643615265083  0.248010874574
0.464998264219  0.61620732394
0.597743946156  0.676413084516
0.456141331855  0.66964762066
0.609753388636  0.483944708154
0.465545956565  0.549505031408
0.53913808055  0.480077360848
0.374748951937  0.346971758933
0.549722339792  0.483445795265
0.312026111097  0.496094648262
0.355717452414  0.340428524363
0.31521336196  0.559257754013
0.371688568939  0.367758330322
0.340771055647  0.502994981912
0.553599312325  0.670702235626
0.490413278232  0.350257164142
0.511792363019  0.557160656263
0.187221955924  0.560101925915
0.477545184306  0.442871318263
0.68761461374  0.514591780133
0.555898151474  0.404917176337
0.331076847044  0.536963294413
0.608618616571  0.364114766923
0.411801043414  0.414844399465
0.526118844421  0.475060912142
0.516973621419  0.500748997338
0.479708873498  0.505550176094
0.429651800859  0.598354576565
0.395031624778  0.263572053805
0.355026368226  0.421013904991
0.461258307757  0.476185858863
0.319186964643  0.487403599675
0.471690211357  0.423106500722
0.452811012215  0.621225829414
0.565391747462  0.681301061563
0.264982085308  0.677323789534
0.473400746352  0.393846646357
0.504052347802  0.472733596304
0.423276663838  0.443824654546
0.38246554271  0.501570498772
0.589311920196  0.476124866034
0.548030693321  0.498454927235
0.616025944826  0.529333896575
0.473309972196  0.527207938621
0.489566394143  0.410168504813
0.626566404777  0.373922697402
0.57092846947  0.550671013858
0.596173150673  0.625357680473
0.438531497087  0.431402180721
0.552854845806  0.594173011428
0.60993061914  0.429261772595
0.47084732869  0.52352164055
0.469014186583  0.543383748468
0.478864917974  0.328018493833
0.579147336013  0.384633381832
0.306748671166  0.315266873159
0.548622823778  0.520511055774
0.460501322817  0.421212790203
0.398139522641  0.328982673776
0.48521806975  0.367945894792
0.401609923787  0.384372416373
0.357600902597  0.372069051955
0.574009579999  0.469782214573
0.309929478679  0.439546794739
0.483621308399  0.388701254537
0.413059515369  0.498295732452
0.412654769141  0.50573838287
0.365165884151  0.324252382775
0.474723360467  0.52928461748
0.532596175193  0.604967533531
0.503178092903  0.400764870302
0.63486138595  0.255171672461
0.328619068215  0.379646227536
0.449951944374  0.441744547727
0.325019555985  0.592635225032
0.623776928897  0.655757817692
0.478026106924  0.512639261404
0.580695963165  0.432249807458
0.492238416239  0.528886546155
0.546325515299  0.334903936432
0.516009305874  0.55798102842
0.441804126114  0.450682243994
0.491934293336  0.551936682471
0.495795993889  0.389325516507
0.435767191393  0.463880440667
0.490951857089  0.352706233509
0.570478985495  0.504386299811
0.633815986037  0.289931620414
0.53897439061  0.491702036909
0.425187708345  0.49418960628
0.490026654562  0.510830173917
0.69481406754  0.46150142866
0.458976973374  0.440933591208
0.452880365724  0.487107609211
0.543701598082  0.393795707104
0.384704008994  0.558585567144
0.550892139548  0.529366922305
0.556459888344  0.526004629656
0.403250559777  0.7051800269
0.433886642468  0.501566739144
0.547269709424  0.432391284024
0.417273612986  0.628334024077
0.487583850179  0.543488968015
0.372468027808  0.516095715088
0.432841329146  0.275552888529
0.518151418677  0.542047369532
0.419268778443  0.41039721204
0.377024555729  0.483178643148
0.368289818685  0.484879885651
0.372494618091  0.414913587453
0.52797015963  0.629432663539
0.593793417506  0.39684416173
0.521100760019  0.460262097173
0.539060706229  0.332579418302
0.448578475458  0.453255786953
0.429468362683  0.657728203542
0.424842661277  0.373190715741
0.270925100704  0.401009872376
0.391045339322  0.738780018584
0.436069971711  0.55324977989
0.490524686567  0.407026291774
0.469691069091  0.397459404024
0.663198566389  0.436154377762
0.433506066078  0.610001147486
0.537547585713  0.497996365141
0.367488849233  0.496591094112
0.708820113253  0.440742460621
0.468689091543  0.504774160112
0.220782337777  0.303262675903
0.680193451633  0.18674066346
0.40970514376  0.497931277283
0.536067582841  0.390824373024
0.685371472251  0.282530620052
0.42176144848  0.336338182587
0.250289027126  0.514803861038
0.374237066175  0.428571778314
0.553916110317  0.489094363445
0.425913310762  0.387217444974
0.422158683431  0.428258971398
0.486033050856  0.430978659157
0.547406702407  0.510264324961
0.655691805086  0.429663498175
0.499583173537  0.628114238243
0.414805979049  0.438332731572
0.564938079604  0.454625277698
0.365631181444  0.492784899699
0.573695258145  0.400834014367
0.463164830863  0.695866530627
0.392791429216  0.421043257815
0.64443763116  0.481177333159
0.641189143797  0.475354323514
0.44897353338  0.671987192665
0.563974844391  0.483797085257
0.553300589964  0.444918482849
0.494738175985  0.444597867372
0.548754950365  0.505437423506
0.544255733048  0.554715651209
0.425354259973  0.627463283657
0.395470123926  0.507176640299
0.510699397165  0.408383116137
0.562907822454  0.595144626581
0.467440402162  0.418648626526
0.455083735445  0.520793868847
0.326083715109  0.418020056335
0.310774893948  0.434473474777
0.608929288101  0.542331819786
0.568678511841  0.507974734385
0.44482543316  0.438622673501
0.588285940369  0.480678544896
0.467872217112  0.511830809458
0.560483251693  0.539212421112
0.511211437316  0.425432430747
0.514924720643  0.423595997437
0.492824549758  0.519030409349
0.618882686899  0.458640596702
0.462436308496  0.625344825176
0.396508642314  0.543762876755
0.522673413243  0.550258014861
0.498114621524  0.359616255403
0.744974601538  0.438360968555
0.465229366702  0.501617905492
0.534932987339  0.436259092042
0.437790374593  0.693320061114
0.497159169252  0.469849030708
0.465545099479  0.345422217393
0.520637515816  0.631931972989
0.351489390408  0.420479154312
0.491840620192  0.607391536293
0.403735088844  0.304438361388
0.438133743587  0.564086633544
0.576319757456  0.439398427359
0.500446594937  0.352930797562
0.561482315778  0.382843030164
0.641772305482  0.523257838259
0.401552389362  0.488435907821
0.328228273851  0.349244441174
0.623243047923  0.46733629571
0.587847637062  0.623599982861
0.609979937314  0.512918977533
0.295996850745  0.570978609609
0.580143027654  0.305978742743
0.573161728748  0.715217974155
0.509967204209  0.522289375007
0.53331895466  0.520619442982
0.633872628924  0.311653741453
0.554057547166  0.489564735619
0.446640458211  0.47023481292
0.189149836704  0.552381070461
0.338012380049  0.472941506626
0.472115309237  0.572410447435
0.498246878252  0.310592636631
0.495346819608  0.424561314841
0.634435349529  0.36693886275
0.247430726554  0.484737087209
0.4641391597  0.397394871204
0.482501057482  0.4646168902
0.522776672454  0.499178950078
0.59355042217  0.440207392417
0.442629761521  0.609166271757
0.372299188927  0.602405235498
0.347983445791  0.495474425885
0.433193147766  0.501308299623
0.358118041229  0.446633057792
0.512537108178  0.522200997233
0.412839805038  0.490866863195
0.527401965061  0.456108498829
0.409143060011  0.469550751336
0.374120000205  0.41716631606
0.259008663145  0.568000939266
0.512499213542  0.407097592516
0.50127508512  0.333674844446
0.453530105464  0.534456181385
0.510549351299  0.63496018855
0.467039183496  0.607687958611
0.512545309804  0.450921471244
0.575923794604  0.559930803691
0.632406430247  0.327957635602
0.419560569038  0.371368663129
0.648666602742  0.36506241427
0.52766223179  0.529744263106
0.167715775849  0.371107344896
0.772036794809  0.27448861429
0.519675106715  0.474249831705
0.487999179421  0.428357116948
0.389940637602  0.503739632097
0.717601265103  0.594744943905
0.457745331867  0.540112063587
0.457303421012  0.644173004212
0.315977808958  0.378028668799
0.476041931603  0.491556645854
0.506238657819  0.508335376155
0.410196685603  0.441931676434
0.546793863414  0.513719025021
0.515920171264  0.516094290518
0.464173138704  0.297603925874
0.562198977671  0.542080985527
0.518200834994  0.701816396392
0.483076309508  0.646462999874
0.56616984452  0.513886864849
0.46417874514  0.385366591246
0.423305787404  0.515478292656
0.539720827052  0.4307777459
0.468800247186  0.430622516519
0.594313635279  0.570695341011
0.397700355659  0.594733191011
0.328551413292  0.481624149647
0.540068471242  0.560670895859
0.435166044609  0.37479542622
0.536354238008  0.427533597885
0.432029163711  0.489559311222
0.517563088303  0.411952774527
0.578205473462  0.323217264749
0.63057351128  0.535420788631
0.422882719674  0.553584524697
0.500826043147  0.439421156467
0.453151342603  0.484879300623
0.462239208699  0.448022701187
0.370193244909  0.344520818723
0.368435627484  0.538318176065
0.447435776898  0.511392429458
0.489543159273  0.254414872734
0.425046977634  0.466884162227
0.500921314471  0.407089770797
0.215660963951  0.567289031017
0.397441034144  0.441554538815
0.517784351256  0.434041998128
0.364391235953  0.390925290563
0.524570261081  0.595441068013
0.507989620244  0.464992698576
0.443459059783  0.472308262171
0.459676587675  0.568926903669
0.481430889281  0.634617974755
0.60511001389  0.579424191313
0.467621764248  0.256484712414
0.505256825435  0.579182074403
0.4516811244  0.552856586668
0.594942152343  0.699735016222
0.424340183948  0.492239346981
0.44875922727  0.496855626861
0.500727572061  0.571317740603
0.475662412997  0.467814054389
0.592372625762  0.327135182628
0.415363049814  0.520412401172
0.544543400954  0.440210237286
0.61899415716  0.363670478781
0.472961248095  0.447001386705
0.305892230208  0.391402344276
0.373671067883  0.437011199014
0.421914610062  0.510344071257
0.361711761492  0.426490893879
0.442523718576  0.471611280491
0.353866597165  0.455068667803
0.415781839544  0.468289555094
0.505277341966  0.583407774859
0.761173243048  0.42463074797
0.398937952537  0.47298841415
0.496822080546  0.371430250159
0.554538860948  0.483733930041
0.487692781352  0.650431030113
0.592605464588  0.571329581502
0.537598576589  0.336762671263
0.428583394864  0.433957758754
0.705393935743  0.58996446627
0.483082198112  0.403474360413
0.361354205511  0.487421337665
0.309636318815  0.683722244909
0.419848172955  0.507507469888
0.50553070933  0.694920788786
0.700652145529  0.416577534
0.474184693407  0.402087267323
0.454325819388  0.502041846532
0.64219337525  0.485112512132
0.524354248068  0.519335599559
0.492296537956  0.646693692742
0.502684431041  0.426041295495
0.429626162924  0.449448153691
0.420434872971  0.34708414198
0.43772385691  0.319834400469
0.525913103813  0.53419042658
0.458043498883  0.5185571914
0.50443507099  0.365941798859
0.443598658654  0.528879387356
0.474308920781  0.404289210948
0.527681503127  0.425613033153
0.369354889954  0.425866313756
0.330989375924  0.465977782789
0.403679578074  0.612775934149
0.469709566116  0.615701304305
0.531906718378  0.493708346483
0.502726106001  0.44888870597
0.434225648686  0.235201590651
0.592266906155  0.291187830538
0.47417297747  0.604115295369
0.381929324779  0.380522726769
0.465415718535  0.46747809328
0.681370096828  0.475065674871
0.55986356792  0.478450287056
0.560267938281  0.329745660801
0.667087943998  0.438024133511
0.409333859577  0.407029046748
0.437714988005  0.710384889294
0.482082722297  0.660443580603
0.433192788352  0.597035800494
0.365599195185  0.591098259782
0.549117241842  0.372251111214
0.531816210535  0.436447925058
0.666218732417  0.442381337484
0.479923943012  0.442593463012
0.452304456126  0.575917197679
0.339860159257  0.630475806434
0.585640480905  0.491467721033
0.503992040894  0.235202813491
0.558959454717  0.384815449971
0.435991979731  0.404481521095
0.559254134651  0.321858085838
0.710995014922  0.690708234397
0.408433425489  0.342278576487
0.850581221233  0.266203777909
0.516085284207  0.488528108521
0.314277941907  0.375128064765
0.422415805105  0.462795449544
0.452327562329  0.485156939376
0.562023604637  0.346744473089
0.478464759657  0.326554217646
0.475681551108  0.519138048834
0.345745863094  0.596366423634
0.512098927679  0.67320252104
0.449704102418  0.44463751978
0.421064655039  0.397076456294
0.611191442643  0.593859610253
0.465242636712  0.374131044415
0.609762974385  0.505537226285
0.466077520246  0.600458475896
0.451617605378  0.508656470001
0.421425447188  0.459830716817
0.411934776864  0.516023747051
0.506347360405  0.618881254541
0.324045448734  0.525264633961
0.536267859388  0.498278874291
0.650913442016  0.596428306543
0.543211881468  0.407783044171
0.309254942245  0.683690519542
0.541466939644  0.571931471148
0.372183897648  0.528421648765
0.433210070299  0.296285242188
0.378978190493  0.352012486102
0.530093146519  0.500446001456
0.27415981682  0.486423215773
0.648968729949  0.389865995003
0.342566330344  0.591246519712
0.40640302319  0.625283496004
0.492561445696  0.549575353706
0.543494857715  0.361751937153
0.503914028396  0.177341926639
0.39490538516  0.478808343677
0.608844447326  0.6669755336
0.45514807314  0.543628519607
0.542474911492  0.767139706753
0.412371378794  0.442630160514
0.681676853509  0.453424827419
0.354920973375  0.421660382022
0.60041707337  0.459071606048
0.455002343167  0.559094023147
0.525357591497  0.440341197071
0.370388006614  0.617802219263
0.454329901047  0.529679661881
0.563784125618  0.399100278198
0.462807285985  0.395917260392
0.572849992938  0.715256727268
0.305042813211  0.450696249013
0.599360693035  0.449103297745
0.562843536275  0.34965076637
0.443120197677  0.495048406096
0.453480650378  0.404074871119
0.73594231532  0.558813586062
0.690775898757  0.559525205504
0.453940763106  0.555765839069
0.39071999124  0.504895188622
0.443955470759  0.454649834237
0.634738860008  0.385017359132
0.498836005379  0.569083218561
0.428746197578  0.513763540268
0.448676324708  0.330749584556
0.589869454838  0.476049353062
0.596656862531  0.488936907963
0.465992856307  0.332877272694
0.46625110952  0.47383676495
0.538497789951  0.720089363835
0.389056420844  0.667742700067
0.668993773631  0.306029387776
0.528118522674  0.365006223304
0.491798015158  0.476340041337
0.343223741554  0.31877457843
0.433598463137  0.501316629275
0.502063282221  0.441749847333
0.505253257045  0.550562852424
0.702693411787  0.339981314492
0.411640552618  0.497606389041
0.392238417969  0.590486663222
0.475993579618  0.589572616846
0.613201728734  0.541619026684
0.421295723648  0.563712925111
0.225800348256  0.414263459915
0.512137819616  0.492051908532
0.452073278669  0.407274895197
0.400590781861  0.53568669573
0.566190732243  0.603629012586
0.688103988657  0.567457650863
0.567352616822  0.494303973835
0.455327426528  0.385705329717
0.767087870871  0.568971499779
0.494105960139  0.732744258562
0.422837169137  0.50064810119
0.640041470177  0.29265609757
0.404043492682  0.406669332849
0.570867372519  0.350340180263
0.5415986927  0.554580104104
0.485932708587  0.334120262462
0.480295340959  0.552186794782
0.490072993561  0.447794255243
0.543332451602  0.512458284143
0.468194993006  0.361678938965
0.579863731011  0.463512131118
0.605605259573  0.375228550634
0.450804522917  0.335599476427
0.498004114088  0.393964302147
0.578072146048  0.528380191797
0.413153925922  0.618063076111
0.358121074109  0.330780709394
0.600075500408  0.45837326365
0.523974386386  0.706816491887
0.556467514845  0.441125949875
0.435309223585  0.573666484846
0.50801566647  0.378190375932
0.544476856717  0.538804799935
0.697733104119  0.448098572098
0.490121548098  0.363012021807
0.370008457396  0.49039363587
0.493920100886  0.490310067564
0.483763328385  0.52130085044
0.553367274584  0.417128789529
0.499002197015  0.325032144117
0.479763994534  0.551969210752
0.520401092486  0.445734130436
0.497700138997  0.532064440369
0.495445635293  0.619012685518
0.547208260743  0.347233142998
0.444191069259  0.279364796214
0.429004636657  0.490568458253
0.340290071381  0.344783176225
0.649799622424  0.425799416954
0.681296247721  0.498223175604
0.219079948995  0.591058829933
0.477209206315  0.580887541578
0.274593142584  0.530962207615
0.497286931709  0.384992454644
0.560590154899  0.538022798428
0.435952523875  0.588851905309
0.5374025594  0.484216535196
0.392797318528  0.690047930522
0.406930683504  0.225885270045
0.580776678656  0.55810280068
0.610107986011  0.453656311714
0.560831815433  0.604451945207
0.512505271051  0.363518118984
0.60722298118  0.435397802845
0.460798992758  0.45857482086
0.497764115888  0.571483944126
0.454106906264  0.499963966425
0.499320640607  0.556875165476
0.40543848918  0.586283623271
0.481146588951  0.389200430211
0.356139007212  0.324226324833
0.412249865061  0.548570620544
0.538241361645  0.532675836379
0.300577316396  0.540243985346
0.600287924035  0.361339828839
0.516380080303  0.600948844775
0.612346395015  0.573289109218
0.435118230889  0.458010744949
0.451166092459  0.360560687518
0.501348646019  0.365103657719
0.367910474289  0.241505364057
0.671119971913  0.396448419768
0.364097156678  0.570466554509
0.613616938695  0.392347563163
0.378495082946  0.419905940312
0.425814575183  0.48701662821
0.503722553564  0.537706661452
0.482429812922  0.531809843176
0.497275382272  0.565146329914
0.453167494083  0.275504447543
0.640166392164  0.540896133824
0.527082332311  0.395099095943
0.531800350895  0.551474586119
0.422098219949  0.304501599745
0.427476689306  0.63063397527
0.553149782404  0.369110631659
0.366551926973  0.437199330318
0.371313059052  0.273384415072
0.420781283558  0.511379073277
0.499444498055  0.547787901486
0.623404069726  0.430597317748
0.270270852597  0.329220429596
0.44524192415  0.713874099187
0.489792741594  0.350950704027
0.494739210814  0.608532348603
0.512964910803  0.547544470835
0.485178695387  0.512270432817
0.566278696357  0.594917452427
0.412360213716  0.38896339994
0.401223122915  0.524308350592
0.491954483445  0.56849950967
0.415633921157  0.289779187727
0.445159127064  0.324180378544
0.504332336327  0.441299625911
0.460538028007  0.571847241207
0.6194306737  0.34956336098
0.523951425305  0.592925535012
0.530337729409  0.682849197322
0.456224683105  0.480653856153
0.416262077398  0.49528714331
0.525537215924  0.470052807061
0.416998112804  0.427230645734
0.532867722029  0.450131420444
0.464985393957  0.688996828326
0.451609061296  0.500286859297
0.56497254133  0.378019881675
0.613649595918  0.308243699748
0.744361333897  0.391992944819
0.528501391356  0.618794531565
0.426701376977  0.601092873514
0.462828481981  0.610841615195
0.494318688334  0.519983964173
0.339883101032  0.579707939157
0.503937587794  0.445723408429
0.435396779039  0.509748186312
0.447794391397  0.548086519831
0.387433180614  0.453571935278
0.421527369437  0.579719765654
0.35923240694  0.483184540159
0.574845173472  0.413337098395
0.412665443453  0.623102771466
0.484238186314  0.502314889291
0.420064209254  0.643221435212
0.46100785171  0.274385790405
0.334780424901  0.570240587599
0.531411353109  0.507151894692
0.617452872594  0.388374310852
0.482030621739  0.605668838322
0.522829755832  0.243140448454
0.687548676488  0.681057877361
0.564110057364  0.578715672567
0.771659936399  0.5533395771
0.354735224134  0.518911892709
0.607948987841  0.482035588513
0.504455980389  0.469603977354
0.398369497323  0.15443677309
0.489487533004  0.369183094535
0.580836601195  0.279662445163
0.340988725563  0.723231760744
0.473355013759  0.510537454532
0.661650097921  0.319080564656
0.452286595709  0.34478040519
0.552095676646  0.401411721671
0.269126001523  0.47182520766
0.65743225894  0.502245257318
0.403716503168  0.574921407936
0.480489448345  0.481552569418
0.541686188537  0.52725565743
0.505628539631  0.575185408092
0.351177655248  0.36791838657
0.468948988333  0.512442803193
0.472522064327  0.53463210182
0.527354079474  0.692597862836
0.549913098059  0.369378245825
0.499108275086  0.526702145394
0.39376797992  0.384394389057
0.540897040226  0.37499578655
0.346493079211  0.340318305519
0.568161066975  0.599185240839
0.565507167278  0.577325422799
0.454880907993  0.369554922621
0.450694591493  0.547191997603
0.393255439085  0.255745780225
0.363058697688  0.71574920707
0.445814148811  0.50966710887
0.70350168159  0.510446551859
0.426247050903  0.448371740844
0.516508211111  0.535307266677
0.260956491779  0.524541414051
0.515331810396  0.386777078445
0.408369130224  0.477191268009
0.405156398423  0.524120506878
0.539325708175  0.389330789897
0.664675398084  0.48934614902
0.456786801494  0.657737697707
0.537011105428  0.547446170369
0.632699236694  0.7153746602
0.457125420015  0.587563182289
0.393649383604  0.44408398337
0.494107260219  0.410889563801
0.372811051037  0.350621418428
0.442484215972  0.743776384608
0.580622309133  0.374057785732
0.562151392165  0.405400132421
0.44544090117  0.573895991494
0.563269954817  0.529678938874
0.529385191672  0.546530586971
0.495385616938  0.456285984338
0.435371059194  0.508158728156
0.516254228497  0.437906466059
0.579449352735  0.521728763097
0.32520608634  0.492606675152
0.387948918281  0.628746398017
0.453133727875  0.522535909806
0.470159419729  0.324455844482
0.525736931089  0.335435024496
0.467201149697  0.618286099849
0.389240693678  0.546657079745
0.263433586551  0.458813270302
0.379737928564  0.454489850587
0.241119913325  0.44841279767
0.462059858535  0.492170470749
0.545661960887  0.489739019462
0.218186525435  0.664459577379
0.380035653595  0.382606664985
0.401883908329  0.542508973492
0.472740573541  0.452135663049
0.513787465234  0.370371135234
0.163041565711  0.369010548944
0.280462002305  0.574300667659
0.411220636988  0.54710845017
0.359981622736  0.419298194939
0.606338560387  0.531953903266
0.539045268365  0.575212805853
0.387820160289  0.469227003085
0.463320376954  0.543509567907
0.375468630471  0.463926284257
0.429775727769  0.390943962978
0.451975380325  0.378312155185
0.639109714781  0.49849339269
0.573093737769  0.618583249252
0.493760739071  0.488235673651
0.528837163908  0.603942843877
0.496678468255  0.594910335814
0.670191667397  0.595359495282
0.480753673567  0.413447354767
0.590072382109  0.534737785509
0.664411101105  0.430401519563
0.485523307641  0.394735859441
0.378824580339  0.50450548681
0.418721172086  0.503465650667
0.553189883269  0.540534393812
0.419055044237  0.545836130478
0.511247771166  0.441731790732
0.575150439669  0.340984324309
0.456056873774  0.491539723768
0.361937417187  0.539336978978
0.392295356299  0.474114578948
0.621187793538  0.563058836666
0.536269538891  0.559287511623
0.487189378592  0.625165876695
0.147117917634  0.557655147975
0.512247459234  0.585326635454
0.346427927732  0.336502428152
0.492984298435  0.563665258621
0.504337447997  0.496340013578
0.526739385429  0.598083501956
0.559677468992  0.567614887704
0.530804184787  0.412610063941
0.537438779941  0.498012348663
0.29450674857  0.574575823694
0.422338056892  0.490012705999
0.55386575616  0.480021285509
0.544968490097  0.523913223236
0.440317818458  0.544015469534
0.618592290308  0.419030108187
0.498159604752  0.5320555718
0.60314291504  0.620532059052
0.554898883937  0.413235882594
0.410777154088  0.427279930174
0.445627672121  0.546129280718
