0.738593710384  0.317539785601
0.512139664541  0.570060558831
0.494221137392  0.571132685395
0.550242234545  0.55646723127
0.384999284552  0.494255556979
0.525408475257  0.363991084915
0.37138672325  0.463866763492
0.606622063474  0.532905856696
0.610753228554  0.664988324592
0.523748663336  0.367855579988
0.353220651352  0.563591012227
0.660332996624  0.339331942364
0.495693991225  0.507911770437
0.556116767035  0.439519220949
0.532372823515  0.709535440412
0.303036663418  0.535163210288
0.421030863533  0.586910654559
0.601443533741  0.585082210969
0.526449028799  0.454327832625
0.283035306295  0.594136371143
0.433777783947  0.514548221604
0.637076377059  0.576722117338
0.499025030893  0.458545285575
0.485402823094  0.536157049386
0.450232292421  0.574286543671
0.607528831454  0.612163123421
0.414606204012  0.537523718664
0.62638148005  0.557857214049
0.353368225965  0.53959202548
0.58194903628  0.620022051064
0.578179555443  0.478010014962
0.527629214126  0.489598282357
0.456833975552  0.471447405774
0.419818584797  0.385791894728
0.605179821028  0.374842674429
0.609754339277  0.557619680842
0.423953191631  0.59179852172
0.395205932462  0.4600392421
0.449039245019  0.387944936953
0.521568316005  0.515658698429
0.54980574663  0.341432668204
0.572041480682  0.414014672175
0.596201956277  0.546912079894
0.484503729966  0.585945168417
0.520097097987  0.454542916501
0.422532110272  0.664997585061
0.416229250844  0.427677290427
0.580301639402  0.575498452939
0.518186855823  0.608119620478
0.335235754977  0.532286410641
0.543690418617  0.384941799299
0.679245760871  0.554542156241
0.515298827769  0.548777424559
0.609814100607  0.547328560797
0.631329308464  0.446947736315
0.503172500044  0.571530460015
0.594014668824  0.60819562223
0.448608950299  0.687515130754
0.640952555942  0.450825505862
0.358798404423  0.428958791355
0.441129281346  0.446066373689
0.45535604395  0.61156869238
0.680596017327  0.429379859428
0.493793098302  0.680761183556
0.475366426934  0.649208323132
0.407783574954  0.413475084192
0.371862113833  0.359539228172
0.584022804003  0.446708404326
0.477201214736  0.505890777044
0.595984412378  0.511489483799
0.4979705103  0.744109955683
0.558073807523  0.493735650757
0.450047535809  0.547375949109
0.57207296475  0.636398248318
0.438521398229  0.527854264731
0.33179419929  0.467060556419
0.143891417979  0.46454179198
0.382443329586  0.449592224921
0.474500247486  0.453950944123
0.2842883449  0.356250055132
0.354577382571  0.571984592054
0.529833365218  0.439359897423
0.602479713981  0.445650343191
0.339240703798  0.595947143533
0.531368653303  0.337070142865
0.652894555183  0.677542325875
0.534054410046  0.480770448498
0.559529862002  0.459920021296
0.569036901379  0.424665008204
0.515035478048  0.512711145268
0.552699137242  0.593488735492
0.388552153613  0.67646995994
0.395445939611  0.671419664276
0.443819591309  0.513270007477
0.335915266144  0.458498858184
0.466307688722  0.508729384857
0.34471234279  0.495299889451
0.453524923442  0.402215653183
0.314285415055  0.397091517684
0.701853240082  0.377119667855
0.515222023645  0.388397595599
0.411125635528  0.348231599055
0.489825665881  0.478988890912
0.352806324252  0.549546377401
0.323622669441  0.535102688128
0.296285609419  0.530469217988
0.572096657941  0.423055490513
0.431803873655  0.500966634831
0.384274113629  0.422735795213
0.231897636688  0.60122285857
0.633710881402  0.534472763086
0.460769932711  0.359943366661
0.542779133862  0.706883153927
0.601642780394  0.421223503
0.52075001918  0.453407079055
0.553067654416  0.463007022813
0.493216632278  0.514843929229
0.481722180965  0.498145315187
0.287788431056  0.686988938829
0.62324102269  0.57297057319
0.515353452389  0.57142487321
0.655202519622  0.621813945293
0.527845307595  0.36630025179
0.37845935933  0.440615484079
0.422953568151  0.641542835832
0.492652029827  0.263318723952
0.42978414897  0.335126909897
0.414493456489  0.503062379111
0.384677653048  0.688221224966
0.643274784902  0.416291175382
0.500628718257  0.598210621888
0.703944957025  0.482137348355
0.569764618545  0.460917052555
0.367962773407  0.508989608865
0.378926483002  0.490912044061
0.441457447679  0.602051747316
0.710911443474  0.547769086274
0.551184789154  0.408588632861
0.504857935609  0.426564207348
0.55981962874  0.585500283408
0.391181681989  0.427029822918
0.717134281856  0.628899554116
0.441755977211  0.400918965738
0.422448812864  0.43218404714
0.650471884662  0.343160845529
0.449117466973  0.545347070301
0.371600002922  0.541274559025
0.665190130554  0.450194761542
0.373176647635  0.56013162919
0.208034955107  0.685192844781
0.553616025696  0.272583100377
0.529228132647  0.376985588848
0.535948532431  0.370705699959
0.435655003236  0.496263566238
0.62530905756  0.477639445403
0.483814045491  0.451457123457
0.583077547193  0.651848568168
0.507079521288  0.468650301266
0.46297436762  0.525037389894
0.535274062456  0.385606676384
0.748956957593  0.343282830389
0.578985147962  0.39078144734
0.420139056517  0.418366529074
0.547152845306  0.431252451035
0.578811193875  0.603806029513
0.461418599092  0.378584201254
0.529466177407  0.547686001677
0.633812602043  0.450242420412
0.36700285683  0.465056913416
0.319449213871  0.409166595222
0.599926907242  0.620399003652
0.594033736689  0.462494644507
0.720678839507  0.607062653225
0.531589110914  0.487760137241
0.478895621373  0.541538667942
0.480492529674  0.463546852843
0.364110185659  0.903816803415
0.329645572136  0.501448899445
0.527916259185  0.33992984723
0.423953433527  0.447094300495
0.621721087403  0.237283011403
0.485504972881  0.486247943098
0.438466299657  0.397501362124
0.341004890332  0.585414087399
0.682019823865  0.364797482191
0.634334395305  0.541493646203
0.447653171186  0.555675143213
0.597563608384  0.62184579312
0.576533803275  0.55704461379
0.390619705487  0.583957035326
0.465450145603  0.571198356834
0.395968247823  0.455443984033
0.390177194197  0.590570061479
0.5691531969  0.38639030656
0.524529622866  0.392088245116
0.572788120712  0.635281783618
0.517589062906  0.539888452214
0.492441887398  0.506174987754
0.563640493483  0.320373830718
0.512360632476  0.370019441223
0.675385582664  0.492232018392
0.485619427682  0.346853594965
0.496915915023  0.432049625482
0.597888938602  0.365746391778
0.576703898717  0.523535730271
0.389918011974  0.524404255638
0.453626491289  0.492363963921
0.514394058627  0.470126531865
0.611766374502  0.441500332208
0.477042404349  0.549953555453
0.323701276057  0.54549958035
0.478500886311  0.39196754595
0.579138486169  0.680932184069
0.314767437836  0.366941387179
0.409771863401  0.512931733538
0.458072654323  0.499775764039
0.394721677935  0.5031923087
0.579699542403  0.392682930779
0.485889850197  0.423088233287
0.552831192708  0.510343709907
0.49268989422  0.592855070621
0.473548787106  0.51653719816
0.444585059569  0.510403464783
0.378110555099  0.566288493334
0.677285854649  0.471432813737
0.449169961833  0.490668534156
0.438030804546  0.39107740619
0.661066537559  0.464578285669
0.591053465101  0.404264626052
0.424563431221  0.612965422089
0.569397573962  0.442201342048
0.380176503348  0.581124542186
0.504162128689  0.526582049432
0.444081456923  0.513244707075
0.416641662762  0.659773116528
0.682998304562  0.500048299222
0.458696549308  0.53616481098
0.542676038296  0.399157835214
0.46308605697  0.445682847068
0.650574497704  0.413993145274
0.53105948586  0.467717653157
0.478330896807  0.435631868897
0.624902208663  0.568499154643
0.308030102462  0.49268187553
0.555622450778  0.519401826501
0.451509035568  0.509314641377
0.380709721022  0.803186833612
0.487747769388  0.668228951654
0.555688037679  0.346750028926
0.266610368515  0.524911503566
0.375258021372  0.435279517262
0.573551105645  0.439007803811
0.52060517885  0.596041367701
0.664665012331  0.547223547198
0.478765957853  0.434693110555
0.548155624874  0.473202205085
0.818219668942  0.510031097721
0.393303180589  0.347979339923
0.462259262158  0.407969490841
0.51204353108  0.488213956037
0.330058450018  0.557475966264
0.579539535771  0.50708088321
0.519820310813  0.56303729069
0.329252414828  0.529803876389
0.491429822614  0.532756924346
0.578011546437  0.504545284733
0.494168341805  0.541417785058
0.65306779674  0.640038272751
0.549411859352  0.573761132488
0.418607771495  0.448667709367
0.391059928765  0.519877027718
0.465326872956  0.445546181549
0.486324690848  0.419452089168
0.574596894654  0.698364174815
0.516105981038  0.434269570895
0.557095685007  0.376222588623
0.650387799764  0.501400557609
0.7217980354  0.384150079232
0.564150124786  0.369868291746
0.566091983879  0.680246607962
0.609646905565  0.568806725985
0.551604057366  0.711674802822
0.32848806003  0.444982627847
0.564401865843  0.603558925707
0.595390021126  0.575986401986
0.199295165822  0.360663423621
0.361701420867  0.465248472781
0.376086504157  0.406131309515
0.442678604791  0.362664722333
0.486069984405  0.445981314764
0.62212282968  0.558199675421
0.39632060541  0.426744152191
0.402275901695  0.475144843242
0.307464049496  0.573036408788
0.31379974275  0.421164288519
0.527369761043  0.517802973454
0.30752146424  0.506067853291
0.427823026587  0.621299783849
0.561809795573  0.63364420667
0.449607016825  0.395908533949
0.420979127668  0.47594382554
0.570814090979  0.608791561847
0.309267402869  0.435219017118
0.442291970931  0.202820264975
0.552967793227  0.460199888349
0.50066011952  0.657034446764
0.565996153042  0.542334948498
0.664820884728  0.519194632328
0.7120529006  0.328052164438
0.54343878444  0.525197196993
0.61422865058  0.453657981863
0.526386489209  0.620965509192
0.622544922739  0.478216423634
0.649191585273  0.478903721996
0.443298760095  0.566325298197
0.481989066674  0.451413176076
0.590780017833  0.474028689674
0.427018642091  0.469287314982
0.514171382559  0.642016298218
0.491043568482  0.523286523382
0.570082896699  0.63187911705
0.541691453085  0.350371105186
0.472439527383  0.431436120333
0.509570019421  0.806553212228
0.568548427493  0.613128967583
0.685842968264  0.598773482505
0.432366216652  0.615924718072
0.64552257227  0.701094247196
0.621290250075  0.680457180209
0.425807417363  0.424585361393
0.259114458509  0.355881583151
0.443200209919  0.416622093328
0.476397127801  0.490334652658
0.618985374401  0.673979614487
0.506589473685  0.394665966939
0.496684179965  0.476037712395
0.525289859281  0.639588548852
0.614859900287  0.599585437132
0.580357536248  0.323352325236
0.607514780284  0.650691912264
0.405101814233  0.431747628448
0.441110720081  0.54118587554
0.639650948084  0.59588739948
0.566425655804  0.439977684065
0.418399408114  0.400221773235
0.612373348613  0.540690135798
0.509190548733  0.47063454032
0.444662581532  0.512461467759
0.438643352894  0.518558320421
0.53247936496  0.464617587277
0.653928191123  0.578889105508
0.575555394792  0.391878104289
0.420411758725  0.587138475167
0.64795974  0.553273355528
0.610265584875  0.653059014626
0.477351886533  0.393473215914
0.434131896285  0.554207074046
0.653162500427  0.438356809971
0.627096739424  0.409301612491
0.709348349971  0.493148173146
0.27764129854  0.817909160361
0.517324398511  0.525015306772
0.464465360392  0.330495962008
0.559022056438  0.450371853335
0.520678874502  0.37730808049
0.439068718656  0.572951799273
0.356013019767  0.750318342139
0.584057420891  0.510525627283
0.44228458998  0.433071695936
0.449975097386  0.509176025894
0.438043765224  0.493960278181
0.660324944306  0.351397000832
0.51783738652  0.359886180921
0.459391174269  0.611825829231
0.446031386153  0.570805053459
0.459319636561  0.397520276036
0.490713097622  0.300566535287
0.451495085957  0.547677606666
0.395618434115  0.761562135049
0.512100667009  0.428348699569
0.417828872204  0.430848147426
0.644175607976  0.607563516567
0.641622227072  0.468168837904
0.587085450011  0.43300026131
0.598504402426  0.453924487899
0.522643915311  0.524656451483
0.559891268222  0.444739294959
0.358342205506  0.480295987566
0.529944722959  0.572933211132
0.562229482281  0.49958418804
0.373733821376  0.454143812209
0.557561517909  0.509605009918
0.554839264087  0.473882024566
0.472142228019  0.46349554005
0.52370266023  0.481817537635
0.542376664311  0.380854436751
0.342401977699  0.551873463219
0.481415252534  0.614751110145
0.381893524263  0.677841663173
0.528869649847  0.618324068821
0.370048377983  0.583319467134
0.501937423615  0.640152327979
0.366089647596  0.516652956829
0.545075699774  0.63209745975
0.479630873735  0.6603591981
0.489764135057  0.219687316121
0.64066693194  0.520904315441
0.372187855864  0.451317727022
0.556065197864  0.423923032843
0.520667719581  0.635164238722
0.609405447903  0.580948058922
0.403673244636  0.36068041677
0.580899994386  0.455522482795
0.583170941148  0.546189849458
0.484306817769  0.525184234173
0.606227336167  0.812145217762
0.519472099615  0.537270953054
0.51739006944  0.429993794066
0.443341720785  0.586663735059
0.550587394399  0.553367956093
0.661615228325  0.437451809936
0.561898997115  0.451753955411
0.519862518391  0.57380266385
0.328640811946  0.492536081657
0.435192400706  0.659282279437
0.365041173084  0.413488844249
0.47876960774  0.504408743296
0.512764346336  0.554096936337
0.466260044516  0.59876961626
0.602491841904  0.433092763159
0.307875590505  0.486322072995
0.541706215818  0.454870615963
0.426780163121  0.585374644563
0.318011545591  0.542216313374
0.545385138492  0.48595861275
0.556589373928  0.310832770058
0.453957298781  0.550664570452
0.432102530276  0.343127700214
0.52650816138  0.467040568954
0.293663710833  0.516358072679
0.421604625957  0.534340487486
0.509830993794  0.53890201593
0.558509478213  0.526856036022
0.389600909416  0.537459926137
0.447361792248  0.629757507035
0.606288379509  0.429142509608
0.399833717165  0.716694526278
0.51030554492  0.457171201269
0.454963253073  0.590468383
0.313401412042  0.644856102245
0.409571945872  0.251159204225
0.503739706182  0.428885739787
0.561667475409  0.506325329842
0.538857628051  0.654902076814
0.61012253426  0.378026951549
0.45076262497  0.47292350389
0.275378517411  0.357447496797
0.595190191033  0.423636026567
0.499498503737  0.502998169769
0.666518958576  0.487204159014
0.596119219896  0.463387998073
0.614351110118  0.549320276338
0.567445938878  0.317986404649
0.426531736391  0.645048168762
0.405560644256  0.447755781142
0.663637655403  0.452745606938
0.442134526335  0.485614946856
0.642193873562  0.553020409026
0.5195064397  0.606371643687
0.370713980247  0.509134479024
0.516558269561  0.610350084198
0.629912913106  0.61298119766
0.575970999498  0.498853390179
0.389887757885  0.605286813958
0.511848237053  0.471898846689
0.524246715357  0.426431150983
0.49334349026  0.547030315838
0.433438708269  0.532041181219
0.596848133578  0.507592207146
0.462792574142  0.47339436966
0.498163555959  0.450111727529
0.639648912804  0.653864788081
0.512383796825  0.609405293943
0.638776865138  0.33982368822
0.528202291448  0.381538071176
0.458743619228  0.69913479157
0.50111836332  0.393469730568
0.542312793856  0.475801498182
0.444621707628  0.371130479623
0.437669977977  0.504581064691
0.469679597597  0.355921267554
0.584244334776  0.537889324853
0.312486948003  0.625649788336
0.560257317662  0.472978978864
0.424561915401  0.322654709193
0.655746637266  0.38389155011
0.399511200618  0.406701155204
0.444755719926  0.199778233551
0.480937280195  0.566760190658
0.497122047553  0.682884231055
0.451450776004  0.436367267008
0.534387346808  0.419386811337
0.434380614358  0.509365719628
0.388853358631  0.363107808162
0.664080459456  0.426327516559
0.366700542763  0.420022761891
0.56010805467  0.543198219338
0.486161749648  0.468563882145
0.507782553042  0.518809514106
0.557611568897  0.502749065567
0.495362537545  0.662836349458
0.364743485079  0.426626397683
0.514932779089  0.611679250923
0.310678571177  0.554420600887
0.454371398952  0.544640080203
0.258481375533  0.508899141251
0.51709015726  0.341171912872
0.532502913551  0.488200531398
0.44409785146  0.533740692349
0.511302405773  0.400770502279
0.452787164493  0.536151246883
0.470908225902  0.410669126174
0.453958770308  0.532497202904
0.530883425868  0.471842569753
0.337581165445  0.502841741261
0.383119684303  0.444737958761
0.549601504072  0.314740243116
0.401718905843  0.592757621673
0.587741509036  0.567789896894
0.473690055974  0.474021670819
0.481998361252  0.51849649694
0.460904644559  0.633322251658
0.521756921404  0.396524226828
0.487408685626  0.499337203324
0.595985645079  0.543825863359
0.482527113593  0.377225587288
0.580094328999  0.475347541078
0.50989727085  0.460622176573
0.732992206196  0.323833441378
0.493931740164  0.460122493828
0.623846927904  0.615238691502
0.554901254798  0.489604992625
0.490481856644  0.570570377741
0.487405157155  0.443450018906
0.775313493515  0.414445444044
0.342816114698  0.549293173603
0.553518681628  0.660055821342
0.560520509009  0.489079199211
0.634597805061  0.57543186069
0.404549513499  0.515257742978
0.414256435722  0.471301245673
0.544751301979  0.547422200164
0.523074888824  0.572267004957
0.413982645022  0.454380374068
0.562131081201  0.363672842035
0.451384529721  0.390816174872
0.482001801804  0.576732291196
0.584515088521  0.55562654632
0.71694380279  0.471426066278
0.340480412805  0.437524766458
0.380837591031  0.537427633833
0.497226875364  0.444289921713
0.512772606599  0.41471742493
0.574805016676  0.392176609971
0.500559491477  0.436820487251
0.438632778413  0.479242888973
0.490329292151  0.659930231804
0.730651680073  0.657102026003
0.534825218732  0.64601980757
0.240270212108  0.350891630828
0.557256344065  0.561597728499
0.614697109132  0.551524889667
0.64096077947  0.464092192648
0.472616944318  0.580110719797
0.475954126728  0.531403771952
0.383925917211  0.562842703635
0.426638461748  0.637320170237
0.586566944  0.534216762634
0.364653092641  0.483150708085
0.361833388837  0.431482652877
0.567230154673  0.550166738795
0.652844284522  0.536291538177
0.610183460094  0.523928013377
0.405780065083  0.456413230738
0.458517832827  0.445351391934
0.481636892478  0.45491065981
0.485466528605  0.509599893477
0.532420509923  0.595920710307
0.452979359437  0.508800913588
0.491225251017  0.593038114703
0.530119457096  0.611114842452
0.656794575358  0.325360719499
0.481012804318  0.473663620609
0.465705823244  0.49180849276
0.390525335442  0.532046939274
0.436856460069  0.507965165064
0.593576981992  0.458545506529
0.223699054933  0.587447540238
0.460313504979  0.736667891634
0.481511410764  0.66824423871
0.445491534006  0.586389321659
0.532817086623  0.477043941229
0.59832454476  0.501003466008
0.61685945501  0.457269350619
0.597720221738  0.66790573362
0.503455348031  0.486365961675
0.525416953192  0.433811097955
0.519638101567  0.507687838817
0.412328978991  0.482155404383
0.477274491419  0.527344704572
0.597188521678  0.586759429263
0.402962827944  0.544728535524
0.56822375368  0.685194913971
0.446833156079  0.551806502648
0.384490211842  0.345857921919
0.376262664052  0.342004644845
0.344090903495  0.632307751388
0.476846990166  0.385754338416
0.535077960931  0.415091542578
0.531078513894  0.654798738304
0.345493003211  0.673781072221
0.620140923225  0.274686487783
0.560451356263  0.256708038556
0.486736132699  0.502816643587
0.654959714976  0.307534327781
0.640028671955  0.466089005084
0.542964085861  0.58912498306
0.507884337745  0.47644058668
0.580446873969  0.496519184246
0.405223637467  0.551230737416
0.429899035279  0.368298688223
0.558485267532  0.506707134754
0.50462710242  0.4070968477
0.463514051227  0.3773433186
0.592912332086  0.582572747037
0.487551572311  0.485119550196
0.504431868253  0.425957041684
0.713556389885  0.409193581473
0.574638682597  0.523222045003
0.456457853112  0.614798293648
0.730748296404  0.519486859063
0.603899118639  0.350792400794
0.436359388677  0.507157007528
0.596052032648  0.4328540849
0.655990413222  0.439848196915
0.558582804497  0.563095307772
0.532281560136  0.444847922662
0.478154914571  0.717822120434
0.344631394383  0.572180736946
0.334047640559  0.333000651985
0.470731332008  0.581754676883
0.266787005375  0.65211799003
0.48801000114  0.456901416866
0.47967895228  0.419625013825
0.315516941699  0.560752190057
0.510748465975  0.435002325364
0.434273877067  0.396906587577
0.50906193552  0.614067189376
0.536703068536  0.612830379039
0.566651433418  0.616388280389
0.563817249181  0.430001188419
0.416512723824  0.567184532105
0.592829022388  0.475545692364
0.358173705  0.357775247693
0.524855816889  0.494881165737
0.545845481361  0.463473554134
0.401968551746  0.2114810531
0.545278083531  0.530971385208
0.328695380374  0.629111345395
0.419972122624  0.548980210956
0.482121323062  0.570347857537
0.404859175267  0.51596107063
0.418461200391  0.598377551232
0.551115173532  0.462849158173
0.65975665556  0.654998652089
0.575632789681  0.600695710024
0.366400058733  0.617676507972
0.427277016752  0.313306032232
0.623113469595  0.490407085822
0.28890476549  0.453978991885
0.540884451589  0.530222318865
0.533174278115  0.503609381244
0.536518732926  0.503996800845
0.543560555019  0.60754259875
0.458079302638  0.408137309188
0.513818546843  0.554616824176
0.386470881162  0.638780377926
0.439166308152  0.493778945451
0.453539700607  0.344568705104
0.647373889245  0.468405364446
0.574867460002  0.391549490775
0.507871184985  0.574420106149
0.414927166527  0.699247646434
0.398446829401  0.538300203561
0.674908326522  0.506911921252
0.499827242365  0.563873518652
0.509947982445  0.450384086322
0.621918713117  0.391520500294
0.565436043818  0.445478552579
0.429822087601  0.441312916131
0.454446301588  0.531839243136
0.601220203719  0.544512135775
0.295077641947  0.676933540717
0.600898677589  0.412371538385
0.348132159315  0.493305120665
0.469382211215  0.410398351393
0.386164553768  0.642325281522
0.285407347965  0.428517788639
0.457090191594  0.605488606964
0.418370431938  0.343096245663
0.466548543661  0.532100297468
0.612064293463  0.47006394286
0.484904847677  0.572827163366
0.590105953302  0.581228397131
0.491619562031  0.507746651367
0.604591711696  0.369642515642
0.566760332861  0.526995569918
0.540222105133  0.449293578616
0.586668376803  0.462705004033
0.547062577645  0.526549396573
0.427810710733  0.495604745226
0.529140465456  0.45083392621
0.398407926649  0.428667199525
0.494315980311  0.452764668991
0.630771266423  0.499528682441
0.638523881059  0.515639613368
0.289724598273  0.555284577497
0.480580071002  0.669299759908
0.546881958904  0.592110543613
0.433254508152  0.416887091394
0.526628371737  0.398733414322
0.531676351781  0.324543798218
0.59350942484  0.432512447708
0.510152467012  0.472823958974
0.50596401296  0.325170075966
0.510141402921  0.431835578918
0.43086977617  0.514251579145
0.220845801835  0.496444469043
0.655952994843  0.393113542739
0.555226127679  0.518273595344
0.397543532955  0.696054308742
0.312168092351  0.51844913331
0.559199579031  0.447981213302
0.517566834462  0.49549021154
0.397372727901  0.601207364697
0.505411512361  0.66763108214
0.420992349852  0.485490814342
0.377853468757  0.567180671167
0.513759556201  0.524592769307
0.529592514151  0.628155568491
0.414100861613  0.538983044501
0.540075688  0.463654134919
0.418343968089  0.447888356794
0.487387094171  0.378438075179
0.547926877354  0.628693896511
0.416198661048  0.372389808062
0.598777042476  0.33400866636
0.44706753707  0.687278595563
0.469594430051  0.526054621555
0.525711692191  0.558184230662
0.446842420837  0.445669524818
0.44164312515  0.59588509531
0.488491659843  0.474519545991
0.357352577137  0.611215998903
0.460562515994  0.379405816795
0.367104561228  0.410317948016
0.494532225626  0.46777759988
0.538601714951  0.391640614531
0.41343475602  0.357416010245
0.479926384587  0.623390607319
0.39740274638  0.443731815227
0.498559056792  0.516382780587
0.546065190836  0.56893446804
0.526251451172  0.552643168211
0.405918000518  0.472427597875
0.461648644943  0.634628846202
0.37541318624  0.400809099829
0.597745370175  0.442196786261
0.438398741321  0.399029710193
0.486879160195  0.498015230739
0.382391906996  0.301587576383
0.601180357001  0.660226743062
0.596677756213  0.546537451646
0.619795381008  0.488107059942
0.389178443525  0.530689228568
0.397288490026  0.414823403689
0.606882843949  0.462771749857
0.523033804277  0.598856877043
0.44712156501  0.777764231509
0.417305465359  0.583453753164
0.524400997651  0.471487060122
0.541206508474  0.471600248306
0.392582752879  0.559803673903
0.448133300896  0.458056424882
0.470549346524  0.26359586275
0.390035346049  0.499316187436
0.646485379071  0.464511184332
0.520467737593  0.251446052821
0.397524578858  0.660368451476
0.674246483498  0.464968530067
0.55494671357  0.566356832483
0.422924841698  0.548140482934
0.472427028525  0.689882501571
0.348728143059  0.546947462002
0.543162006488  0.502010388615
0.471734933639  0.593095534692
0.505070622798  0.552178476189
0.481773222663  0.534331081895
0.427275430552  0.451612223435
0.395131547934  0.511308794225
0.443762887683  0.532480680864
0.590531581359  0.450387274653
0.340992339663  0.641778305968
0.502367584237  0.49876998349
0.373691043583  0.5169900634
0.369719627099  0.377538949507
0.460647643401  0.51404945811
0.485472959167  0.488027582663
0.670789383004  0.493896689059
0.609610871601  0.796784718195
0.778991531263  0.536738346081
0.502896311487  0.554944614099
0.621903003701  0.44883262857
0.503033846962  0.349988979494
0.644192508897  0.403602330689
0.379568037838  0.528696600756
0.652966431202  0.508277345928
0.652268934249  0.382486609605
0.464681134695  0.496477500586
0.648452153261  0.666480138181
0.558826167016  0.46619927132
0.619882470448  0.502030472831
0.538846135408  0.514577460908
0.585689124724  0.427308099303
0.481582952036  0.504247002195
0.411617419674  0.483683472582
0.482748800928  0.526003610364
0.581966614024  0.634444751162
0.550074907863  0.540636825743
0.636359456849  0.578690928286
0.570559754844  0.462503937951
0.760868315935  0.5915887846
0.899022813719  0.431083375445
0.52399353727  0.687817417922
0.614384758336  0.614324895718
0.502638270691  0.539181440716
0.528974608703  0.334811210489
0.53263954419  0.447682823853
0.335022462288  0.380018474492
0.408039712615  0.540938867673
0.386823262662  0.299435279863
0.420947389969  0.342558441264
0.513265846989  0.574322421536
0.59010525622  0.602098676492
0.55202064086  0.478047321296
0.635081093082  0.464571794101
0.360983231239  0.608914356256
0.587586029811  0.690404637601
0.595436357209  0.419035499047
0.456812372274  0.587824535636
0.503176488868  0.374319574073
0.40675134444  0.611840571409
0.57851569635  0.625376291472
0.572448605793  0.528733052161
0.425184918031  0.393729589738
0.42065062453  0.47682279487
0.374707754846  0.279368553654
0.587549478241  0.627428453235
0.393524710594  0.494637332106
0.519311475129  0.640048111133
0.503788905112  0.443937802275
0.496814457326  0.255688902927
0.460567512159  0.456196564344
0.534824152023  0.572241678771
0.468749258573  0.383169798289
0.485188386105  0.379387103174
0.471151430591  0.491357587877
0.247650538309  0.496838614861
0.360412641047  0.465537120965
0.579581274876  0.35269345607
0.490326978289  0.486922651332
0.72551423102  0.580516990202
0.631478165542  0.518716431266
0.571316229534  0.55974882841
0.620173152311  0.587851118937
0.623556341488  0.391523658997
0.413522536115  0.421432872619
0.511651937088  0.382259443488
0.700721395369  0.441229792411
0.519903671756  0.600475858272
0.458268746473  0.481388886199
0.536505888385  0.557826003905
0.600111163421  0.46746595015
0.415324596875  0.594127358651
0.365144006733  0.376571798952
0.510783670078  0.379475886831
0.598814611787  0.437305648554
0.307668168072  0.468259216916
0.717181100663  0.596173180231
0.481143248402  0.502381420682
0.741063417692  0.441378178793
0.310758505372  0.64266785951
0.595220189088  0.461272072114
0.644142055402  0.367403479319
0.701086989983  0.38805909949
0.3269159758  0.527009715202
0.549374742385  0.459107610406
0.647547939077  0.562801418689
0.621274766498  0.668354404533
0.624990822564  0.567326416649
0.323251407676  0.69257016527
0.472274583134  0.299312746985
0.44273521409  0.471628417485
0.488006685957  0.567746655003
0.561853271946  0.60638506916
0.491770892261  0.826111792312
0.602596927418  0.598838305444
0.606843794564  0.332698902088
0.560465807311  0.574607511476
0.556660757348  0.434680672092
0.650848173711  0.687340104044
0.593517358914  0.444491377769
0.440292399898  0.579590222295
0.354892558253  0.605609285287
0.572029168322  0.365977222101
0.422414704685  0.465219190356
0.322029098685  0.42211106597
0.671185909241  0.54523693192
0.638363734117  0.34834758471
0.443857675056  0.379536588662
0.531443768923  0.302592099607
0.457079443491  0.642197791697
0.641184612963  0.556765107131
0.43329594981  0.499981755036
0.563175836906  0.619469727248
0.490786660455  0.453412160261
0.410323875981  0.571544131859
0.662314394284  0.545308990185
0.501611832635  0.723208278172
0.444504659312  0.584503430256
0.35242447799  0.700250773747
0.480711331034  0.514095839271
0.441906678248  0.4015187772
0.345016628838  0.536604824767
0.463234322015  0.502494600797
0.464873784574  0.467497222218
0.550334744482  0.305576152042
0.462559983921  0.526944385524
0.563283731841  0.565175442056
0.463008156596  0.458244937229
0.301546269534  0.382910537137
0.45363103777  0.46041596605
0.472999324205  0.506834008996
0.465234562582  0.517656935419
0.481888202294  0.443958678239
0.560431154955  0.453333945492
0.54721331234  0.473108250431
0.335242170103  0.48880993799
0.457139591722  0.662248444517
0.589732788555  0.478102156152
0.589569539573  0.777432632958
0.525044312943  0.601591823635
0.673676177753  0.599372965592
0.4578807572  0.484507069192
0.61658379934  0.49972673407
0.543947166295  0.60112594414
0.294791707282  0.367704788244
0.759220224834  0.420180926966
0.37095850884  0.472124188108
0.473226220168  0.573251421266
0.753514235295  0.4246765144
0.640055636112  0.651074409705
0.464189465273  0.352738913108
0.546572857388  0.353880645843
0.419298116749  0.538504681923
0.601085689119  0.407451533425
0.48205717736  0.483752302273
0.566881249469  0.50556530502
0.593703678434  0.420761722136
0.589540722987  0.329812164897
0.44657743227  0.515088345783
0.497559552677  0.542437841469
0.375988820247  0.566000015029
0.553531047302  0.52241451458
0.530296864564  0.480130852583
0.485272309153  0.693589590042
0.561208382553  0.451346207088
0.552573493668  0.479933997467
0.536234318018  0.524044395526
0.428959093162  0.611726951634
0.530975263991  0.441750213351
0.63235860994  0.546619987947
0.528337362497  0.580478292244
0.492485728419  0.560117138698
0.536799950968  0.517752145209
0.545391431462  0.58555184946
0.555110657391  0.50852166499
0.38639478043  0.575051328166
0.518773281025  0.512288559938
0.606061020904  0.530373688869
