0.568984638297  0.569246574165
0.515768444073  0.76239582341
0.799714622566  0.559221843865
0.613853350666  0.455108485544
0.321695816535  0.749369644092
0.402772420994  0.494967382724
0.433089543036  0.365204800186
0.365018094818  0.358558269204
0.674863451813  0.461733020774
0.513324856415  0.721369998073
0.532278069276  0.494469226766
0.334383186102  0.483259794492
0.460395939471  0.514709166932
0.682901967999  0.566078836283
0.558887602123  0.564611523405
0.554312850357  0.697317778378
0.615047998098  0.492656436758
0.583198000367  0.526110621133
0.597584766164  0.572039831778
0.523123580099  0.499552407288
0.530375769152  0.454067325901
0.650412815628  0.594955687377
0.524309611143  0.460155277672
0.395231460191  0.621140862654
0.519678651626  0.518864698019
0.549793817844  0.464306531405
0.427786812114  0.564825345888
0.442172525085  0.427140285546
0.387814744942  0.365716787224
0.623361441902  0.607142598203
0.480517407977  0.692460996838
0.441841590316  0.523150408097
0.574431166568  0.410826567328
0.483985772426  0.452290162069
0.463009230032  0.456936566734
0.383313899015  0.648190082629
0.459969948147  0.458434428593
0.520271497164  0.404990477121
0.478649392324  0.332913112831
0.405547383248  0.53926157252
0.406451456996  0.36059112627
0.406404588878  0.604610425078
0.56511224155  0.529121456264
0.446916867484  0.410436889193
0.503427157957  0.563862559773
0.247237674044  0.421934976479
0.476846724377  0.41370811646
0.218849558669  0.407876172025
0.569517294085  0.624909013818
0.482663485861  0.441521982211
0.667741663883  0.427594419593
0.495775971379  0.488596478404
0.519080351065  0.554158198731
0.475672526407  0.417334153561
0.779772879993  0.394228407696
0.599538304051  0.511067492669
0.447970362168  0.459752064512
0.488281944934  0.454242311436
0.55264960417  0.496510689736
0.638440647035  0.468133184309
0.565149900354  0.373490732446
0.405667647216  0.416074035006
0.562162532083  0.600504993348
0.733820248253  0.344554661762
0.700902725428  0.508727243074
0.441612436238  0.377795867998
0.530176017807  0.631255632276
0.531577620341  0.40742047404
0.291657852924  0.567710123271
0.437437326982  0.501923302895
0.66261605531  0.554465669967
0.294796717348  0.393350619192
0.550451577459  0.48151151244
0.595030210847  0.454123766511
0.500589588396  0.520131285218
0.564103021893  0.272041950087
0.474586852747  0.447797183585
0.56881262766  0.400475249004
0.538837972536  0.589109114717
0.543800438353  0.508740294343
0.526795554647  0.470306063069
0.349275807668  0.282451864606
0.471869486261  0.574045782512
0.699159889054  0.487919963012
0.448807210175  0.739618803354
0.619411704333  0.635795485481
0.450405227149  0.539765184389
0.441546812265  0.443399205759
0.488952366768  0.439956568241
0.416688527629  0.444999069334
0.674628884249  0.536661429802
0.510040415367  0.441044237131
0.595929148893  0.473045824493
0.471541120702  0.368975589559
0.519778449483  0.29323490311
0.546519141286  0.559750372154
0.466213258676  0.541406955921
0.329421497341  0.572954720425
0.434514504006  0.413702250222
0.49549784097  0.338824665926
0.632746131131  0.434168416242
0.589750118699  0.329824706673
0.499585630926  0.662227154835
0.515165730683  0.465739117047
0.507653939956  0.519460535897
0.549061059643  0.302151999455
0.536275394449  0.455322278703
0.558565503087  0.40546256566
0.614004288588  0.465136430858
0.760525061917  0.435127543757
0.505843894854  0.457870469551
0.280330699602  0.349506992507
0.544708177031  0.621569454747
0.50617017447  0.336006772862
0.54713713943  0.637432240601
0.424558766625  0.503302425648
0.401360855131  0.573800746686
0.535957072762  0.649000283525
0.457307294502  0.491250295799
0.506950968143  0.402897749239
0.360553122654  0.613603552354
0.517450635706  0.449960375446
0.598698801105  0.390871694374
0.444149861167  0.544169004145
0.431160786636  0.449131370693
0.505800201825  0.432737358553
0.263264136218  0.336058911127
0.413195063519  0.403972245224
0.77107851309  0.56869250338
0.356084504241  0.578229551205
0.523960809364  0.528861582633
0.393655027453  0.511028993027
0.590365990449  0.574991420708
0.594018447852  0.440793231866
0.537785374669  0.481099259304
0.431582198987  0.60328381773
0.528261336934  0.201167803577
0.477595169109  0.571270951816
0.537974172401  0.437087630989
0.557442582003  0.538628954321
0.473622253224  0.381805409462
0.476010048055  0.307945512459
0.43458816983  0.332446368435
0.574975359895  0.42513685387
0.585309377334  0.54854051992
0.500981777773  0.500361161549
0.539135271188  0.460412830911
0.5132525093  0.336681730342
0.381938230916  0.302141448144
0.397777232753  0.474804061027
0.510317993598  0.431326120127
0.534820219081  0.536219751721
0.546341489987  0.471662014462
0.5246057378  0.581580656189
0.48231704015  0.567053738905
0.614461468236  0.426007248742
0.481432548569  0.571698999561
0.639090405053  0.572950221054
0.621982563723  0.491709685352
0.513193448149  0.522780760259
0.428501471015  0.514560037502
0.534330468191  0.443449995617
0.582194457172  0.489816401083
0.50998335125  0.367095645157
0.602606480709  0.421095062242
0.322155257383  0.579730074995
0.407440411965  0.440889869839
0.548138932425  0.652103469009
0.5813363213  0.576764208848
0.387341988768  0.390648757072
0.576447418394  0.439405469841
0.482227279691  0.568417996039
0.31465959669  0.377414293223
0.41021231263  0.472307058711
0.548195899876  0.481621397322
0.395234501007  0.482777525373
0.504961496495  0.513572016362
0.396354409224  0.563660821873
0.38230057386  0.435006057374
0.644397176293  0.565018118527
0.47623705834  0.604996472666
0.473677405149  0.563743583073
0.50129713614  0.450683834987
0.263653105021  0.59363759779
0.415324277374  0.51314220303
0.397787151123  0.559427093861
0.506683751327  0.460697356038
0.348569399077  0.422235305607
0.391312399512  0.568493710308
0.59906665327  0.528765141763
0.582535022384  0.519935899357
0.611984285144  0.531051596224
0.643851466044  0.426962733434
0.526782053965  0.644979153106
0.386906146304  0.680266742854
0.422182718182  0.422424379291
0.419009572209  0.485460522481
0.462147532479  0.662197442168
0.53894105422  0.568898641546
0.493038478511  0.332342299481
0.417788417542  0.416813859461
0.50127933382  0.5118466426
0.440098816474  0.366921825246
0.440214065004  0.291566819617
0.383237506548  0.428512289158
0.420484077279  0.3938546739
0.533484729253  0.406325484116
0.459544011357  0.50257531977
0.450432131835  0.419080422982
0.489496080611  0.5279955611
0.429519734314  0.565162365714
0.614227904121  0.51159540412
0.487619754098  0.624317687089
0.782832162875  0.253314999182
0.577244627436  0.354793475217
0.507006367347  0.442649636133
0.431675628638  0.454884271848
0.404640541395  0.441030626516
0.44997918748  0.674384774384
0.68426366912  0.589343325403
0.423841960522  0.514987442069
0.392147379205  0.296083832435
0.500478139555  0.458178082364
0.557975551507  0.436794296118
0.500155114472  0.485182764301
0.353508730476  0.337876476621
0.6350344374  0.560321630336
0.394037919147  0.396555758573
0.458632796418  0.374531478116
0.645706924836  0.352806797868
0.487297494118  0.587904519845
0.692383520501  0.406181564997
0.670244095417  0.359190142428
0.527589038539  0.286459616213
0.405095509916  0.477797008008
0.592654940228  0.348656439052
0.469062230347  0.561121125055
0.542515572883  0.408036079763
0.567231659141  0.379918812391
0.502590989218  0.169769071183
0.50045977554  0.455417053877
0.581319488248  0.499750102433
0.529869104258  0.574762787789
0.479870497511  0.578700080836
0.252979419516  0.293489518751
0.655739358465  0.43025330808
0.575054486021  0.558037839926
0.403987694495  0.551942245178
0.335910300634  0.459713965885
0.747777668204  0.444044047788
0.365391488374  0.399286867787
0.334271178448  0.407601551598
0.509682994945  0.468270981018
0.440028134129  0.517628402763
0.5494690896  0.364101524983
0.492155926276  0.446995687208
0.507574398506  0.41564802935
0.581827960513  0.346235008101
0.753981760103  0.445829083608
0.526658107288  0.340958695619
0.486810358247  0.405438920491
0.25054812174  0.52560624244
0.472113070872  0.23046448633
0.444830440568  0.546424153506
0.444944336279  0.372249367415
0.608940697412  0.397494898242
0.445991718638  0.557956805424
0.367015451962  0.581459297559
0.439775983226  0.541877486222
0.591037255189  0.590053073608
0.465683599335  0.528652744506
0.312364911079  0.390312824589
0.434127115595  0.588162642052
0.353416370658  0.466936997922
0.483696395216  0.604206273177
0.613586540282  0.466647256551
0.454135355472  0.583835674491
0.471443725976  0.479123337833
0.514190514397  0.497850759294
0.548372957617  0.500558258342
0.364178902477  0.440749817116
0.387100341401  0.558125241148
0.556765375435  0.503989263363
0.469647732255  0.211057678003
0.549785411298  0.473239672604
0.475144636542  0.425790258801
0.461196110949  0.443403615271
0.542951818515  0.376944633109
0.410998496235  0.592284910134
0.602457799268  0.582555127541
0.518003409795  0.611482776987
0.353550353467  0.456306646493
0.30752082419  0.394557880265
0.529143610264  0.354005093893
0.475563245421  0.30973373517
0.401357744798  0.483541895794
0.478563965841  0.631719986854
0.456767683424  0.407930737789
0.617703034918  0.402125907312
0.381285367409  0.372257686711
0.596242399753  0.55893409397
0.183105198829  0.540518519762
0.495241253763  0.45035760873
0.440137538642  0.525077359139
0.511939464281  0.43849108551
0.617544607385  0.374429385847
0.501297935076  0.470395623886
0.528722858619  0.364415755563
0.539026437389  0.59912692427
0.507298723982  0.617315947925
0.495765153621  0.458333238332
0.496707602074  0.512672914954
0.55870017512  0.462712889261
0.420720044585  0.397401341755
0.52228834584  0.460616262741
0.519248097473  0.527691894414
0.356746596893  0.663454028331
0.558006393886  0.400786148011
0.380653881444  0.430155282746
0.535097271079  0.438262579268
0.360945326499  0.596370612116
0.362608650415  0.525227297038
0.652754807684  0.332934133689
0.572973939711  0.389787096863
0.52261889584  0.496325626212
0.554574698214  0.39749903593
0.563357628375  0.258543425896
0.571040634944  0.343351748843
0.438938139803  0.58142968689
0.518933236396  0.52953203612
0.650656506313  0.659648510151
0.497727916972  0.506303435658
0.622786016707  0.638264782606
0.335472288819  0.479829038743
0.666927432826  0.426535164032
0.580733674644  0.530574903861
0.67865787396  0.373860507182
0.372219608656  0.75743913539
0.404647970452  0.32584900515
0.574094020301  0.444069735604
0.560514029226  0.560006339807
0.32618323922  0.24489369619
0.370639741991  0.487547480237
0.72663090381  0.544960474162
0.521327177737  0.388963949691
0.352175608071  0.450301769883
0.446394413879  0.358746160957
0.591802677509  0.582337458258
0.498966538018  0.489394826698
0.708294075838  0.463261557752
0.603028230059  0.341572736681
0.43559504813  0.474620861711
0.364343219919  0.439253710883
0.419022409456  0.579307324003
0.377494770716  0.644412299132
0.467663136317  0.523328040355
0.562053054464  0.660051934004
0.459991234026  0.390896035602
0.629225224555  0.520612795733
0.465353196855  0.498927675326
0.404351791653  0.609074952369
0.490904369106  0.552953492339
0.40888332842  0.55611956576
0.309781029621  0.447228178241
0.502242526418  0.622351949594
0.46839313089  0.658968155716
0.380348843045  0.450801327848
0.472730553762  0.545735070053
0.422349444875  0.28475576146
0.533278628175  0.424356174858
0.587031067659  0.315056672752
0.607728366446  0.437455220698
0.52419110662  0.38872235397
0.345988779806  0.346577580623
0.671005229506  0.518761338828
0.410119176495  0.237049645406
0.547808961573  0.502672400929
0.383277269145  0.584903463583
0.523508666265  0.393811670144
0.539390712068  0.421790001889
0.452986287835  0.48971170332
0.640524423804  0.631240339835
0.525483551473  0.661463182463
0.725180406086  0.385637505769
0.429307510445  0.464012164665
0.585627934665  0.497965215813
0.550904780407  0.485996827196
0.424192189133  0.511570632656
0.703562636121  0.546499332714
0.62627710169  0.44477692357
0.516941914354  0.407798837046
0.531341736219  0.382342819947
0.399375529894  0.55383777512
0.48124130306  0.378281938999
0.502355834998  0.256403861286
0.47722811433  0.495980502966
0.599016293152  0.470864262954
0.329007813457  0.606287104715
0.633724945834  0.500326933057
0.548317687953  0.606890121519
0.637738543699  0.445837850987
0.435141412571  0.397477739129
0.673512870656  0.308175399948
0.480199600474  0.340238711146
0.490817577715  0.409178453025
0.401112872657  0.436943588146
0.41014758032  0.611898020749
0.57315680295  0.647421381306
0.530435717926  0.436563539489
0.425856571662  0.491356815792
0.536462913391  0.39292271141
0.587064815086  0.452830666165
0.409393523255  0.54632827021
0.619729436244  0.424038922695
0.519981136203  0.329703059294
0.548513296421  0.641681865536
0.61360787211  0.565714894133
0.474519396243  0.668857928656
0.518434006348  0.455939857287
0.679078257026  0.574200535238
0.576180443911  0.62593360296
0.494463238095  0.396734162892
0.510743905096  0.345112731898
0.613718324063  0.332834010001
0.280702538002  0.446373830705
0.547243333499  0.705662321755
0.519273812148  0.292973090218
0.66196948295  0.794923660189
0.525499346605  0.407282082882
0.508421548959  0.52436221838
0.402089250659  0.544839558687
0.633664146679  0.570410911734
0.663937848725  0.513102688762
0.491584749117  0.425748002278
0.597133366323  0.410359188506
0.522803453499  0.587523158407
0.417448789909  0.509389190501
0.457529204803  0.533940511819
0.671150882034  0.472698825879
0.466322422846  0.603171039945
0.566398375375  0.221845852593
0.42015046659  0.353469893306
0.706357989375  0.465189822936
0.52443004921  0.582824887573
0.558834042971  0.494366023841
0.40414746113  0.286738178738
0.635385897957  0.381742641651
0.439852974439  0.381396366633
0.456481599115  0.410079194158
0.618823317751  0.606585029942
0.494943924489  0.446429843025
0.572548596167  0.534166380399
0.524118925456  0.501066014772
0.453950605735  0.423926249048
0.616083093209  0.530390772968
0.56494722213  0.621561466792
0.271628879351  0.333456095424
0.570535498969  0.555349103909
0.6569093528  0.375796701775
0.360005402677  0.433308065575
0.723062924621  0.50600101077
0.508853196258  0.326731275674
0.47848108674  0.460324926809
0.427163692635  0.287488670201
0.415801028348  0.466248046576
0.609192720485  0.558025205507
0.552399904103  0.458221745251
0.497954955579  0.713021789013
0.375700040878  0.426666410189
0.473009165433  0.533249520171
0.553278065651  0.469076572603
0.513671290021  0.528496482606
0.410087263321  0.522589235315
0.688669371203  0.50998677638
0.454678020372  0.437381975993
0.497692166854  0.411075906138
0.622143252592  0.517810495714
0.633891374834  0.335010235535
0.370277588837  0.449630619
0.752324002811  0.268520491835
0.524087022542  0.676053665008
0.359704402598  0.572240849395
0.467013484565  0.5026327509
0.482486117437  0.325124915826
0.630108870639  0.327340570673
0.534617876894  0.536302875506
0.526823473602  0.528170814261
0.489558391167  0.597193137358
0.494730760101  0.601947260785
0.478414264106  0.441767469654
0.439295895752  0.394998637743
0.598931773127  0.549665512513
0.479323454537  0.452648211196
0.434140253681  0.314303313037
0.606075998345  0.567947900548
0.632407567463  0.400826148738
0.529423756828  0.47413522631
0.381210382485  0.516012293293
0.525121953377  0.502716715351
0.451963548014  0.575454734301
0.466902698256  0.491554627778
0.568078213443  0.450405287994
0.443006379811  0.529512944813
0.436431544453  0.555405091737
0.28229067002  0.431721655707
0.479158725016  0.555759504274
0.713214400426  0.548530780934
0.549077980614  0.420023044763
0.465248328433  0.37831891616
0.47134483758  0.503619404099
0.518403569949  0.517034265321
0.371244867853  0.552171562086
0.526925795299  0.516777111914
0.494023805227  0.477938233746
0.42804820777  0.578878095268
0.726956016082  0.637181907793
0.616508682824  0.461382108263
0.424137641978  0.419559837693
0.379219017168  0.434490387507
0.42096111605  0.624613218134
0.614059103428  0.249533607815
0.377082915663  0.401471394569
0.442496880661  0.523482486135
0.45081554505  0.721772410446
0.526190089453  0.571986298817
0.410525835074  0.418268307729
0.489314334697  0.563449705547
0.569324856337  0.646470020861
0.459433012903  0.629579867664
0.483503608926  0.649964118111
0.656829659618  0.256618844407
0.480788855152  0.316786106477
0.511724844565  0.438998177983
0.615965196657  0.420559130116
0.454277168714  0.411959787589
0.577278462347  0.418423675672
0.499662166431  0.455546616975
0.554502004647  0.518598770499
0.658911798502  0.552764868439
0.384829279873  0.418784443027
0.49496801523  0.684789780408
0.452263938591  0.531481777072
0.532486301775  0.400112748883
0.545062395981  0.567133741322
0.556691421369  0.449251770637
0.368186237491  0.507133429463
0.49292527759  0.538792123336
0.41432946242  0.465296191802
0.356348188544  0.430220618203
0.585392853529  0.629646199793
0.343254023727  0.37505573693
0.471010563627  0.48137216192
0.519292903345  0.423118523529
0.337719994626  0.321643117051
0.55038274704  0.608598014899
0.35622603911  0.373140844808
0.448490843229  0.499492505543
0.533358431388  0.658609231595
0.567339611036  0.550352662374
0.378306377428  0.461209350052
0.519609437891  0.469768698243
0.459775414407  0.549332713047
0.339162149556  0.450909112124
0.522278047408  0.628540215466
0.612379032946  0.489162071894
0.448203000564  0.425125063855
0.559497820133  0.545533670819
0.471303757615  0.404698835908
0.480344645561  0.432558432341
0.520912891231  0.456506791806
0.561001477176  0.401549006456
0.500771683822  0.417833901785
0.652867716446  0.495458126723
0.370194526923  0.422067651094
0.577326637272  0.285080756042
0.472269408476  0.512005962845
0.483110775325  0.530241614231
0.505092638481  0.561014678794
0.427053582042  0.511149511936
0.34760997848  0.515702600457
0.556284347128  0.509369603145
0.620985244918  0.359374685047
0.514304421228  0.350626508994
0.670427941525  0.556652043347
0.659022872701  0.413676350443
0.53409917387  0.487763515869
0.497520941877  0.539808960294
0.635198001724  0.417296545038
0.411979847187  0.569586080883
0.399245855423  0.434123994722
0.571413628814  0.407846854853
0.431114392346  0.442421498536
0.351233980743  0.35864897798
0.423831584224  0.45724349304
0.455070015461  0.485798743407
0.585185089103  0.356997590674
0.448709743264  0.422023639979
0.422133809339  0.493090399126
0.49828722225  0.366505402824
0.3656089948  0.492666246173
0.427715887459  0.557816807215
0.579372511026  0.492551943336
0.664123591368  0.422384554677
0.323322145295  0.555291342049
0.539723962247  0.603484997044
0.452102060913  0.542434704642
0.543544582988  0.618442206899
0.453303563178  0.546917755224
0.546303059345  0.596433135014
0.481660397015  0.460341929547
0.488774873495  0.51621829258
0.466628621543  0.413131852583
0.607930780125  0.494666300919
0.544491299744  0.455898830902
0.325347434084  0.585582038228
0.576709860306  0.451883956543
0.422742299702  0.35610456953
0.489353148003  0.386857069575
0.353168393976  0.391809798981
0.497471638643  0.352072699205
0.549499065155  0.505702696562
0.591480787399  0.488444875038
0.55546630744  0.594359235956
0.395190138782  0.362217224992
0.461207621777  0.618641244021
0.416836450031  0.497349223535
0.563991559178  0.331567186975
0.58159937297  0.355003662321
0.399726491689  0.514574408632
0.514854598603  0.357276038354
0.569028745508  0.54087168881
0.5925707433  0.496989298645
0.26280089779  0.533760000875
0.31270374467  0.322841726159
0.507414972104  0.418686775751
0.389048229959  0.622925713539
0.447083733693  0.477942441912
0.441294728499  0.549552229113
0.508602967689  0.483572164396
0.500570821283  0.425401808974
0.503537582085  0.521101316936
0.422047391904  0.466059498363
0.60815099059  0.499419994492
0.388676638425  0.587604560106
0.551581896942  0.4714987099
0.486453625951  0.37370737778
0.52150663673  0.485154762353
0.510793679777  0.629714526253
0.637451301882  0.270330839056
0.459058989963  0.514529658869
0.455460328129  0.287584619476
0.579871381802  0.517276870662
0.372245917335  0.524242792392
0.508295024438  0.323079736377
0.55440773865  0.409183043617
0.514701676896  0.519615868416
0.49746764748  0.584769954495
0.535686788685  0.319232970775
0.44715309673  0.612524531113
0.586656849425  0.412084239224
0.749600827784  0.453677219527
0.396439230185  0.369473121497
0.53725939138  0.595617390607
0.526850389809  0.481764505359
0.579712881869  0.482788902846
0.491541916589  0.548533208702
0.446403442904  0.545345813582
0.449288514967  0.546505495355
0.657081444779  0.416416702657
0.400174718  0.630148119107
0.431166739572  0.465547818373
0.440275117621  0.445988750902
0.278692969129  0.514816361942
0.503492424622  0.376229085336
0.585908120716  0.64614865514
0.469151296918  0.394498527686
0.547575364608  0.563946646239
0.549314050974  0.353161484639
0.577383053671  0.524139146312
0.526102282107  0.583719279649
0.644996840833  0.385298717772
0.445239343338  0.396886521011
0.453337223158  0.414855485037
0.638293579656  0.423173716871
0.277414586504  0.588189129042
0.526535775799  0.715635187695
0.483314558367  0.430997461171
0.546215413232  0.470476924832
0.610191935532  0.617702540274
0.557494493121  0.470500435379
0.605329282458  0.434703826988
0.521460509383  0.50934878056
0.605653855958  0.532589781181
0.506169408398  0.567651684218
0.651959285824  0.667473944887
0.461804760008  0.384282181975
0.640045672547  0.667809953983
0.327654182823  0.446671954009
0.36697844873  0.610204479424
0.514044529383  0.546996941857
0.436908503055  0.695968848279
0.558413505868  0.549055280936
0.341986734655  0.732285170865
0.574345493724  0.620162325306
0.458690721595  0.523897278805
0.535726383105  0.272102787503
0.448076026301  0.528433284372
0.563906387846  0.415173752367
0.604949096078  0.411081647582
0.542935982187  0.513595296713
0.502699888911  0.377704034573
0.48537788606  0.429382228571
0.477837733652  0.585727977359
0.426060290086  0.560560033301
0.514053230865  0.375973908007
0.454218566873  0.401701144951
0.480364842674  0.569551672941
0.551064910691  0.378159483364
0.503182427947  0.411173766001
0.514481214186  0.453979405453
0.504535475268  0.387263973207
0.487562240306  0.532875900698
0.453553412418  0.606781196823
0.525854747533  0.435224283546
0.464642004949  0.481791976214
0.379629665805  0.498319764087
0.462207916131  0.410332905922
0.404878746564  0.575961508325
0.447614866052  0.392110490332
0.658031807223  0.436304262764
0.496739405272  0.570448119122
0.488946628351  0.507036651589
0.550707292211  0.693390783146
0.689429025068  0.460690840763
0.537125885781  0.482933663325
0.404966692783  0.290009406483
0.614134673764  0.431783362217
0.553134144233  0.545003815522
0.581445962906  0.330424742613
0.601653559133  0.516758486757
0.366196219205  0.406501611638
0.476670806592  0.410993816423
0.537032974454  0.346724783955
0.595695245941  0.494887885552
0.546127247593  0.236520283643
0.511008024163  0.263535481028
0.427473409987  0.386255364197
0.65727207838  0.446479500812
0.547188215135  0.711751254649
0.369158742033  0.532420355458
0.434631720161  0.627167850105
0.602181073963  0.407304329357
0.494974939968  0.34007906934
0.69064307902  0.496789717914
0.630783837982  0.281599026975
0.486992399959  0.477653714694
0.587895854652  0.38844926044
0.597152807096  0.501589655704
0.399544250164  0.419618954473
0.603782395206  0.231022528039
0.370434647084  0.40050697645
0.463894314287  0.581447532645
0.394788674681  0.366311460968
0.377553451187  0.392237753029
0.535317625686  0.427854662503
0.57306793158  0.627516233707
0.537808135197  0.458579086941
0.546639092464  0.528636601831
0.454931587904  0.491751986911
0.504885421139  0.498108038336
0.466179070967  0.406383653409
0.365745918392  0.486103155519
0.439427016039  0.600998866426
0.319373925931  0.366644456957
0.438385679217  0.655853443286
0.35156018552  0.610274189294
0.305593029962  0.406327728328
0.531112552341  0.0831859438673
0.632148542126  0.382550507906
0.485210455157  0.484962644186
0.306345639068  0.513111800302
0.577394566992  0.456444052209
0.45398683154  0.465364134093
0.47360367396  0.425916257909
0.61500522508  0.400688603499
0.509015437984  0.513189767247
0.538942587776  0.585039004392
0.364525651482  0.537509427882
0.708195102244  0.372179637582
0.383324151295  0.361034702765
0.482040110294  0.484351228679
0.711496130923  0.450266812073
0.419228011196  0.526323729175
0.451777300913  0.570514122975
0.622623678304  0.306773804807
0.559427835894  0.607167285518
0.459561867442  0.444441469939
0.53303925417  0.592744689854
0.51866546749  0.412508501628
0.479940568893  0.494940226664
0.393705564471  0.476693919287
0.547317899168  0.593734731225
0.546931692083  0.636621380483
0.396995642007  0.487674189714
0.715576448661  0.534557441723
0.465318897093  0.501651984586
0.571278017609  0.425803384292
0.452111646148  0.542822657887
0.267034871152  0.33633294719
0.551462074611  0.309092451462
0.455175282765  0.489837905703
0.631860335894  0.423799086384
0.515568405375  0.387781095953
0.575224747701  0.515697843603
0.571728858265  0.411660589365
0.46779261181  0.570922733257
0.535529066902  0.543748180141
0.446033491558  0.424011456117
0.529127873528  0.356206738538
0.410863903707  0.462944226201
0.435902341566  0.446527554453
0.452538123649  0.500926996985
0.443963409409  0.603353276172
0.600158507385  0.46843641935
0.418937435706  0.329407412951
0.617423813956  0.533195590127
0.37394440963  0.51253696505
0.478154420758  0.477861342763
0.544614623097  0.331779676623
0.289332581597  0.670100332787
0.510027882047  0.501953631868
0.609986414708  0.454989631006
0.486321670225  0.544908003584
0.526001141499  0.703848987862
0.383310285328  0.705890678113
0.577470222241  0.573193660853
0.436905161384  0.345302014831
0.38525251863  0.517104114083
0.486841417613  0.367006993199
0.560921919634  0.424189350792
0.566806667197  0.483880843124
0.472097932002  0.370147466634
0.456576049244  0.421200328655
0.51323455389  0.430456612271
0.651975287991  0.342140123136
0.271243715571  0.604322105374
0.585817857745  0.419050446705
0.564021113579  0.516984481582
0.601228163043  0.46080317432
0.463961673159  0.435852233906
0.350596123412  0.457808908344
0.513943488346  0.369084530732
0.42989731867  0.367933819374
0.49154482258  0.521806094192
0.390100415282  0.320966571635
0.36650569369  0.446407983698
0.508608033158  0.47384998106
0.588746118857  0.666653711124
0.51634427215  0.323322790186
0.595314377707  0.509099434663
0.560580239639  0.515488548782
0.558096565693  0.617515149572
0.640374594519  0.749458334645
0.57655067855  0.615916623202
0.649337685797  0.241535555299
0.506627725222  0.441352434585
0.418429132398  0.561603161913
0.581894046457  0.442022915768
0.467523687285  0.438952418718
0.465878655852  0.439114415431
0.439236279108  0.463379111632
0.687032109604  0.517643931627
0.541521981753  0.542278583659
0.483355756538  0.344402998521
0.394700285343  0.497219224946
0.528859653808  0.441604777036
0.500883103838  0.650616817671
0.491625564316  0.546425589359
0.63079176549  0.407458786105
0.43773737939  0.513327120537
0.508013132149  0.414338455305
0.473255645958  0.495904474107
0.557772816648  0.427882010518
0.647131083189  0.438136837107
0.492736408035  0.535195308374
0.490343454849  0.565485244429
0.469964388092  0.394078712645
0.556691135527  0.423582984777
0.596174449745  0.271168253217
0.380432842579  0.57892662274
0.286513127548  0.479836691695
0.514340155783  0.507034505829
0.713307433061  0.426324239886
0.5244877294  0.457918989
0.641412919317  0.536197317591
0.418214185846  0.541975717786
0.440694925953  0.567185199741
0.685721495281  0.405258814567
0.564062782141  0.614049938443
0.581226636176  0.32917765777
0.470872382935  0.259252940082
0.667721985905  0.564507641029
0.384788747043  0.509216176562
0.408284642017  0.492178039745
0.606896823378  0.485914589729
0.764317076535  0.551306056923
0.442537297517  0.454641635781
0.596827715976  0.511416923945
0.581012549199  0.466430697148
0.446491064295  0.637765643401
0.508741013009  0.509600679311
0.606590593758  0.613970994568
0.605500386469  0.454726173588
0.262387484518  0.46709606145
0.44665675953  0.527187077819
0.654759490934  0.402257255224
0.417537575277  0.470384813595
0.498757101414  0.566208957268
0.519341425646  0.481248060841
0.370430191068  0.371238907204
0.466358288719  0.335166521769
0.577259469253  0.378606143283
0.468794086998  0.398544585472
0.437455997415  0.41612785314
0.331278171572  0.46785311608
0.465071701408  0.601834101867
0.540931067569  0.593861111927
0.425782763665  0.401503540955
0.404657251828  0.459570205254
0.504529074745  0.502654428528
0.486333597437  0.338492962704
0.530333446082  0.494712402628
0.395766536509  0.509888737267
0.461174454795  0.404877722707
0.52952335641  0.527073127397
0.701324165109  0.312311886382
0.446877141532  0.324887628411
0.325901737665  0.588954259236
0.61378961064  0.571724655661
0.536134670293  0.406334597276
0.610278440207  0.605210034883
0.502514610231  0.554628121285
0.515254604346  0.326774366357
0.535526886312  0.36423682287
0.370181671738  0.312585552491
0.462309320454  0.395414401909
0.546759517171  0.506349207168
0.379498629526  0.395751032246
0.642983152144  0.484545918649
0.411191930229  0.515837266272
0.473249005555  0.624611177249
0.362324450689  0.584687525828
0.43411510247  0.516492429651
0.502337942951  0.458158525544
0.428449122418  0.399456975842
0.352701417034  0.511527037091
0.538158954865  0.538852011693
0.489662447795  0.437127354316
0.672729614183  0.507833985633
0.58743478006  0.516388585924
0.404656459269  0.530873541316
0.542825642127  0.508853151909
0.422054620566  0.588737866328
0.508764286924  0.434777795403
0.393635628796  0.439032817611
0.520914009988  0.457637473145
0.471196275019  0.435274761113
0.488244031803  0.576164143187
0.656938018271  0.417367104217
0.318469827399  0.492948016966
0.572864743365  0.317536214309
0.57700421177  0.604096569534
0.451792524437  0.358987785828
0.611738938451  0.492359164253
0.359846746119  0.406531825067
0.580342959208  0.415124883969
0.458091664997  0.51018619374
0.557084349127  0.551604017011
0.383551724798  0.632798096534
0.589899296717  0.465592314388
0.430448712821  0.456939035108
0.413007166494  0.441603718997
0.501203734825  0.438114137788
0.491624607748  0.378844652078
0.671448914855  0.556575182158
0.366148753127  0.524873855722
0.52619580256  0.509048940787
0.461847337898  0.409894230649
0.254507559817  0.609787204893
0.405050936551  0.518973774417
0.60630889589  0.416308991225
0.416085012978  0.442016661073
0.419399882169  0.534579247492
0.625137532504  0.337418230646
0.511134303574  0.523491088552
0.602120143048  0.603493318142
0.363610436246  0.415568149964
0.210505762782  0.542990026271
0.467888260781  0.450749177845
0.429986838734  0.533085330422
