0.466450366468  0.537328685077
0.626248496262  0.361213824663
0.4051487771  0.609051515575
0.537616369623  0.526326388728
0.468070724224  0.521685681404
0.762701520439  0.640619183926
0.381150028799  0.474267210941
0.315112420029  0.577100071397
0.555126777852  0.455222898758
0.367105905632  0.423749383047
0.500280341078  0.451453030038
0.576033920454  0.615393486094
0.472606743721  0.646502747901
0.609798522691  0.422785194212
0.587336170575  0.392007236033
0.686068511241  0.446604198113
0.52122976308  0.63497473938
0.743018151696  0.275883228524
0.568328776895  0.465573883711
0.652763970967  0.439105998052
0.623099818443  0.508313921907
0.349648565909  0.322830822046
0.460259290826  0.625346068834
0.513362069545  0.589071052918
0.503619521481  0.532770299036
0.577908200089  0.641473182033
0.591506658444  0.4015441542
0.619462606077  0.396850065089
0.52161300816  0.580761125206
0.320869654477  0.578794739869
0.401988693734  0.619195922713
0.316006823344  0.447709047415
0.44227055312  0.323914949957
0.498491443142  0.536425882474
0.428017641575  0.514089493
0.64070750312  0.482654388255
0.532277143678  0.445031393404
0.475713012033  0.523072042607
0.580816329851  0.596650897046
0.206014842487  0.536929735538
0.366856759209  0.52460732076
0.394112438004  0.30551621688
0.679787917563  0.496355890803
0.61202692256  0.472210846389
0.528962215742  0.407431487716
0.675225679637  0.333762781271
0.468083557892  0.490552867527
0.364989486116  0.55056781601
0.535961451104  0.593159076092
0.451681029669  0.559431220338
0.701474874734  0.415971423892
0.531067997454  0.434485413693
0.357729466291  0.620891047627
0.51501179932  0.609502696398
0.463726405131  0.47644788715
0.41504412839  0.467645030118
0.515828676527  0.449550002891
0.438284726622  0.452384572089
0.332343802515  0.536881618753
0.536631889562  0.22615601078
0.465705851906  0.511707857644
0.52545040134  0.475513672231
0.567985543553  0.502411612391
0.317402855193  0.471680251573
0.466565217684  0.477099520417
0.380368535625  0.628270602133
0.552849405287  0.537249461564
0.620309518093  0.632332372799
0.47268976421  0.428348616921
0.590745325038  0.449450663286
0.569749698822  0.391115116114
0.449046630902  0.402932262535
0.688954430956  0.382650587212
0.585969721411  0.366750687357
0.38208318465  0.484818099178
0.601101614299  0.370331218204
0.430690296971  0.796304942137
0.538771475755  0.564837089117
0.322674061522  0.439165362965
0.697463181197  0.485752409731
0.352127048546  0.563146723217
0.576664389419  0.361791742705
0.267781394319  0.551070072493
0.493400049792  0.341483572412
0.40671175025  0.500862341491
0.476109381224  0.529642645884
0.419294676786  0.596864474735
0.534047347024  0.48507212201
0.574920875093  0.521651207173
0.425345975639  0.618308571731
0.582688603894  0.530642365644
0.456747366855  0.367377191664
0.594186230087  0.536766025233
0.275981980923  0.636169564034
0.516307441974  0.419160234233
0.440133157383  0.5541225207
0.426776714576  0.457236697451
0.548958159828  0.557984714225
0.473946286963  0.276599220955
0.348490035864  0.445631690607
0.585086392929  0.402245760526
0.490924856069  0.471470683171
0.447103359809  0.404931961336
0.491319335988  0.446797053288
0.521480233804  0.561179744132
0.438404414094  0.451997496418
0.569689802133  0.582521611901
0.476850740432  0.452402935297
0.572258086536  0.454783681802
0.352181983638  0.563600923261
0.438304326759  0.654318719264
0.509416785381  0.494204057042
0.581991791145  0.58626698722
0.460911586135  0.456888991721
0.352226652998  0.450042830723
0.369576875241  0.304694747608
0.498021635791  0.678151638024
0.438674363635  0.52958477649
0.423915601906  0.460920706891
0.452629956248  0.487402395217
0.475609453057  0.406378630217
0.474363918685  0.425084827954
0.603038671429  0.486668662262
0.476089538747  0.36571579471
0.346562326981  0.341796624338
0.619211326967  0.44687226589
0.49394674321  0.403728974624
0.50554116717  0.485020505816
0.670043773297  0.437065023931
0.598980451958  0.389016245686
0.590817837533  0.372005204835
0.415216339805  0.575224810773
0.641678058664  0.393608348579
0.461783512963  0.4468964876
0.55490171508  0.644264086966
0.628838896726  0.424571652954
0.588125911208  0.462846771326
0.321304108205  0.551118589041
0.50912070609  0.623951684821
0.25670040914  0.364896097655
0.616302394242  0.412570126801
0.573288878204  0.50350736811
0.481682390563  0.45234883952
0.478395356298  0.478115544282
0.569757332359  0.635813823645
0.476499387907  0.686206349492
0.469790488811  0.574236604935
0.501016965096  0.508674247507
0.614218838089  0.58316573693
0.663452451715  0.516119927256
0.545857973313  0.355904579432
0.513565946684  0.54932035536
0.440436327782  0.521037801071
0.341739431742  0.408479834762
0.462717805126  0.601981478292
0.46961051416  0.430438230924
0.404670493113  0.582715742096
0.377742493579  0.482026552957
0.32361505173  0.492961338621
0.5405641959  0.456817197467
0.653641472832  0.446284927018
0.561535448699  0.495421362435
0.492609558995  0.45794346653
0.621933585933  0.497134379663
0.359116658653  0.313754240069
0.342591352292  0.40781238438
0.434586255361  0.415579452608
0.357784905583  0.503884919605
0.417551389625  0.383725869643
0.465131785188  0.470351704798
0.476780984205  0.45805558378
0.448195786674  0.469228938135
0.444912333552  0.528040470947
0.425736034699  0.482023106168
0.417418393378  0.537372507839
0.617820999406  0.510665202301
0.243737036021  0.581995086542
0.605792846925  0.537038332971
0.441266848038  0.45088466255
0.644641885325  0.627215703226
0.486556662299  0.444156446102
0.634781204739  0.503963664228
0.56836943434  0.569918968736
0.518720477428  0.529430191659
0.511459950385  0.642605336832
0.505570782506  0.556489281749
0.508021783279  0.570772678083
0.528300460564  0.527557155446
0.55181547028  0.574664498618
0.598847117863  0.704484564089
0.608655390806  0.495342807393
0.394458133936  0.459416012036
0.365544369099  0.440403444612
0.525544892551  0.626419695813
0.433047981906  0.559613167127
0.545682551036  0.405239047708
0.289765959538  0.421120227035
0.624827469328  0.409762037145
0.314565583192  0.504648821781
0.486819849047  0.55592909264
0.585637502357  0.50360094136
0.436484745234  0.386800114321
0.291487477851  0.422779264536
0.247700849115  0.554867824474
0.507469835106  0.607968429421
0.343808205905  0.635480238851
0.482216547528  0.366899527923
0.538731285285  0.452800158202
0.617886583569  0.318541563374
0.49906642755  0.53460340243
0.44281488785  0.505086113536
0.292176320927  0.619592016911
0.415839545105  0.552024368498
0.719702727701  0.57404098682
0.344372401985  0.37813630891
0.541433437436  0.352793499215
0.622070630344  0.546941296731
0.544811144642  0.516769572312
0.533225474645  0.565758711234
0.508962169368  0.424518467102
0.679420971865  0.430085412153
0.51460958403  0.355720046394
0.389582540367  0.668384950126
0.465087086549  0.365433802709
0.557272815946  0.608209756464
0.352455897392  0.46111768384
0.301888657737  0.613227523765
0.620559698762  0.455358625398
0.427924845357  0.283175232426
0.350357700181  0.304632534425
0.397325500243  0.402883255841
0.377719331181  0.51191438503
0.529453863861  0.383320492594
0.447323818769  0.573372002805
0.716343767798  0.722606336498
0.567393238585  0.575694600527
0.430878971481  0.403771960457
0.633323312308  0.657709949895
0.539394053035  0.35914094165
0.588030228235  0.758711619224
0.521963257845  0.49532925852
0.540575639223  0.598611988884
0.510158387316  0.469076024346
0.48383120592  0.475234586686
0.505006276232  0.476527734864
0.605225570937  0.486561956718
0.420813514087  0.632802066185
0.436041799739  0.416198526986
0.496705592744  0.622619697007
0.310869537198  0.552245582353
0.485744247091  0.527643313621
0.525878486334  0.548583964192
0.54408702074  0.362410744104
0.543660332884  0.462839720129
0.396760419734  0.382046715139
0.537166168073  0.52484449714
0.587649891471  0.793728854866
0.412564205448  0.574394004863
0.588120931753  0.551492157021
0.358648191618  0.401001799058
0.714412370412  0.508653827026
0.593165796354  0.458198783352
0.470275017449  0.549929629129
0.480163312243  0.460093727613
0.684545850665  0.563718912162
0.55457554406  0.659812864137
0.588559973009  0.498033555044
0.523207331857  0.643601291614
0.454771539663  0.498943620808
0.533365335817  0.758756351496
0.585743031058  0.541233023673
0.54126558776  0.527428989584
0.329325534136  0.628787498326
0.534463388502  0.474187554186
0.536008096302  0.453154964843
0.558314870604  0.329794175716
0.456517836556  0.543125315328
0.577738138667  0.379675039066
0.608496031692  0.570902153337
0.609092127708  0.319316115948
0.343438453887  0.506528954747
0.419539368707  0.479055756132
0.463695194466  0.542165687233
0.577947462012  0.57779312003
0.529919889424  0.588591278498
0.351976523776  0.492637807753
0.516407703145  0.362524396637
0.424638298807  0.270324758801
0.471253624453  0.528045726129
0.580950454907  0.545743678567
0.663020329638  0.50015825697
0.626992887914  0.511783669172
0.566327041367  0.554080206462
0.76214975093  0.595509056963
0.698156961698  0.388744858398
0.367781617043  0.416822267247
0.639482878655  0.478680371512
0.585158905615  0.501424939248
0.581953475321  0.476363294808
0.525839318334  0.575100271427
0.353943208692  0.469225874112
0.401200819043  0.45199611763
0.501669638688  0.400103513731
0.580583912727  0.277153902401
0.619870327338  0.585737874981
0.303382332107  0.514357607542
0.601437343593  0.47533518694
0.403599630834  0.485315383482
0.572877112934  0.535220733871
0.556934202128  0.56861093116
0.577958550632  0.570980916623
0.592808641691  0.448757816176
0.346409244916  0.311992822287
0.43496355859  0.462809001361
0.500908018477  0.689118989795
0.535501446781  0.272646792239
0.587746155431  0.399251137558
0.723190912739  0.589241092426
0.472034119067  0.669152755527
0.609535484355  0.578080056534
0.51170197056  0.485271894683
0.394103551516  0.435627473172
0.671214358012  0.487821275301
0.35326592057  0.548103410304
0.430726162135  0.490804403936
0.697339862836  0.595394901298
0.388693146543  0.509184849027
0.676006398364  0.509806338802
0.561179645467  0.432550821079
0.616088822907  0.516474638505
0.500407668587  0.518849209599
0.417030739586  0.543702975751
0.505190913193  0.731521540596
0.553424802509  0.45697778626
0.528621660856  0.513032743232
0.536193472349  0.58338942696
0.686524708075  0.522735328783
0.582932701446  0.382727599978
0.494426446122  0.476925534154
0.518874813806  0.451354200312
0.608727775668  0.419508272576
0.427844094884  0.567419118847
0.384730104938  0.41834138066
0.466121074257  0.405938721699
0.375802733178  0.59922633861
0.622645186739  0.404442907092
0.623871438006  0.615297411138
0.406910957543  0.46404591025
0.270325186526  0.528673519024
0.464564202824  0.3983659826
0.330392174092  0.683443707799
0.388511086008  0.242746066102
0.603757087772  0.424683291139
0.664457961285  0.360752082019
0.570870397426  0.720456972629
0.588667879048  0.566955338555
0.517904244568  0.745830786856
0.569863810186  0.260590784645
0.442077093991  0.534729715935
0.734213772875  0.540026142398
0.568700091253  0.517870184809
0.592615607466  0.372960251672
0.531660131874  0.472454649006
0.422145161414  0.467749897785
0.592625497199  0.468954221933
0.621107975927  0.568420838973
0.545586773641  0.484831141478
0.592194286275  0.491774505841
0.713589234801  0.378157860081
0.470433841212  0.399718039164
0.667797016241  0.629474582257
0.49070507816  0.587236510409
0.357918235993  0.539567339596
0.351498958438  0.495494706016
0.633287445125  0.531327006538
0.557937824906  0.411346981589
0.575541375722  0.460058940155
0.242560570069  0.549121948118
0.758966562267  0.413095356098
0.532367123401  0.46868898856
0.453441294569  0.450715751957
0.560643784728  0.536580218535
0.688772061784  0.479458669941
0.493425251185  0.547496841364
0.491231731225  0.433519626231
0.44831485163  0.54623491961
0.617563321954  0.470956951926
0.529603902288  0.359653465009
0.567569838985  0.402468384005
0.483351424289  0.504561057118
0.650858205683  0.505821329188
0.500520089447  0.435259914235
0.464696608475  0.456827487967
0.666430019021  0.595643536317
0.497094294761  0.399563715905
0.438865203207  0.384188146965
0.565904162132  0.412089205752
0.390220769076  0.431573863087
0.640921427712  0.529218122308
0.4518215768  0.571746744098
0.557454896121  0.479523140216
0.540138876535  0.604529337513
0.50211750153  0.643176124948
0.514337509763  0.568590695729
0.456316739246  0.551894247004
0.515343664774  0.510195010689
0.417185754673  0.544143475746
0.41394729822  0.39030535604
0.55983507536  0.394979163841
0.775211020571  0.350790848438
0.490775965219  0.51505195842
0.36510570188  0.558616019699
0.513697648028  0.399218480512
0.459269201732  0.563760824273
0.61485881116  0.425943950745
0.618612277392  0.398019834149
0.439214993329  0.409669566252
0.519558482546  0.392468567229
0.638932832956  0.38594894439
0.30272731566  0.596891773195
0.638643119855  0.251172236166
0.39976889088  0.616328950785
0.459595243195  0.466548018984
0.500023310773  0.374666937459
0.348695755558  0.505304272779
0.436592130852  0.372749333345
0.429578243928  0.436577295085
0.469959157603  0.552235572527
0.592445922432  0.556093915375
0.444780144492  0.416594378843
0.390511627049  0.522780943183
0.4483590636  0.448060169043
0.507706383707  0.36666433199
0.38141532911  0.398145704476
0.411013748005  0.628629415133
0.517265699845  0.347470460136
0.455249519742  0.420808728678
0.492934301302  0.264708029911
0.512541576895  0.535288568114
0.525975065368  0.645140230327
0.445003219508  0.596409168839
0.349096604488  0.675688049261
0.417733930897  0.510131186683
0.462388830305  0.486155915949
0.599966701499  0.460818247548
0.572991471386  0.37005685037
0.496735557094  0.445038410698
0.300709796694  0.483084461366
0.60595897855  0.501874167541
0.445320416291  0.455437582127
0.536707418092  0.507695415981
0.643343159961  0.48939194295
0.669821401573  0.487725647269
0.491983931317  0.548004212154
0.538504557273  0.300318802566
0.389647267802  0.528060596398
0.417151030974  0.544078795676
0.466269436005  0.372541901131
0.509413369778  0.471043615524
0.41706644818  0.509821468314
0.456388065575  0.676707360145
0.449795738452  0.557098233174
0.407367814807  0.565031082963
0.557119739292  0.391638518154
0.548086379982  0.498752490512
0.439635188799  0.598293606743
0.427955045586  0.585999957108
0.654363309281  0.636470886205
0.485394391417  0.585904513289
0.648043025005  0.350054621607
0.538767395093  0.519947180153
0.502566079388  0.32162253635
0.535953046276  0.521889817139
0.460893349264  0.457219642509
0.451067897376  0.647447435668
0.519039915544  0.599831120695
0.552234495092  0.51630444526
0.518117656665  0.573052404787
0.350530602831  0.434239904709
0.525045979797  0.488462338341
0.51281072451  0.321759434375
0.707132879334  0.444334700782
0.474689565977  0.639742376665
0.421426178817  0.577617298827
0.386207888685  0.537089585514
0.65633637151  0.502208284111
0.472379529906  0.597470644991
0.724213894291  0.455121304958
0.584940469056  0.57795009055
0.539785598162  0.422747888438
0.496001648602  0.370048845297
0.419441782539  0.436885837227
0.563876549465  0.520687262715
0.351256281235  0.509226019352
0.501148022912  0.314893572531
0.613621018212  0.445660230114
0.505674289982  0.395923283688
0.516995010308  0.326225557583
0.437540921122  0.421274738551
0.452320974038  0.617856112188
0.487319985839  0.438313388974
0.45496263736  0.586779007476
0.405189181251  0.404065139429
0.517900400846  0.358038475392
0.327871875994  0.476223043151
0.580896514264  0.484290300547
0.636063652801  0.634185261328
0.637312895333  0.549495517661
0.533834890954  0.303486863006
0.539676175365  0.485005844301
0.600302449802  0.623405414403
0.388329672963  0.581207426637
0.373219236648  0.448821540287
0.504487279692  0.460211741268
0.486259143442  0.459245118685
0.627897585409  0.49695599055
0.562664059803  0.477080683852
0.511084474809  0.403732844772
0.456091737533  0.437160550047
0.276875276012  0.308923806846
0.477078659934  0.614552941021
0.478868122016  0.526246936188
0.292146431312  0.575973976454
0.608875065655  0.591598707134
0.339490839153  0.537412381526
0.613993453417  0.315743161208
0.435381941759  0.655526894001
0.543233292128  0.586810527532
0.439672536436  0.415669908804
0.472186066609  0.344291441245
0.615564813109  0.411334374798
0.466361698242  0.397110234059
0.485760937284  0.372719585916
0.596244985469  0.445514574156
0.690379847887  0.507576859867
0.380820402705  0.521089599633
0.740972400865  0.203380589619
0.460978736447  0.195575411054
0.431262351601  0.519656240648
0.3340353551  0.397514948741
0.272961224117  0.49248101703
0.557808009041  0.159220409876
0.540639449623  0.449026091085
0.499199414903  0.53074317435
0.622512726301  0.470944575437
0.547902500508  0.370593898484
0.630479277061  0.235601465815
0.368079638586  0.695799988589
0.613298937327  0.429191920286
0.648667644287  0.510715443204
0.421790696269  0.467851424979
0.446656086256  0.716165344925
0.580360048047  0.478515304364
0.614644090587  0.456344280134
0.451552245145  0.554571376376
0.729772420965  0.348412942433
0.484032219724  0.566707847783
0.516732486252  0.365078355627
0.493755146088  0.555278714908
0.493081923757  0.549255845474
0.332447059768  0.480679314811
0.320100466542  0.534978666901
0.51022948892  0.533130620916
0.479722466861  0.437050950005
0.60883309664  0.555051016988
0.365365124642  0.404283716536
0.481928809059  0.518200296094
0.386629187925  0.533817821453
0.505964795965  0.735899015362
0.581357387152  0.52403683916
0.442327390147  0.565279212408
0.488823866052  0.509950585548
0.361290367269  0.348430068768
0.464116400228  0.552437711468
0.556439712116  0.705504822848
0.403398890369  0.617163039696
0.514834183786  0.725086959747
0.442495556861  0.598905568847
0.420518921264  0.433285679085
0.418999425064  0.314737567441
0.41604149401  0.540897998408
0.636263942227  0.479417619475
0.59024226419  0.398904191121
0.54766568668  0.552614849605
0.408627620527  0.511936439802
0.517147365052  0.538459445787
0.39381694181  0.328264084259
0.574720450535  0.441493199763
0.495098286575  0.61019870204
0.576291423629  0.425552930661
0.375468361732  0.548934679562
0.352641618548  0.402433491746
0.568212996884  0.590141630187
0.60308980031  0.382373605721
0.60963887786  0.5483351509
0.574763248227  0.517848538245
0.55598745111  0.639565763224
0.311586267059  0.317147188598
0.390790272367  0.582771632515
0.487781487755  0.47043706358
0.402903938568  0.549911169167
0.460051156205  0.493422392042
0.446466782599  0.387471187103
0.425373352063  0.58900804561
0.612329843724  0.538253826203
0.441648100203  0.479300804243
0.446252879589  0.449960269129
0.485258966935  0.623543290512
0.676660343667  0.563706851693
0.474019653352  0.473441305765
0.642022714463  0.49092434493
0.33972485096  0.50811549266
0.545185900701  0.37052223613
0.516498508835  0.385425851542
0.659820721765  0.566411767156
0.488433763642  0.482130328185
0.501754937053  0.539743558255
0.565226984164  0.277829911043
0.505939046825  0.517904558833
0.368397756436  0.383515769734
0.582425424811  0.593356331022
0.409605836686  0.490853960963
0.314373700214  0.435575310823
0.546257609573  0.703292565911
0.249971790745  0.626312699764
0.455799614405  0.528170361948
0.628796145222  0.703166814597
0.561076481055  0.439996158694
0.475304661858  0.520740916539
0.460041164616  0.693397054413
0.380121378019  0.47518586233
0.518019632337  0.409999391785
0.279822950008  0.455540427862
0.539606371874  0.733329859895
0.422518161168  0.492430848805
0.610983401552  0.365421651786
0.422754100055  0.609146871628
0.373149528316  0.499898560897
0.570148563061  0.516905934649
0.583347439719  0.659625412781
0.584613529112  0.512767468083
0.566415304118  0.511375317796
0.523822766974  0.468203142355
0.48943038427  0.511901965125
0.509536836642  0.538202220795
0.605088975083  0.442182264131
0.532293372172  0.569101287878
0.465893408993  0.528135500381
0.56047888645  0.442088367278
0.39820830285  0.435498400241
0.571099464541  0.34897234349
0.466248688342  0.611553634756
0.468657988386  0.293228002179
0.472306612025  0.513704206985
0.556213859036  0.497729949796
0.479102386863  0.603129812948
0.517189269585  0.558532102593
0.413845555968  0.390037113106
0.408009315697  0.471805827718
0.416155082298  0.69695164482
0.445964122353  0.537661977796
0.464535513292  0.457291773312
0.599542017014  0.643099674753
0.464867570389  0.582952281994
0.55765818803  0.480567331876
0.465152335198  0.226416803727
0.497635131142  0.548946753801
0.609507533233  0.554450854103
0.507725762137  0.469274609061
0.530677529605  0.39036520448
0.333260897382  0.436029194614
0.367826460342  0.405180589217
0.445871433322  0.450014527789
0.337404579101  0.483642592971
0.480604026558  0.348290580337
0.43003753797  0.541202292079
0.405125213839  0.479127018491
0.605385741914  0.432311020307
0.400322506902  0.378126916227
0.54017707152  0.758567638264
0.24181100107  0.556609343033
0.642929734312  0.58231255469
0.546523857881  0.495472905386
0.535538022257  0.578398420702
0.573411436236  0.66789585462
0.454693710549  0.485159145891
0.366274144177  0.661099286236
0.516365033022  0.744285267612
0.498902362158  0.618520612395
0.45003971371  0.49324652987
0.468138967362  0.569032842397
0.643963182488  0.556123097543
0.42400887352  0.429756900206
0.630958722281  0.552178039007
0.410007663356  0.574435289181
0.484864699564  0.542316097794
0.392044285787  0.610016159772
0.354720082589  0.546993891458
0.570164140495  0.464170395445
0.597361299029  0.335301588652
0.570465832811  0.393420390476
0.366737699849  0.354388656058
0.443010225868  0.617473093396
0.423539070623  0.505930443997
0.38334705864  0.460565976395
0.44070531677  0.507622026197
0.377369617685  0.56086531552
0.519676848975  0.577092462392
0.609631244746  0.542905325344
0.486787378856  0.637650831089
0.671153743269  0.529041390807
0.422521531607  0.563176466201
0.691922787814  0.29501586548
0.700796733834  0.6094474424
0.478931611171  0.629782783053
0.519607967811  0.525443171189
0.504578471643  0.422942422902
0.385008271188  0.505715536955
0.420430965312  0.608695319404
0.725520932962  0.40509614586
0.485872267277  0.697692573752
0.611333727909  0.490735737724
0.544137831597  0.487789191407
0.460760114299  0.580601954776
0.601832739925  0.733848434251
0.516919173235  0.542551366027
0.386227748105  0.418739372638
0.523266346001  0.50625298587
0.474620480059  0.325234055261
0.288919614953  0.370330923484
0.43142612088  0.534746783886
0.447207864616  0.633752858933
0.594262730157  0.492227696205
0.540960613923  0.503002589531
0.401131997414  0.496223779613
0.565614120178  0.587829460465
0.348512537009  0.427555965793
0.517823155679  0.457312810456
0.442652132329  0.319341585065
0.640525704676  0.406459983023
0.417829857214  0.470456606763
0.58374724278  0.473298574759
0.682161700526  0.51525333277
0.545093871633  0.392703479603
0.468897974407  0.458105346012
0.550958312865  0.380675300206
0.499535275679  0.662026207562
0.600403018352  0.563322344364
0.668186684871  0.599902040286
0.600798040855  0.401252257798
0.711273821142  0.405919092571
0.475529694108  0.407612881324
0.699710653514  0.614894618869
0.551993557915  0.504640691852
0.385959593036  0.386018077605
0.545945053681  0.339605952321
0.499850796691  0.473858184757
0.478217860447  0.492674797858
0.343826343771  0.393847821183
0.518785096376  0.418467892283
0.402650839056  0.63937559689
0.566203609073  0.375072385017
0.637028295864  0.541581539484
0.67759672348  0.43733689854
0.471882874902  0.485465599481
0.546592934083  0.510433301839
0.384550972067  0.538514122767
0.426555196753  0.649603197704
0.28065737577  0.437418928262
0.586554260044  0.422962244187
0.698069471039  0.524144925803
0.558516419464  0.598740274419
0.493302297926  0.499766065924
0.585425878603  0.67714361297
0.426040076577  0.533819901233
0.587172125202  0.491170283062
0.497662511942  0.627715314294
0.549244220296  0.512876921046
0.513094200899  0.50590988013
0.379275744503  0.570214819775
0.355671118582  0.466259454777
0.434214463272  0.61694932604
0.654111795114  0.498577380661
0.422671150183  0.528413121964
0.591883302161  0.49117726876
0.523666960874  0.778917238929
0.541854783531  0.532931691485
0.508464551459  0.547509907334
0.468489206821  0.358923536881
0.64442256872  0.583709660989
0.514855059143  0.31688111565
0.687748711308  0.59457538878
0.61484241934  0.56189682378
0.524269595635  0.557560176778
0.495777295017  0.46981335035
0.66332177135  0.507322056392
0.510011870818  0.311950571213
0.562896516847  0.552721158702
0.556678007453  0.546618248559
0.421731051343  0.529355266692
0.440295963274  0.533978636431
0.538007601524  0.163595687598
0.484812672171  0.387319819868
0.587269001467  0.502434040956
0.46781994361  0.584093614554
0.498463019675  0.599273063935
0.503870112613  0.60064673025
0.550332950702  0.493306420206
0.454378336986  0.596586222867
0.505730585632  0.575386533042
0.504271029006  0.701937728465
0.39505516728  0.509229351606
0.401467138191  0.423195251238
0.568597317864  0.514937235623
0.45238962622  0.560552264465
0.403777655801  0.470740555016
0.626270200896  0.505349948491
0.584114967188  0.333802240929
0.624138886473  0.443612915561
0.552806079051  0.596114271359
0.376629164405  0.576961053026
0.546136906546  0.525871940191
0.464331209254  0.427688569892
0.636229516826  0.519882546578
0.772271318764  0.515440871626
0.542307017529  0.4274682027
0.518961711046  0.587135064514
0.415610095909  0.422587523718
0.614139403276  0.420062275285
0.348325193942  0.447548599645
0.426894156271  0.550396134893
0.553722479291  0.767646013283
0.589355556339  0.65984407184
0.430272988936  0.688516788103
0.470351077681  0.718575961878
0.48805204794  0.591269295843
0.348511847377  0.553229275167
0.612173319923  0.508252002611
0.619064426281  0.297179127463
0.42936647728  0.454626973117
0.327446443998  0.678974756348
0.469868179849  0.334451251296
0.482072372247  0.630035563923
0.789151693884  0.488591607092
0.389523179716  0.654431884803
0.357623177616  0.691230513191
0.400130510579  0.553115385346
0.441976019406  0.344155575211
0.534125377509  0.550759584504
0.505113901805  0.531846671128
0.68144201535  0.441981916218
0.431686841535  0.551278898907
0.736833366507  0.682968842336
0.381918093223  0.393194549408
0.500172694454  0.63403735134
0.433120186715  0.5188233028
0.575178350458  0.383052140378
0.518693102894  0.542772119028
0.59679875594  0.402592897184
0.816822996917  0.657795229507
0.325193222391  0.468084187891
0.314992755833  0.48135369905
0.392015560819  0.482313879628
0.510005368975  0.378421092376
0.382188531444  0.601332025996
0.444916241408  0.402177716726
0.571060645108  0.715854941458
0.573670504553  0.542650702233
0.584327306601  0.614603133292
0.473573355646  0.404721315122
0.4146235392  0.446873832414
0.414055053236  0.732231784124
0.474675332333  0.378418184331
0.422575788101  0.583162598856
0.673640971088  0.518922641152
0.531347694768  0.631428644214
0.457764279886  0.622817066665
0.492781500646  0.532381567667
0.519896372389  0.532550275655
0.576342288482  0.566242817037
0.541893549809  0.468788858143
0.458834219699  0.550831851918
0.568570115235  0.571247869548
0.479382874654  0.377016569207
0.494108761685  0.430767975748
0.531395414827  0.475391937041
0.355638000725  0.47012385259
0.449154289446  0.603327725423
0.476499531775  0.526985750251
0.439578073177  0.394244860478
0.462462112879  0.294431406864
0.45385126639  0.40218991245
0.487556645213  0.512463794554
0.592700725919  0.287556159242
0.586355425129  0.417668453148
0.472618303299  0.384573187483
0.501095614517  0.504226412327
0.455992607792  0.534936519706
0.634897567662  0.447502671949
0.348832433777  0.522641875794
0.375889886918  0.426973196558
0.610108030908  0.595290745823
0.55743368093  0.453107224032
0.624173044401  0.346043960818
0.564065524122  0.565160551085
0.497109749988  0.375170514578
0.497098182244  0.445852724528
0.495840965383  0.466111894595
0.48358832864  0.316727260827
0.57307770144  0.484952160998
0.509301344811  0.498247842086
0.426758647673  0.412291273438
0.2474771104  0.565039979556
0.465131114792  0.259611904027
0.477331617987  0.510946508631
0.586994693245  0.58192693893
0.44350750961  0.62153686144
0.509500727251  0.587600414016
0.569292697556  0.562565939685
0.468217594832  0.692078938665
0.594055668195  0.460201513058
0.696675058352  0.435940519042
0.271990263882  0.341995523543
0.507857898435  0.493612139706
0.566668267491  0.554525011619
0.6253613276  0.678306507051
0.440037418893  0.387523593703
0.360375952291  0.325565290978
0.645286543699  0.765567903949
0.325585497455  0.468630068497
0.56411496879  0.579673267502
0.458966895009  0.509598970838
0.501767420888  0.61638885781
0.59026027957  0.696915322868
0.671844053052  0.489377954468
0.565054093232  0.608280716801
0.493530190719  0.472694718035
0.490032024126  0.594890692914
0.491330208416  0.537404843583
0.345274113684  0.582867816221
0.537673169821  0.36277666788
0.35041016347  0.590287261902
0.540973058049  0.511855915846
0.715759746393  0.446581010736
0.498807393827  0.574980973046
0.533088787138  0.460130930463
0.391341564017  0.346132301488
0.465692193118  0.598733361405
0.482216696699  0.560625894752
0.602473556913  0.567240928278
0.561467127701  0.365733278543
0.49926270442  0.560355206811
0.585196657207  0.499481766044
0.319117666741  0.459949807888
0.292587137236  0.590452203096
0.746147081698  0.563959015005
0.501639265191  0.49101804205
0.35030679026  0.242545155514
0.478321192987  0.444831653428
0.518106727452  0.454184703067
0.541883840571  0.322504891404
0.479387858107  0.475853495156
0.545936075663  0.2268958858
0.221306496523  0.604776015212
0.629819221956  0.687157749314
0.534067544114  0.4510676938
0.685462367334  0.65571508475
0.327841130047  0.445687356895
0.368040251448  0.475476221924
0.33101290712  0.527922445517
0.585326467565  0.473931948517
0.635435774332  0.537438414507
0.587893639916  0.489775032188
0.69463149399  0.514746064015
0.480799195554  0.533700663888
0.387203501706  0.536803313879
0.464950109454  0.646658055781
0.293559119718  0.53300585235
0.597406788537  0.363431540212
0.56593061802  0.529533198212
0.557902693507  0.410465504846
0.529739602382  0.517141216433
0.508858187968  0.544008010384
0.535346198851  0.516493664328
0.379042308161  0.558603333628
0.676984995427  0.525081221055
0.369012199426  0.549632576877
0.442478685431  0.426326870215
0.437285511452  0.472492370134
0.418320584559  0.454530606759
0.402087418929  0.523612288656
0.536059345621  0.340635309612
0.452145850981  0.476438393258
0.468417051935  0.549750886557
0.478663632664  0.68201119739
0.564013512346  0.556155573772
0.504516162751  0.416511334903
0.377710865063  0.657685130632
0.583803958428  0.726485184019
0.534914341716  0.316447761664
