0.495862064542  0.413058513888
0.419420283496  0.412447607124
0.499608514129  0.325967043699
0.21040599602  0.648323087037
0.471759104319  0.47316939159
0.597646498277  0.413961508619
0.462493085351  0.443464361147
0.582888167735  0.445442414938
0.568409477511  0.467938770985
0.407909008699  0.489611704
0.635178939204  0.468823510621
0.648213159588  0.316831441915
0.457838774256  0.558117978632
0.425874738118  0.574641906066
0.577587413913  0.528047266699
0.513005472457  0.585683168242
0.353432617321  0.410776641794
0.471739775625  0.412537773681
0.476546672109  0.621824268523
0.397603756188  0.534623827379
0.483871918249  0.615580573949
0.422887024649  0.455851352
0.598928869045  0.533354067075
0.517583838269  0.527513474579
0.595669128388  0.653725834183
0.564648567798  0.416786966003
0.540204486507  0.600307234858
0.522612412448  0.437660820639
0.522500302988  0.505254035035
0.692433720531  0.40963904543
0.567732079873  0.462891529593
0.439336007569  0.445918807783
0.385220527469  0.485234906735
0.548328206917  0.455895329818
0.596098497144  0.307186754177
0.484973772937  0.499903700859
0.50241284011  0.320303209234
0.511411944782  0.399522226657
0.612234418378  0.557017801591
0.407608069993  0.48952827007
0.518137547759  0.473788804226
0.612218095284  0.254261741684
0.373778082176  0.558709395027
0.595196041806  0.53768851576
0.639953415602  0.380239674142
0.676214352886  0.484880018419
0.502309987632  0.721088954474
0.497691935276  0.427582141253
0.528745445875  0.734319466147
0.360993190108  0.444270750931
0.518134256887  0.728568334904
0.392092354157  0.430955651289
0.635520914116  0.608762943644
0.409287028917  0.445647972482
0.647450485117  0.597559715019
0.650311367934  0.615077519714
0.459733265667  0.440099603184
0.565177041302  0.584064936798
0.40384842384  0.435125664964
0.256533824877  0.571134865282
0.565597808376  0.642411540115
0.525777735527  0.382897728317
0.413345091329  0.478573131356
0.410857176255  0.49313654268
0.189797689545  0.588912600219
0.398001358968  0.442655163459
0.59826290491  0.342599190296
0.528712421264  0.554163529074
0.42618961015  0.454050074847
0.293972184021  0.436491327856
0.518009320558  0.500978531461
0.543651107296  0.60576964751
0.675586488024  0.351272480042
0.591579331001  0.562421303251
0.446808060141  0.576730417334
0.50197804217  0.520939393111
0.62788878961  0.40714234947
0.399231711537  0.598541888102
0.452961623144  0.488662874699
0.566573590384  0.473385868845
0.581401935656  0.681403200661
0.618206654924  0.537603201062
0.394810743065  0.535879102576
0.508705501861  0.674802000827
0.37917318124  0.680950525711
0.570923185507  0.476355166148
0.506165172911  0.500942996131
0.42003696024  0.419958211524
0.508841274279  0.528561307772
0.517888280831  0.386270364358
0.461543173811  0.641340152318
0.486087675871  0.442352289732
0.557843212551  0.480663825828
0.49431060585  0.572309349077
0.704754175997  0.572843843701
0.373222765767  0.567316854361
0.460889070977  0.630218578303
0.352791121878  0.605599315071
0.557459597912  0.458927759001
0.753898305272  0.487674394163
0.542563977503  0.459723308928
0.467873661552  0.454429152201
0.465290123337  0.30884483901
0.576369134972  0.41484967154
0.342442742017  0.548794436491
0.568109006999  0.477093073947
0.495629243343  0.404033259353
0.422829887129  0.69111429925
0.566557325042  0.567745480381
0.494032757081  0.60852188666
0.492264886826  0.460303220393
0.47728496497  0.43657748405
0.498688556361  0.570801929339
0.576178893281  0.453018172979
0.557787007192  0.443300127911
0.404428098209  0.619145292239
0.397257481609  0.57171655987
0.537993496817  0.542669159804
0.375699801139  0.438129322241
0.365053830794  0.548332914134
0.571443214349  0.624700619854
0.493439327453  0.432704851735
0.547838003315  0.543570545047
0.619950417287  0.411141798793
0.413872825356  0.543311073344
0.490504814809  0.496108398138
0.388987858408  0.568750535427
0.712279061243  0.484057837935
0.64319828422  0.376290149559
0.418847180168  0.527204177037
0.377092394953  0.461913164061
0.510480491294  0.394395319885
0.348761115224  0.677639375906
0.445602461055  0.455226533242
0.343100904655  0.591378431788
0.585763430952  0.604681731869
0.70539253973  0.429665417824
0.642010259297  0.499850898585
0.656379062167  0.551450672488
0.558731539947  0.531003243644
0.528791324729  0.641085980686
0.482399734557  0.662908528937
0.568737922745  0.592293192615
0.537615714015  0.457163387334
0.625932804753  0.44229655135
0.479399811209  0.511929716322
0.697478086474  0.471124430029
0.437443469902  0.582369791587
0.664031238246  0.438798284208
0.58390576829  0.409583344137
0.451993343541  0.518293903593
0.432132270924  0.493459482026
0.662050621783  0.43191148676
0.509586892862  0.489235383494
0.395722222628  0.671699908453
0.56646102619  0.481037155932
0.599574499429  0.571531232139
0.538041753981  0.469672490409
0.565278605925  0.446530091433
0.651671019084  0.579209223573
0.343403034505  0.506772740557
0.465021186983  0.212429459247
0.705921084404  0.423501398221
0.600972679715  0.284846335013
0.352818380172  0.305231228805
0.569985386477  0.491413241707
0.51298300424  0.639054902937
0.436610178213  0.541517544091
0.49113800678  0.550904101825
0.492650146935  0.434400570554
0.563006492401  0.609751447105
0.401242316566  0.492723453125
0.615927816656  0.503954290157
0.510729414939  0.454882486744
0.308090642452  0.609351705417
0.494161905679  0.549014216971
0.563868144091  0.387077923901
0.637629138036  0.401160107737
0.486392619305  0.615511268217
0.412298445046  0.644691513621
0.478542902009  0.541222850407
0.580586822142  0.455725783277
0.444768140717  0.754503595214
0.398674072665  0.530287324531
0.591328586633  0.302295696558
0.327164253855  0.352243532817
0.588821511493  0.363237627408
0.549155911945  0.686300663481
0.359386206823  0.593714161312
0.584330343218  0.538096768821
0.628905670696  0.580820049047
0.643012784774  0.584036645943
0.459938900371  0.514894423021
0.511880043248  0.697508476237
0.478334455367  0.543491879362
0.533598508553  0.467168555046
0.415621986866  0.525333029599
0.51281253549  0.409354068066
0.53647436454  0.675067701819
0.378952378898  0.701978442241
0.532619658479  0.40180484686
0.447009372513  0.478067504098
0.573166973117  0.507806323755
0.263244950389  0.510559271723
0.45020068665  0.464870460157
0.44255977534  0.33937757117
0.713442662385  0.656967787461
0.501070297222  0.535379336612
0.476158180959  0.441409697684
0.668773337377  0.535156937147
0.526367468857  0.439054638838
0.345934931218  0.433124838548
0.538698749184  0.515786071342
0.533334242958  0.507928695081
0.413711488444  0.37386691551
0.6711044456  0.474217194182
0.429752419522  0.469993642319
0.363534757985  0.618775744916
0.459524197432  0.456102215785
0.570464586333  0.426240622022
0.494848086724  0.458436714117
0.46719357342  0.293887159057
0.411649821412  0.559185987835
0.403664615737  0.351524400747
0.547614592  0.451451626902
0.521286120566  0.313048043708
0.476950080895  0.486006904712
0.729271433699  0.510025149837
0.46708390204  0.44859608817
0.633400850215  0.51104073524
0.537584120287  0.395279193631
0.607018396177  0.501477405729
0.523280776531  0.51521200784
0.513684038386  0.664872622845
0.49696666639  0.608651085392
0.377813315697  0.340632839625
0.518462470728  0.659517658713
0.488651731125  0.305863856504
0.469000933606  0.459542747934
0.500106180749  0.566616724233
0.597605248654  0.543950062403
0.553410838279  0.49226075329
0.630645996009  0.535238337148
0.476183333698  0.613558826085
0.578377893158  0.579584184591
0.526901245178  0.567576891599
0.56628361208  0.51227957302
0.466242269874  0.417044063728
0.418341044899  0.426848059007
0.55674703401  0.368040658109
0.485480673701  0.605275216911
0.565623650856  0.620231697269
0.477194238266  0.550599553414
0.606956706887  0.651088510361
0.53080095439  0.596558900849
0.723141946972  0.47875513957
0.422709564687  0.702897881832
0.410135712367  0.353071789897
0.491760589044  0.443204199213
0.635340663224  0.583496175466
0.498010056738  0.587504333247
0.565176069585  0.492115059327
0.417865210831  0.392784821603
0.541512303174  0.686520204708
0.368524548929  0.536891450351
0.378144208912  0.492586515765
0.599344766704  0.677663216858
0.378005508546  0.492258734832
0.446012426571  0.488530199322
0.563061548576  0.511408902597
0.624868997184  0.612196963179
0.592670371817  0.26247967158
0.534185762778  0.440913008581
0.34028572687  0.506058181543
0.434650567146  0.581848188456
0.596213622544  0.347826026662
0.47593425263  0.66751474995
0.423939828341  0.522215098179
0.466945743379  0.506148205563
0.368736837277  0.570343010079
0.465296396285  0.36032244165
0.533991401357  0.572516195757
0.627422788319  0.647061104511
0.493412233369  0.459210860615
0.807073721816  0.42313203221
0.574821990193  0.599295031443
0.629811694256  0.547148516558
0.626314965717  0.431827270685
0.453377276546  0.439138359648
0.368421073119  0.611497109934
0.449778541095  0.414258068471
0.370944418005  0.486832655921
0.486516702088  0.579064665683
0.34365537068  0.52027061222
0.379262335829  0.388631859565
0.349371229555  0.555947737081
0.53401802634  0.560224829566
0.425476213815  0.433105144706
0.470560909811  0.599478171999
0.37537068864  0.667331819104
0.501500178641  0.359202223984
0.515931649338  0.465640231899
0.524631492305  0.427727083171
0.535045532239  0.544241376598
0.511171039119  0.475399880546
0.363364326193  0.530462127733
0.399649023078  0.591161689306
0.638163206219  0.410719567416
0.494295529338  0.51583912139
0.56235087137  0.514272941342
0.417687437484  0.477448173885
0.698762470529  0.306779241793
0.476674380147  0.387370363823
0.444115408678  0.607015599606
0.646607300346  0.339304946372
0.510451615307  0.486471018053
0.565570609133  0.633039398082
0.534223135299  0.236544137773
0.503030205559  0.4719162571
0.493950699892  0.36184503039
0.568256481368  0.418436822404
0.425217464386  0.325015393408
0.511957978361  0.378849721881
0.584380783235  0.365006474106
0.502466341016  0.242733656261
0.493971169784  0.37306942609
0.223907773554  0.72464600347
0.336044401417  0.43681045194
0.463134951566  0.513122049014
0.551426966011  0.478088181201
0.540190203181  0.403603293243
0.346438946531  0.465168797985
0.365727131716  0.410076244694
0.409702000214  0.461619066887
0.339138021634  0.492939820547
0.738540495464  0.428042500521
0.416794085339  0.567285043422
0.496821583985  0.630524958342
0.456174340873  0.624498472918
0.719289107825  0.468103102395
0.479857566172  0.595759743006
0.481392611962  0.477556268789
0.40878010078  0.509482289687
0.398495024901  0.495333695027
0.440987540403  0.671288809493
0.62250317836  0.585699359523
0.656842274284  0.551223422843
0.614555364751  0.464983837175
0.551862788237  0.448801550144
0.630519073421  0.457782365919
0.607696733355  0.421073412036
0.533897825331  0.588526041466
0.541542471846  0.403674344691
0.487615551835  0.718613012014
0.570401237766  0.451147132195
0.37867248722  0.464946087923
0.518204657446  0.531959062347
0.406005613481  0.358397237375
0.501632331736  0.614165158711
0.434501086895  0.505685681409
0.404631371759  0.455098174099
0.6303229111  0.438397241951
0.35373899086  0.517275502592
0.554728664265  0.604327154492
0.43638926794  0.580073989446
0.567210974026  0.311629448064
0.631512799984  0.576015553092
0.560051353635  0.434201299196
0.527848712775  0.486311350376
0.622200829538  0.533898995165
0.556726619741  0.394558099687
0.525353433562  0.577364779221
0.465105747463  0.606791629452
0.783579282968  0.598369472828
0.517012128819  0.483341354143
0.384423457761  0.425150829911
0.446916926426  0.358755440626
0.461458422064  0.550125058311
0.464632758841  0.716074062761
0.419806042869  0.588305820073
0.572223180971  0.438267443099
0.50472412771  0.567250084477
0.617372834154  0.604101096402
0.432329683766  0.405767964855
0.48007600547  0.658841287592
0.40885003732  0.417705383791
0.464109459229  0.404514560994
0.447193888532  0.411368418796
0.550067229355  0.35086551132
0.385273239042  0.611780815348
0.474509544882  0.435467779245
0.455953463267  0.542776958567
0.691183180775  0.46754646972
0.602539002047  0.489738002041
0.472434800105  0.445830427879
0.451854784098  0.402702639456
0.732222862141  0.455313717016
0.482333359362  0.432316678816
0.522729054236  0.604599585561
0.357846873599  0.69662264378
0.432144158682  0.604642048408
0.551449884068  0.572064118783
0.471073911677  0.448165118018
0.526176781111  0.552668004643
0.603738279944  0.444293502519
0.4644372015  0.507449323808
0.535835484507  0.605423338112
0.701255387768  0.536835180286
0.614629144687  0.420631554517
0.449436734959  0.673433402186
0.53255850174  0.350617890952
0.429496150655  0.473777311041
0.562842359969  0.463187875927
0.490922520686  0.544044739012
0.727330209302  0.57192160683
0.354299548144  0.470903236701
0.433357707329  0.526256043021
0.713023891289  0.461905897842
0.639373001866  0.680608657409
0.44228564281  0.454505408226
0.456911596115  0.419795569569
0.497813742217  0.592404541042
0.487226261134  0.489076420812
0.483310206932  0.611285954483
0.492618295239  0.62300460529
0.432627076442  0.550191200752
0.557479517959  0.573737703319
0.639447315068  0.520521302847
0.557432889703  0.451049546768
0.49728480198  0.57763003137
0.47164100763  0.543825408626
0.708767775239  0.435218343267
0.511739432983  0.444177960509
0.455945873702  0.410475523989
0.652571902098  0.533351417018
0.427756269346  0.438369759815
0.372299874817  0.366761310106
0.630310363819  0.567987592475
0.505750073134  0.469504597581
0.294200859273  0.509278673257
0.656702785359  0.590466309021
0.401670694972  0.51270973712
0.568336332922  0.676300838377
0.482060204569  0.445456533361
0.35619048426  0.556983255764
0.714685216953  0.679585196758
0.44974398724  0.526113941617
0.407431844494  0.418401853828
0.407065539974  0.613896557365
0.598234750441  0.526100882561
0.46109977441  0.456411594199
0.451103870151  0.491213032703
0.445700902115  0.586007242434
0.423967555312  0.480399805579
0.630782278557  0.40222892592
0.566784702277  0.508673544733
0.502961397815  0.457393783367
0.471737520927  0.502082186903
0.719228738556  0.515115992413
0.47092008877  0.36792337565
0.437681302146  0.504275454957
0.400770417436  0.504924789046
0.683082150805  0.499116731401
0.53032355923  0.4986483464
0.547921259929  0.531552547378
0.467446155199  0.372587626328
0.416712083055  0.629007693762
0.443100544461  0.586858949008
0.384625521779  0.616935445645
0.344139557299  0.384427692932
0.438918736795  0.513588743011
0.569420878779  0.370219260882
0.452878827129  0.491175145344
0.441804817322  0.510562611812
0.432182769342  0.699145705135
0.533778937082  0.484629490937
0.564306059957  0.621206878288
0.535458358582  0.522935186649
0.467694438244  0.411856438064
0.480535093313  0.495947690233
0.540557905458  0.43630387138
0.414497946424  0.498539228842
0.419104498196  0.39718203738
0.493816104059  0.468124853084
0.411608982959  0.461002848207
0.5214673501  0.671442542571
0.428551377554  0.30667874091
0.445085794261  0.592284644698
0.532675120237  0.358351399657
0.60455946864  0.595137093336
0.498087094708  0.410606153263
0.377796491108  0.449692699423
0.464682883333  0.643453379377
0.365038322181  0.442577613744
0.600819602024  0.409888983105
0.461393878066  0.536874596575
0.557384454712  0.603239863164
0.4817108452  0.506654664707
0.652942206981  0.577057381446
0.626388592198  0.590494334732
0.537428868656  0.441811107478
0.562836360801  0.566428911476
0.208375485506  0.589791268434
0.546996003826  0.539268735706
0.688682867422  0.520000397186
0.486603581538  0.521519706856
0.34027154964  0.60337826797
0.505805717506  0.479613272126
0.363293835739  0.315962860617
0.490953327263  0.333577950722
0.435977915513  0.651759171792
0.575234635474  0.389382507297
0.536508016054  0.446717531348
0.401771458711  0.596362244052
0.465200739418  0.526354530689
0.68213945381  0.375294035361
0.483601747727  0.360087872391
0.51295283698  0.511811310857
0.469127092468  0.392998544614
0.415226611822  0.543147649814
0.587459972165  0.546394098342
0.483339540349  0.420538422134
0.5695911867  0.432723900922
0.585711381277  0.736920348785
0.614475643562  0.708059108056
0.427801940127  0.442540650207
0.495027878277  0.548397959593
0.401969126439  0.599706568535
0.628508587762  0.521070784693
0.556922276983  0.50550086818
0.579733817436  0.489275716418
0.468120390208  0.415746275671
0.546153055768  0.476839477801
0.459148788703  0.55579189724
0.412472610386  0.570369552645
0.592724783415  0.350237980891
0.490372870448  0.604266422463
0.284712938663  0.664466974963
0.474026544548  0.442414756042
0.514027052278  0.566011717137
0.577723100315  0.520928690205
0.410119555846  0.545371629727
0.280551662734  0.57760763688
0.453656934718  0.469237603997
0.683721405478  0.480835914361
0.340911300612  0.4086278751
0.509194873393  0.72534144816
0.451638170988  0.589712325982
0.373395097483  0.437699627538
0.602722865548  0.493219608292
0.504628483612  0.617155071546
0.312384692387  0.383636000953
0.473455175281  0.469202228887
0.488860704379  0.403204104647
0.599081254273  0.465813517931
0.287765223787  0.654782667103
0.350977881769  0.590189270126
0.698631385435  0.55338110691
0.560370338066  0.630773576737
0.708578073182  0.450517836157
0.43135607161  0.383293724052
0.576344650477  0.472625416923
0.495903724922  0.459108506352
0.262497592159  0.229956566215
0.62749783395  0.467213243305
0.437646301355  0.596826885293
0.486974482784  0.656632108263
0.526165562573  0.530557960885
0.476939988386  0.463985709717
0.457448268339  0.40521189703
0.55635586067  0.529446710059
0.574808966713  0.592175823972
0.578032254367  0.549414211385
0.589219441152  0.344406473975
0.304835578764  0.580724531999
0.536197820992  0.472454515006
0.420738875384  0.428889422044
0.572988178559  0.53632861512
0.526394312116  0.643597031488
0.657429000264  0.396587410905
0.278477004445  0.50131601378
0.398412305789  0.341642935855
0.441959295491  0.504527229943
0.484671849949  0.551031234959
0.445869177483  0.702019798725
0.483765770239  0.578714616595
0.509721300084  0.413063105232
0.392964240785  0.576326349203
0.447444862024  0.633599450278
0.423789057698  0.586076186763
0.495604164202  0.463942296929
0.492914664636  0.545100939815
0.6232214258  0.453097898602
0.385715739545  0.52346005409
0.578815756729  0.507054523092
0.40012229618  0.452739199909
0.445402349562  0.472503109261
0.53658266415  0.505367981966
0.513323870458  0.534132748982
0.533773264146  0.394311722297
0.322538218174  0.419379246657
0.525544900304  0.506035159957
0.62882875234  0.392616593318
0.446559350524  0.629697108837
0.440591369771  0.576721588321
0.633096178829  0.447230761549
0.42050211225  0.499259595754
0.516663466788  0.404815251027
0.496108472279  0.545499172855
0.675494131227  0.457350462488
0.484375564392  0.553023325384
0.379114603314  0.595061597362
0.416483389696  0.502649405589
0.46361493938  0.586891591999
0.688247769726  0.601274198699
0.544552602323  0.362829850155
0.449382644729  0.553259493079
0.729752289205  0.364951623616
0.455192681929  0.55195662398
0.499527074659  0.359182634892
0.534170994288  0.420187985747
0.660364039451  0.580068167321
0.568317163351  0.557107291765
0.646926887818  0.518951731036
0.400049784064  0.656155643506
0.569134486035  0.404880085861
0.415428252768  0.512542906775
0.490413642545  0.453033390687
0.501566455524  0.416358686719
0.605069435853  0.565353147994
0.484280735458  0.570692100193
0.590489975054  0.514572593656
0.545210072344  0.434391850141
0.361373168126  0.578495914035
0.403999959632  0.434153480844
0.403596822387  0.413950654929
0.532760316868  0.553517972189
0.584535191851  0.46549926395
0.448991248295  0.534373628561
0.38719193076  0.472897809131
0.332457441564  0.491518192659
0.521521476894  0.521478787635
0.350215395315  0.447432162545
0.54147441101  0.546079340904
0.497701547645  0.561944083735
0.424963087199  0.478582693963
0.414295989966  0.421754317815
0.569508096873  0.46533256968
0.709614768676  0.40144145783
0.571447973045  0.415762765119
0.541127530717  0.633504898787
0.421210813715  0.527032626491
0.334025262642  0.209187324909
0.38103837663  0.302983517565
0.348579663602  0.439632030796
0.568222325744  0.38611248165
0.630652437506  0.460329574525
0.345370984673  0.563523403674
0.733161403845  0.41597742613
0.414805497748  0.451492441457
0.394742506594  0.556034388785
0.361680653755  0.454322393627
0.412658955262  0.730829491842
0.429578288329  0.584782257733
0.464665029818  0.510682423786
0.61791145691  0.461933627643
0.639361913248  0.582973128177
0.437210694078  0.526739432502
0.524683747149  0.438336150178
0.679523673  0.448378188935
0.641405766965  0.555789217982
0.515990140188  0.633414564497
0.604454546759  0.432221596891
0.382847741188  0.610484108801
0.504508429945  0.611927395417
0.417898159353  0.56947493504
0.588451249366  0.276030404588
0.539225886098  0.49658240744
0.519645660994  0.583749197476
0.332392040344  0.43890681997
0.559118970164  0.581374081965
0.447578683244  0.574746237746
0.449787612326  0.65479148602
0.570106906197  0.491463168208
0.539433207952  0.45088438899
0.425938067347  0.459213136045
0.477866722945  0.582526219019
0.672542667399  0.596856575352
0.427943771004  0.48971100861
0.387822094924  0.523851586669
0.508721753595  0.584313906061
0.515260590051  0.460276269803
0.486861111227  0.652462627308
0.556851894826  0.575426495914
0.596416122975  0.596356726492
0.464825727768  0.427765734337
0.564719998632  0.551344331999
0.356462044394  0.635000727385
0.531501170198  0.578870913162
0.467028928754  0.36652584417
0.498395387319  0.637704526037
0.440211838484  0.544936960573
0.380121552681  0.516849457354
0.533471871537  0.627523665949
0.382303865236  0.565927255977
0.578380205468  0.461412044319
0.494831447257  0.609896531823
0.489977894254  0.551330447121
0.533992145748  0.481388045069
0.36173410649  0.476072532924
0.457481049129  0.375322135027
0.422447731171  0.70391474366
0.55108706607  0.51736934803
0.535575997761  0.613706086497
0.531702363417  0.523003458242
0.56730690425  0.385377654584
0.392648007501  0.540489145705
0.460312512232  0.568539782585
0.56194504073  0.410377632875
0.603061582719  0.486511829511
0.489331771192  0.601042847018
0.344925761274  0.463197860813
0.691715512555  0.459451486859
0.617785648445  0.356555940914
0.358964045116  0.528089189144
0.659180989806  0.419371723702
0.506216995812  0.480986442019
0.492355471778  0.380740663194
0.703216588953  0.674585140549
0.691110865749  0.647953545482
0.438038587524  0.321896606472
0.578507998481  0.521893691244
0.57654356504  0.611300881634
0.297258918496  0.608317707614
0.536062317909  0.713342736674
0.615807014803  0.576883900682
0.595869074981  0.560728115627
0.402901343724  0.748784664099
0.28559156223  0.442067869271
0.367508742956  0.511745576685
0.592598372382  0.500430610112
0.590741422088  0.56691995089
0.363463981573  0.614431770172
0.442815962601  0.457794211468
0.574201669109  0.523557546045
0.58747402587  0.504807600236
0.436529650276  0.44162354258
0.321738966183  0.546035212839
0.577863588238  0.500004130895
0.435472016616  0.312470533358
0.489869122038  0.533033126479
0.496390130191  0.610093038974
0.550019610741  0.394031597708
0.576696478017  0.65627953539
0.540875727433  0.648296571604
0.406987960939  0.465414199368
0.600650172615  0.487651664458
0.511128075387  0.304673873779
0.542767487829  0.746318314604
0.427644172083  0.581581862216
0.493040339227  0.690182927438
0.509458852144  0.665347924463
0.505078495314  0.489502458141
0.363205972235  0.483573343423
0.438776429275  0.559434036317
0.36463064021  0.549559074085
0.442026699579  0.47715593289
0.520780321154  0.524501799437
0.503764331237  0.691344632052
0.418384357485  0.510790672222
0.601259980592  0.578020855403
0.480469628655  0.496618449907
0.770000843643  0.61739796072
0.406545903914  0.601250441376
0.531076155915  0.554503745769
0.60292010185  0.369350794695
0.45669046455  0.675513217987
0.48164323453  0.592714584146
0.756377047519  0.580815011646
0.334975537345  0.449935126051
0.483048600044  0.550159271512
0.575491464913  0.491376492814
0.616991318401  0.50242423808
0.360061541203  0.670745231352
0.584943715743  0.614676210942
0.481668377979  0.479724244024
0.351118637152  0.40897858485
0.716902616451  0.357660917553
0.492082643876  0.374247338648
0.426089525982  0.549974943656
0.30582048197  0.833923935065
0.546912229998  0.571860463597
0.581427535697  0.475466686823
0.402141498345  0.682234169578
0.524733782239  0.569580511715
0.505183747022  0.624644156679
0.489967536914  0.417319626109
0.582590851132  0.492775165578
0.524320540452  0.579148511482
0.456669656121  0.476524279455
0.648697183959  0.513059557176
0.71658976731  0.356718694883
0.376702035221  0.689573628646
0.353583756551  0.331674349542
0.665667853581  0.430362249235
0.540577340329  0.503109358378
0.564228818738  0.551732272272
0.643174335802  0.468086480842
0.60873851359  0.275081635957
0.524832638686  0.465155233118
0.374345949687  0.506759772643
0.705725183303  0.428630339428
0.359635335019  0.475770053425
0.577567100222  0.623763644244
0.52125044293  0.34102443021
0.369212285727  0.5313494973
0.430017310004  0.649603690612
0.479121353482  0.405454552579
0.695287785628  0.354935191805
0.424800716218  0.57516224239
0.463115326346  0.372239066653
0.50400294632  0.52507555603
0.47334191456  0.446930488481
0.73496789447  0.436332041398
0.426924222153  0.491142872231
0.514408427528  0.472626625826
0.292459692912  0.538196651225
0.564013390109  0.506244125758
0.430795904193  0.517002447289
0.644797190436  0.612214878421
0.596657597559  0.595040344549
0.27956124056  0.659596284656
0.371509136369  0.62943666619
0.577227783483  0.506138839558
0.476401734025  0.53613755921
0.466965427937  0.407461541737
0.50758143577  0.403129620114
0.442534143749  0.391761802516
0.53858167235  0.482582162575
0.477216337899  0.352084699162
0.628198395071  0.562684929331
0.492742861336  0.442842153326
0.626220554537  0.530127295309
0.570096589079  0.511583219385
0.381870798905  0.616447111171
0.626293184893  0.484803098811
0.669836669044  0.397211395399
0.382312633526  0.395738248375
0.482124375114  0.591966888854
0.666374989229  0.488206990004
0.575734048626  0.613095537993
0.42606865271  0.488875892763
0.508346381339  0.542811880157
0.333703888233  0.399405013468
0.416051177423  0.542754686351
0.446401944129  0.532718173759
0.542377072132  0.502869201454
0.566744828946  0.505434626043
0.715772374392  0.54413562391
0.487937772618  0.658020665118
0.541332276395  0.577190296384
0.52096078825  0.375812619756
0.586461693636  0.589283446584
0.496319945005  0.340682860586
0.598716876038  0.452765424859
0.482624669371  0.322248610634
0.898750940143  0.577980573548
0.576347502717  0.436058901809
0.522785241843  0.444742168417
0.425503163972  0.594683733015
0.578034014751  0.492948566872
0.523846286455  0.698151027002
0.500227815953  0.396979849398
0.525862278752  0.329463392207
0.398642664024  0.431628995365
0.524901019084  0.64756002219
0.498272167668  0.386962722984
0.499990643236  0.606549941565
0.350870141341  0.548374910067
0.524362468602  0.671687694152
0.673111562444  0.33344097801
0.449432850655  0.447102112756
0.476671119897  0.455223543658
0.482999454091  0.551958461691
0.397631413963  0.518766256337
0.324362614932  0.498647820402
0.47152146241  0.561133457051
0.671596359646  0.445438792473
0.513085021865  0.323328960323
0.517943778886  0.525928515481
0.425115031257  0.482046963463
0.422596950189  0.626326816928
0.42216903272  0.305203377869
0.483020611808  0.539397022825
0.407752745556  0.633476713226
0.599031076561  0.28460717936
0.562949019241  0.349104198285
0.575941164069  0.455304192574
0.385130916917  0.3159199667
0.546309078865  0.559517040607
0.516728908115  0.511283732004
0.476479450937  0.534710930761
0.43610284801  0.596422181897
0.628095402106  0.421630309877
0.418096858432  0.650014881134
0.632579359196  0.61307540358
0.58507713541  0.57725799021
0.480843803464  0.612097080227
0.632396004839  0.54933921824
0.606262916761  0.507934178762
0.462441473776  0.510855996948
0.581149359253  0.60239770529
0.553313722286  0.433626496111
0.383947956975  0.670635568721
0.401505296886  0.521421770832
0.467448519194  0.632224870994
0.592925065466  0.294406056954
0.428596078684  0.484740418358
0.690202500978  0.530290763279
0.475092401562  0.383208066525
0.416674631747  0.463823699646
0.443378072148  0.522500685549
0.449897595029  0.760616119822
0.560738310211  0.739041290937
0.421660061617  0.329060199305
0.421596110298  0.698847554735
0.428922916538  0.554441710262
0.460164937019  0.466128050496
0.423517226737  0.463933831253
0.3635899796  0.339832974856
0.410546417997  0.591253842606
0.564380728683  0.455164218356
0.624069896604  0.57473104811
0.545383026236  0.44988773982
0.541094466846  0.351789390831
0.415204499235  0.531887478833
0.514791681391  0.41604084409
0.739929423539  0.508941620331
0.455138989712  0.47718886973
0.498863716157  0.389046448658
0.514576131605  0.548719648405
0.513300490223  0.506787528669
0.372521678782  0.518029496021
0.510445834692  0.50715175828
0.538694593562  0.685307964339
0.726867671039  0.495744140772
0.491612684699  0.483786402738
0.526870274842  0.56294790164
0.552533642523  0.423163262512
0.444383189213  0.541600978427
0.565844634909  0.50543026334
0.482665306285  0.358675194116
0.369923404335  0.499110467099
0.498762105136  0.48639301815
0.641503641232  0.280010431605
0.656324705641  0.382603046488
0.449960756022  0.56537913579
0.392859778906  0.315958723182
0.400844654169  0.496272824627
0.519560151898  0.537863793168
0.507723398004  0.632648456794
0.517368602096  0.353584376847
0.390971176508  0.641357109182
0.264517922713  0.539259687512
0.714965255579  0.566249893205
0.284551070271  0.278135943177
0.562649173469  0.437837902505
0.581206822173  0.624751168744
0.502234783881  0.419410477354
0.257764258277  0.614830277152
0.645235293876  0.454919565822
0.548593945369  0.526140849373
0.663652733021  0.57730924095
0.489842481355  0.517980228529
0.586777941767  0.63992892006
0.484727783783  0.544457261182
0.481245807626  0.537293345571
0.37776191361  0.517164112868
0.513167504379  0.445885028625
0.506035863594  0.60830177651
0.415757035101  0.531329886233
0.638577174757  0.525824600062
0.78543981696  0.650893844909
0.651935160916  0.479530947802
0.481830412804  0.511292711594
0.627061341084  0.397423647946
0.641008579431  0.509697919432
0.632394791634  0.548800875522
0.293698119018  0.490714193814
0.568643487537  0.484389107972
0.444694415157  0.514156417901
0.599908549439  0.584634451177
0.431902003116  0.569168367834
0.473849348829  0.444234327808
0.567712688133  0.368222979907
0.408170074557  0.396812184965
0.33862535947  0.395728217257
0.587814014015  0.519862077273
0.597033770204  0.479381075103
0.29913516907  0.455822318934
