0.460934790141  0.459660323424
0.566709279704  0.402459054762
0.532506181027  0.510300266227
0.564518083815  0.2575410049
0.562662492842  0.414943856459
0.577992414515  0.470480688413
0.425946223585  0.535058276553
0.534932010767  0.629521191504
0.367682211148  0.533558314412
0.524961284229  0.400034545016
0.261785871273  0.606285790069
0.590579137757  0.358838151742
0.331514732806  0.391124028561
0.451481887295  0.550754575047
0.569369670211  0.490200149569
0.465217999993  0.339874747558
0.304471115174  0.397161265858
0.501195918717  0.588058260539
0.304235898962  0.28673601721
0.38659394192  0.445326149854
0.318111220105  0.557838155366
0.436062178217  0.476843308538
0.38517641162  0.503006016597
0.391086850727  0.434559007799
0.459102667214  0.388054771343
0.370350993734  0.592929549524
0.468051755626  0.575451288169
0.660549817129  0.529988379816
0.368701884751  0.527038625356
0.554855475499  0.5635969113
0.393268896658  0.315934625429
0.318382489055  0.498488836669
0.628743907314  0.5006350352
0.277301250106  0.339573477719
0.520843312167  0.413470615471
0.607361713994  0.523406619102
0.577956242067  0.353510670819
0.487895009078  0.539869833259
0.54323015978  0.480082083778
0.4807622518  0.5389785671
0.355465730538  0.21607881307
0.391119375918  0.387298730442
0.357108730117  0.36177142816
0.466540799379  0.315160795974
0.503036168727  0.545683027466
0.664852139547  0.482107570852
0.525178910601  0.462307478035
0.511119910466  0.511968169777
0.485201698677  0.421794954641
0.471932774275  0.40088373812
0.448087753438  0.396223530324
0.461887593174  0.372067688797
0.494364304953  0.305940096899
0.24266364712  0.546308082758
0.56530170763  0.326913434724
0.39542366572  0.452098562523
0.537273899254  0.507056294409
0.451312957364  0.653103283705
0.470219228562  0.520964337335
0.447231184056  0.439247415426
0.504886660455  0.544097566538
0.540212170472  0.478528380755
0.545118455545  0.554071365735
0.541105590532  0.511173829635
0.501360313264  0.56924731525
0.671337375126  0.392766073709
0.438651861616  0.347892333071
0.256473456618  0.345064109011
0.474459983999  0.541153504558
0.527284440567  0.441708459153
0.519615916211  0.321328005423
0.378147316105  0.355003324992
0.460471344018  0.453041631299
0.249969580699  0.593245576591
0.420353063312  0.452599002434
0.350916529507  0.478918838617
0.379702507402  0.522754859532
0.59709413557  0.567456116834
0.536469273201  0.498135815984
0.479163411013  0.3633602947
0.448907465492  0.510274807503
0.446953524793  0.424679184541
0.543173975251  0.580694740834
0.655513711877  0.606899789859
0.402622673819  0.522306299343
0.496371626127  0.50214397841
0.456444399362  0.495228964161
0.276963840798  0.580963070528
0.447053087784  0.545241119497
0.377219128537  0.497209292613
0.38723687982  0.368262238813
0.512288636835  0.564629364287
0.310266076205  0.617768184479
0.503657956453  0.631095876388
0.418956515454  0.463412444099
0.506239150351  0.466995414922
0.433307457164  0.504416812813
0.334464893636  0.495337585368
0.302127090238  0.482939802986
0.46105870724  0.381723334103
0.277949726561  0.355205404203
0.498976054847  0.429590812101
0.438463527358  0.514360966052
0.578664126417  0.390849212965
0.232683818006  0.519196957267
0.487551889158  0.42600589342
0.42668733221  0.512176146892
0.361045859163  0.472763949012
0.440849126885  0.491482420896
0.506899765337  0.576067526901
0.515145549729  0.646293094461
0.44306362448  0.59784529374
0.385128355332  0.335975895128
0.36162666858  0.559888543428
0.504716973149  0.375439980134
0.586325788325  0.543423902018
0.610182184839  0.466400868856
0.58426060793  0.482606169615
0.539962333655  0.415478320088
0.3619648075  0.539906419033
0.503377390556  0.401975931072
0.454536598843  0.580795173616
0.433398364663  0.498363230528
0.429823767262  0.634497523874
0.612926311242  0.491211336778
0.210717055811  0.425022647229
0.599127751616  0.483755687914
0.448443723667  0.49794218298
0.624346006487  0.573638540001
0.528971044404  0.414851790155
0.400151540432  0.608821723452
0.368361100582  0.337687582881
0.549088666888  0.440479948942
0.401710013119  0.510465681341
0.394701060101  0.448203572469
0.439358067282  0.49228988476
0.541698641693  0.492712327156
0.600030505798  0.582630989571
0.451848975931  0.619027519558
0.309143645402  0.529820965965
0.413314074327  0.479291955949
0.386251113626  0.624474644249
0.390771468355  0.520352421718
0.353012843826  0.537502315641
0.279197435318  0.405356725169
0.292483946496  0.502202760599
0.461539564404  0.54956003459
0.410874624293  0.510299738719
0.469257579633  0.379313307489
0.552029436866  0.609269193424
0.576475060471  0.397797739737
0.535758700224  0.441725497291
0.50135016244  0.497430842658
0.552704556144  0.569970047328
0.485051844922  0.291665915179
0.332419972239  0.479431327084
0.630263943562  0.407715521497
0.487739278503  0.545047120972
0.73539635034  0.512307441625
0.464626078604  0.53117365259
0.453207845477  0.634822742708
0.408274372222  0.533714691308
0.582237595039  0.268050632097
0.441777179783  0.542424509842
0.281808887041  0.371432447546
0.458560968182  0.689568568326
0.514744088638  0.485533185629
0.500524673309  0.289428166023
0.616542926883  0.495577509548
0.682515277339  0.381949661709
0.458048753392  0.476783838241
0.365275414659  0.602657957099
0.655881637578  0.387884440739
0.494426432352  0.415306381815
0.325101234402  0.531259377735
0.603549828981  0.414000035683
0.582402101157  0.554051702285
0.547053393648  0.472680184021
0.68868826818  0.497241474286
0.468340147359  0.396131660171
0.377602784225  0.247640873892
0.537301593036  0.601253459602
0.384843057147  0.317947562194
0.52625750734  0.375318203316
0.401694749465  0.364789086546
0.463205144353  0.455246206091
0.464768528368  0.432346470846
0.460205607928  0.499370793436
0.662678185047  0.351823222112
0.2759683877  0.292484252285
0.733271753602  0.379159618046
0.399477485644  0.603969568806
0.332652377798  0.382462248394
0.349415311465  0.706361708473
0.740170460313  0.541611110024
0.529876775813  0.511252781912
0.331428424651  0.500701437177
0.325161976152  0.395629197444
0.451971353124  0.52542432031
0.36568969163  0.43786828227
0.193628042799  0.571531216556
0.468797358309  0.55204831999
0.481938200727  0.393278540944
0.330771969028  0.562479622291
0.492264835444  0.568114368982
0.493651510251  0.514023300345
0.410414290706  0.381060707678
0.585747083497  0.383271874262
0.521631270842  0.616137487791
0.337004330919  0.407110874112
0.7779959508  0.416207872616
0.55967374391  0.491974825509
0.470600103137  0.648455133573
0.614535626948  0.472935654955
0.359394105486  0.435323161046
0.387016493506  0.348743495731
0.606331744226  0.447731937434
0.392916704575  0.392733352211
0.458172706597  0.470202428678
0.624785762227  0.509746651892
0.494156073612  0.509834083976
0.566610397372  0.49983380968
0.478615038869  0.408627934515
0.415114247732  0.64434706248
0.500538466709  0.403062966437
0.491320496906  0.434884441663
0.326967207468  0.45638388752
0.582579664548  0.509221595911
0.34203694468  0.529221288521
0.404170882002  0.533155719151
0.534732425877  0.278917362293
0.319267848015  0.623452811178
0.4486180294  0.523781519405
0.387176370424  0.572015313855
0.424889827857  0.577376185899
0.539038376709  0.273334974478
0.505550102022  0.551435060038
0.341888635626  0.517701236338
0.480089499117  0.440434964781
0.379965169513  0.676449988694
0.434765747459  0.40120751503
0.548431087669  0.624777229007
0.536184994766  0.393470185968
0.585918233849  0.517509486901
0.542089683234  0.464492185581
0.471715750093  0.389358248157
0.299535307823  0.517825205829
0.433920052612  0.543627527657
0.549511280775  0.63355741838
0.540471108519  0.459399408544
0.257549077395  0.613003856911
0.45894162489  0.559996564195
0.674434641155  0.546152551396
0.338583129927  0.397496644768
0.528481033629  0.506889424037
0.432463247981  0.572687117986
0.314723446329  0.492620333264
0.551491152383  0.381649787682
0.583340467885  0.397573714147
0.471120525256  0.520093724695
0.426374154724  0.562638285972
0.392273182711  0.51557721418
0.469375838368  0.530263316294
0.553938721913  0.539259899342
0.495601945731  0.625911791772
0.46312012042  0.529007679138
0.390833430599  0.52988753674
0.480897116327  0.4377744844
0.606935318145  0.520605522698
0.422981960791  0.338185494329
0.494856576612  0.430260284813
0.547016212663  0.55474064833
0.352131792862  0.444189517443
0.564576375866  0.583325111727
0.548566623855  0.513750145451
0.649685971097  0.549981202586
0.609257856188  0.426610631136
0.301365721044  0.687601874143
0.492070119645  0.416603662519
0.571862519301  0.426919420063
0.291289861118  0.645459933293
0.599169806105  0.48611070747
0.456495264402  0.641011197799
0.477812327167  0.479787350387
0.56618607625  0.508192707954
0.533914492637  0.440899222014
0.371071706374  0.533003714773
0.576443412687  0.459514804424
0.58032506071  0.359921813422
0.532926179934  0.411640323324
0.465164652111  0.568636324214
0.357423641921  0.588344627448
0.54960225247  0.477966584134
0.525060179835  0.407845882302
0.494230746309  0.486887174128
0.480973841006  0.353192638131
0.45695777317  0.476861562973
0.41888044792  0.507299916077
0.561056679261  0.402200062827
0.324105891396  0.546766175055
0.456188124074  0.466682285267
0.530037349367  0.643266235764
0.384032980076  0.496869228074
0.454633805127  0.53031522041
0.492601408833  0.525871228077
0.460697425493  0.465324763335
0.610030350094  0.442029601509
0.51495620148  0.686119979366
0.440897855377  0.347160495224
0.493284955738  0.484571178218
0.355791565536  0.356322666021
0.654279237185  0.685881872422
0.309866167555  0.354463512233
0.327584106293  0.472081235534
0.485704216372  0.298461654194
0.618362488265  0.45795818916
0.684267980844  0.394166276119
0.58628005594  0.343918104107
0.611777670037  0.531834016092
0.504193359606  0.675899997269
0.478621214688  0.509670380626
0.491780483163  0.563953706042
0.358231229192  0.540277019539
0.507534824257  0.5098375574
0.564900655167  0.528991335101
0.542230297341  0.364264736912
0.456945395411  0.555459997185
0.405971619508  0.36773725678
0.538530747453  0.56425880971
0.552364826922  0.345148671564
0.418241689665  0.434251890885
0.471035686951  0.350752920144
0.491535494969  0.30029170561
0.457508287448  0.536010924319
0.390522955053  0.464879311344
0.429451654278  0.373841476441
0.402539568681  0.644340832914
0.549219120805  0.417486075901
0.614476702353  0.607312641988
0.31410813758  0.527119702615
0.555057378879  0.523170283253
0.559155364332  0.344375081693
0.616246076958  0.349470267403
0.410690911276  0.34101733081
0.397473185588  0.465618914485
0.528635235555  0.533003862348
0.518651226096  0.425973249006
0.43487180201  0.377750606162
0.444053077474  0.402424123402
0.481682759085  0.58381092548
0.703294635676  0.344147448313
0.604624710544  0.448442838513
0.364640251698  0.364633291469
0.497768180485  0.373971626226
0.520976787488  0.388225915647
0.496744282574  0.479197375362
0.499288439259  0.577582115276
0.303373493831  0.637914626934
0.460685852974  0.388919301622
0.350170295741  0.44184744605
0.54782606186  0.565584789765
0.628012880175  0.489734249434
0.441835372867  0.434164347645
0.580377594708  0.32900455337
0.503032857291  0.679187858277
0.597077900586  0.533181827972
0.455167614972  0.610036615086
0.559749660237  0.433977604579
0.54491558767  0.287924999063
0.669361045061  0.362061174689
0.413506286403  0.450620555181
0.642024605069  0.543604739386
0.561093021598  0.270181698438
0.44531236285  0.652002576148
0.587042137867  0.474996516806
0.448105846343  0.40066359516
0.619601630594  0.445536119532
0.620638105688  0.592017372842
0.545043046753  0.453639174208
0.463817430022  0.579861454449
0.452390945502  0.409421329443
0.75039682016  0.247218873351
0.611818561785  0.690183646639
0.580402047101  0.593235185824
0.483686701387  0.626389654034
0.578839659822  0.470439486286
0.491887788069  0.49011657166
0.32706025382  0.49667140704
0.423912522903  0.347483582784
0.539608237646  0.508591498756
0.50511384401  0.442330529154
0.358935215381  0.575963914591
0.267754527655  0.480729825602
0.428468886086  0.577988157968
0.542688042898  0.560723922218
0.489535885569  0.407316180547
0.508950725282  0.557632820042
0.544341311982  0.536832468992
0.553922786018  0.423625593849
0.597467416103  0.585503553308
0.535192433899  0.493375560815
0.581195349163  0.700780843732
0.524149959124  0.494263410999
0.55738077864  0.38011313893
0.391328762184  0.341948011065
0.431742861773  0.462155560368
0.716187762301  0.500884553924
0.49230860131  0.416123288681
0.503047759418  0.635829019434
0.448213277591  0.512673545289
0.554263081909  0.188533613091
0.526551377946  0.444831388316
0.447509090059  0.444178681759
0.658669437017  0.400267977834
0.56647384083  0.523966647434
0.514131926437  0.523959212748
0.713024912972  0.341078274132
0.443840154517  0.557402815794
0.679419219823  0.518714823187
0.529779641072  0.322597406632
0.313641768369  0.435400719061
0.632518606249  0.39273200034
0.452443588023  0.516561733321
0.622280289048  0.466202350758
0.53012690827  0.622819239597
0.542874335417  0.489832458048
0.580653577523  0.503527725076
0.550140543783  0.494537551433
0.478841906388  0.49343585939
0.415094505176  0.335129133461
0.38286434409  0.483544107589
0.526171597301  0.499694170712
0.462862093618  0.46688405303
0.517634064587  0.569913993019
0.44826897062  0.503011749504
0.471164439273  0.544459917753
0.380889679835  0.646655147439
0.392084336954  0.516775286128
0.435884301694  0.571510640361
0.492444832448  0.394347901702
0.41649553507  0.447822253921
0.503093390549  0.634892277534
0.321973624272  0.36137252001
0.575373144267  0.598188152824
0.379844899258  0.353324953428
0.488935620876  0.620614871609
0.397255585166  0.491538581079
0.333229223775  0.443253647216
0.53925298478  0.484940506668
0.482056440286  0.395092078533
0.480367876665  0.367666873159
0.536248506493  0.333056388127
0.55183177328  0.366156367799
0.409362145712  0.682334390157
0.335380815796  0.379074581676
0.421314674041  0.542354030629
0.306641138658  0.39026738503
0.50746949581  0.491196249124
0.518787622373  0.534943772098
0.4768271695  0.326179434653
0.507097235167  0.435690727624
0.546140227172  0.552559735857
0.501994676668  0.343672477659
0.513980344353  0.584939435282
0.364357174632  0.487784612825
0.45448488885  0.654022166118
0.436479092529  0.587814969848
0.508929113988  0.516969107326
0.366900714746  0.5448824093
0.693464978955  0.543269740367
0.448305188663  0.469249796978
0.489366240244  0.464615879287
0.641523261715  0.448895241914
0.500665605224  0.442231763915
0.366373005379  0.48282638111
0.513439941587  0.657557604241
0.414086694701  0.357843348172
0.502701877369  0.528570623274
0.654326089371  0.554165340916
0.428027037107  0.400368620207
0.337060166529  0.340891380853
0.490148027341  0.379128473599
0.552992767583  0.443858601037
0.279004291096  0.581787735979
0.48643402088  0.431723437154
0.572066745887  0.472915383289
0.389301403886  0.636191283818
0.386857119705  0.504433878105
0.608196931675  0.269315331626
0.535772274468  0.385766454294
0.369579698627  0.4544900094
0.381238976461  0.520933777221
0.599760579049  0.591002149655
0.505957049317  0.551469465513
0.362573548195  0.458026256591
0.540035311859  0.490091193689
0.53981744985  0.513886523359
0.406490442972  0.522405507005
0.55341462335  0.59050472397
0.427331164561  0.36059056317
0.446073531303  0.407283217529
0.476640962806  0.320081230305
0.398381749158  0.541412464793
0.655163229841  0.555277102093
0.46887773006  0.497849828984
0.429110366022  0.659488492766
0.523617374515  0.657557805956
0.433435023754  0.391378966698
0.388862107358  0.660378395033
0.558891042205  0.527456597602
0.44529879947  0.43572629874
0.464797591704  0.430600584122
0.327627499147  0.595111026671
0.424349373294  0.559025599413
0.611039271021  0.633754331724
0.407734971443  0.372698333305
0.485217296531  0.385433025224
0.436667707537  0.387425468437
0.364826955669  0.576425985232
0.399431371469  0.490070011368
0.579221845196  0.378348565865
0.5574932955  0.517418661541
0.469925810143  0.524308940023
0.456497269522  0.444452350682
0.386507088626  0.248342023775
0.364910011618  0.701652045226
0.540705599833  0.436690130136
0.572695518192  0.460776611123
0.453409575707  0.41352060058
0.529011402729  0.564688913799
0.385821305371  0.359102212491
0.509279728713  0.406147794875
0.404907206901  0.517830524855
0.721417240995  0.434737693076
0.441899375578  0.667845974611
0.515920308851  0.451459326799
0.603098781428  0.775664504247
0.561945099593  0.521388619654
0.575945620299  0.444568724522
0.607280463671  0.445374920345
0.481026404103  0.475393604596
0.392033535905  0.456685098974
0.341373101661  0.385918862639
0.488798066214  0.428818327933
0.566738503979  0.477965248753
0.360761232778  0.453572938282
0.563871861974  0.329918867068
0.64513804939  0.539978422687
0.483616777021  0.447486051361
0.624851347509  0.531901342461
0.353758518385  0.345519778531
0.627732115562  0.769070518206
0.555846338889  0.58979704908
0.595507772515  0.425353835569
0.338678417035  0.463639166734
0.379578097931  0.55108004511
0.66193865129  0.47062119014
0.449201899466  0.538086708549
0.587400788752  0.409967386028
0.431045057147  0.578535830792
0.735596245551  0.567021750738
0.559426264461  0.586025215758
0.52823135887  0.374059363364
0.468772710903  0.481013476245
0.638909192886  0.54323699881
0.551317881305  0.431243073532
0.401411428944  0.497782447119
0.561238653942  0.512720099786
0.574745805652  0.439987466687
0.405906441224  0.448993993496
0.570455036218  0.687090382213
0.428276374014  0.346598895008
0.610986408997  0.391870485585
0.415508177987  0.380745487763
0.454215716264  0.570171214112
0.526680230592  0.573640530544
0.32498829408  0.487452025398
0.570085540126  0.45110893996
0.501491776636  0.53143624809
0.483260853571  0.515823116267
0.433617393535  0.577359215984
0.32697830539  0.279002560225
0.522669414674  0.573919052791
0.503414109852  0.59033671538
0.375685374903  0.477972050942
0.419004059192  0.574567586422
0.443706941558  0.588781934695
0.5415710718  0.332439640417
0.569563137101  0.396174007286
0.624653850647  0.656548226733
0.34039574279  0.297408822502
0.437009254238  0.535505578769
0.396052885148  0.562122649533
0.431138632307  0.289126180332
0.286437569622  0.460762481749
0.484714381767  0.440485660792
0.524421327737  0.549025889369
0.358269428813  0.523686393681
0.384144777158  0.481956762629
0.59872821055  0.502514132475
0.305131857515  0.47461521259
0.686447225971  0.609818442734
0.580326286635  0.682117883506
0.699640375117  0.491003770334
0.551415775987  0.494513643174
0.587600449898  0.561920069176
0.40700190872  0.648291657214
0.478608949849  0.518019748011
0.388405361417  0.53005966384
0.430817925771  0.302277902856
0.537527936534  0.584055760127
0.431354903813  0.510999562851
0.545612918062  0.366977558364
0.399245023714  0.557629110631
0.335375338049  0.304233349419
0.517212509531  0.422550370796
0.479349067585  0.453571412344
0.509771059128  0.534609447298
0.547356413395  0.678994461268
0.461930571088  0.428456410102
0.488838012921  0.461811755751
0.426312087349  0.667622528107
0.522514488976  0.56440559047
0.353364521474  0.58567650201
0.460544366133  0.451633178926
0.55961792461  0.483975847819
0.42225957164  0.542785278235
0.480006731106  0.578960029129
0.668175258004  0.596584657208
0.417161095031  0.465289175159
0.517549686421  0.427286816742
0.597104260253  0.578764104932
0.507014185274  0.474557831328
0.469195274531  0.456062891364
0.53770083325  0.564167906849
0.434842652036  0.530070739011
0.424982837945  0.601505303617
0.346658983629  0.332039084253
0.417560187705  0.606017729084
0.51639290937  0.511027126449
0.4486697809  0.469563558407
0.350395931969  0.412681829601
0.47527132901  0.298282266696
0.45798168194  0.543754448007
0.452686931948  0.599461499978
0.549470398324  0.598900257814
0.532508700288  0.531898619963
0.453950633441  0.465906421362
0.261880316515  0.455137556872
0.288221562767  0.546054735682
0.503064156978  0.4827749651
0.497088954425  0.605043429891
0.42361521902  0.476168771969
0.413521161125  0.609199664755
0.421899801179  0.453694302058
0.492471419466  0.371311880127
0.426991703064  0.47455380209
0.575697554404  0.716292125041
0.374060159675  0.40594141633
0.259540566979  0.431267862565
0.382845411161  0.244380415235
0.560075468899  0.345750958704
0.470407773171  0.431478946312
0.435226296107  0.503557402954
0.418607794409  0.335140761462
0.638925555175  0.390549870162
0.489964731808  0.59136889465
0.544698027389  0.305128033866
0.519575950206  0.425729814521
0.42895865113  0.707850118591
0.3313298526  0.398773338444
0.369574377427  0.325860656252
0.534523784006  0.511945218606
0.495275552158  0.627556763972
0.688459529374  0.502985408097
0.473275522568  0.534488427202
0.25631889566  0.421725644811
0.282310070399  0.433491923518
0.556582314931  0.487060986661
0.561393618558  0.514634888252
0.421801877793  0.608059875128
0.498125239951  0.625955720028
0.338696351395  0.455260906159
0.566589825489  0.503646082913
0.558834919229  0.44726827495
0.261455123322  0.644042267973
0.522011867789  0.494127055107
0.480162480633  0.490940159788
0.667936516442  0.412191489157
0.294400340434  0.415246586071
0.379603209289  0.315200787414
0.496454626996  0.5847152523
0.436564659779  0.428422550992
0.450593788617  0.265067114492
0.49504997932  0.399128527924
0.534998459938  0.220078206975
0.545447006463  0.567447811207
0.467848784687  0.561708888713
0.49853909056  0.453907292997
0.493497226726  0.577607459817
0.45076761135  0.548843977293
0.517498211795  0.505473423204
0.607493411551  0.531921571847
0.557448849055  0.434674827558
0.37050879898  0.442657265067
0.495071407579  0.571323650234
0.443861963651  0.429216198227
0.304278170834  0.715235257306
0.432577062354  0.342294080201
0.555782835169  0.501072807434
0.362961359745  0.655234822078
0.478387694195  0.480337042862
0.559785161132  0.512219300121
0.531216687005  0.494820702201
0.537729262656  0.556597882658
0.458309315474  0.520811039906
0.470983166343  0.454192021058
0.455345578238  0.49349854244
0.460466041044  0.389974892082
0.348942740984  0.466638579899
0.344229289419  0.235187820056
0.486564439768  0.674597707692
0.434705106452  0.512866122426
0.418653879983  0.534540913067
0.624429997121  0.371894513886
0.584961995377  0.366025511277
0.618009364196  0.36034261843
0.516504419784  0.508648125208
0.695426030641  0.499204085405
0.511189878799  0.544798618264
0.594432666437  0.551433523503
0.484102624673  0.580385146524
0.593665351622  0.623841307551
0.534185126457  0.473489763907
0.525940723096  0.551348445108
0.384813217257  0.561498450598
0.630434047511  0.538276898299
0.454680182695  0.580942626968
0.531615523856  0.487615419719
0.438030941976  0.481039313226
0.347080414025  0.666561212276
0.449459457343  0.418100360539
0.409981197705  0.517197343668
0.32840001534  0.496028905646
0.410392966482  0.407014520303
0.691496732616  0.647759147115
0.440272929874  0.613885729889
0.232452147177  0.327788509204
0.524709154793  0.456512832858
0.431898986654  0.47596707299
0.255529611904  0.623405105337
0.422442911227  0.613156603061
0.6161844993  0.358793969482
0.463405397223  0.541092969247
0.518380087074  0.583079924983
0.57763334293  0.45903228328
0.475378833404  0.522183624085
0.491181594589  0.48907406863
0.596428139852  0.628658706572
0.322142476527  0.361970184099
0.26005577377  0.497869229532
0.582519324287  0.474601307251
0.511167539745  0.394584487205
0.545648920458  0.384156951216
0.343438870786  0.397046081276
0.61020119396  0.47200702321
0.413570453706  0.404816553507
0.316796425139  0.429603882765
0.547774797562  0.491929496083
0.337488490842  0.453107639745
0.415980355263  0.501411111184
0.528424323912  0.473023604386
0.700806175474  0.43711400537
0.400342616436  0.434750506692
0.577292035366  0.559234702583
0.41570722933  0.478365453686
0.332078888326  0.529491056927
0.582879882642  0.472547283289
0.400540782108  0.669468263084
0.48522140311  0.426697505207
0.518419756226  0.486753372598
0.410966439482  0.552524898756
0.506582669078  0.480226673822
0.548719331783  0.412047646674
0.454283508141  0.465999496211
0.523352612923  0.485769690617
0.39028842837  0.414099091698
0.186820322928  0.303858052317
0.550061366867  0.639480781407
0.564231043996  0.258142604331
0.546139163921  0.416407348414
0.364534389297  0.630552930631
0.367590062578  0.760103301458
0.483608634794  0.483359948924
0.516194126205  0.46970469401
0.462335681705  0.307565661914
0.452618535262  0.55106090055
0.597589297105  0.743145762304
0.52832492036  0.416545762132
0.511752548542  0.680484998246
0.419907024698  0.440226316218
0.469819940342  0.507683834294
0.502462343207  0.732397787431
0.597281118679  0.463335706489
0.563559055239  0.40301542545
0.576512233088  0.316114144335
0.646231945845  0.530488275158
0.526464440567  0.603811834474
0.549807268123  0.314576865425
0.495844393812  0.490271134355
0.504283752919  0.287944964539
0.495723731157  0.368565434829
0.512679265144  0.517146476698
0.569199890215  0.510321763747
0.516468198176  0.530225182612
0.672771852564  0.48739298774
0.589007064539  0.597022956032
0.493592284228  0.458015059736
0.516061307451  0.35770764654
0.387743243047  0.595619266702
0.703285556526  0.391827693496
0.435589681581  0.584002996467
0.640833901153  0.485187350521
0.565814192443  0.416314954459
0.393548796687  0.396382806215
0.462177742458  0.466482154253
0.610928891913  0.39782311718
0.349290718725  0.396824196199
0.571944473455  0.345879276585
0.378857535496  0.64362717735
0.542559601514  0.65352415631
0.342655127874  0.480584243957
0.496319965416  0.378729563256
0.458335360544  0.563023121355
0.517279945627  0.593542906724
0.34792912524  0.433038218511
0.369223067091  0.573862308658
0.36236948841  0.428095652201
0.515641174736  0.609455426708
0.19387003697  0.443029123906
0.424369581607  0.434171757038
0.51734440015  0.494693615878
0.417074199335  0.344119921404
0.257346008534  0.436557931738
0.355044847243  0.484830101915
0.504102054415  0.295898606332
0.372069616918  0.320956659273
0.484627894153  0.510252817168
0.266252988088  0.221649587583
0.491039503575  0.556562154722
0.398807394171  0.699870120284
0.649634813528  0.293326981901
0.551815365307  0.501508591338
0.502691131969  0.546045217095
0.600992615709  0.529732496386
0.439727589716  0.534569064752
0.62787035208  0.522384317804
0.394464082629  0.472884670991
0.447321108435  0.654438178188
0.389061501269  0.610690067115
0.616024843489  0.571633926643
0.626993012954  0.516455831235
0.494763104928  0.517267636526
0.552429629127  0.37133995674
0.587213596133  0.717701529968
0.376242628459  0.584491389982
0.5423962978  0.636848393253
0.527673171528  0.566182221789
0.715819798094  0.288114676655
0.628071304628  0.343178477663
0.439104303466  0.372943623216
0.701628243878  0.417774142446
0.614711712118  0.384918897722
0.535707567067  0.440347639257
0.355063497596  0.428681950823
0.565671798838  0.547590828654
0.477180920616  0.412637938707
0.712045695776  0.618202716899
0.517781705524  0.611374519413
0.467368528154  0.43098829798
0.553843345799  0.545923751959
0.585759756364  0.497975247289
0.681968180415  0.541259331483
0.538987944528  0.35199565401
0.504515459828  0.481416336186
0.474715569412  0.537807446199
0.486316712195  0.639210213334
0.122305167167  0.486142422679
0.503958653274  0.570580382456
0.40882024404  0.490743750645
0.486226248723  0.430280091946
0.451778820092  0.420689822815
0.445885750796  0.66036681619
0.653191526603  0.486959591067
0.486062147276  0.544713410097
0.351966533617  0.602854476734
0.361656919704  0.397937635092
0.465399224671  0.425724214716
0.203642466216  0.428585669891
0.378467157146  0.373997209208
0.677076898181  0.373807598833
0.524971570565  0.524568082742
0.553291246981  0.530547347676
0.272719479641  0.490168115549
0.529802421923  0.309242215604
0.493428502868  0.463817690025
0.408231337822  0.692966777388
0.579553581589  0.511743868563
0.456633175589  0.423063392113
0.531260903885  0.432663986186
0.457318775959  0.479611573746
0.358256316106  0.376439231152
0.425254032968  0.550242871483
0.593043721134  0.47319696006
0.49781726274  0.469207720551
0.505453257575  0.368599723438
0.464013004402  0.565102966645
0.426826649706  0.607805768501
0.579258347753  0.467170585692
0.504416477541  0.351244425811
0.541148904297  0.406092858217
0.408424075021  0.531979625983
0.281488798038  0.482574162411
0.570385128344  0.331949574828
0.383317954965  0.633465148526
0.573502932333  0.406313526478
0.468160374404  0.526932017035
0.6552145054  0.527063618444
0.407849328974  0.410253360496
0.669421740703  0.478258431973
0.572169359275  0.450083171042
0.469662648183  0.639409079295
0.334090901857  0.471286624236
0.487300801536  0.5466258816
0.681929649686  0.55240684061
0.583337003812  0.739489402713
0.545596174147  0.574749980113
0.518583554388  0.443804224022
0.633190841352  0.5236776907
0.503714740709  0.604579334854
0.568010040526  0.715143532293
0.625559064682  0.714253640059
0.505043808025  0.452172974506
0.430779397637  0.464922683494
0.583759235256  0.521725110725
0.646513359478  0.413605182055
0.516453254797  0.433398138339
0.544577784903  0.410439272613
0.339561159926  0.425312646129
0.53865956806  0.410612824651
0.509996594605  0.50323896616
0.299887959702  0.511791031208
0.558541151596  0.40647969962
0.470300752261  0.468063521121
0.409103382379  0.363372515322
0.552225273967  0.337605406563
0.550170040192  0.432210867421
0.494670337679  0.598456789805
0.527726815397  0.481018971506
0.707560071544  0.554367534689
0.455770060233  0.503432602714
0.551262537114  0.634816148009
0.677480435521  0.438618639861
0.547256430748  0.614545496895
0.510978939239  0.471472689888
0.613475698165  0.450325411671
0.466788820726  0.359406586608
0.424811726305  0.651750026458
0.330038231034  0.738295995529
0.407326701157  0.451221412648
0.567644902796  0.467754953133
0.575232918831  0.365690393332
0.331465050607  0.430867077314
0.545703696071  0.408373017989
0.399467720609  0.523891750761
0.341068100222  0.628383301658
0.55540946352  0.38482734002
0.583585697642  0.51779965718
0.375210437403  0.383968367956
0.55476856219  0.418143797937
0.545417959542  0.29809995039
0.451875123596  0.467602137385
0.387403165823  0.54152413384
0.444436764714  0.403411777048
0.619406746281  0.472183069803
0.478246912015  0.379410584228
0.429338368031  0.528939153618
0.400275328142  0.391392889269
0.208495049626  0.525890195089
0.425184741075  0.513872667027
0.348552862967  0.621183412499
0.379777415399  0.583932198043
0.262970225773  0.594582196588
0.557110403865  0.382116308213
0.357637525235  0.507153458982
0.590512631596  0.605849329473
0.386378129012  0.466468878549
0.416689895097  0.342132599585
0.51860979683  0.408412227777
0.3323420209  0.466148144384
