0.416246044688  0.624406135361
0.471269958067  0.51822071884
0.440425506468  0.409134476327
0.549187370131  0.585276457056
0.441583031599  0.496232431747
0.530389169827  0.504250786823
0.443973196066  0.495616447529
0.51071976346  0.477242637161
0.541147797773  0.590776577644
0.431780591746  0.639651262021
0.38585386054  0.520754839506
0.433358186409  0.578714270885
0.356818037961  0.442980466131
0.583148952339  0.735304099419
0.556910124553  0.529055293746
0.493807293192  0.549765098447
0.655204236855  0.509700234146
0.564882493008  0.434284935416
0.493173784251  0.629261698172
0.406380277213  0.586668921704
0.501315228483  0.385000591509
0.499151887341  0.595806850419
0.38796157601  0.421113627472
0.357743640967  0.434000549885
0.592880880505  0.431311403631
0.621139109685  0.603440726572
0.478260333262  0.516669151081
0.522108456013  0.377163400536
0.336842891719  0.447929307455
0.575363556573  0.449733057508
0.38387446299  0.444435699966
0.474067910001  0.555678390966
0.465452894357  0.39527326766
0.574642246367  0.529460769699
0.587607020994  0.568532013888
0.656372057523  0.629491965889
0.484822130289  0.52779412121
0.507251744347  0.458057011059
0.501679045379  0.659308348661
0.309348804404  0.570985867678
0.439837914754  0.493592225061
0.553691635737  0.496457163582
0.419293289675  0.572578863676
0.585579276418  0.483912352689
0.484588008599  0.432950881858
0.540932585595  0.591316392679
0.37150881033  0.516574115545
0.608278601687  0.434341378007
0.714801424467  0.354713222184
0.487456047051  0.290493612616
0.70608188252  0.634806009263
0.518626213095  0.486058083434
0.471636981274  0.683823802663
0.492572944269  0.373174448889
0.568630431093  0.426670619376
0.48556913782  0.400885264681
0.530935938313  0.489708376364
0.496933939647  0.650638118184
0.338132306398  0.470870238072
0.498038787704  0.441516569728
0.505106712021  0.63073611997
0.712736546282  0.307899314217
0.644097906142  0.46714747932
0.617715625893  0.304404240348
0.478938634723  0.464416652171
0.826568354971  0.454028074416
0.325656146123  0.582133536348
0.595592113266  0.611491141301
0.469934787691  0.523742064308
0.336218005543  0.530667343691
0.53657084857  0.606449406352
0.490265842135  0.472010843741
0.59449559397  0.460539822994
0.439714407909  0.528178321303
0.537926254615  0.588555422718
0.486573096398  0.455061578919
0.567643370837  0.450396200952
0.364845480098  0.365791874249
0.50683416775  0.479217075613
0.616978082354  0.590429958151
0.480778846387  0.396461766923
0.498276336965  0.549215577015
0.515756921721  0.612248297144
0.501884746838  0.463295967762
0.450588568254  0.510989009924
0.506758968891  0.604395624222
0.534105729724  0.455330834397
0.499283160328  0.485074732333
0.529713290191  0.377127371505
0.508512516567  0.561340146781
0.472503324989  0.570753301895
0.652361992699  0.540834425881
0.762735950254  0.401791862155
0.504193710946  0.641592659086
0.447901034394  0.396925423934
0.668502091695  0.481160265289
0.653670376461  0.350734816389
0.535104792511  0.513810301655
0.616858172959  0.365525370976
0.447467930737  0.460655659498
0.421777377012  0.383005455706
0.648241853185  0.545773987189
0.664863482307  0.537167636676
0.684870348  0.507782891099
0.678268820241  0.65501850952
0.468759602735  0.604500352286
0.437963479019  0.551629797403
0.474168915854  0.438793194338
0.516697532676  0.59500924411
0.531190407465  0.541359425795
0.427307863164  0.585934840608
0.452863168562  0.444243879209
0.300627326747  0.569420710018
0.672924004605  0.39437303042
0.587817441692  0.379603483688
0.519912641379  0.48582513633
0.46291877929  0.533452393557
0.592869959277  0.480176276405
0.674670204868  0.429399764064
0.599046768373  0.485936448608
0.343608353343  0.450117831403
0.412285370627  0.46013357403
0.379647141987  0.783766554125
0.474791671773  0.548236945398
0.63963141761  0.522124528405
0.572502969483  0.39545692155
0.423576743987  0.471028056896
0.522464815418  0.399852066134
0.500934857983  0.551016121608
0.35749615186  0.317348422223
0.325796867917  0.430015414342
0.553311538598  0.41933815692
0.491729058997  0.428719271755
0.346061109388  0.418974589538
0.373343270621  0.712272798305
0.610554911169  0.427245578004
0.420248594774  0.442658094665
0.504562075558  0.532094421993
0.471442967256  0.425374956513
0.358848620263  0.413960214047
0.523866168797  0.59406285808
0.560700621574  0.54418772826
0.342888084596  0.568019561819
0.467519282804  0.570868256278
0.496415310945  0.656325494443
0.451447532338  0.698954691654
0.732182802854  0.360914738299
0.598015873328  0.694291972348
0.408377765847  0.461198341917
0.486579518214  0.737009514914
0.570285942695  0.594502475617
0.598132212871  0.482703185546
0.204695889587  0.400893659973
0.454431503962  0.418433980417
0.532946117201  0.517657144251
0.53782798979  0.455795415596
0.437189315352  0.477895865962
0.540916118314  0.738578691698
0.49660780706  0.570260759257
0.370161938759  0.57481203782
0.516747463879  0.502094271123
0.615746593256  0.51684760317
0.373547604306  0.245193117763
0.330873351694  0.485131092012
0.620584455802  0.570156806416
0.412220510519  0.454823793099
0.644053588075  0.6515847701
0.506134233144  0.517529466145
0.614988784742  0.36231599238
0.345053970149  0.228136411676
0.481102692621  0.469996354656
0.4730857789  0.554732775505
0.453784299555  0.513871193373
0.678305572198  0.308288594261
0.288486823261  0.481065032643
0.616510288811  0.591637921408
0.455579302559  0.499095874801
0.461282455159  0.56885626956
0.456076537247  0.284640059759
0.384973875444  0.453433752087
0.577528257246  0.480790406976
0.49384124832  0.471980123681
0.52979949116  0.380947093412
0.425001260194  0.703989702883
0.387238165278  0.445000900861
0.434255206353  0.50572142276
0.446415631439  0.515363080007
0.494187514263  0.44106732418
0.432644128038  0.553344170939
0.543052143499  0.370335155331
0.585186334211  0.602535220787
0.580797535086  0.573551208416
0.572436687484  0.642426295611
0.527069969735  0.526038901783
0.392514681368  0.664866378259
0.503192989233  0.342104733848
0.565022684202  0.562700771204
0.787983056335  0.61408258203
0.638475514831  0.338227689541
0.554324262352  0.47987297604
0.649107578647  0.379322058668
0.401853758649  0.384566281714
0.256785594431  0.483034392058
0.583512953569  0.643156865179
0.433207902774  0.577490908584
0.788563649495  0.490223781675
0.613539906827  0.510576319465
0.471100072398  0.457392620214
0.521346889514  0.400862330721
0.549461824771  0.552817692839
0.446069733094  0.51659339544
0.57340845667  0.501240229325
0.519473277136  0.456272075023
0.357302704398  0.533150856593
0.546052560748  0.583281018589
0.555808625223  0.400861871224
0.452120518539  0.56028597442
0.503665859695  0.430103285895
0.466769816386  0.407161800008
0.556860606319  0.189632861011
0.607301843143  0.496475823664
0.497302044127  0.379294378036
0.658872890236  0.437085205336
0.532499527837  0.497181466565
0.691594544201  0.434340273791
0.40334483765  0.762081577659
0.483232277104  0.472901645031
0.655433347726  0.574534403051
0.525302969108  0.389322556639
0.564896731801  0.657533225805
0.446548698219  0.46849371407
0.47275630316  0.617043223187
0.50041135766  0.473367501037
0.229253214996  0.483275977892
0.374587888472  0.348224199718
0.462761463076  0.60548669778
0.515531647714  0.508141717583
0.493458663139  0.500674756075
0.497358423221  0.444520819409
0.390053734532  0.516983496775
0.508747708715  0.68295790783
0.303166947917  0.483536177581
0.554868890337  0.401967248303
0.665058936311  0.551703239282
0.357552415299  0.519607703902
0.442864360462  0.655296929833
0.446402233893  0.511628254311
0.465032341601  0.467261006796
0.484999637295  0.752879277654
0.734233046651  0.564311032574
0.503793124063  0.587530116033
0.463372204957  0.432606963124
0.618431387189  0.437425418749
0.472448776171  0.431151157149
0.504549968785  0.553639083554
0.237631068324  0.547288021017
0.466795712033  0.457696106726
0.465925091784  0.510746128103
0.475438090304  0.658303511993
0.453498941623  0.543077174143
0.642658261682  0.418622693485
0.604056376618  0.38000830722
0.768972933786  0.464612211817
0.542342434179  0.420171371628
0.525836646785  0.429730529005
0.651561997967  0.585820758115
0.568421057644  0.289589275046
0.343640112057  0.585184818122
0.496182515705  0.498983963141
0.603827987791  0.53028608303
0.590897844976  0.277934966978
0.672237195123  0.481323093503
0.298741519048  0.59352524092
0.523063484427  0.482065670151
0.468404547757  0.681967329872
0.549788479496  0.541040036049
0.500407958179  0.574083009132
0.45759777409  0.652077209242
0.708673195487  0.502350724384
0.615055955871  0.489718443017
0.481757516668  0.546215424854
0.466685432394  0.484887873896
0.572616672735  0.453758298402
0.512638302231  0.694408286232
0.54756900129  0.613510454741
0.488294850215  0.597947687733
0.573690460996  0.516495723527
0.538659045074  0.443550257963
0.434823529115  0.543168553661
0.505514991715  0.493885423928
0.322294050029  0.589896349378
0.648659944427  0.524373119274
0.695334621168  0.401167912738
0.593398535766  0.505066307611
0.482659082039  0.433786777391
0.521900004127  0.422982395841
0.367205089809  0.372415534256
0.559238909547  0.400242798538
0.624557002298  0.563817348406
0.551021388037  0.546364199832
0.685037396177  0.460385498258
0.533217773956  0.42857767564
0.463348374922  0.140556633261
0.43801333123  0.219469538581
0.524006424727  0.439575859085
0.628909435578  0.515137119606
0.386044018889  0.495554825545
0.492718880667  0.461722687598
0.297924637131  0.606000396633
0.366899568372  0.385228466523
0.525911462474  0.495966244208
0.437667851935  0.505254850943
0.595257039888  0.513649401994
0.311178081618  0.576050043982
0.391756721308  0.450935135388
0.483201493286  0.591948845235
0.563534891357  0.442381667856
0.487066343011  0.459096996393
0.413323582266  0.472822941531
0.817239447612  0.534970637971
0.572222918273  0.564991293337
0.485154551198  0.398505260447
0.453637468304  0.538089530464
0.72912054734  0.338139667622
0.590622302352  0.4870016517
0.585593131408  0.565550274675
0.526278642545  0.399368937178
0.630572018071  0.545942197068
0.504740737045  0.520654395089
0.54735816355  0.453043657698
0.579045350591  0.569751368029
0.503747826323  0.428718067531
0.655212460738  0.625658561999
0.685875126372  0.45554706265
0.508249853629  0.534857311192
0.502565555144  0.644446289421
0.485315613188  0.6152028842
0.47084332783  0.385768075018
0.353591538285  0.349305795971
0.684584720304  0.601995974761
0.420651754444  0.533110421827
0.485975896068  0.657808596516
0.533863594194  0.446753489877
0.602582063469  0.510909375276
0.592780645833  0.394198530137
0.508230298438  0.308344239897
0.399505456668  0.478531638566
0.37628982902  0.458253569578
0.483168968807  0.468006182282
0.549668152262  0.458364051438
0.671579615844  0.724993331734
0.68993771887  0.50611590421
0.487411202293  0.606753129388
0.685200898412  0.333110942197
0.521089428269  0.610247207565
0.40876270656  0.263699434657
0.406411224096  0.524470902608
0.591355458686  0.500656903844
0.367474705803  0.545257611658
0.516427398333  0.569972777377
0.416859013028  0.234868562069
0.51749437015  0.565045358005
0.433438278877  0.335866262678
0.570670112988  0.451166470396
0.367821181661  0.407382131926
0.338244761038  0.490635744851
0.528650095112  0.521247529782
0.51490758304  0.512760373467
0.535093819205  0.633208282345
0.489507265788  0.548385206816
0.347421805418  0.566176529049
0.380500307795  0.571499096676
0.52577158547  0.424388467881
0.457137257025  0.649172705312
0.585345034742  0.633692590282
0.39219054392  0.430653876107
0.621266941646  0.518859834648
0.565428440569  0.348242572753
0.451963856383  0.595705164176
0.349639524858  0.551424554457
0.383131379586  0.412982213411
0.498366203102  0.452129853609
0.654111040481  0.555453924082
0.480662583603  0.498506393748
0.431393918768  0.599038306912
0.447397770249  0.396786181717
0.423561814808  0.586324766861
0.6096968672  0.381280992799
0.478176303245  0.559489096416
0.636034755888  0.565186699611
0.421683106428  0.61038716989
0.456744060583  0.727403529035
0.437843087184  0.596230442584
0.447652067275  0.49623107784
0.473565122984  0.666752248892
0.530688308654  0.506163305498
0.68876972445  0.468935976114
0.40522186877  0.677048228108
0.499948813882  0.594034376383
0.587702349441  0.439157051332
0.529062250917  0.404698151671
0.466037735855  0.46771399877
0.443348660522  0.558253920249
0.596448479578  0.538495469364
0.455994549826  0.451145314929
0.626271932821  0.418145777181
0.675178325678  0.447521829538
0.463829112834  0.302576230065
0.590452504085  0.429324627859
0.271461382107  0.605111554321
0.405851233528  0.442114080268
0.403772462335  0.360470266412
0.500891871322  0.46211686426
0.609867153798  0.35520104373
0.522878412511  0.658479847707
0.410595545479  0.626998450547
0.350604424872  0.638232999744
0.634027832409  0.42766005566
0.423708707901  0.47795045397
0.464842306547  0.45940338239
0.571722536862  0.682502027189
0.624163036009  0.569487189164
0.512100830253  0.503787534379
0.499966778931  0.671166149401
0.481853108416  0.442723975759
0.498069886135  0.548207284674
0.52601177719  0.351158765077
0.561054025465  0.510850141688
0.429686421153  0.506418114669
0.467189785532  0.277993751964
0.417716248849  0.56173002482
0.395268310788  0.724255294839
0.613535330468  0.385241380064
0.487689221958  0.535774611007
0.489633352769  0.451868947958
0.652033187487  0.538994628298
0.365954083154  0.422940406303
0.499173304423  0.384620440345
0.626246840998  0.49485397814
0.421513174036  0.545025654185
0.529807540533  0.585858064033
0.452934479017  0.569486205576
0.417140457995  0.586977181578
0.62529555449  0.416028385583
0.489659614067  0.35642514398
0.566730984749  0.332965478414
0.240838840291  0.666204781335
0.672382100326  0.626446520594
0.229953855518  0.636042669802
0.424622143205  0.425299932501
0.677360916233  0.42755219827
0.564635569824  0.532184469062
0.398990437135  0.636247262289
0.421128300567  0.607273053218
0.58279670743  0.483168190321
0.508892890631  0.367722931587
0.625044742617  0.499905057658
0.651904763831  0.421004816722
0.44926022519  0.542357562525
0.384571895073  0.599288299461
0.541680447212  0.285302113485
0.358587994066  0.375996354075
0.573787239383  0.491054537196
0.466013097231  0.630930276674
0.579130569414  0.635243819625
0.69699679165  0.324772925052
0.545322125854  0.506213957803
0.475863938388  0.426416017904
0.456819599884  0.572673000507
0.437978030275  0.551441180758
0.55749547679  0.298670394341
0.537250932206  0.512176272802
0.520130435501  0.488699527342
0.598089777019  0.329096732298
0.589634338444  0.642188636613
0.531488162013  0.469308988254
0.483793065702  0.411498659653
0.672165741564  0.577533685067
0.66075325987  0.562782556935
0.306839231299  0.421207431911
0.405782052193  0.677273723413
0.518664601588  0.305780272174
0.643453082086  0.46182349891
0.498446807653  0.327360753137
0.503178521267  0.339240605991
0.599269909863  0.584699442918
0.581743275282  0.673847271861
0.435149438611  0.47605216656
0.514695544631  0.465153537653
0.642981080959  0.53758979357
0.583678725991  0.555066222233
0.519025627502  0.519535339004
0.62107452912  0.506752125899
0.550905966167  0.42013728137
0.379720780099  0.292784282192
0.311761976571  0.264133593133
0.368343895192  0.591184115206
0.480172212877  0.415036218361
0.625551323749  0.681042957661
0.625438483512  0.5914083813
0.357114405295  0.358866877131
0.449119599888  0.559293433222
0.534189155113  0.554993295762
0.514877078742  0.527118845841
0.409304672027  0.249884362376
0.461833679881  0.688889884582
0.584452943761  0.536005770917
0.56381378252  0.481011787342
0.522927361467  0.593255510822
0.453907459655  0.453761267979
0.342862602561  0.444619522396
0.39292902069  0.47719330374
0.487195814458  0.55288073182
0.474001394564  0.627397475002
0.742530690673  0.523029689597
0.427699650388  0.498233790739
0.498870483284  0.293537770945
0.407699222161  0.508719388977
0.286922723368  0.518849776349
0.309830042905  0.637124036706
0.342179025116  0.573198549593
0.436921590284  0.641275641043
0.416705587362  0.628834984707
0.524202847017  0.409983670138
0.541385845289  0.539617401013
0.464337935519  0.627635777903
0.295135304181  0.43089166726
0.404603047966  0.272903842343
0.343350494856  0.378175146332
0.406951210336  0.700718817109
0.519016635913  0.414870094896
0.509433829547  0.501654390863
0.614780691995  0.4807379087
0.481734560483  0.717948281678
0.598955499548  0.593130617905
0.457589205714  0.301934435273
0.519661334704  0.56693075318
0.394936571079  0.485647508121
0.455344436752  0.449776837272
0.540834935587  0.669124460724
0.539433008758  0.489844563982
0.486974911424  0.596746681575
0.583900280624  0.314022741993
0.527448215845  0.438594630111
0.673160839287  0.525719409575
0.528136288377  0.553772171831
0.520729029121  0.488212753516
0.501458306693  0.485190361488
0.36426113864  0.669126728335
0.412499822392  0.47175562302
0.615070511365  0.562672297288
0.593415067667  0.597881404861
0.559191039325  0.335099526015
0.555279469379  0.277211592779
0.433171402376  0.557137516944
0.515797768581  0.288232498179
0.524980682058  0.441657809318
0.51509537732  0.488868042591
0.400672372138  0.625639895376
0.286628539866  0.362855174318
0.545054360434  0.383067976823
0.395495857891  0.375980984062
0.605500160997  0.490367316959
0.386640073779  0.464986949031
0.38100357126  0.648704512822
0.4985243573  0.552136001858
0.529651982372  0.445650097234
0.532861856877  0.497353195811
0.671032908586  0.372569265019
0.423166371068  0.552274374038
0.395383533767  0.436739695085
0.563385221271  0.561106471431
0.658572850774  0.407154304138
0.348228513689  0.434770341184
0.292867152266  0.485826272255
0.463778462796  0.478482188977
0.518906119126  0.45369589718
0.527546726707  0.461745692392
0.494102150769  0.487587914542
0.381552083022  0.480451242613
0.498035421657  0.569188109091
0.558860058711  0.339737141902
0.318737609272  0.639800668706
0.452837150153  0.500156270877
0.628785773048  0.49371927231
0.654133366633  0.620146162636
0.556176173577  0.483811684214
0.441784168973  0.640942106229
0.468827710154  0.515680137113
0.374499874269  0.566380466977
0.599890066874  0.336539519824
0.510393408996  0.493392302808
0.563782229659  0.572015697283
0.614297322221  0.623300268731
0.290410793617  0.462608117988
0.386223067724  0.688792465824
0.368375356043  0.415046065897
0.397900560748  0.579061885813
0.547182051175  0.556070993525
0.477586023301  0.668719520083
0.5336038355  0.313078793608
0.397794861475  0.47522431811
0.269916712528  0.427695892199
0.647978894582  0.203024162538
0.576032213536  0.415202705913
0.469319614602  0.634639856331
0.580792411791  0.477147303011
0.504023109554  0.487453336036
0.387913327779  0.572110765531
0.496273244414  0.46984615007
0.486355995818  0.420579473285
0.582499979377  0.386495669128
0.500067311238  0.465268286695
0.428448603148  0.521388670767
0.32556537243  0.485994971194
0.497900849467  0.672360673479
0.508139147438  0.678634223842
0.572807864562  0.442574376825
0.527863522223  0.587577900447
0.37138247635  0.504204233824
0.290300015246  0.478484218542
0.418959067084  0.484710598863
0.622501729795  0.524791638164
0.526413168618  0.578815474691
0.503008127586  0.50763245761
0.56309086941  0.392369993679
0.597215834139  0.567511437817
0.51094377772  0.708975292427
0.509066653619  0.598418303094
0.389707320638  0.329502995272
0.360839271373  0.572401727848
0.479927949567  0.329661299748
0.50693652318  0.4715959557
0.437782814346  0.348504016326
0.383430611035  0.432674810122
0.713422666245  0.545610100363
0.381457341128  0.52449111275
0.531008361226  0.501652950552
0.619481438024  0.566601062733
0.629685687597  0.528236362143
0.416698647777  0.336835470295
0.393702396345  0.35371264812
0.680789582851  0.4432266345
0.530202152258  0.436377006198
0.473706089436  0.492001405922
0.656004235853  0.372285708497
0.556339059382  0.452361420565
0.600715303609  0.495116380331
0.555205700902  0.372277166601
0.519767814265  0.345119077991
0.439662530599  0.723157449509
0.621791343786  0.554099032456
0.525403568121  0.490583377617
0.426500563683  0.326328942087
0.420236517914  0.580326384773
0.543829823663  0.832251907733
0.483040690456  0.423965880768
0.562951366498  0.50476965904
0.494094559401  0.398681205377
0.475964269094  0.587759613401
0.642080560938  0.575763061054
0.515977307425  0.468850124922
0.563998335378  0.538705572436
0.374830975916  0.338257213875
0.573275602266  0.563854252539
0.443675962945  0.667822087692
0.597579030204  0.563831599062
0.428419174789  0.833238143386
0.407486933021  0.493558900216
0.468190621786  0.663402644869
0.55719785449  0.539731436987
0.636218287941  0.507826840699
0.431496752153  0.442805840187
0.487450254993  0.577531441304
0.415378634272  0.54144280066
0.510343894682  0.535613871365
0.362355528902  0.515104068408
0.419570491222  0.381557332702
0.541762818876  0.421033235714
0.442652582873  0.447855686857
0.521029337149  0.546075265619
0.659603475328  0.495587062788
0.445288919269  0.453406861814
0.437671554502  0.283494383478
0.570819568292  0.49526605719
0.399774172145  0.542502818498
0.517406664225  0.399123901574
0.216140570502  0.293648909835
0.58249187184  0.451444651365
0.575547654037  0.593865254044
0.406289261399  0.379672454344
0.631193339089  0.457022674569
0.369675825257  0.626411123428
0.496892397626  0.667796818754
0.540624568468  0.396875085139
0.30454286098  0.49220526775
0.481345758448  0.578611324917
0.535707310775  0.538174335287
0.480769809731  0.70734176268
0.318360222113  0.530296553908
0.442222028443  0.626388829379
0.372560815888  0.537757099304
0.587316760447  0.358490954469
0.493659847887  0.417986205669
0.357267944607  0.663306843315
0.412668143098  0.652325935477
0.366963730144  0.519623763717
0.673340765717  0.442132843149
0.570233225992  0.498546112065
0.447020407232  0.467940784095
0.503907239239  0.456716086373
0.378645616091  0.466665979739
0.3902682879  0.469461233283
0.577702580677  0.372157488068
0.505542329039  0.447634598871
0.642294574832  0.513735446657
0.468646707309  0.381549163824
0.408226376519  0.557231233422
0.446505218552  0.430224870703
0.643999369421  0.447696151859
0.371980373664  0.597103745661
0.490839540163  0.569114468412
0.41900456608  0.420361692813
0.353854669633  0.739482078865
0.477305070597  0.669403042763
0.624762567303  0.289697765141
0.462703329892  0.515151029981
0.575108736737  0.568410954687
0.411401045103  0.50596966804
0.393989706575  0.515533894227
0.42191485284  0.369459971476
0.409852046773  0.562931499325
0.6739199769  0.684569640157
0.480859341359  0.424653080107
0.560161512506  0.649300649875
0.50491756763  0.570656395868
0.58567054275  0.662499369944
0.483940802521  0.525251012887
0.519031125844  0.498205468026
0.342253411814  0.303615378276
0.558135058167  0.611066966552
0.311894102037  0.50470316186
0.457232742796  0.551215039867
0.398379430685  0.409884830366
0.571100142848  0.532034037666
0.437347358976  0.486347512194
0.545033400083  0.569597571918
0.390761167134  0.438888305354
0.387191992584  0.366091532719
0.455779011395  0.355366452721
0.553011238784  0.51987252351
0.525160680147  0.377985754958
0.365582772894  0.446499862422
0.474821269704  0.616967840843
0.698004349823  0.363020242056
0.468012232883  0.484601941228
0.509770239437  0.401243686614
0.479600133822  0.569129496066
0.525579875479  0.48246236635
0.470571868491  0.663130917842
0.443848074072  0.49630931598
0.569748499588  0.491973552016
0.630003838946  0.570907194302
0.48904157402  0.533892619735
0.551664442294  0.351777528397
0.445942156152  0.493484191672
0.510325980025  0.68510876679
0.423771509595  0.648656566812
0.517939064935  0.443261111743
0.379687578436  0.251046126651
0.510155597891  0.501470363339
0.60201920833  0.475230581584
0.643112884318  0.453861425112
0.395781666984  0.536672141648
0.401988980773  0.709269761171
0.495331915969  0.481221327552
0.285806363219  0.583160211253
0.569720971446  0.425761525454
0.397191150992  0.665471389017
0.465976341643  0.437459619073
0.537188171094  0.546684261357
0.381223964192  0.623459437106
0.381911566036  0.499050584708
0.61349343983  0.253201453181
0.515651354984  0.5415324044
0.491302363082  0.515033550531
0.471255419194  0.487498657108
0.473763750257  0.505733542616
0.43907242799  0.537368872873
0.526569762423  0.580372160497
0.522486305156  0.48472117249
0.561779205089  0.401679874081
0.289455850439  0.408821785557
0.573580017702  0.544847762708
0.680842178724  0.472780110828
0.37362018853  0.196096409725
0.508103497711  0.463127880638
0.48654203234  0.511650186763
0.492733817876  0.594043078039
0.542441274098  0.468898643517
0.517176817866  0.773290551958
0.651052378637  0.390156388532
0.359689277874  0.436670304693
0.463364269213  0.617127367188
0.441386490578  0.410423099769
0.397760007593  0.432209214529
0.538341238437  0.495854883389
0.481961494258  0.558922230843
0.447198941925  0.484100117854
0.491881160819  0.509630295852
0.49998815164  0.489716316006
0.540444159477  0.516424297423
0.334176644136  0.356670486835
0.506671999629  0.665543396252
0.415743282634  0.503954421034
0.472563257536  0.322063146287
0.428885422207  0.42429530427
0.528634947591  0.476402081306
0.624084029518  0.542935052038
0.265299739921  0.411288198065
0.347185564456  0.530967759624
0.58079265044  0.555272958748
0.463761258815  0.412258764848
0.716464172158  0.492984536082
0.478023610886  0.545593305687
0.725212559765  0.513513186481
0.545336823316  0.423845062662
0.407715156074  0.461564271847
0.551007731098  0.320135753916
0.482686516589  0.468916582056
0.641069789657  0.518970506288
0.48509391051  0.403365833973
0.52954587369  0.581806975705
0.409864643215  0.53569404684
0.658589128051  0.513591393336
0.471909355913  0.346236419317
0.424845538754  0.480711630257
0.354773182215  0.426983052793
0.664330331952  0.557238551192
0.510783683747  0.296731108514
0.494290235412  0.669549151527
0.376584874202  0.495664260668
0.522855507255  0.510241361321
0.581388393632  0.524199787083
0.480266882134  0.39468932544
0.671190274186  0.46219496584
0.55472173602  0.459530482132
0.394410363197  0.664679137256
0.580191285801  0.581967542201
0.271185711012  0.321766346527
0.59239773863  0.707132441631
0.549134881059  0.466868263006
0.404284423053  0.373942367417
0.392814146079  0.546577410748
0.413551923729  0.242389592777
0.562843669958  0.431919363977
0.422388990105  0.53649180975
0.537108838209  0.236712723074
0.522532237639  0.43176026271
0.390649732286  0.526112558151
0.489702638298  0.601362535053
0.451398420882  0.431771069691
0.447979640602  0.576341357102
0.532327218845  0.529295681682
0.473830028175  0.563818840655
0.407116227319  0.552529020847
0.520623233779  0.580576179035
0.649564130293  0.502805717301
0.54134565154  0.54446397365
0.605672983984  0.471646299888
0.474715681733  0.658901548158
0.607543466459  0.54934175406
0.392316637986  0.614395274367
0.47546799281  0.561094855506
0.734827662632  0.459173358001
0.464088111605  0.414258789446
0.722877134828  0.341013211239
0.619921378097  0.553391337959
0.52664012724  0.576492898537
0.626873849332  0.584562645126
0.545442425808  0.525335449932
0.58286678276  0.554573471494
0.431948648547  0.505841319823
0.400928471588  0.503653648431
0.207051811497  0.436753174185
0.498946676134  0.444533458273
0.467303561396  0.509393112231
0.442402522067  0.305738649269
0.681986389816  0.569320097349
0.302959812637  0.407892966141
0.549629136066  0.557503108827
0.575013774072  0.560444318841
0.331424370241  0.521903486927
0.416097793065  0.51573587931
0.655514929777  0.577804027432
0.532698333478  0.477952310356
0.683286841466  0.541341572385
0.504454533394  0.525422129634
0.514700750802  0.475090993546
0.525713022632  0.530022624225
0.631237030239  0.537066970519
0.394499806777  0.483462789093
0.524513084796  0.628307927773
0.5283605731  0.490818267335
0.406011100237  0.398762180357
0.390647971736  0.245620166908
0.485767082939  0.54702308533
0.462209869845  0.605284430381
0.529764804081  0.47357378788
0.690224041153  0.628835622684
0.244659647187  0.566817542074
0.453078798955  0.618214143069
0.662172564568  0.611075972211
0.519541365122  0.469973178427
0.629198554642  0.437348936378
0.581843624704  0.633058483347
0.585623068377  0.489600151692
0.387670655545  0.418456655626
0.653302526027  0.524007026378
0.711322808061  0.347182114821
0.493295628368  0.476621579371
0.60469289345  0.417476638164
0.426103901703  0.50534228436
0.429670975235  0.645226955412
0.690392121173  0.461982918817
0.424373225992  0.426860936857
0.526593803942  0.556350638717
0.617949909347  0.550187279519
0.341454101126  0.564100098875
0.542803153383  0.478670254963
0.554190246729  0.492021049175
0.381869073214  0.64554693979
0.528783342209  0.35194930798
0.601662843991  0.670087748957
0.453507412069  0.521971331004
0.491805586785  0.624030310545
0.535242774916  0.694327022718
0.581759295492  0.556340436499
0.410538595574  0.523097663968
0.485918137067  0.484050152977
0.45906620306  0.484079251801
0.373866567943  0.570214065322
0.387532502205  0.583497108067
0.483460241269  0.482616819053
0.629834985959  0.448411076137
0.541138315212  0.294476018178
0.448595135185  0.629700214914
0.58692896583  0.541880649899
0.506271063659  0.574236313685
0.522289930323  0.524078914823
0.620236327789  0.528286797228
0.582612878333  0.50848627867
0.524891081159  0.293179556638
0.420911913699  0.365186524356
0.476368209062  0.545187358786
0.550145641927  0.50906893852
0.61085540602  0.445445348569
0.347208773959  0.319648065392
0.392771568714  0.531940359618
0.484425169701  0.41732886854
0.59438797156  0.587904698403
0.575939805384  0.453917856635
0.517024917802  0.460269779112
0.523296457328  0.596020036944
0.500946626532  0.633987138306
0.541460546332  0.485847935302
0.477106224311  0.481481097258
0.521316606528  0.654004736958
0.590144483359  0.5499425973
0.444593189995  0.599738266685
0.571724597331  0.339477594964
0.555235416585  0.543002842344
0.493907794947  0.622872383798
0.478518360425  0.388690728148
0.581180727882  0.416473946057
0.434036703465  0.502323245791
0.434609550903  0.488627642221
0.589920035317  0.39909779874
0.448987460958  0.597147242235
0.583163338935  0.67765134731
0.350556212384  0.504678995866
0.680733489598  0.492732210014
0.616062174257  0.591263618362
0.370056969743  0.660968924115
0.575923373726  0.604164040905
0.540779852582  0.545884292458
0.59332715738  0.564640151529
0.451095124491  0.532544609197
0.524639185846  0.455515757267
0.464568284937  0.518585081241
0.539932701993  0.515184837004
0.505542517921  0.463281403367
0.607941346549  0.583680891186
0.340834837679  0.361984269565
0.596329392124  0.475177473726
0.488781902766  0.364656929768
0.629852018897  0.496695078802
0.587602844967  0.669165965784
0.504369244271  0.470485043754
0.569110199647  0.460066142377
