0.509695664897  0.32759706163
0.520043079514  0.602566197255
0.562108096494  0.653093520204
0.501757132009  0.529190285549
0.47816623867  0.535573642713
0.566962757459  0.502906016816
0.600159571755  0.388567657319
0.400386382638  0.442494504215
0.56524538809  0.595623204697
0.53019946368  0.587320173373
0.503875763109  0.464157139933
0.702809851452  0.613863429119
0.557434021568  0.602892987795
0.547746881662  0.369708440883
0.564044721392  0.418016763191
0.544456219973  0.412282589655
0.468698418063  0.310966695767
0.630262759829  0.401990071596
0.532851925044  0.476879449555
0.479553062227  0.512842293486
0.478384574075  0.516255429271
0.513462584684  0.374469744316
0.530059711269  0.286606393423
0.515022251803  0.636720922194
0.591565106179  0.519706835026
0.626347341869  0.18859462622
0.520471166921  0.584534439588
0.471192489941  0.576421220312
0.52648599302  0.428964533938
0.446543197958  0.551449707195
0.462216440363  0.484810477308
0.526994370987  0.394076465319
0.432514951534  0.574800158761
0.539872765494  0.48693740351
0.624384557642  0.512624709676
0.257338437926  0.230517641561
0.385437440818  0.43844206877
0.508509265378  0.444357521758
0.53069732595  0.525792068273
0.511080738437  0.307468157316
0.466876543198  0.521134968655
0.499977325501  0.457205132295
0.417537218772  0.305517461616
0.703569613359  0.596073345191
0.533258541301  0.573594373511
0.474489237182  0.456145882727
0.459657598536  0.488299349722
0.463182799953  0.492728417804
0.582809256777  0.583052075708
0.525676601662  0.611091800957
0.581623592105  0.517307842118
0.513437228129  0.369428040961
0.379767037025  0.485009604726
0.473756023189  0.584133976682
0.644119013842  0.721596400153
0.555568251463  0.530446766667
0.588112063784  0.351249415323
0.547815181456  0.492975413858
0.625048838028  0.622341595389
0.476009106957  0.40886026
0.347850978671  0.527216507738
0.729554529136  0.462209810115
0.508508778435  0.532697767217
0.543032132269  0.582928692839
0.532182278939  0.49161055619
0.536929879308  0.567101480521
0.4388309275  0.534383010209
0.43187463646  0.545459196965
0.354970958401  0.572926016749
0.473782669894  0.521105932698
0.533690823099  0.421366826112
0.521842429791  0.422566480148
0.563643412679  0.675416600067
0.571018071351  0.448360744358
0.505846052038  0.389028128431
0.459422611007  0.582546827346
0.484162537794  0.296278647507
0.398186234634  0.620245084703
0.329470258025  0.507545607934
0.525138960132  0.526485593979
0.398071903361  0.435964447378
0.481012247483  0.425194781331
0.506706963554  0.436315306259
0.454594573379  0.496543843184
0.513866670987  0.487707140329
0.615925301824  0.512006821903
0.646198701108  0.513818262681
0.537886355836  0.393927811844
0.593341199427  0.53359072593
0.49792015857  0.472452721754
0.460663097691  0.376972476657
0.605545406804  0.487101915676
0.390524984352  0.649943581094
0.580700495039  0.601600925317
0.566503494825  0.429379400711
0.41474398475  0.581779238039
0.435314548867  0.531059426967
0.506370766551  0.491068672133
0.530574379491  0.671818522779
0.47654885013  0.219223620615
0.544780094013  0.61663815836
0.397706136151  0.383976794556
0.514509334261  0.616841768933
0.544406146369  0.566722152034
0.440657936509  0.471364311748
0.529162478725  0.713690741023
0.437985408715  0.486255004752
0.389778117366  0.502011316766
0.34473458859  0.58567656268
0.527865790457  0.452702459208
0.56548686309  0.478061068121
0.639096437677  0.47241522168
0.546057555432  0.665340349818
0.390933125613  0.545942918627
0.58454981167  0.518948353539
0.410526091611  0.461042223109
0.55262431015  0.419479938363
0.41933482822  0.349266092494
0.498574869712  0.570867102531
0.492534885238  0.556818283102
0.578229549259  0.403970864213
0.361469941632  0.504780906943
0.511438219252  0.523055063915
0.392115182361  0.482235886415
0.449627553116  0.478855715187
0.539870425471  0.574144678879
0.336327632203  0.601117885035
0.485243978769  0.271172578955
0.568717243895  0.56485959222
0.541523531617  0.674789109227
0.402994235549  0.417492838107
0.617120349493  0.537735808512
0.568759439854  0.336116766271
0.446533970976  0.405444774868
0.379510294611  0.5579289808
0.566882358991  0.38902730306
0.586556854027  0.427090298692
0.545900844085  0.660000892429
0.420445665529  0.431502835941
0.456056517766  0.46854026395
0.601647697739  0.429936624354
0.629938399854  0.573165987367
0.511351695316  0.531664236848
0.577891914215  0.544204661677
0.439638303718  0.589044278061
0.628172505445  0.445174380082
0.454205473236  0.625335861285
0.594114746027  0.519588405196
0.326578462864  0.497207217161
0.434461393489  0.418774025869
0.744832127819  0.382755399983
0.628980701701  0.49888382775
0.594647983268  0.4549106288
0.284074080449  0.483519590883
0.577019140095  0.596912712682
0.556737395995  0.543223264081
0.588258401813  0.365306619442
0.629738584884  0.331802028821
0.663232521159  0.314042457715
0.284078367787  0.331932927404
0.407878550754  0.48346977744
0.669553833876  0.572372810924
0.326845529402  0.495298973464
0.620058212686  0.417486305467
0.396553187324  0.438690965893
0.536636745978  0.493894563336
0.422937988901  0.495933236781
0.451602759219  0.644595311478
0.358573660976  0.571784959222
0.37087806478  0.455924638449
0.497794930059  0.469812550375
0.453223534733  0.52345937024
0.610470757649  0.479045686208
0.591503780383  0.610789838534
0.601080630855  0.414769708161
0.470476290652  0.408203143867
0.421040213585  0.3634797849
0.404003942104  0.583635114872
0.58379943031  0.254866858308
0.626109087154  0.323761901485
0.430816756804  0.433235724264
0.539078400785  0.506499330968
0.380933734142  0.566983820005
0.466171809392  0.677302861258
0.558460699472  0.489879966312
0.389434310507  0.513721799369
0.431763890675  0.606528976261
0.509221807228  0.482182280218
0.451218773593  0.417408460988
0.351890356739  0.560190441109
0.509660847209  0.469278809264
0.504399989775  0.39925363821
0.436564634333  0.49471646491
0.462077807207  0.471419362574
0.428639625563  0.418528224127
0.601058347368  0.408514490142
0.487457795609  0.45335803749
0.450990726358  0.570231417871
0.629457144182  0.487359446536
0.427002828328  0.430987198659
0.373870435759  0.510965797112
0.549014539693  0.468348655284
0.440836290508  0.402399507632
0.525600650634  0.350339393769
0.451073676437  0.573946381111
0.433653723589  0.463083475651
0.436386719004  0.605907966369
0.434005074182  0.488650493201
0.447904084106  0.46228007819
0.407253476711  0.494817941359
0.633170616255  0.513243750958
0.443370096834  0.61747487723
0.494020538901  0.449820537656
0.408208192253  0.474808755523
0.733513158249  0.503231977454
0.583567096913  0.345909706189
0.648952117533  0.361488962813
0.429718517235  0.366869160878
0.565136849443  0.488187509531
0.49086744927  0.448594676296
0.528356554369  0.505732699281
0.534083836911  0.685473412491
0.512093429642  0.414667602951
0.512124046697  0.667637142593
0.542043083414  0.489592206736
0.497888240825  0.508865696754
0.410675919504  0.666360955256
0.503291483164  0.458767978867
0.446168482844  0.503992793624
0.52053661623  0.534142683369
0.580191381989  0.511395966922
0.563014727798  0.653404176294
0.477398861489  0.494894086935
0.406713639649  0.519525016425
0.55121756672  0.578438709978
0.348915291311  0.45395507653
0.511789847839  0.336826937545
0.414094170039  0.733735389638
0.667820836937  0.558777517148
0.405391082275  0.520209544137
0.434603276495  0.529278257619
0.57310504265  0.650281501286
0.54704065629  0.382886689933
0.489783976334  0.373945373942
0.449094816654  0.507402416263
0.581354959782  0.506440864795
0.357654034361  0.564251554278
0.537939979734  0.505215579491
0.443472429518  0.382575087271
0.295595498116  0.373157884268
0.535516410654  0.442658378389
0.442233850473  0.36772052879
0.548258239879  0.535150622592
0.541380928897  0.343888351709
0.586603926571  0.454713944854
0.554557078147  0.426888301121
0.568481015321  0.662916778385
0.530364140953  0.597869979738
0.471597848797  0.568307563391
0.317438602719  0.566987551845
0.670353803634  0.484815199097
0.729203535103  0.510386675564
0.583074970342  0.372243053326
0.518126824919  0.61915694442
0.375511522262  0.578119477474
0.499443346297  0.692912148852
0.691113516181  0.47580729785
0.465512948167  0.534149567377
0.549758601723  0.512456159114
0.466261214955  0.465967526686
0.5824181854  0.463055106223
0.367999299238  0.427682997244
0.242703296908  0.398253537538
0.538001799131  0.570447820433
0.516394409412  0.406796283901
0.514968219426  0.533561204847
0.465524463014  0.333270362128
0.386860276251  0.435477189932
0.40322915949  0.555832520677
0.528908028162  0.584060413283
0.58157405618  0.447080968119
0.544532253436  0.534934940374
0.556211865823  0.609985558225
0.722694392125  0.571524047358
0.550909145603  0.515475508382
0.595693893498  0.469183352563
0.265873610742  0.502354211221
0.626866576347  0.48699469188
0.469730367354  0.365259426747
0.603379460024  0.422461490703
0.462267904895  0.484638205592
0.472195157281  0.592385061958
0.433834294561  0.623487246466
0.455135118846  0.462131161919
0.485373725142  0.313614066718
0.550259339748  0.31885764901
0.532462572134  0.421047849428
0.250650008204  0.499088577525
0.535048728708  0.548190386379
0.503607607937  0.609582861307
0.395654961559  0.35131005989
0.58678897689  0.624404995474
0.572657759115  0.572151968366
0.561024491214  0.522217837306
0.558068954162  0.443229878285
0.579811203808  0.38252306381
0.483643658666  0.567744102561
0.435652096511  0.543455196978
0.484848536241  0.564193785853
0.692146928355  0.45198557186
0.721564128636  0.367341216142
0.516381005221  0.44946493131
0.417462840432  0.479544522775
0.800914689124  0.458809913392
0.385180140907  0.469885335205
0.549037255629  0.518782322077
0.455873350194  0.421676776273
0.461788229058  0.498668795944
0.571223427828  0.47097214886
0.490819574734  0.422695507831
0.549104385902  0.425655873919
0.415254298755  0.607502249179
0.401371220246  0.408389134844
0.512622843826  0.271743506553
0.515900149515  0.380674065555
0.522263339026  0.588518077066
0.523865876915  0.440755358076
0.453244038998  0.487453175893
0.519042558486  0.539660717292
0.536689056639  0.513481325387
0.509038169326  0.548209534333
0.375541115217  0.393138779828
0.47617105126  0.596460792305
0.400190614228  0.503831238085
0.491349754552  0.553521334562
0.480459712789  0.614945116792
0.299920876848  0.507049259428
0.62923758795  0.345497580582
0.538951197639  0.44481006174
0.519839289163  0.618790394477
0.454086517642  0.550084527699
0.671571825771  0.488556190744
0.538136729052  0.507584773207
0.519871593291  0.52064363119
0.557506032408  0.53779175983
0.647457340501  0.270497307539
0.678808676995  0.401135294452
0.406377888948  0.47197408824
0.519152805849  0.641365989229
0.470206951976  0.644103111575
0.382115351362  0.463572846657
0.34746014802  0.368332820907
0.464500295813  0.473926393757
0.450483737256  0.464411248952
0.368674975893  0.517674135854
0.529606071331  0.757914261094
0.614718211581  0.342589160924
0.564757494124  0.46331451525
0.668002231556  0.610462594
0.190872068356  0.402560927792
0.423547402972  0.432101572929
0.481795936165  0.456512587296
0.424167517714  0.327802508503
0.514469962632  0.429797970297
0.452771349541  0.486898638399
0.550040156215  0.376317575147
0.61257963873  0.479544014357
0.40800719461  0.429765858032
0.558325443698  0.496691154513
0.432439248999  0.456067005263
0.398211294411  0.555263864816
0.37093829167  0.50205815966
0.746921098967  0.381401228388
0.678175283513  0.579095750824
0.361154061703  0.46269578103
0.664184425762  0.706408249232
0.474439355873  0.470779260917
0.459819652045  0.4883744401
0.559377835249  0.381866402494
0.446145875564  0.309812468804
0.339687056547  0.479744169733
0.518437351221  0.503277984744
0.627390609462  0.29796024655
0.596837602338  0.478656822643
0.383443572652  0.382656576861
0.420351464069  0.380080779457
0.514675860935  0.517188541676
0.594707111389  0.483933861862
0.590183174887  0.615354057968
0.580047895497  0.512449853153
0.554426269554  0.482217005155
0.47279820612  0.512136105095
0.536689948408  0.426866000564
0.454321860259  0.659514170065
0.601330151269  0.465690249304
0.540767030933  0.37562399099
0.435426276522  0.645923654711
0.424085422087  0.385653702165
0.597162629676  0.398750618768
0.485013068631  0.401368100134
0.572792871579  0.494569412176
0.436741453118  0.42309975889
0.411594812047  0.416636966958
0.471834971232  0.495765473698
0.613760010269  0.566207834762
0.753876038335  0.568097455204
0.454387320474  0.343547633252
0.483061527234  0.482723555421
0.511922780117  0.549840651829
0.453704544119  0.626564176575
0.736534003929  0.314731904851
0.515452405657  0.440484008955
0.578436595568  0.600895716329
0.48045681788  0.572869409536
0.518103321947  0.441570431804
0.364066757232  0.523394092729
0.49306028782  0.50051557814
0.590056636619  0.363269775897
0.377578062382  0.35260502528
0.5782545704  0.323647485181
0.506821329152  0.439973391776
0.537107866331  0.49574703111
0.545268912973  0.468652766188
0.561491573234  0.525421096513
0.481727194793  0.597478514738
0.346128879801  0.442088704633
0.524469558804  0.533123312355
0.341480200293  0.625699058365
0.326896870098  0.6401103403
0.540806710891  0.543228413096
0.628833579632  0.685980892222
0.613089431502  0.582090566291
0.585154918287  0.622911859035
0.671499585315  0.754305543984
0.65662425158  0.503666903644
0.394348848386  0.403538223784
0.559852767963  0.536421569115
0.378272019953  0.537391228526
0.62805245665  0.527763279852
0.547707964237  0.537706010142
0.464145771319  0.614428221643
0.592544932947  0.501693862871
0.538227757562  0.635973702065
0.432044210189  0.466180735009
0.389308714986  0.401895664212
0.176131927713  0.423954186386
0.439264724621  0.592364096372
0.61280170036  0.396767490542
0.507986159651  0.433126161282
0.413128366833  0.523271069291
0.51177734489  0.530647923743
0.424499511529  0.395979160571
0.556276516281  0.417835322691
0.42472123626  0.695233776419
0.523708745014  0.453422279578
0.513767016162  0.540681617402
0.577245531136  0.410803432827
0.398092676713  0.465818916064
0.581267691096  0.429470778183
0.700681989193  0.445235378162
0.439529372468  0.413660611064
0.400685479724  0.605811497411
0.500635215736  0.575308361621
0.287925833499  0.472239547487
0.522809696041  0.630969232498
0.523089623058  0.441388943703
0.507418055277  0.422842534752
0.484613996004  0.429477734665
0.588360017323  0.595607764263
0.387832855238  0.521865237889
0.557625913216  0.442561740236
0.520127471618  0.535362036055
0.417474965253  0.340257701334
0.31507954456  0.60823083724
0.434833277712  0.420646904446
0.625950595025  0.317638520227
0.554917069972  0.52108608902
0.423333534728  0.389773763638
0.485014347844  0.38896262829
0.678118948319  0.749332955542
0.338538535673  0.582902646105
0.626951475663  0.347335869053
0.544368151722  0.308026588503
0.619901759202  0.287465659885
0.532452764815  0.435691865924
0.393517158638  0.566574762865
0.459365203477  0.433786068868
0.465901608425  0.601111101335
0.730161086046  0.483631114005
0.454767181225  0.407681582909
0.440099843114  0.600660734016
0.468406189049  0.464990428673
0.47674269004  0.553020874205
0.283021430584  0.483401471103
0.458391127152  0.512968100826
0.353553591033  0.568891947168
0.381459153446  0.516318673111
0.314087091298  0.329420931245
0.476951648464  0.31195993402
0.372637418186  0.497065957468
0.622162467224  0.452863956496
0.322094877259  0.494684684759
0.492015050989  0.519098904219
0.679397618719  0.4543745927
0.380758239059  0.391463871036
0.478901546545  0.388004346082
0.437071768766  0.384427500632
0.515825777518  0.63030534611
0.504168229341  0.591144607781
0.70012627673  0.590124392758
0.412597243564  0.511572644977
0.545992638945  0.659227920878
0.580125361403  0.41985378738
0.457686025154  0.349403475699
0.336647937419  0.404332211883
0.508587207071  0.558142503985
0.541365897166  0.553731001196
0.53952859139  0.385264152716
0.540822227253  0.354032430631
0.339298637328  0.543631089608
0.434905754915  0.512604027545
0.493056380126  0.418019306519
0.478263385961  0.50198056946
0.510821055362  0.542324718715
0.33506601536  0.545389485976
0.385177703625  0.790862214756
0.577228704513  0.417688419497
0.507124334978  0.352374890149
0.510522459063  0.490739846516
0.348065554304  0.564180736139
0.494768954491  0.559847279803
0.678138298859  0.3786560803
0.586417240061  0.384456971513
0.484231622541  0.34305658724
0.679185790594  0.414232382365
0.368305074305  0.55187551512
0.573448951025  0.494955014402
0.450490255093  0.302772719233
0.433120175131  0.429114387758
0.59225203227  0.464145334254
0.58042904481  0.521319550265
0.403998364365  0.443305343618
0.435697120411  0.414667515935
0.502199109007  0.629339712914
0.552085007326  0.566873229833
0.410970238377  0.44163768844
0.47343070904  0.400612095344
0.461247486159  0.511108594858
0.555741128973  0.484155926362
0.404289329281  0.476736279166
0.55574938133  0.587139501606
0.461045191736  0.417923571011
0.701000288804  0.556243087379
0.726421592227  0.54082658017
0.443235202585  0.466483778115
0.66944986523  0.41762335402
0.729056198136  0.504627078133
0.511546011361  0.336074151885
0.299772742327  0.716572995823
0.470146897349  0.553858280078
0.682632677439  0.554126423881
0.693580033901  0.583367040863
0.439578660205  0.361003747297
0.530193005072  0.350315574666
0.521136638463  0.556572273609
0.258526024205  0.49098188974
0.372256980128  0.345571825903
0.625163651767  0.405100507162
0.442532546333  0.485261314436
0.625597016658  0.587497806428
0.611525747869  0.478030137838
0.490831652737  0.432594468876
0.710157560668  0.473303496876
0.678011788192  0.580228543841
0.505497696718  0.556234619288
0.590533768091  0.547548401841
0.47087878702  0.553255967713
0.433740547793  0.481731720333
0.628605619106  0.633186459776
0.434353554295  0.552371433686
0.594502106437  0.421168355667
0.407037159241  0.5578875355
0.285717222979  0.34782902327
0.428726087925  0.505889363071
0.482748207059  0.423137097764
0.571389695752  0.596510613919
0.502939136817  0.459723290444
0.402972763245  0.686853621077
0.58645991292  0.392487283417
0.461822690951  0.58179384763
0.447890015309  0.654929021476
0.348908047685  0.44055172049
0.543496021873  0.477195096751
0.650996660691  0.320254657294
0.405918693701  0.331552789675
0.375099389278  0.573102201803
0.37844967744  0.480658590074
0.507086749765  0.419563488922
0.66224859427  0.377725903375
0.509531438088  0.586396257419
0.568969606708  0.472112255091
0.503272869574  0.479639852494
0.476965335098  0.471189520871
0.588740946825  0.533950455689
0.589657099397  0.345930014033
0.515425826758  0.44912382444
0.444165031974  0.565130364872
0.586380873518  0.555387822145
0.497400884428  0.374984150743
0.378086077269  0.471195098619
0.591806576492  0.397758883858
0.443988352105  0.435134377598
0.352517530587  0.382538487596
0.508566966517  0.408745692
0.578894957687  0.467791016466
0.409110752867  0.514093883435
0.433823971877  0.441530227753
0.583691352524  0.679924695644
0.485788492636  0.697327193471
0.440312676114  0.543162920063
0.405110255296  0.402088633414
0.601496925652  0.499717392493
0.425953012644  0.565258030551
0.571962133498  0.506842438153
0.523279498916  0.40955060213
0.535546613203  0.487807531695
0.450599131784  0.628387830439
0.536871412456  0.391316508367
0.392009987926  0.415951568856
0.48683451151  0.588748973312
0.535094712574  0.490739367582
0.622493243096  0.713700568861
0.381114898989  0.59200308168
0.398920492029  0.502375992455
0.525928594179  0.367053291345
0.617715390007  0.306100910852
0.506010871844  0.445577839561
0.354820664381  0.430308497222
0.744458035605  0.467644619641
0.517202462849  0.482212049101
0.470543684864  0.391526505503
0.430526405961  0.475214304459
0.497043592909  0.511715106985
0.583643392314  0.42140269038
0.478299839043  0.439635482855
0.611999330302  0.45398223079
0.686474736062  0.451791667198
0.400945543554  0.552693441064
0.479375422406  0.388494775639
0.440538754984  0.696835652779
0.798504357068  0.631374512546
0.429746760039  0.346754108204
0.443555440624  0.575743432613
0.727175097512  0.714472330645
0.635481788986  0.536745508111
0.607371351838  0.570918018442
0.602548381504  0.404208383983
0.618927494091  0.383549925892
0.757491258369  0.479777662545
0.444232952333  0.483982366724
0.576206657088  0.42171858289
0.705736438628  0.45533187747
0.714749180142  0.623457246244
0.55582783511  0.456863292335
0.610213567136  0.454156238368
0.412398815281  0.369897332735
0.547231317431  0.448133147061
0.565646185773  0.400798083198
0.626565934023  0.58179430614
0.4367506949  0.497051280561
0.597080085855  0.483793387233
0.514805319599  0.419839661217
0.474016823339  0.37133241224
0.471708391039  0.480130915155
0.340760759293  0.454906207948
0.482684961777  0.361556563072
0.528311058589  0.326821996788
0.525630692959  0.461920119549
0.460839730191  0.534090389701
0.471021843836  0.449655415307
0.558656777097  0.428383087188
0.457675016508  0.506755516458
0.695909458791  0.472532932778
0.565106199648  0.524282991195
0.481543878014  0.467403942117
0.435910764152  0.540273487236
0.365729723129  0.463643549947
0.295373596289  0.568663119918
0.356086796775  0.415598765959
0.320208740133  0.653985691297
0.593531726131  0.311028735117
0.459246661596  0.345121074312
0.461035280348  0.66385338413
0.538913267924  0.458947382173
0.420692578908  0.494732338614
0.549874698476  0.458178716533
0.421637579534  0.450587382477
0.54414998086  0.552534607736
0.55575380294  0.32134657675
0.67534671105  0.387588691524
0.464813781761  0.363260693449
0.466515878401  0.487551176351
0.616119298223  0.410934296054
0.501615662513  0.471096288882
0.445141659846  0.480897019502
0.717317142983  0.478270869788
0.616687875403  0.489521165691
0.540416396764  0.402583032132
0.630956336595  0.529942550998
0.55376261205  0.356240720673
0.392710644053  0.49094793572
0.423843479095  0.518634044495
0.550125061518  0.366299443884
0.630733634373  0.695519148836
0.38064857481  0.618883944621
0.624815328887  0.467241316051
0.483104471712  0.338340787343
0.410403709944  0.466401654635
0.561735327644  0.343606381386
0.590597863486  0.427785337793
0.545855770247  0.633009103573
0.317480177405  0.445207066804
0.541588427371  0.444485424648
0.601078294049  0.371941709357
0.459735451863  0.376568842233
0.60411950735  0.637082903943
0.313743581309  0.519880416898
0.480747506533  0.365247843914
0.375901471114  0.237173773545
0.370819513038  0.573601754304
0.523911054183  0.452200744131
0.471544692091  0.394071877135
0.498216482936  0.549623338407
0.445774917843  0.456425588838
0.467962889203  0.425385365948
0.490517126859  0.547446134458
0.477906631878  0.42514339003
0.631630474787  0.543583795767
0.566663105953  0.459096524673
0.498101593759  0.542624457756
0.524404140003  0.456951651326
0.618467187563  0.533144973764
0.533634825992  0.650140107698
0.477260845011  0.519950299217
0.664089988555  0.592403817066
0.457275515938  0.656642220097
0.583632870084  0.566298135267
0.463993134733  0.408430361652
0.576987381124  0.417175013511
0.527836212078  0.49190427242
0.521932977491  0.557857267797
0.524597328861  0.523477452023
0.732745295946  0.44643849884
0.436216055633  0.424374745811
0.332852950473  0.512555702161
0.400269624302  0.705702814831
0.735781240112  0.40536280143
0.568208992026  0.57105815595
0.438143157474  0.517612044272
0.447131861662  0.332974923619
0.405449522619  0.464404645248
0.404106350977  0.302834364522
0.576297574025  0.48351351944
0.723590564628  0.389090227771
0.540077789043  0.459311306698
0.405768829384  0.394219359907
0.531604860289  0.457085822594
0.716092135403  0.408220733815
0.495237975573  0.527543005862
0.569237718119  0.518345630922
0.526862533299  0.325270643472
0.593463999551  0.573155127012
0.532004487905  0.556183281776
0.616180043715  0.473804560387
0.419530963965  0.521866068894
0.44269119029  0.494775756525
0.682231559527  0.550137049682
0.493600291178  0.598755898521
0.422265137179  0.516339056364
0.446873343116  0.574429518143
0.502797091966  0.309641196997
0.376237698455  0.410851235891
0.496629748497  0.565516909203
0.524607894368  0.568294473824
0.580736363234  0.407861577633
0.441958135875  0.629109976296
0.325117443073  0.28470465511
0.467961809796  0.460953815478
0.526219294779  0.458274257353
0.632179306913  0.443358252564
0.581900292229  0.469528462097
0.409193976621  0.423292012335
0.567795937426  0.625902868009
0.50736784918  0.481567046539
0.291103214245  0.573832198847
0.390049677704  0.598324847936
0.499995068561  0.360588698567
0.481868185125  0.410299983665
0.53275250943  0.487437425112
0.37554587889  0.447204753128
0.501693800185  0.491409943874
0.392632397604  0.540755924766
0.315261375397  0.492154077281
0.483474548636  0.353824780495
0.546854459334  0.475317359183
0.409745501093  0.5206453262
0.578867726707  0.531950910713
0.521408769755  0.408626420191
0.518995939583  0.528553665625
0.582778146403  0.580011600513
0.6055822289  0.53401058302
0.533797940237  0.540965178438
0.463994685141  0.581767191987
0.431325105964  0.264078607416
0.611172221238  0.373842661995
0.576041823009  0.287089009274
0.550063646358  0.327340687293
0.41911932423  0.428836380892
0.410217190838  0.542284092996
0.541857433451  0.592759523778
0.364680623237  0.50311863384
0.638944234833  0.532180820766
0.423626876347  0.412052032311
0.30892506497  0.361888219814
0.524750593419  0.560885814
0.484217613188  0.468475117858
0.665289918187  0.428839423694
0.564790910385  0.691290992357
0.351462644059  0.410563921514
0.406946476193  0.245619845402
0.622027727154  0.52674898621
0.57760522439  0.546487841318
0.459997742338  0.575335829146
0.658705644737  0.378928747206
0.204488516517  0.45931305709
0.500424557576  0.467737177248
0.546510612628  0.721315958664
0.44038181747  0.492780769532
0.422178986675  0.479319590385
0.360536944201  0.472305597462
0.687123991536  0.649739948536
0.50985961955  0.658584271753
0.547660437383  0.436665506721
0.267906588802  0.420616283867
0.506948369455  0.430383635456
0.484194364685  0.417493027598
0.452079283008  0.272882469322
0.467466678154  0.722182947471
0.481921869563  0.597395970381
0.597985135137  0.463249161773
0.509324947313  0.683086807741
0.592426201936  0.536568486814
0.556419760505  0.638775568988
0.502819850904  0.466380317775
0.495631229762  0.366169789921
0.55185045067  0.522618274462
0.43808679976  0.507909098461
0.562978980864  0.613013587632
0.439445404985  0.426276309853
0.458932914197  0.452052420177
0.726614008614  0.518125490704
0.534841395973  0.640573273904
0.496284768334  0.497373774434
0.43498438661  0.383842395758
0.576608207213  0.414998400887
0.383536186965  0.597174027366
0.497432138124  0.35643752458
0.493689160131  0.726414913417
0.426192705712  0.54658056701
0.550682425321  0.547382645918
0.500399968996  0.520673656327
0.563246964076  0.427616018867
0.508077876411  0.434419294065
0.619572408971  0.387613717998
0.479533164523  0.498501007889
0.561991281692  0.321394507611
0.540778023011  0.623898389653
0.425672611347  0.46769767817
0.504785687896  0.429812681733
0.65472433482  0.274618938665
0.443274180602  0.45748251938
0.538420720483  0.356552419064
0.408561551807  0.410564371818
0.567362151454  0.532702281996
0.600693608705  0.315927639673
0.450974957911  0.425165107043
0.641111848628  0.567524125141
0.465824238457  0.441625359611
0.754062652546  0.435850670592
0.532539347646  0.562193930691
0.516715886315  0.345055157466
0.530692107031  0.575269270028
0.490685595113  0.401498435907
0.561308333722  0.568940590701
0.55605215542  0.400768599112
0.493093519726  0.518987210469
0.555007881668  0.341097114372
0.519500982484  0.573985340221
0.466572922951  0.608352273305
0.619326581141  0.576082318711
0.340461547813  0.336359682048
0.434239572991  0.430943298029
0.472895199788  0.471974258778
0.412393987242  0.291389261714
0.330766092485  0.468506840315
0.445897236633  0.435641557516
0.5080757118  0.497325727205
0.609063207758  0.286160484843
0.418997385465  0.551884462338
0.477064657366  0.464786730994
0.547202880963  0.629215540874
0.28344196795  0.507622101876
0.604146195492  0.565389214847
0.420043958694  0.594541949669
0.457648564419  0.585447353507
0.40187982464  0.564793732152
0.629291340007  0.388644535785
0.607126747941  0.51071137083
0.666918798937  0.411233927446
0.491618262607  0.45972408651
0.456802425862  0.347501886277
0.4939221057  0.467085484122
0.676692621286  0.600705021704
0.580939761012  0.484284880504
0.427714062241  0.579152863258
0.508937125979  0.421368074151
0.655012817634  0.445441036934
0.431810661047  0.614412934332
0.455455990699  0.386322711078
0.718875634183  0.661970361425
0.408171404771  0.5766558715
0.481813934629  0.553900352466
0.382864785934  0.640573577164
0.4780498189  0.542437599553
0.325388418825  0.309679029666
0.508952298728  0.403937554786
0.519017547992  0.5628793233
0.402762007941  0.494420283449
0.440049138912  0.465982754325
0.426775805367  0.48232797613
0.519074336494  0.561090119563
0.407389196752  0.544769475157
0.665344201601  0.539234153762
0.342867543012  0.397715032346
0.490192584513  0.434626635282
0.448717409448  0.39220107153
0.559138214439  0.437321471362
0.471860060849  0.522247687525
0.501284829032  0.394563825774
0.519781033409  0.440019141427
0.474110649729  0.467544498151
0.548470539823  0.394261445053
0.491316224128  0.641029334359
0.492319174769  0.675263951569
0.595526114924  0.39388051474
0.558601591497  0.393289001058
0.595305740981  0.245914803097
0.423480696  0.538914241408
0.582144785  0.556847388051
0.481775862379  0.417768625289
0.324590987398  0.479908417767
0.508032170387  0.284375951013
0.625178790471  0.501080371833
0.44363792548  0.45408400594
0.497181688733  0.295582880903
0.576578276744  0.571258462582
0.640348536623  0.515456642271
0.483494390337  0.459330481105
0.487019363864  0.179398103217
0.379739312212  0.3608060774
0.393384768871  0.45089643985
0.608083187889  0.397922506088
0.510694870581  0.469420788162
0.620865721938  0.587723877495
0.583264564195  0.538535839201
0.500565416958  0.639656538004
0.4905363148  0.487073149456
0.480046279402  0.399045539116
0.541840576462  0.568276676708
0.549707833041  0.368144816086
0.614120665096  0.443575468539
0.47393661744  0.430927900592
0.687649850505  0.629669084113
0.363145170581  0.598598942516
0.606412500589  0.407506465519
0.54764344141  0.494175036864
0.361258416603  0.51034701682
0.370837204782  0.416621571456
0.577512391283  0.516653573356
0.647533305414  0.558124321567
0.558759625819  0.550512560354
0.466569049107  0.49389730456
0.5253338681  0.441662812056
0.596498210742  0.398483982813
0.37033162245  0.606272358091
0.601623891695  0.58838246824
0.505960819147  0.577860128854
0.440430419259  0.651019559054
0.497664198057  0.443211237847
0.690109003859  0.568612820799
