0.504303820979  0.425539730809
0.371572382967  0.568916935921
0.486919659835  0.576205874395
0.653919358036  0.290224460389
0.360065204602  0.290833089366
0.629280442069  0.580041714628
0.581709272224  0.470773489773
0.37263334314  0.579056360295
0.59830800252  0.484544425285
0.578302457397  0.437346543065
0.653963659382  0.487087651976
0.461351782323  0.506075747092
0.442932120342  0.585053899641
0.482778853746  0.568379161273
0.655784715274  0.432038670116
0.583899163612  0.453310318287
0.576772389409  0.477603620434
0.706469746484  0.609633542222
0.650421658209  0.490859268829
0.357720426601  0.449610264842
0.397219097246  0.39847176369
0.552003602798  0.441822321343
0.627406332036  0.414264724563
0.474644330418  0.310836578986
0.689568645745  0.68977796662
0.524064898664  0.564148298045
0.514384194177  0.618708227805
0.393831682057  0.575384318175
0.622942445486  0.570938038138
0.443044674626  0.552533980207
0.303388405982  0.526723273704
0.546847488705  0.62057146656
0.438455521312  0.39464813391
0.57747540233  0.409195136048
0.550381076507  0.438059674173
0.441192187514  0.516261515004
0.654894720602  0.450676593854
0.541746154339  0.465203110913
0.60784058955  0.494237484402
0.464382797927  0.405632598643
0.508938596696  0.473497628958
0.454443550802  0.365545715676
0.58185505021  0.592081471158
0.45060629683  0.54152436109
0.589629444124  0.425863130335
0.372052717617  0.566234848873
0.571952848326  0.674500677222
0.516912540895  0.424672159372
0.54394353415  0.457144771343
0.622645899537  0.507950900449
0.466087818145  0.475637080828
0.560652127095  0.518445765147
0.307510408701  0.484920840194
0.520223895695  0.638775207843
0.665016578665  0.496865585421
0.45250453726  0.378719214356
0.444725509543  0.691253104928
0.589486047893  0.402155540406
0.327869191554  0.487942899576
0.596754256197  0.471746056788
0.439467078504  0.568341381008
0.513963863618  0.512990335283
0.470418476414  0.503639037652
0.528595585232  0.585347584826
0.729422692224  0.569095782538
0.639318012481  0.440428364939
0.504532523418  0.390360534842
0.513313669238  0.530401755324
0.519888264336  0.524650733339
0.464913750064  0.641275508132
0.347553311831  0.560800316819
0.604027138484  0.498450418571
0.48631419921  0.495229588848
0.511029814553  0.5331362719
0.406845243039  0.478666619598
0.487584942774  0.607185183268
0.543853480358  0.505631654837
0.328526688857  0.592298557681
0.472515019699  0.422661489746
0.407764287785  0.231512275872
0.444396355261  0.503837703019
0.4965013266  0.485210104484
0.476065620977  0.515898855311
0.395369798689  0.21186134958
0.45046082111  0.540354887783
0.630479260477  0.529598496731
0.647450424711  0.489300033086
0.580010675773  0.503465411956
0.532434058526  0.617997472491
0.513995314995  0.485031155328
0.498928799447  0.374853702285
0.37456987858  0.567448519069
0.635280410696  0.44723665241
0.403863080319  0.473864729416
0.508150343952  0.423249671408
0.607484205708  0.532447802351
0.460181883458  0.482429755005
0.628935129381  0.501471935941
0.731012321184  0.506633885895
0.633977790684  0.471317129011
0.423071887939  0.650435838249
0.549032857504  0.5194581483
0.40368503796  0.67433397149
0.527249279419  0.391448202909
0.438715577693  0.613563697103
0.469387597243  0.481271619128
0.267220461315  0.547561482762
0.422376296684  0.69956641142
0.376543286514  0.325666996613
0.516903484342  0.400873027053
0.562031308389  0.560435203232
0.379001460188  0.404126500561
0.423184449864  0.53868985399
0.393494803454  0.472484334791
0.504955732293  0.650171211857
0.415127899175  0.46042403824
0.402653462734  0.407939760442
0.536675591885  0.427153185013
0.433546172396  0.418610181568
0.440923545931  0.565035155364
0.37182830323  0.622601151447
0.705899800624  0.723084777797
0.508554306656  0.601989441316
0.482892030027  0.556175323709
0.514200523765  0.332225403252
0.639028981583  0.601382315728
0.541074047969  0.55755285873
0.345447597586  0.557069336902
0.442668193993  0.443406264994
0.423433859704  0.298042607876
0.401760099506  0.490231662776
0.555133976011  0.378312096159
0.434446912698  0.546538007573
0.366510651376  0.484783012043
0.303321830053  0.468585138449
0.559103703378  0.39355971199
0.491415200898  0.547603056316
0.632794384575  0.313773489123
0.592397531479  0.547706368529
0.549166163604  0.370830215166
0.414578060605  0.367822186168
0.397591620398  0.525365244454
0.516943599164  0.433373340952
0.529238514725  0.753364050522
0.702163832704  0.452155162255
0.359669907281  0.360537864052
0.374275339522  0.528092754055
0.386174515867  0.650517834306
0.499078452635  0.392907879998
0.501895138714  0.520439320599
0.338293098765  0.362830109678
0.630203581462  0.470004722105
0.405967386437  0.632850197229
0.444510644066  0.554461799576
0.501568837492  0.505513390417
0.474330888209  0.47315910631
0.543561977239  0.48687829935
0.48158583964  0.468845534844
0.61143960731  0.655182739081
0.492268581768  0.570721902573
0.499437630565  0.664210792846
0.506203542785  0.415608472189
0.630958495876  0.456318529504
0.434236632075  0.290984178178
0.364702635898  0.417480820637
0.556002888212  0.451970814732
0.70562471563  0.722151228205
0.588544539915  0.629155352505
0.575921015111  0.44549211438
0.518308585772  0.703099826103
0.615684589684  0.527887355384
0.363099595283  0.3680181093
0.587247969876  0.51111485853
0.267699398348  0.45735196527
0.587572481266  0.361178362966
0.542617516395  0.556411219466
0.486125739971  0.550165897382
0.454514907957  0.531855207671
0.548706580046  0.598552173258
0.476375198776  0.453784736552
0.67640690487  0.469940530978
0.417316754268  0.525967993927
0.541821706272  0.695796449846
0.474530601291  0.642540553258
0.357131450365  0.702453682106
0.38827514015  0.514453828311
0.447971689737  0.476842773591
0.651382824845  0.440337686426
0.484403778257  0.467258655271
0.436707529701  0.472719632085
0.335272828674  0.481784539308
0.45972508349  0.519721050835
0.603103154142  0.528611400244
0.555068409359  0.379390478976
0.327195482948  0.509028533847
0.490380956871  0.50367036969
0.470537399514  0.547427605263
0.472462281079  0.552798484858
0.594265601396  0.338287709067
0.579074536188  0.365790152903
0.559819557892  0.593063559218
0.408914738769  0.436526564583
0.532709339603  0.641679204176
0.380426608742  0.597512865013
0.578088975647  0.468002623064
0.512951476822  0.37621992181
0.615139438249  0.33726229814
0.403414601217  0.442437785383
0.694484935856  0.416525665997
0.669865979318  0.568490335916
0.611898109848  0.437772290469
0.324348650302  0.510068320048
0.485011479683  0.496311012535
0.390938532174  0.561927379461
0.510821499496  0.592983122987
0.433036083448  0.460527658137
0.674282128257  0.491849685605
0.468406624627  0.502770919402
0.475011572556  0.389529146546
0.559532690979  0.65636007225
0.600931020819  0.643343142191
0.401897627013  0.407022569049
0.458916527103  0.474025029272
0.270519036914  0.455479450897
0.427984530569  0.483550868541
0.412870432679  0.390364125334
0.482420039167  0.489756861859
0.487274516654  0.666689191184
0.503403608093  0.616298100144
0.620774832716  0.50246001276
0.540130066558  0.36766617317
0.42682264215  0.454430267736
0.345140674398  0.650262529022
0.374574273415  0.38381439658
0.669593351696  0.377768078953
0.495478085342  0.536969491816
0.401862332545  0.481641441001
0.445430001669  0.553211311173
0.65891988215  0.732514486953
0.392613007898  0.389318750123
0.477860750131  0.327017606942
0.299543530461  0.519342619016
0.462327861237  0.440902765221
0.566688832938  0.38823299151
0.506987138306  0.580006789441
0.524485522323  0.637014386024
0.472706463296  0.449556601074
0.392072757942  0.44566846424
0.415691924132  0.610740195245
0.291301726932  0.502707448475
0.508369463979  0.574255782306
0.561474915298  0.273354529817
0.548763044674  0.617283663193
0.459474112911  0.62593606823
0.60861364519  0.41855699233
0.461925944834  0.590322985036
0.399672508725  0.461197730853
0.50530246318  0.646567450858
0.395767624421  0.374255319836
0.41895379463  0.696352628981
0.308445967268  0.457219329917
0.506966365347  0.536263992573
0.570818859978  0.508154643259
0.633117617498  0.572162135541
0.495332490613  0.430427074217
0.578227356091  0.535606375125
0.557849004111  0.438298671622
0.4326781839  0.384504974239
0.426990432537  0.562686698759
0.28806647092  0.473209048898
0.363680055716  0.495717800488
0.502428902556  0.409119816991
0.560773762012  0.480114326813
0.537496691183  0.367961173042
0.493090923805  0.523046093015
0.331155204083  0.384306496534
0.548418647289  0.523388977949
0.567837661728  0.541806726624
0.615524981514  0.471874277698
0.538460288928  0.363076179578
0.347383334175  0.46232353138
0.528191692952  0.466117680748
0.566445676987  0.293175830981
0.64678956397  0.417902895082
0.482674334369  0.662981234394
0.334270949637  0.40961827056
0.240688427363  0.623831893744
0.481455276149  0.576680244216
0.332560214059  0.530740569611
0.568490238201  0.595755704901
0.360610647039  0.381485019823
0.541613739764  0.431711590812
0.416983732576  0.34619014392
0.528497825197  0.548054490922
0.383641540292  0.600008235934
0.441731028146  0.768685718876
0.443883255898  0.542302679492
0.4475194079  0.438496435562
0.295098794745  0.471618789673
0.405078509868  0.500114980411
0.491896491275  0.299669311045
0.35750219838  0.498757553686
0.456268308334  0.555621110514
0.622347414558  0.47407008102
0.525807344008  0.454597927746
0.603351339449  0.618052302003
0.477961228305  0.529202187612
0.503690425607  0.470766261558
0.516841574559  0.534884847815
0.603347922824  0.367732797273
0.4446995641  0.579071212173
0.464879790196  0.52910015984
0.617060362005  0.580452994582
0.369919106156  0.510232148155
0.472847020621  0.500186085305
0.50536219034  0.329404479339
0.588689106185  0.434019692918
0.536100889002  0.522960318717
0.5067566479  0.622492107676
0.647579758543  0.494515579398
0.534186096145  0.594773625112
0.580105151228  0.558443206813
0.520900752458  0.558612383577
0.490164609919  0.502678888557
0.504363327875  0.461790671192
0.495069552539  0.359878123398
0.349968861489  0.377784783842
0.456791262684  0.652300961681
0.378333539408  0.594331128031
0.519883385966  0.442780675153
0.412808235106  0.548603813049
0.424756559792  0.519605377407
0.432301466351  0.433089377299
0.386476648497  0.485019195746
0.497324740147  0.597541589989
0.566202850165  0.537701351992
0.561731903794  0.444957569689
0.463198406068  0.538962986685
0.621063808253  0.576972408439
0.412746022057  0.378429974188
0.552134367856  0.485432472293
0.498095110859  0.476428908239
0.366448446248  0.551001833464
0.443892731591  0.623969517701
0.45789206386  0.633062361571
0.219193396021  0.607961506369
0.645410683752  0.656041510099
0.598200203196  0.712317615314
0.491404060585  0.684574477994
0.496615707356  0.742939878586
0.535360193386  0.365195561256
0.451211467463  0.393487128927
0.424382292292  0.408082672665
0.469113302278  0.563858105696
0.414595927504  0.583460874688
0.373299948929  0.341213072815
0.382552119192  0.548191429433
0.498895965556  0.363485779891
0.41338236412  0.580791902064
0.469783924091  0.482999013618
0.321220330904  0.40249626218
0.287881174728  0.582360162923
0.391985231653  0.552668636681
0.586746737099  0.484839382026
0.490019574499  0.514147431698
0.549542895727  0.563017764326
0.567375333053  0.436206532006
0.463501627748  0.412773700024
0.501528034209  0.495301642924
0.468802649125  0.610899723196
0.522452014722  0.448369161776
0.659705947298  0.409167742065
0.654540115122  0.553612517205
0.605198541346  0.547136026939
0.488148646421  0.583593851338
0.50484718544  0.573323243767
0.442991292978  0.653297377998
0.534218660646  0.54764511206
0.345578739992  0.527924125049
0.351178587689  0.695886303618
0.460043469177  0.32459214446
0.632947729882  0.547181828334
0.339658908265  0.665056825641
0.449699030693  0.606731162464
0.559686797681  0.449114051917
0.438297075498  0.539296273835
0.528727452656  0.510885066512
0.61476028241  0.375165822914
0.46544978429  0.78253724913
0.46465189056  0.378019929248
0.543221143707  0.765828832715
0.684031804168  0.246737363313
0.487633356163  0.679153420798
0.513133724922  0.420643710717
0.548466401461  0.340523772767
0.282656268709  0.517774916649
0.397572517212  0.556444407612
0.455493524753  0.54924297556
0.344373183295  0.4713637207
0.511930930398  0.49099382553
0.52277154231  0.69178181545
0.444380496951  0.39484854154
0.627655100852  0.542453113159
0.490054374199  0.495857929656
0.429330544675  0.558557634584
0.539613558321  0.577613512905
0.336677620081  0.619105163314
0.408855478627  0.40730278234
0.486589854582  0.460197791218
0.639523157309  0.508081151174
0.509559183575  0.511102714449
0.627260689246  0.329539176298
0.54471097118  0.492764008788
0.530175061234  0.453911128883
0.407322601266  0.582874356087
0.488928752991  0.648947709119
0.527847999122  0.518173583041
0.429557531588  0.434573025517
0.561062729049  0.621832851105
0.269409210618  0.398016175715
0.641935363925  0.413370238686
0.358077160219  0.512434291272
0.757266327069  0.42251437443
0.477907083215  0.635208046254
0.63335970141  0.417927894601
0.423151810449  0.625696942928
0.564414468292  0.58217705662
0.493236361031  0.346315944443
0.578545218397  0.570756767053
0.337786331193  0.473575986793
0.540587416433  0.592251756106
0.619620727739  0.322671411874
0.432562314655  0.515940544956
0.571279549282  0.630665550298
0.552532548257  0.614171608069
0.48414660127  0.371756269727
0.675187983879  0.378048510536
0.406221271573  0.869601772559
0.487075390323  0.46171902497
0.475231082881  0.553472747896
0.784029985012  0.637779507074
0.457004738661  0.432809287801
0.700174427358  0.357352745093
0.377840430859  0.654607654827
0.422339630858  0.36609055486
0.44340680752  0.479910854058
0.380009756491  0.513694002954
0.475506710551  0.366469760581
0.512744258379  0.472841155342
0.402508049705  0.314669089776
0.475399772355  0.610095067912
0.560165535388  0.526426294726
0.369933007156  0.557613448956
0.468524084067  0.579727167547
0.464258779148  0.412540347982
0.488206823675  0.427882654599
0.476631131007  0.353891776847
0.432689472166  0.366487548732
0.421447446058  0.422312568928
0.611972748608  0.79603550921
0.638074915154  0.563017368512
0.426152567392  0.418668447608
0.566736442576  0.493497626794
0.559799158308  0.498592811808
0.617436046984  0.518617227931
0.587637893489  0.381365706442
0.344583101798  0.545444184853
0.409102432204  0.489847191343
0.418989019404  0.286035803645
0.433129733787  0.656879829382
0.524070735466  0.458451657968
0.530005867101  0.370264188711
0.464462170193  0.473766812414
0.564697286715  0.56753822047
0.7323099346  0.557932862522
0.281520988721  0.492258031566
0.466780019658  0.581364813739
0.45650259947  0.624832937282
0.50383143051  0.380768739877
0.518248175077  0.610928733413
0.661074925083  0.678812250558
0.64923993985  0.444468504328
0.447927954189  0.565908374528
0.45583557429  0.681364374612
0.49011657596  0.451489308874
0.637880053915  0.406553603241
0.382013426209  0.549236005547
0.606749631434  0.637499448202
0.31014338036  0.456012320225
0.526101054461  0.52574332645
0.36402557814  0.599700431974
0.468997446471  0.55524453594
0.583266240699  0.469813167551
0.342498399971  0.563957670105
0.475222084836  0.372226552336
0.562193325773  0.542420447775
0.612523435747  0.377252367349
0.40286001254  0.469415511207
0.657437666729  0.700547735622
0.645003951587  0.377882498031
0.585810017794  0.375667682761
0.448021821687  0.658463866043
0.518095114138  0.72463484731
0.591512478123  0.399485746967
0.428447554823  0.648873851898
0.6203952463  0.418363676029
0.547683764603  0.452339234831
0.431984358734  0.524577561145
0.548286249461  0.487093020498
0.493625006857  0.29914467849
0.372122556836  0.509338788426
0.601563449252  0.55760127672
0.554727883043  0.381567672604
0.436491951598  0.33793686747
0.547690070833  0.479238323598
0.323035000288  0.473938561774
0.439581294708  0.359350707191
0.409832712515  0.476615548447
0.455247009056  0.328752776359
0.556072055962  0.620740105608
0.436162450579  0.501608884489
0.427209698864  0.490888598314
0.261991915573  0.575757134992
0.527841088491  0.611421572242
0.550491446403  0.640675415479
0.353672906152  0.635408027269
0.783583561853  0.640657739373
0.478692796378  0.63725206615
0.584276396275  0.404538782564
0.603927041839  0.455675181068
0.41410363992  0.578125062444
0.580487842067  0.537360624063
0.713119048629  0.472054269961
0.501420820118  0.314352179651
0.466191949428  0.601440481616
0.641292968922  0.418597968602
0.488357068843  0.537432384005
0.515383908926  0.638349372303
0.505755690723  0.544096633276
0.633938954776  0.506847204931
0.5284485246  0.55436109208
0.55529159319  0.471984322647
0.393280692219  0.627801321053
0.631116653921  0.491559885342
0.479121745387  0.319358541583
0.47984973871  0.354897049772
0.390626790431  0.481100589299
0.482851488763  0.40237559326
0.542819858315  0.536404017913
0.537182373179  0.478012356301
0.357178082159  0.433812349881
0.471587885402  0.40852601943
0.441122191294  0.394869313856
0.589116330032  0.56600788895
0.52111777062  0.375396404279
0.506854670282  0.589632074302
0.246197306601  0.654185585669
0.58202972848  0.456168988234
0.477984093846  0.578478294511
0.486170888689  0.437557091735
0.449470588784  0.713822137947
0.551825445593  0.498907147226
0.550517106827  0.500757474238
0.632639084875  0.436548396287
0.544083158916  0.503144383535
0.6218195658  0.372602266662
0.585041331152  0.522686157958
0.562664123237  0.478602755999
0.35832829403  0.502038152583
0.429665583409  0.520012352389
0.353407297439  0.466347830634
0.596734386087  0.533009623562
0.568396062774  0.496719939567
0.547938679397  0.516226108455
0.589038417569  0.482085862137
0.599156761391  0.552220929305
0.411269710569  0.273542611466
0.263310456181  0.480770940273
0.617027999407  0.499586991991
0.4436240834  0.579283032856
0.444167180947  0.543165551942
0.538737028343  0.501998595269
0.503413428209  0.311572486075
0.557438881688  0.522644889991
0.37990021015  0.486745601726
0.49403081486  0.324096911018
0.591484312078  0.445962669924
0.417505390956  0.35415186305
0.548426371197  0.531000709753
0.425459612472  0.595084978623
0.579379446329  0.593839376607
0.457417934225  0.602527585385
0.523398056927  0.442786190045
0.470344198937  0.401672247927
0.501238414997  0.616642816049
0.596784388185  0.397158213412
0.551401280172  0.531676345677
0.439878815363  0.707570288099
0.573411468529  0.523495957424
0.596693907188  0.583997344931
0.424244741582  0.521898600953
0.46084661188  0.39463655385
0.615279811597  0.41208318906
0.425270887855  0.491758736015
0.486677905892  0.39457157258
0.484308857999  0.424452534399
0.50714780789  0.450685274042
0.363657703716  0.418110800224
0.386581962543  0.441313968228
0.514788868916  0.45718430944
0.46482558892  0.560368756783
0.546152736592  0.381257204842
0.40347005235  0.701685938009
0.659936550584  0.556574426129
0.419137082513  0.515968047952
0.598821628628  0.505103832716
0.332752252315  0.381101062418
0.664390651005  0.497004644227
0.588682321365  0.323307040883
0.500765475491  0.638268517595
0.724081539157  0.525820064038
0.433325329183  0.409416465892
0.574339509503  0.634502832538
0.406591527569  0.522617790389
0.616928919004  0.461156427343
0.560401690373  0.366274539502
0.383691458565  0.629839879537
0.610957809584  0.363245934379
0.516208671109  0.423538343263
0.448883530073  0.592424332224
0.417645063147  0.47287918925
0.689547463722  0.433710777451
0.558876099114  0.437001675896
0.553724343342  0.534065735547
0.592030983994  0.369889663319
0.370925785016  0.348474308367
0.466819274176  0.489429355271
0.47353426416  0.547650878625
0.527985481787  0.562839195047
0.336410050598  0.414953520378
0.47971902803  0.498902998488
0.441635253256  0.385209125543
0.547478976297  0.432683408081
0.391293759078  0.450980811974
0.362482848261  0.524852536716
0.478889095107  0.519017417714
0.477612476798  0.46886325244
0.522276837196  0.471936029094
0.541672683266  0.675847069122
0.382339990293  0.682172023373
0.466056809265  0.677268989525
0.372192280467  0.439921073816
0.565004984712  0.456825178679
0.524869748573  0.404698669265
0.476022493039  0.483743197497
0.589615255206  0.499594113825
0.572231852129  0.385822208619
0.608518940676  0.413056772948
0.508432684406  0.380824489318
0.490681437219  0.552067401763
0.563435553412  0.329042089445
0.559852902987  0.316685431452
0.425566178908  0.51551226755
0.618602614696  0.347997969983
0.520222905591  0.603067589603
0.569736478818  0.500118812793
0.574200079085  0.52859239781
0.57065918643  0.604257299985
0.511515631238  0.409142134752
0.587192519973  0.363898346403
0.564291140945  0.547624336732
0.484140798577  0.546805772071
0.501391261668  0.457074471977
0.538896090876  0.474654723417
0.51474927107  0.596260131355
0.637348070182  0.583774175201
0.505889140684  0.476253120039
0.529101615319  0.445963578651
0.446954734699  0.383958497231
0.541076308918  0.596019822134
0.452090961243  0.408874398758
0.363107371496  0.503382473182
0.546381871513  0.538600729962
0.61718892118  0.486359308613
0.492619770335  0.54984327
0.49083529579  0.587143045712
0.627428913625  0.478454637093
0.587566923805  0.578382445087
0.403466475181  0.418297256059
0.550263145334  0.580089312325
0.554402079341  0.482825501806
0.351747731454  0.574365895323
0.535852530281  0.34567859258
0.353793730006  0.536170025403
0.536622383974  0.681136483986
0.436954510629  0.520365114869
0.464133937558  0.599357993443
0.529877812434  0.517416594833
0.426223666389  0.494531241882
0.574392303079  0.610831624801
0.566547268367  0.500663000224
0.536017473123  0.49703254699
0.407417517739  0.348486918549
0.61684928523  0.507377790404
0.591021930288  0.512289032406
0.441532544875  0.483251044622
0.530418905971  0.438266219765
0.500997414686  0.515015297822
0.571419285752  0.374860965354
0.601137980621  0.441049858525
0.468228836229  0.444779277658
0.443901138122  0.674829030256
0.488071697972  0.429161147431
0.407910586482  0.408880572405
0.493203247964  0.465151819805
0.362724424293  0.425434837522
0.412657419394  0.474866293555
0.424197154248  0.639313625806
0.457530016464  0.539239568497
0.424392232852  0.466338638778
0.442178984838  0.678340931266
0.517196819999  0.415250719147
0.364850284415  0.459822062303
0.488459148953  0.502135243421
0.270222115511  0.66879015907
0.418957838032  0.508151093846
0.542759608811  0.535729709081
0.445050136435  0.537901436059
0.503963746941  0.612441720944
0.563221425153  0.544356300317
0.534149497262  0.563090411113
0.242133251533  0.564760337376
0.594887040008  0.410919692394
0.52531318205  0.514455071913
0.402260038428  0.407828753469
0.521213097559  0.481027748781
0.434163541268  0.543827002848
0.48082095096  0.500272854939
0.45379774846  0.627484683757
0.416380147148  0.546579336383
0.53236960744  0.323870804741
0.619468458372  0.506243326098
0.549161769778  0.624214480719
0.529347798391  0.589977723988
0.48949695658  0.539927355151
0.624579611107  0.455107404379
0.519462082948  0.526393061436
0.609862194897  0.631154422692
0.450361248315  0.429405777553
0.506397655185  0.626752531552
0.417518217803  0.459447397696
0.421885421787  0.623211160315
0.516045215335  0.415321758024
0.504128910698  0.538980064583
0.6447265652  0.648269726821
0.565223769408  0.363579004347
0.555538586669  0.59098998017
0.43405600599  0.521888804227
0.476085910512  0.530015653924
0.439909215204  0.518488881806
0.571824389014  0.565580262739
0.419866512295  0.444576212587
0.433218311959  0.453963586544
0.528782119633  0.574874441766
0.43999266352  0.508056786152
0.421788728907  0.458722795392
0.748141276067  0.464665158652
0.511486855042  0.532522959086
0.461082180633  0.527590827617
0.343885089324  0.532443513867
0.476403596749  0.668523342006
0.44516327636  0.342702413245
0.763766442435  0.382055448529
0.408296912698  0.529864292718
0.375598117501  0.441503015943
0.417987911487  0.423423535492
0.725046553174  0.58939353263
0.566090396923  0.406135540015
0.651025859107  0.330843953846
0.50138231357  0.561945322541
0.325970434558  0.450200674827
0.362138754341  0.427148146936
0.500915844929  0.422237390347
0.591249518987  0.404477144507
0.616797187931  0.532437009188
0.270231683579  0.394417976533
0.568817381344  0.499385639784
0.649989577408  0.571895927818
0.539003642726  0.485184623564
0.547797028715  0.49203150442
0.244876236439  0.504953008624
0.553598958716  0.533879444505
0.535589389649  0.382365854106
0.366178888958  0.479688387166
0.523725824664  0.407294721387
0.318602075585  0.37971674277
0.488599769713  0.645306467476
0.552302662522  0.502745974742
0.433635575139  0.579878796926
0.342166228283  0.346180882594
0.178055078722  0.608454512349
0.607637894887  0.544351002204
0.450590652808  0.61299729457
0.524864797094  0.511683629747
0.427834118481  0.589666080152
0.337804727086  0.315782804717
0.569240700681  0.516711226938
0.395802189481  0.432651771208
0.388657932146  0.587561447752
0.718746455468  0.659327157187
0.547187357034  0.525312941558
0.598402556212  0.640183378453
0.561816172355  0.430398834203
0.366814966372  0.555281338545
0.527942734293  0.459350515545
0.445621971529  0.495813097434
0.478375334658  0.549245264701
0.525982970125  0.583916915308
0.525872131687  0.539174066877
0.684433374084  0.556637832632
0.338290982468  0.635967244635
0.575944222478  0.441842826026
0.529879243167  0.478596332718
0.505889246285  0.501389919032
0.401738956288  0.475539525242
0.65974609706  0.669953265437
0.542503304169  0.377612448638
0.486186287797  0.473300147771
0.495576574017  0.539626540457
0.529378060435  0.622623158995
0.422126275315  0.559056100205
0.517501636709  0.528655210829
0.406027777192  0.507955314593
0.368982465906  0.444456630843
0.695664342655  0.378286853646
0.554816044426  0.384361377708
0.365565751266  0.53301599494
0.584603557609  0.536633108549
0.469465837868  0.463637721018
0.550646776736  0.321851824715
0.513099749182  0.560291099694
0.34394354028  0.377276088512
0.529032138355  0.504126625715
0.600739488968  0.493609317717
0.436322344587  0.409570087166
0.432560069407  0.628661919507
0.353431576132  0.584860464629
0.408311560438  0.598680832494
0.3417817206  0.283385378026
0.564428239524  0.566475444424
0.429158719359  0.476378236965
0.473828057668  0.588087948318
0.561948736176  0.734502253715
0.612944269364  0.306663132209
0.331791485795  0.440666538168
0.466371578748  0.537763604153
0.492018357103  0.442497496386
0.7526655122  0.484028578504
0.419436468488  0.573633985124
0.525902883495  0.498688372364
0.488132732867  0.507836507342
0.389737735501  0.512447383476
0.588381120687  0.603840055765
0.567211553521  0.181490384865
0.491288679101  0.483885540289
0.360089799429  0.542205014383
0.353393284477  0.529208116277
0.455293249539  0.721012241122
0.531965347189  0.334948237913
0.496211220898  0.229241769952
0.553635909042  0.574549392178
0.356844985954  0.381672768465
0.389149553422  0.462584681682
0.37801799757  0.418694603487
0.380907703236  0.65829475551
0.476135198814  0.590794488463
0.536423412706  0.484553502292
0.586919932959  0.390449157136
0.70679006454  0.412817390657
0.30094152962  0.50263661478
0.585986111348  0.413044357252
0.634732829364  0.529804499596
0.619779655787  0.524013988631
0.418199498164  0.501142726286
0.402517419052  0.50361845052
0.498667082208  0.341638208897
0.483141955586  0.474716223329
0.481682193821  0.508236730213
0.575575791939  0.581701740084
0.549387950509  0.413514651439
0.464075168311  0.471916263811
0.524761667904  0.616460080928
0.6860938674  0.313558387926
0.44772144258  0.347506967682
0.396016372267  0.464370832352
0.355465663294  0.646682992673
0.516934276565  0.380844930546
0.656392313199  0.390659997265
0.588570291663  0.526971831473
0.573831886642  0.425256546355
0.55558803683  0.459589223567
0.498097919598  0.578611863713
0.495325088928  0.50342230552
0.832257538801  0.488461254351
0.48075853121  0.381785296897
0.401792058892  0.444130588374
0.485856429467  0.407903684163
0.579417223455  0.555255880197
0.248874690452  0.363939839386
0.436861328014  0.450157268524
0.421749665618  0.346272927741
0.589744902999  0.426110415582
0.554292182192  0.565485848683
0.434083215651  0.585127505589
0.546847037802  0.523864955113
0.566866179282  0.48172203555
0.184824014712  0.532324315463
0.503331348351  0.242294096179
0.473613889762  0.400915093976
0.506431903934  0.437447650062
0.578351811856  0.438653223899
0.388910549485  0.436643399973
0.509483626372  0.553873539203
0.450785425652  0.340748634079
0.381469717192  0.605004943187
0.566861176434  0.437632041584
0.372744622503  0.450487023989
0.559229119416  0.365047497245
0.472640423844  0.554886837465
0.527035977919  0.524676889176
0.395451017641  0.599203805635
0.470170941796  0.47966613467
0.48212009739  0.459915532154
0.503494685326  0.507319511742
0.512834468517  0.437561473241
0.54264069173  0.702496725439
0.472017278906  0.440722114769
0.556458093432  0.478346804868
0.600035727091  0.451240000562
0.560867771426  0.328843250188
0.369943206477  0.643689081927
0.56989803443  0.441264154425
0.499475375798  0.500922262074
0.320176098494  0.391562539891
0.365395706586  0.401764198403
0.557376818092  0.480478636412
0.515425384641  0.423810207227
0.6195488561  0.545568683625
0.518319076954  0.489783151845
0.448224393062  0.609494538302
0.388949369206  0.443956736402
0.603212624619  0.566776965963
0.639936032157  0.400199491503
0.559326816104  0.467526399397
0.470811574545  0.514693706615
0.428818372078  0.347194925222
0.410761068777  0.497001872981
0.488568045753  0.596142555417
0.436905476147  0.511787470442
0.616505226072  0.509806375475
0.498753399635  0.490912722124
0.331967701639  0.483223253117
0.437822647488  0.509369141514
0.576688147036  0.662601420141
0.562462978444  0.589621077875
0.501281996491  0.597997355412
0.639116248  0.446291469324
0.550712720441  0.423557760334
0.465331098774  0.543767757107
0.51639370025  0.498737798172
0.599682190672  0.675912862113
0.504517997163  0.647465058917
0.404485868287  0.609769051514
0.620266335777  0.347014033923
0.599208829329  0.395683154958
0.140980564603  0.49551593327
0.328453324839  0.385148971274
0.45418834247  0.485150892397
0.478099339882  0.495558779115
0.525000002586  0.514889080328
0.439034625366  0.47128733113
0.417034759532  0.455187072472
0.383397288077  0.486100829682
0.290067854548  0.540120389663
0.468330979764  0.545327182827
0.452692086217  0.608564701992
0.485934547449  0.481127188469
0.715612196493  0.591012991548
0.520717007593  0.548798493248
0.45377939321  0.521660658347
0.324003451469  0.536701044462
0.534687493809  0.636999811301
0.416596666642  0.445505638554
0.444548260871  0.488268384328
0.456657573061  0.431934994271
0.536101593838  0.582134042463
0.396145434826  0.578358549947
0.55678305062  0.525859224139
0.545245377539  0.445243597048
0.328941278814  0.486850762158
