0.510979447513  0.530528286632
0.415575064035  0.452293913349
0.267743776596  0.564873852068
0.528290283566  0.495552222015
0.304479707881  0.551111435368
0.489316907195  0.459095374555
0.525737691314  0.360924720424
0.481259993751  0.434019987017
0.398021092105  0.346081844348
0.65260762293  0.49348545675
0.396141821856  0.516662606558
0.61145814655  0.610631267536
0.550917038839  0.514253083976
0.368855491376  0.566100514486
0.663791511421  0.495188082531
0.611020391938  0.625228458887
0.560277321472  0.464370481916
0.371360612425  0.434102243636
0.2340395026  0.441080612937
0.6164168094  0.494429877574
0.643086553109  0.472006782661
0.204190392068  0.462124577049
0.377308592927  0.560038041838
0.523680309347  0.446065100284
0.523940498387  0.459826785058
0.636133989092  0.522013059242
0.487094027337  0.563690111789
0.504826182  0.494940229546
0.550918223947  0.499585478383
0.578617079999  0.427309765407
0.401963765572  0.422163479034
0.658265516728  0.322686437483
0.391322660285  0.435718951917
0.543134581151  0.521585417497
0.559156794643  0.440965307121
0.496073714485  0.319703617797
0.572514593045  0.362809670244
0.530038125978  0.406642000983
0.463850141983  0.419377429614
0.377158502729  0.610461015319
0.252517961899  0.60749673653
0.571953373775  0.483853061028
0.489554433094  0.438909345131
0.566610073521  0.611895179276
0.635613118691  0.418265418934
0.493077531036  0.250830129527
0.463305977647  0.471312512672
0.549013734957  0.510807953015
0.401066944634  0.500520479072
0.527261057668  0.4075888714
0.274253548199  0.50126370785
0.473610796274  0.402258658335
0.41089419882  0.38952294539
0.492402069278  0.371755070805
0.463684084169  0.605557879569
0.487207553002  0.494042380364
0.631016134243  0.256332859738
0.664767678546  0.400393202703
0.413148352068  0.488860574539
0.49872676599  0.426076080595
0.418540733692  0.403424872129
0.585536597014  0.567539427693
0.371797759582  0.517753190111
0.714419721739  0.55039387928
0.153450988327  0.531305101451
0.484569373456  0.36527337363
0.585069059054  0.513689141144
0.493088003362  0.510181060211
0.481963919534  0.39420712695
0.497780233925  0.480856039495
0.739191218416  0.565496258511
0.418562385609  0.543855366318
0.447119009053  0.450673628524
0.514918955411  0.570451652472
0.621864301216  0.417441836452
0.493200497522  0.474432152906
0.541583576553  0.588304371306
0.360490313285  0.339785756478
0.388023361984  0.435180245828
0.519733220643  0.334630552658
0.536414793605  0.320506426995
0.385656891819  0.577456743782
0.631249633082  0.476398436797
0.314741939339  0.644215044699
0.595513975347  0.540107766247
0.257817819304  0.396655751517
0.457169248605  0.443556086083
0.45717214213  0.357570432162
0.420283155235  0.354960045295
0.337124665069  0.491176086759
0.557570566057  0.580616935176
0.647574483842  0.551359667181
0.599071267195  0.501240525427
0.45264217036  0.504970917207
0.615912125503  0.541486762543
0.458188360922  0.660618987659
0.488856335783  0.354350523383
0.318925856806  0.507939103618
0.361516896257  0.554310459976
0.46153658153  0.390350140118
0.392501063442  0.49144675997
0.447244586201  0.423939538885
0.328760844167  0.537452045862
0.43121261063  0.555493202247
0.43082360782  0.487984493713
0.554038614863  0.504282846556
0.324415408392  0.543269184369
0.422628738227  0.449709065956
0.483984625632  0.33235693264
0.537858177856  0.379167241248
0.368193386146  0.468165477084
0.470746573328  0.455283350938
0.355815807292  0.602241479729
0.458058509761  0.366904176097
0.515519899838  0.440267164443
0.509705236195  0.542821392096
0.317586732766  0.527798030823
0.554046775497  0.411889689993
0.339267814415  0.374475821202
0.498454008631  0.55952834793
0.456062103859  0.450529379264
0.376372006487  0.473557253051
0.576586198415  0.655768766122
0.450531476381  0.466270617566
0.45085197383  0.445340661156
0.406352259855  0.410532659565
0.375861411026  0.40183393537
0.494042429461  0.646621806144
0.432449379903  0.481721932817
0.29911508234  0.625894442694
0.485811964058  0.395246204092
0.430610530446  0.413464753334
0.645916279759  0.411565440883
0.401102742226  0.397103863532
0.564471525871  0.618903827624
0.448083388589  0.491223674015
0.339496084927  0.455797814999
0.401060442063  0.456263248673
0.309336043477  0.499788689539
0.442215359402  0.69137285295
0.398834034624  0.301808269959
0.395267913672  0.417202339146
0.604733968481  0.495803794061
0.49264123739  0.466978554953
0.621260347075  0.601250159948
0.51909781745  0.394447942295
0.547610191634  0.624947033927
0.468459018375  0.470203248546
0.638101889787  0.42994349631
0.63856765477  0.471290628555
0.551062513722  0.679605199306
0.469196693568  0.46544204812
0.611783379403  0.691694915487
0.186034647197  0.526039206295
0.489327810488  0.50840197399
0.397299452135  0.536526140792
0.705681993218  0.499717088138
0.483811131567  0.486640056019
0.405613945472  0.747079935782
0.387086674057  0.602728745718
0.444444365314  0.515890763145
0.306769867215  0.420017462096
0.465667502996  0.531650408544
0.542767934984  0.678031137882
0.477825438916  0.621984984544
0.495053703076  0.517218925554
0.465005291785  0.339082399834
0.616813545383  0.550505688885
0.363289499565  0.503618512402
0.524808576298  0.322629872998
0.373946970021  0.51654048277
0.540491951868  0.505730989955
0.323893832793  0.581195023353
0.584327043555  0.439138958675
0.402981940525  0.61152086497
0.4417407291  0.500319732365
0.436317899484  0.571122265138
0.449365447797  0.366376210974
0.328231752343  0.534775033225
0.337505415205  0.414048742705
0.535502807872  0.432187179067
0.2782681189  0.488838591131
0.448553206409  0.665720619871
0.335108117474  0.617360659468
0.292263923675  0.653306875665
0.435700508164  0.459912454066
0.457248776639  0.46178597461
0.423400675525  0.498703851425
0.53802767356  0.394764798128
0.438087762767  0.599720607242
0.65406168818  0.419361780673
0.375258296891  0.556662026597
0.508427950313  0.420300665834
0.515681263403  0.537034007494
0.220923264359  0.361321505307
0.516485744295  0.394611950952
0.430798984313  0.447704400985
0.498484128711  0.467579340323
0.396655020847  0.561916832744
0.438564789067  0.681024657154
0.395338751695  0.477387855833
0.736679488979  0.512520612891
0.418107270763  0.517151063672
0.424293217975  0.404293929949
0.44855710429  0.329914225102
0.564627688374  0.293062833658
0.691966291013  0.414542301914
0.494967932366  0.62512713353
0.444609481099  0.582490432474
0.350821577438  0.404445356427
0.406985709944  0.383702484679
0.370303047347  0.46317133702
0.497555318525  0.648406015349
0.373338526641  0.601417327514
0.54365604969  0.521670480125
0.577567848907  0.456624406742
0.318397355811  0.57021356984
0.439786527376  0.360351624305
0.430934045251  0.458669382511
0.426378698274  0.526775415297
0.409291201757  0.536106347024
0.496050247771  0.313181789846
0.384368212391  0.455593644794
0.301039556666  0.491311077903
0.598500191595  0.336798891587
0.348372215243  0.343674357779
0.437097204559  0.590386948496
0.448974860341  0.44348840166
0.579094489354  0.3541956855
0.606982938053  0.210396015632
0.427513252924  0.440376813704
0.667220353267  0.429068986334
0.634380809386  0.38446685068
0.583729378247  0.523073225787
0.492363968392  0.370338087849
0.366698853675  0.497408406559
0.606230583954  0.359483434627
0.454186483735  0.1909909299
0.433672493787  0.640263448946
0.422873914055  0.445852559544
0.400266931377  0.376097707073
0.305151247226  0.522386862839
0.551370119906  0.459896494595
0.493724435649  0.312594147059
0.428115064242  0.481484419034
0.422558100776  0.353130760056
0.397844151391  0.43193515707
0.606234197547  0.590172633044
0.427001098883  0.615587190635
0.595780765846  0.553558085745
0.445354980218  0.504621648529
0.618443511758  0.543698563496
0.502715970938  0.425515381734
0.453709992581  0.412289368995
0.507717544366  0.584551758439
0.555529894128  0.524420911215
0.621207656312  0.539549695244
0.396009429166  0.422352398712
0.451277385156  0.430673356261
0.313026060204  0.549809520213
0.426999297791  0.482883947333
0.518055148339  0.324257300081
0.58963442602  0.61747040019
0.514439728425  0.543323995232
0.620861439471  0.394125155114
0.415944946545  0.389603742756
0.725636083475  0.410252675264
0.383858493355  0.525015103745
0.360518805994  0.389532889018
0.753593695741  0.434148408269
0.579381659789  0.457064264192
0.659512968498  0.449019730734
0.772627397515  0.396774677567
0.359851364081  0.540537969394
0.3725920227  0.426043590809
0.547925296931  0.35018480217
0.622379395318  0.508974333116
0.478445708708  0.587633614385
0.509323545099  0.376949525129
0.438499547803  0.406704361539
0.515346526154  0.636993862868
0.495167045808  0.406839884241
0.383965779931  0.365457983618
0.45383570342  0.355815492946
0.396518429348  0.512455834149
0.419578139939  0.3711827996
0.435373689795  0.298769932148
0.609537291362  0.288081791818
0.491604656675  0.528576707674
0.444803385534  0.527299023351
0.543734358057  0.588707114121
0.446406821342  0.563611444478
0.392716181627  0.613449564316
0.363464652012  0.495882951968
0.626124300005  0.411398999477
0.343905833398  0.488300711664
0.584580780521  0.595234610432
0.638461166104  0.445261141127
0.500555729457  0.488616569475
0.508502581379  0.345073854748
0.388728891294  0.625313210461
0.447407223731  0.565322462107
0.433543122485  0.56648330331
0.721718106429  0.626523589714
0.436331377931  0.436136211731
0.610457261263  0.615047670497
0.615526285172  0.414635951347
0.537509832891  0.525701023192
0.575138056673  0.45103895264
0.667012248424  0.517256107102
0.486748258515  0.432524181962
0.442845427894  0.461923441288
0.472808557759  0.664252505365
0.433703947812  0.591041842552
0.595124595546  0.405409954428
0.498499128462  0.517580912078
0.414335748802  0.605170357152
0.390163794271  0.384364792842
0.566064523962  0.51592679807
0.483034594091  0.583056589093
0.489755692224  0.450845070158
0.45848973168  0.418013601226
0.444073460323  0.464861913995
0.347329957488  0.650531996341
0.624142823539  0.379661598237
0.571788633854  0.463506658619
0.410403049192  0.631338357489
0.653968459516  0.491418691309
0.430725874831  0.508380248037
0.523100481573  0.351306899992
0.428994644125  0.270017163157
0.566016245252  0.456211668438
0.328671436171  0.432952039451
0.415177648156  0.602719127612
0.442310570305  0.609874493928
0.515713236709  0.615387059617
0.468564450392  0.355174366898
0.564971230827  0.474042494222
0.514057314031  0.586373221819
0.31272401687  0.409289066771
0.352588633323  0.598175419007
0.385637340698  0.669154341989
0.475357795272  0.649630304674
0.577237113907  0.485356486773
0.566620094514  0.483463912517
0.366755951341  0.61826199539
0.496203954221  0.60188004152
0.449075794581  0.450193898918
0.510331439077  0.599439343148
0.517398712225  0.420826677112
0.409863024922  0.525113083184
0.466153376546  0.370219575004
0.47148633071  0.441364501053
0.467478638388  0.287305647722
0.321342462695  0.595253558969
0.348434421043  0.379925062936
0.640184659991  0.427730854735
0.451665084184  0.396386312739
0.460914028529  0.493701561063
0.445937147459  0.755023544935
0.502928539565  0.433764011903
0.460328613775  0.532368227374
0.385267854951  0.335686729607
0.475569378918  0.345326308914
0.432005657544  0.549415472375
0.400007577857  0.606364173292
0.469475494471  0.494076187117
0.437649982612  0.524813485731
0.493732522524  0.507030238752
0.63355591663  0.631907895768
0.320897022601  0.541547562424
0.52978881624  0.496154760063
0.482660664163  0.466369440689
0.382371511693  0.46919436664
0.488693467823  0.422686188398
0.533739273986  0.556099045648
0.442755473697  0.489099057778
0.478555426374  0.417555540922
0.550291261085  0.472671107658
0.595121873305  0.448202767505
0.717740202137  0.630776295588
0.460508038463  0.563089341823
0.366257411327  0.515813184748
0.353074446799  0.553061562902
0.383575861418  0.447704386278
0.455994394803  0.352700353798
0.554776599463  0.536190014885
0.413426182803  0.39072227093
0.515999537805  0.450943617259
0.624834541951  0.397855292004
0.439655279444  0.383483928242
0.443606427466  0.357188506922
0.372316879204  0.374456564529
0.441659842287  0.235086281039
0.711230918776  0.426747189007
0.629061644356  0.397853241638
0.488561543936  0.491060328524
0.578620741521  0.701905776299
0.56171683275  0.498721407968
0.70035926889  0.450249717663
0.680080847066  0.396659436514
0.484204674818  0.496209484578
0.286996513749  0.483091211221
0.465851262296  0.518662578768
0.395771332924  0.446379941864
0.59316098994  0.551904821296
0.464317551218  0.479130002023
0.228213207479  0.414898369483
0.404900991154  0.546405633673
0.21017104694  0.363087144055
0.68225094706  0.489938240188
0.557193177283  0.396784659039
0.596608277745  0.59480524832
0.64461156561  0.414220763867
0.44418540233  0.424702880075
0.418266937445  0.444814839185
0.633288770331  0.3474257776
0.367970109306  0.643700506616
0.430414396242  0.533015880639
0.412964480165  0.513328843013
0.483161719594  0.419596953079
0.529045243644  0.47131925441
0.292269177297  0.411854951081
0.492546563341  0.491657876513
0.473919269798  0.313293021132
0.488449956322  0.438495688858
0.403560620817  0.485668328266
0.465677077272  0.328782780654
0.499049668057  0.547400518442
0.36374984804  0.462838445239
0.498674464122  0.469042307314
0.41263746618  0.513910849006
0.669551635733  0.424489312538
0.662281524029  0.397755925311
0.484913739275  0.417633037248
0.561571083673  0.483681902722
0.509780686621  0.340987382267
0.679767498427  0.49717458612
0.407667999098  0.487968723598
0.488493908676  0.419217234721
0.426526608947  0.591190768692
0.613201742496  0.337612975274
0.566156636515  0.496758196034
0.474831881558  0.514243464333
0.418232565362  0.43427522615
0.378647625894  0.451419679784
0.523314034919  0.362912979829
0.686618288053  0.463023972593
0.444189639976  0.407546553371
0.48735798509  0.434938771661
0.418283215459  0.342436046073
0.429254569062  0.61577254723
0.448977802015  0.591392151303
0.475473339353  0.617357652968
0.421251930745  0.437619345986
0.515361062396  0.490693611767
0.41100632875  0.369077235153
0.530012305486  0.392968400595
0.402211649651  0.621140638224
0.528080693914  0.527095174681
0.453424374045  0.481168641919
0.41364480479  0.462150704289
0.495150624975  0.228943513862
0.248137825448  0.484141757512
0.320088970156  0.517394295337
0.577931601059  0.441988274995
0.415343758637  0.515925218004
0.454659923721  0.51442867596
0.503610922482  0.364546355868
0.409050552207  0.559406649843
0.479107993128  0.63869312742
0.493512468474  0.396634202074
0.55593728419  0.438464642155
0.567885845215  0.540137977546
0.373999053424  0.310215703271
0.441119075392  0.553110900342
0.329384053134  0.649860128827
0.36670908436  0.508417300673
0.452374503275  0.613430615133
0.504061105242  0.488596333771
0.4166874039  0.303307610708
0.392466600454  0.306122353997
0.397058510595  0.446813381761
0.564308660211  0.395194775617
0.448169518608  0.466866911679
0.593495187411  0.556437088049
0.359075242349  0.261905531111
0.416704445147  0.379777211158
0.368533797703  0.493712382476
0.554198582819  0.643027889475
0.522104423307  0.520226006868
0.624612843767  0.439917746347
0.501903952162  0.40450687992
0.443633635437  0.53943686588
0.579455660609  0.504891120272
0.470916889671  0.656249186665
0.245007015318  0.405140812804
0.689131666541  0.559988016996
0.542564743837  0.418912222287
0.608784801791  0.492302890313
0.131686760807  0.522757680469
0.501902745042  0.52613812674
0.424701794012  0.591519089024
0.425123025775  0.522904857873
0.56802868264  0.642586253158
0.482603222488  0.620756464049
0.408884049661  0.511546804735
0.400959123817  0.426072128276
0.514523251585  0.435223772919
0.546772117049  0.308870904994
0.568682785975  0.411677284074
0.449600701621  0.486268875351
0.530919490786  0.428329654868
0.526985209821  0.398536062951
0.509696791379  0.459331546467
0.345547301763  0.568407214604
0.430231771951  0.3733481307
0.350354401183  0.423767308696
0.509171972963  0.540194216655
0.45272698348  0.486278380885
0.585487895161  0.331164062177
0.417616302338  0.376187365952
0.533800731603  0.363471421814
0.577985070707  0.519720161333
0.329653329131  0.613328681512
0.490266877109  0.465836796426
0.581973838186  0.465881157995
0.566318423091  0.574324141135
0.353273099739  0.496572623501
0.423469821961  0.392909535544
0.414853314159  0.532014257986
0.442332302265  0.538677506823
0.524202294711  0.467775164
0.501186008628  0.661885223982
0.606866351568  0.431454851511
0.433262462163  0.539749117846
0.331904628151  0.486228012109
0.527874526265  0.318021404149
0.52952205776  0.483612578986
0.424312985956  0.497277232041
0.409152400456  0.546244900948
0.430020693556  0.140611489466
0.514483518786  0.308964628136
0.519202702492  0.480123443731
0.502144028289  0.515180394358
0.453415961627  0.532356073823
0.426750074786  0.322306729692
0.593493314688  0.693769535116
0.262773959549  0.595008986836
0.470376303347  0.625032754115
0.441354220794  0.487221865455
0.657612466439  0.450140588488
0.486300001162  0.578107631297
0.589073767924  0.402967948412
0.468345206836  0.464616509127
0.572748235044  0.496009714423
0.369028573203  0.380522593933
0.534016809353  0.403663905624
0.533736473196  0.332611576344
0.487675835552  0.300728174937
0.812012796342  0.394681168084
0.35569593088  0.470661742472
0.667874926964  0.461849816559
0.355568193875  0.547851635298
0.309538253746  0.423917573554
0.429557645622  0.399591178437
0.447887382634  0.316782028564
0.448522016946  0.359328963321
0.540019693004  0.423958541639
0.500939773811  0.45400097656
0.546994246601  0.497663303285
0.49837511391  0.538160972797
0.362306231413  0.309339064756
0.421779560683  0.50695248944
0.498944354576  0.439937428187
0.503796053353  0.430709364477
0.466356935042  0.291927368377
0.451331208624  0.29979307048
0.427104706623  0.490180659111
0.480864293203  0.511901059647
0.4187693767  0.388315027403
0.542686494469  0.567439789615
0.457499115166  0.291781984442
0.477443022696  0.598213219428
0.522076247083  0.431016201396
0.547963862141  0.427523917423
0.509604003185  0.489149285591
0.316009967519  0.518744698625
0.520009398083  0.495880629066
0.525938795739  0.440957578719
0.469111212531  0.597773905211
0.545149684806  0.418881691636
0.493762751453  0.420096887296
0.684079454362  0.487392689477
0.501437391032  0.53760554773
0.517436449406  0.364372905923
0.51793304587  0.605778839477
0.520806602369  0.454339218789
0.60326303802  0.525826600968
0.449666212919  0.553986253121
0.385535655949  0.714507551719
0.527742324323  0.493536068331
0.554602780937  0.734151364707
0.43973878542  0.554357177687
0.607481520159  0.448244513325
0.465252694837  0.31429232837
0.62195745571  0.634249043064
0.622857918179  0.345458005696
0.544285710832  0.542971285671
0.540269903344  0.734206813723
0.640244506903  0.593275632638
0.62049998386  0.378275757596
0.437229700751  0.558965507889
0.497861418273  0.534908008119
0.347002715902  0.601146213665
0.520534726933  0.329764719746
0.369845782756  0.544380191478
0.591414748599  0.377843246461
0.363693631892  0.448795149934
0.46155685057  0.370890045233
0.470388361693  0.373387390899
0.484138939084  0.530215237898
0.566196896875  0.538986630855
0.470237395265  0.440305458769
0.559254100291  0.424996706572
0.616989469204  0.596208765549
0.300051913443  0.536220692429
0.350382142111  0.424208030091
0.434429857113  0.560008566735
0.641122073569  0.525599498406
0.342334382834  0.357558441455
0.48619572189  0.353583364595
0.560725181138  0.483345254194
0.392215008522  0.522832419121
0.396534718466  0.500822353315
0.381439213727  0.656666927568
0.434553238155  0.309930438197
0.537109610516  0.629282406757
0.439409170844  0.366866426742
0.616116234611  0.425613943878
0.651501608875  0.513339734781
0.602507150288  0.510998418297
0.592211059775  0.390860092843
0.444897205695  0.397615567956
0.662519021866  0.427969592234
0.41815044634  0.49537601734
0.25313336244  0.449789909995
0.461157439294  0.550307458871
0.559120633083  0.530526426459
0.56981545636  0.395889640046
0.526476413257  0.489570622784
0.767572208036  0.244765156913
0.428904912289  0.644780805075
0.439950260762  0.451753175873
0.36128478745  0.419779201071
0.394329453165  0.521050651715
0.533377317625  0.459323914231
0.448840827955  0.438970359194
0.34929744534  0.505234059626
0.403481708772  0.523177579159
0.395721194923  0.488848809922
0.526723298876  0.508074945511
0.278962756396  0.446494283935
0.48765053896  0.588196879744
0.478921218782  0.442134170598
0.512968158794  0.448576355737
0.458462596715  0.504902398684
0.437152884159  0.594362141476
0.485139974826  0.59754383626
0.507951407639  0.329304742883
0.419468059397  0.384345105854
0.401128936834  0.500254491098
0.559855805717  0.585517708462
0.605914532344  0.427062086229
0.477121076163  0.510663871642
0.43257693872  0.51154527213
0.509061511846  0.541356341202
0.472892837465  0.481667326719
0.410082432393  0.510697332685
0.557613296233  0.471628652463
0.371334052279  0.575282527019
0.280211532763  0.435936291895
0.407597332034  0.359589439314
0.458187052996  0.479453119964
0.331756596059  0.459878475854
0.404096565598  0.514192106667
0.549735353617  0.302607856189
0.523280069322  0.4106025027
0.51564235327  0.415060017088
0.514161469252  0.535480290073
0.495821542571  0.415897679316
0.420533773335  0.598623008861
0.341409296657  0.446558138184
0.33821537216  0.604315635801
0.371846167074  0.401908027465
0.730089650888  0.295368369551
0.485122454154  0.53592392945
0.324501081156  0.494951849171
0.55243485337  0.646648582147
0.498840424229  0.485228590034
0.583157107824  0.428225643084
0.535622941557  0.325169989118
0.338657729063  0.428286590421
0.573485583966  0.511862363953
0.396712403341  0.59034354426
0.580633024165  0.499875907723
0.517621519693  0.448265146613
0.502101448336  0.493829532356
0.469478823303  0.533356130233
0.581904904361  0.549504363736
0.506565086682  0.466219558676
0.497948617158  0.491427748885
0.270091906667  0.363634286809
0.424741983408  0.330157166421
0.423564504928  0.520147012509
0.257819374689  0.427864157503
0.499406872052  0.445525861687
0.439450995788  0.71050009821
0.384199620519  0.543434122332
0.362090959021  0.525393857298
0.539362718104  0.545730005214
0.481736007022  0.422938600618
0.311911956309  0.278406723536
0.568113937024  0.42140565016
0.500915282247  0.555677187412
0.502344448264  0.496543225858
0.387919333153  0.50997074178
0.497718194652  0.553445438601
0.486270225155  0.523821155441
0.487733581994  0.287360222108
0.611940256772  0.415409315294
0.556234203018  0.593004247947
0.392132551941  0.440874720728
0.276641743044  0.409025935121
0.579056104829  0.370915466308
0.672300324149  0.564085323522
0.672094613188  0.453990539532
0.556386996465  0.486340357371
0.516314229934  0.415405695947
0.425227549809  0.534570867453
0.403921002406  0.589216801416
0.520509527762  0.280699656201
0.481599368564  0.485151326349
0.575297876576  0.447211275089
0.555894934408  0.280488051083
0.465113837755  0.490353547723
0.431702151214  0.411124874601
0.470135398658  0.432873095803
0.31645779814  0.555212324661
0.477211152437  0.62946665652
0.657234135986  0.570171715879
0.245116269104  0.496079403419
0.524915452387  0.700873755236
0.551442017457  0.463919859521
0.4503830606  0.642779462145
0.441972732513  0.539361213949
0.592362985527  0.539651104327
0.635206156084  0.611776141543
0.482307621686  0.400484325326
0.350251687153  0.631571101055
0.582088332516  0.409814495721
0.473842546558  0.645793797878
0.549561715883  0.637083728534
0.526270048184  0.434824942856
0.281127423799  0.429154702189
0.576197046793  0.517675291994
0.657201559008  0.395644437601
0.505920902696  0.896552654292
0.159973764921  0.481552560377
0.227135056363  0.295955280729
0.619308634526  0.396857064856
0.618323586395  0.596676745261
0.573823687948  0.557785451589
0.541353229377  0.499244240723
0.416490875806  0.521868226626
0.523952718662  0.446505417027
0.615953785487  0.498027825418
0.448934385436  0.28539409031
0.470815854294  0.266124370591
0.38663225839  0.506681442867
0.417434601188  0.575739858377
0.534408400776  0.482001130047
0.466823482433  0.443393584474
0.604247405479  0.433969032196
0.751134025236  0.346947364754
0.416654404141  0.287756134797
0.40400328831  0.627377648389
0.68344740846  0.553784483666
0.607687733897  0.551338117025
0.585487987107  0.32578527945
0.415580376358  0.519644901021
0.511843190329  0.421357486072
0.431315958865  0.528802240749
0.375031656608  0.422529294797
0.491396227031  0.540612645583
0.498104504044  0.446591321968
0.46335798262  0.330742645454
0.643246352384  0.438193164284
0.443561566249  0.34560717649
0.410000151759  0.423043767923
0.449977004345  0.512895063782
0.528411962225  0.492203111932
0.422424055812  0.389066835859
0.449921761397  0.414592347901
0.442799022768  0.442319956183
0.366456638845  0.500319684365
0.447453164791  0.348126247488
0.644588021756  0.507189131662
0.438777383832  0.460903141169
0.482272439559  0.465623310216
0.464789520983  0.365425486711
0.525286712196  0.734055688275
0.415663932152  0.440457717989
0.64612074255  0.425836284128
0.426812791654  0.582795587293
0.440638073543  0.432959794765
0.508999347312  0.417829317841
0.44670666644  0.40998289896
0.482238459722  0.514905955713
0.430286283602  0.572553447376
0.515701105405  0.375752312548
0.605766163016  0.481119649117
0.634370929957  0.593955798065
0.497887991236  0.305350411149
0.495677853204  0.351373543151
0.615347927612  0.451307824723
0.473767195538  0.646345634549
0.525038283322  0.507141421676
0.47515837737  0.537744632479
0.707128347147  0.186548769266
0.505473033713  0.309606885457
0.222869504646  0.639632151067
0.482466360298  0.533608009908
0.596594232581  0.396284275886
0.496697261033  0.484856409119
0.588919053728  0.322877220162
0.337221579608  0.471833456752
0.431068525839  0.544557621047
0.530983492983  0.504424387382
0.555526400729  0.314732961773
0.500262556893  0.346885559202
0.590248688904  0.329229003634
0.466256112628  0.538350385597
0.448129268723  0.605343961321
0.578724214684  0.427015175597
0.553993798278  0.470095800435
0.50719766954  0.387386587061
0.450647598085  0.554189425998
0.46705016075  0.345405218539
0.502841273271  0.679139891865
0.488203971739  0.618602913878
0.520482303035  0.405772913292
0.574346950718  0.433787440178
0.524667437608  0.479299444283
0.506658688131  0.550420684285
0.600956036151  0.570196509873
0.364801685488  0.372344828685
0.467636227012  0.414141164045
0.31287665754  0.692838179137
0.52797291047  0.44673369988
0.584184042181  0.490211918535
0.503342910589  0.439125241183
0.480834425585  0.291198278222
0.481787199028  0.736843942672
0.442751150545  0.562482516126
0.592974926457  0.33291158587
0.496589284001  0.351125190098
0.57588387696  0.551646337176
0.406022867383  0.393781244857
0.491590583247  0.609657683087
0.373320980077  0.42605452361
0.470231932086  0.296524492536
0.609475742611  0.360205398901
0.438437791325  0.308129040559
0.701491259132  0.638043407603
0.640451607786  0.632825102749
0.716907943313  0.506647463266
0.362376512206  0.612816268158
0.449249642046  0.284643506507
0.541053828001  0.518058923631
0.70173169525  0.579629826046
0.367793383182  0.512004111436
0.550318989661  0.625343883812
0.516842383037  0.432615395914
0.516357234163  0.264409571734
0.532664487197  0.37699940798
0.410827654331  0.678988854246
0.557676924213  0.454298451581
0.50649036708  0.352153820036
0.371958321136  0.65620827018
0.282559755093  0.360837472706
0.356344541058  0.600228597805
0.507762376158  0.535298455813
0.533006531365  0.413464465519
0.609666177757  0.54772386879
0.465477070317  0.394758363567
0.483889906719  0.394730710949
0.511182195886  0.303377798755
0.499999402196  0.329297643142
0.473593029623  0.501874449799
0.482975169133  0.421677565392
0.303676829589  0.44854357617
0.560586414674  0.528955284682
0.47273262855  0.32899932772
0.622007635453  0.53738295322
0.471198402347  0.469834157333
0.43594427864  0.467153068031
0.384168361538  0.553158784615
0.359630698162  0.26664567092
0.358486901479  0.399908521178
0.523018363149  0.500649134655
0.56063291011  0.522704077872
0.329247820392  0.469761355224
0.627820557174  0.402908033935
0.574969659884  0.348311166133
0.506718308928  0.535632828173
0.378240575329  0.527275153424
0.391996148816  0.500462701295
0.572636118491  0.531066504908
0.513944984904  0.390821969935
0.720617881238  0.610229131206
0.460230941273  0.420976164052
0.53919713796  0.427512615604
0.492278969006  0.675781812949
0.307355516614  0.499649246293
0.396954351226  0.454730787741
0.402490613579  0.497747780077
0.579328628735  0.446047270221
0.467555895022  0.477565722815
0.405547110948  0.407309850445
0.407281221234  0.44188951832
0.408207964327  0.499462896609
0.559440525329  0.411825818278
0.431816128647  0.371548531931
0.384335369286  0.482068692156
0.522645774451  0.47903887034
0.540170558599  0.433618900419
0.378012555154  0.516801811214
0.431274614767  0.520686170802
0.540435802361  0.375817502041
0.527527549983  0.37934355114
0.410506292121  0.387392138766
0.472520743191  0.355777936117
0.581689579414  0.552086504526
0.359370729392  0.531869642928
0.391226638227  0.418439780392
0.519096254063  0.397298425357
0.368893980683  0.464580226718
0.627277780792  0.314894331398
0.456833668654  0.516952477658
0.371039201595  0.60276221041
0.45150384814  0.311006431204
0.509218943195  0.369835827131
0.390902304124  0.663987424691
0.553119977723  0.442630051909
0.645597447804  0.532151175836
0.44985429149  0.600056051396
0.504628610224  0.655851235437
0.345245733273  0.535001396257
0.388527096865  0.541581237174
0.407325128777  0.461602800943
0.612886147251  0.433014628525
0.489322639553  0.585198500332
0.662031924263  0.531048526625
0.509243152082  0.572316786997
0.290081719253  0.406648127437
0.674362203114  0.384211581229
0.556197982241  0.381753123269
0.521522092189  0.557234423032
0.388642207136  0.588607832592
0.579888744403  0.481922238561
0.489313264518  0.382243842532
0.46589731819  0.670769930387
0.394310094407  0.499567172719
0.325330199016  0.612996763292
0.37795849508  0.572699996266
0.385329420087  0.367915731543
0.62613732672  0.32013490222
0.510236527705  0.760273015494
0.376897990154  0.564051284547
0.440791941935  0.428928928434
0.540028954986  0.333232948081
0.494260446876  0.480633897239
0.541105855319  0.467145034019
0.568206384794  0.596104373728
0.456858188021  0.472807555372
0.614935659397  0.501763409155
0.540270215415  0.334821788433
0.714618234909  0.577801112386
0.443258890311  0.476205545506
0.572662648359  0.343615036419
0.446844461889  0.433853805822
0.338079052009  0.359656162783
0.712109442225  0.485169363979
0.612438737731  0.5525627108
0.459669623062  0.479368392784
0.480349788063  0.449542608304
0.474977840366  0.455552983447
0.569460715919  0.416659948099
0.515519298668  0.620310155542
