0.481064967843  0.399502333884
0.406957299527  0.486069113147
0.540650100885  0.348984264116
0.54434478958  0.467474614818
0.466464845711  0.413211580957
0.39741508534  0.584807042141
0.649851574203  0.623513265785
0.481818707316  0.430789167125
0.564008278978  0.403075160951
0.552610040007  0.371468975372
0.475510194983  0.437986804459
0.491883615863  0.468757093264
0.486091571116  0.313061185164
0.430410105907  0.540961854233
0.252199486  0.466932697467
0.383036126435  0.151747946899
0.383410239774  0.463831532424
0.381881268043  0.531549881198
0.604555274316  0.50088260956
0.52869813752  0.452501168502
0.594736497179  0.508287093162
0.38245821369  0.473387375903
0.472292272239  0.522025491938
0.48144930573  0.615487953367
0.351412035328  0.40287264864
0.517704372368  0.568018797044
0.455603641339  0.551453558783
0.527939144232  0.441280865948
0.408490165974  0.391880149931
0.392166004849  0.41197845829
0.378177688871  0.638660970818
0.563842863933  0.452718586042
0.533367519516  0.51244849058
0.562225176165  0.495838706673
0.416091740533  0.352801278383
0.196739458578  0.370685957795
0.480146289852  0.412066787341
0.425126075709  0.673264667114
0.468792028292  0.396976477628
0.407040570629  0.532516261755
0.452259023329  0.401364169002
0.472119002488  0.403201014264
0.557640443627  0.580486813502
0.483468615474  0.282155865465
0.38864633444  0.567510670842
0.681098085927  0.322807401807
0.570676815528  0.447571509008
0.519459360089  0.501476296078
0.426866342484  0.395163536463
0.516414818313  0.585908858944
0.483156913638  0.435102833547
0.413399585099  0.631107201689
0.506143971637  0.543118718595
0.384392611391  0.301471631751
0.345023599936  0.365302687402
0.601222341761  0.379694991818
0.555889080356  0.405362479289
0.365721141559  0.607794927875
0.478132827232  0.517854988435
0.681978317805  0.445683288381
0.525923954637  0.545906921579
0.602104272899  0.48690465076
0.431222014828  0.449083457648
0.514091764422  0.412322782057
0.501826845193  0.679207282147
0.360927916982  0.394089536098
0.390353263822  0.554282423126
0.557357091042  0.56792036145
0.418226754783  0.334800513133
0.471809348802  0.447000850079
0.499629838563  0.389376100054
0.453582845415  0.480389877673
0.455241299158  0.298399167207
0.306787359485  0.478881712839
0.466717952567  0.506996845956
0.442162650887  0.580848106772
0.597821605332  0.442556727612
0.52083744859  0.535111056853
0.469275836815  0.491360142784
0.533658028947  0.440227710385
0.666504518471  0.429883909905
0.414284580808  0.437282114613
0.634552094446  0.537184049758
0.583169909125  0.625685788433
0.455570543922  0.526040630683
0.45519111362  0.394417844733
0.535214948534  0.60488059645
0.398407210749  0.527566366926
0.361949618034  0.62314979543
0.464306362861  0.469497354869
0.478715006933  0.455088047493
0.411878619486  0.512618513254
0.382310215137  0.526544855076
0.617765355523  0.418622322664
0.41267568878  0.469778736455
0.340505366849  0.507269133482
0.689912249577  0.599127902232
0.65197504893  0.361171095662
0.321023360104  0.543609309503
0.542419699184  0.589694657181
0.317309086636  0.505110595486
0.463351386568  0.5673615232
0.49363332162  0.393401151791
0.436445144681  0.515434745624
0.413274485799  0.406448128207
0.452670418275  0.551148657958
0.517544081149  0.330841423594
0.513021877031  0.406710260386
0.436531527134  0.506509457421
0.601551851411  0.49390892026
0.361994495514  0.491340448391
0.550740234463  0.440892070472
0.486900058278  0.29808453358
0.335034063586  0.536979113569
0.413048190413  0.519617722569
0.47232706292  0.322131989754
0.561445619245  0.513867488769
0.434991714934  0.270487114671
0.474779236686  0.523043981515
0.555710806421  0.465753080273
0.53429727195  0.493367409549
0.632403546884  0.496630132362
0.665046611883  0.517635047099
0.411707964613  0.443626130932
0.464797422693  0.384201458027
0.377506682303  0.47404200448
0.518236300069  0.588218983906
0.444147789456  0.528754446742
0.510365812987  0.380292139683
0.464860689516  0.470690387702
0.426239574119  0.432654022194
0.381929164563  0.508216000705
0.374586082565  0.467915342632
0.48948542308  0.777126965725
0.431292227838  0.457667838402
0.66656732677  0.331282506627
0.536306225947  0.513287522758
0.495739532958  0.541796272799
0.362475298391  0.488089532305
0.484880992804  0.34374770901
0.448667175649  0.304961576792
0.479850375502  0.514483051383
0.422551730723  0.57033086874
0.581056499312  0.431876251154
0.383614562458  0.441736346492
0.477621454877  0.596005904982
0.498949592472  0.286237382571
0.346684391572  0.589694664089
0.482995413927  0.46051788499
0.435415656913  0.661399546235
0.663828435965  0.475987596804
0.474785874894  0.646041772814
0.375314901033  0.692596327667
0.688572479855  0.370835763871
0.388630105745  0.361153917705
0.542790210977  0.449360663387
0.518181010428  0.481592614602
0.505083182574  0.274542692692
0.545992750127  0.353974534928
0.396496453854  0.524120464415
0.639186081311  0.295536740945
0.441135119791  0.451833519197
0.536344146202  0.413702286109
0.466863014188  0.457291561352
0.492573417248  0.375459629522
0.439895375911  0.37591181869
0.438137749506  0.356529238579
0.512091215325  0.401155007625
0.491294553983  0.561551842157
0.439512741376  0.347225119996
0.502270646723  0.495925491759
0.496111256592  0.726799521259
0.533637865399  0.421367307824
0.435515448857  0.334326807733
0.417196502389  0.48228206991
0.574124344219  0.483440229545
0.568067174904  0.485186548581
0.596953499179  0.372452807464
0.542260975659  0.491200370876
0.536547859166  0.565909549519
0.518769737028  0.569940976399
0.412300847261  0.461227150044
0.490193074309  0.507217975734
0.416609505796  0.515396079675
0.525333250157  0.516372196069
0.534115770471  0.549179150186
0.443394731539  0.613273606401
0.486431189287  0.508758343935
0.542459016576  0.611731868188
0.60200803041  0.467760562751
0.358135508237  0.558184928447
0.544743058734  0.379203036963
0.643053517495  0.438047753482
0.386892618171  0.716868072532
0.394344051069  0.596037029039
0.520310249065  0.37506109999
0.498632115714  0.496525198744
0.54383372754  0.511838783338
0.53095450243  0.409812548264
0.466319049294  0.424117431161
0.360193702454  0.384734989799
0.518168378712  0.600953855679
0.567132321895  0.324497056653
0.399641938322  0.61233540833
0.438068922886  0.591072191314
0.697717889637  0.397175898664
0.333560517677  0.487257595602
0.513994570619  0.549678920259
0.436362738431  0.518776988653
0.594730854216  0.603848873146
0.466064581374  0.327058231626
0.317303875007  0.450084332538
0.417107765919  0.519886847621
0.423404853841  0.446937072488
0.610357992641  0.555795109762
0.440315600434  0.503617517106
0.411808714306  0.389779150815
0.663569688603  0.521326008331
0.521231071307  0.450454990284
0.399445619284  0.665945386997
0.448968525189  0.488837683481
0.452818960233  0.480755408544
0.38769621823  0.387437825154
0.392440215021  0.444260170765
0.58312575824  0.56978166336
0.51620175723  0.503239048295
0.469302407318  0.521551562207
0.542920947975  0.510347570317
0.381541271558  0.461438136369
0.439154872591  0.553142078112
0.575804822081  0.403098911996
0.256138500574  0.632755967797
0.586201329942  0.22753644369
0.454046102606  0.546656255572
0.439916756355  0.662108659326
0.616885438332  0.498610658286
0.714975121427  0.426508613151
0.433562939567  0.563996433294
0.384852811959  0.387335023706
0.385924769758  0.477563403452
0.600024983434  0.467947765154
0.466858554685  0.387993845366
0.395501730836  0.594006510633
0.492701726798  0.464643694574
0.542170721587  0.554498673483
0.473246470989  0.520035947029
0.468993996376  0.325053348227
0.35282214569  0.518241160409
0.344487668109  0.574010264687
0.407390573975  0.448387505163
0.492071554811  0.526129036701
0.576414761627  0.563166871602
0.571665371133  0.505683169363
0.570501738062  0.741026633146
0.29197365512  0.538522970932
0.501624738937  0.331721520476
0.516254298537  0.551451139478
0.435028889368  0.46152871781
0.465142863564  0.653577061548
0.575578369623  0.520864970176
0.392536931675  0.350582092147
0.520863376629  0.496970690545
0.441875128528  0.44606506617
0.382810978569  0.543740482219
0.542017970272  0.479816299432
0.557361644351  0.277097548943
0.596666465802  0.358835871189
0.593944894679  0.373210663313
0.606018194773  0.403386283882
0.454889918431  0.626791796341
0.578483656235  0.510330096401
0.564083725697  0.447933187061
0.547044745783  0.507655535985
0.511657415985  0.521545024104
0.424240569271  0.483407087438
0.535931512919  0.415679401254
0.52664589104  0.472044548223
0.514217700045  0.352867072697
0.616227535607  0.610030532981
0.557317190277  0.438347735822
0.495414279638  0.430061020908
0.458746006123  0.468513141066
0.339019906867  0.663649450218
0.611766920946  0.457466948897
0.379406467183  0.487655422562
0.447470873458  0.431706169074
0.330859167817  0.463382559388
0.492676808162  0.502562400459
0.6379351842  0.466448345677
0.314916290329  0.403864537002
0.465569406295  0.294313038868
0.539226719068  0.463181800328
0.558959483468  0.428519314622
0.397508875809  0.449487515775
0.785175575118  0.406606378248
0.479878517114  0.359143513804
0.563788706815  0.488216685403
0.59082177609  0.526734351435
0.6179333227  0.58222017993
0.599852238469  0.43675175879
0.599391320134  0.509178907845
0.425234676739  0.439395287301
0.582116743995  0.409719337939
0.396915730655  0.623072473277
0.527180459639  0.415659095568
0.236616465559  0.395124113581
0.456222832186  0.493401962237
0.678265449317  0.454152995448
0.535883665909  0.549992955174
0.574058003152  0.406500817832
0.574348026374  0.575190230319
0.694597531557  0.517173932969
0.499294239907  0.438100938711
0.594510092458  0.508934065742
0.308276939009  0.500256157145
0.592292368991  0.599732389091
0.478597930936  0.547758156278
0.378616024469  0.465220875761
0.579569920578  0.60755363788
0.3953377569  0.659444694417
0.368217032445  0.48135691901
0.567717531345  0.520522648064
0.491444739323  0.488499105223
0.689937642477  0.696987721944
0.501597386917  0.730070868703
0.501638255748  0.718421825961
0.39097927863  0.246300314733
0.431252914023  0.499010137899
0.547772000208  0.449443660244
0.369711137067  0.611467735804
0.39825064253  0.496698758497
0.331749078664  0.519697429778
0.465941065064  0.50010813018
0.643585659231  0.577027459709
0.301702463646  0.478592036428
0.624981486571  0.416855334824
0.443599085902  0.39760543263
0.454867418638  0.576488472498
0.480270065238  0.527859086462
0.527978353573  0.574721789513
0.514605615245  0.434769294182
0.465872635655  0.500603847873
0.356215517973  0.593650309054
0.493426870255  0.5848244372
0.398484080313  0.510742887403
0.455887921238  0.31530588452
0.564078016755  0.355889746786
0.429564794437  0.599123079409
0.530939503527  0.490608477965
0.344279624606  0.597714670274
0.534303774626  0.463636008735
0.654451525824  0.472302549915
0.499195547059  0.396661861873
0.373763715533  0.302663580715
0.381099907612  0.608937196803
0.257524493525  0.631948292644
0.61023897878  0.448790087244
0.365160746178  0.647880810042
0.490805725482  0.618064362685
0.529453954363  0.488935071787
0.554397325614  0.564225568912
0.551572151836  0.515933429405
0.577348280037  0.439854941289
0.522619083083  0.725117611996
0.61432739314  0.415442052417
0.445821308328  0.439383976782
0.781810261083  0.319356251524
0.38223766311  0.573027651213
0.566379937915  0.49450663732
0.545078745251  0.554246734801
0.37266124492  0.638992625273
0.440008483748  0.473213349288
0.557989552334  0.522862103035
0.473819617996  0.610169634538
0.55063345406  0.343686591177
0.501713270896  0.512455139555
0.522254997961  0.44831774958
0.397478582045  0.763060146334
0.418667554763  0.464014714645
0.444808657842  0.681644822976
0.476841689943  0.501242622581
0.442971099469  0.473581374449
0.657432672661  0.41143610731
0.391085085321  0.58014071951
0.371010351143  0.596465173093
0.469073250199  0.648229972152
0.373804049258  0.447305070551
0.58952684369  0.354399668283
0.464499655674  0.42973657971
0.437857748367  0.604065066368
0.357380573693  0.483096632098
0.434866596534  0.274858311539
0.523178235246  0.398826648091
0.288034349889  0.458342526926
0.283377188254  0.519935302985
0.644158916651  0.418453276301
0.483461180224  0.520677665676
0.485340625003  0.567001950869
0.418055635148  0.478999133045
0.555558459783  0.62067915168
0.521753358565  0.476544067387
0.561904160565  0.358469257214
0.418363518009  0.562994934755
0.60435093637  0.455173463804
0.440942123588  0.333497889989
0.311980617331  0.509587930058
0.453813421696  0.343543108052
0.403871392875  0.576870913874
0.577012317903  0.629013924949
0.492921957142  0.490351841509
0.449552158155  0.599217452422
0.503670881014  0.459490223607
0.40163296372  0.549394884712
0.486073581823  0.351268085004
0.244297202142  0.444349088376
0.540308517868  0.353088285848
0.610882365521  0.431653203538
0.41523176475  0.667188317467
0.55941487322  0.752874027474
0.478485389983  0.606392959767
0.525958431779  0.255697862299
0.380416496141  0.525145920183
0.481677117735  0.461195711532
0.553137373976  0.598917853039
0.25663956051  0.34380968254
0.417058889665  0.51175822052
0.666040146936  0.350150196123
0.547228263708  0.510623581793
0.368516385284  0.556691172734
0.394477669338  0.5866026877
0.589297474878  0.638320926029
0.428942507113  0.512723442767
0.5147350571  0.5650997945
0.473068717688  0.31312027892
0.498690172341  0.576035086982
0.567455974449  0.611949752463
0.51652635276  0.628274085587
0.496456868826  0.413257903553
0.584332001037  0.514030151638
0.608672714847  0.332283952209
0.430023054581  0.696681246629
0.449095714773  0.507397145006
0.578944960466  0.479656767423
0.356151421212  0.318620418785
0.366163258677  0.400313587003
0.474127526373  0.622494982137
0.649803136845  0.345881492606
0.296580627138  0.596559290576
0.596108551629  0.455236962397
0.523112327546  0.24760057976
0.601680964783  0.543838761474
0.229153020245  0.39045167272
0.564106600738  0.414369920561
0.48113042954  0.582839761158
0.515956510579  0.583382645666
0.429455917881  0.411099886448
0.542502564213  0.532703588639
0.445215605459  0.394615631826
0.421709754532  0.461043869014
0.522104985081  0.367459565963
0.531193283427  0.454806067595
0.291074297989  0.337704267863
0.598642175421  0.543120724073
0.476039995575  0.47969704124
0.453121304163  0.525986369722
0.362332673603  0.443923131335
0.519101952798  0.4991403023
0.537345120046  0.479047048132
0.518302940262  0.501944902176
0.463476806405  0.471787299578
0.621599193726  0.519267311304
0.490471030853  0.537303835869
0.485564029748  0.619585355039
0.294204610316  0.495558644812
0.520788655319  0.425816586793
0.469591925657  0.415226648209
0.459146944694  0.335631016023
0.489215790422  0.45336394778
0.607922990812  0.51699088155
0.417629150087  0.46522799852
0.510516502695  0.480652662
0.465004432915  0.355735856847
0.433062942555  0.559488879554
0.523331151807  0.303799488462
0.480701553823  0.417308824871
0.464058041183  0.469868692065
0.515229950369  0.470798972551
0.388408749138  0.458832405809
0.6505292699  0.535134426229
0.286486889264  0.347968764435
0.496770704101  0.578732779586
0.425614013383  0.513101156003
0.545154040441  0.367244886747
0.44592722588  0.373144014377
0.533975642718  0.573854012832
0.45898287191  0.174168937967
0.59482356141  0.524869768157
0.527513650063  0.394660842108
0.496760066718  0.218643680397
0.471043709071  0.394097794299
0.553669218109  0.51268623806
0.573154597511  0.645219008574
0.236624272258  0.589261612306
0.423941632824  0.467981900303
0.393114651491  0.370562709268
0.62954775423  0.432433778358
0.533841267809  0.377557420352
0.168644695787  0.426478846587
0.53178173152  0.359656000522
0.491699308814  0.529848834771
0.548149962918  0.495784678158
0.598662299194  0.414630403073
0.315671558157  0.430556699562
0.541190759203  0.578208137457
0.277594245352  0.613739553982
0.54169100161  0.51234486407
0.38669805827  0.375185536567
0.34664831099  0.508237364612
0.580829233985  0.44880171865
0.552587887756  0.495211783271
0.52750452867  0.370980617938
0.402925801275  0.50365141522
0.429120036787  0.624771496028
0.518447772401  0.427260876716
0.421170490104  0.463130649363
0.563696217516  0.513053461453
0.638552600743  0.518694711375
0.453470240901  0.457445109141
0.542364366733  0.520543732071
0.340524254903  0.492599069139
0.46584594609  0.433798788797
0.418766462956  0.556662563105
0.669222065441  0.466980433901
0.379803052726  0.535647355212
0.446225659804  0.512819036946
0.487707495267  0.442479208372
0.591244455165  0.321003503223
0.583775122373  0.453879319133
0.444934662011  0.562173257372
0.453291043622  0.579184015144
0.42880172583  0.544831397309
0.629187047421  0.449746966471
0.612644147181  0.427194817295
0.511419296909  0.56879881982
0.478305680845  0.481946046689
0.504406716124  0.711076580839
0.444805984064  0.401721784565
0.520885820288  0.563420690888
0.288038585929  0.545311431522
0.431642922035  0.617143051625
0.456483355639  0.400715838534
0.402442736373  0.735321334012
0.427675603672  0.593398118436
0.387905333964  0.347168714645
0.512217808444  0.628525996654
0.374019833885  0.608444001643
0.635515259032  0.60133694904
0.515955133737  0.546738121656
0.543885654572  0.568657088283
0.499276210302  0.450262361192
0.569291536817  0.52353145107
0.33507392023  0.434650269868
0.495049057745  0.396718451054
0.37446824802  0.562959934223
0.377913444918  0.529800858639
0.415436085077  0.488631208954
0.560488314223  0.396785932624
0.755366425342  0.423758312776
0.468904041601  0.545410308599
0.65236023766  0.404907039206
0.468397087616  0.352082442678
0.458208064314  0.395402974737
0.494624976999  0.705907518364
0.447342534081  0.285302417063
0.628032224987  0.489390803401
0.515365531697  0.558144963152
0.496601376015  0.354298977757
0.411997444272  0.596122640979
0.591121406534  0.558821975923
0.54202389258  0.4372641809
0.602983377137  0.375724774167
0.491467296817  0.518306118765
0.446071856567  0.543657213404
0.526342206801  0.378530942427
0.610958185724  0.500588771897
0.562208072036  0.425801263111
0.449048513154  0.515286725029
0.527986764347  0.391246747747
0.487005905946  0.546912950089
0.580893867959  0.619811951662
0.528911837092  0.558828342002
0.422367531213  0.789710454297
0.547684806945  0.546980693243
0.455776360894  0.455223665381
0.429957143903  0.392063882186
0.527405910448  0.610848509284
0.455191895405  0.345193000777
0.55022865781  0.689463458964
0.560745021939  0.446994536115
0.420580682039  0.280125437593
0.375944248666  0.548992356744
0.461702941585  0.686103914041
0.499030486257  0.606247522519
0.432088446063  0.545189469382
0.486357941061  0.452713566557
0.545257891554  0.405517683864
0.581289401391  0.445077452886
0.4656887172  0.472781263553
0.506314225373  0.287200720994
0.433968187884  0.380566926255
0.379317427592  0.559146127874
0.478874930182  0.413061532953
0.486814367737  0.645829516993
0.51316637729  0.47725031889
0.401179793514  0.6706724717
0.453845156251  0.40962993765
0.466986282935  0.411247437839
0.471308387708  0.385512892156
0.739832973368  0.641042355088
0.518118350672  0.62780321665
0.558250118595  0.551997983632
0.353922962634  0.568782770134
0.448191697389  0.367931273285
0.610645198908  0.406018971359
0.386355350715  0.292333410065
0.63768292841  0.776014810133
0.365253551218  0.434402484364
0.620986263129  0.486033524659
0.365599314326  0.494695565106
0.3379183198  0.493936466515
0.594422362776  0.578603109269
0.799275674685  0.305083604368
0.461771741668  0.363235030326
0.468317530625  0.420162607577
0.338076905417  0.459979961671
0.470410400497  0.425564890155
0.476935960515  0.4674320681
0.456440139124  0.515481153289
0.465420868794  0.521628342957
0.360013034208  0.540459933346
0.462248258451  0.545433748443
0.620004028666  0.569016394351
0.488032754044  0.485668825384
0.496220612365  0.53376796594
0.520801975913  0.523987418178
0.490886853076  0.573413520759
0.337076990627  0.377409183441
0.519377040409  0.5676217546
0.43164606581  0.570930571057
0.527516448592  0.587119908562
0.556138019696  0.596861382037
0.466834360053  0.542755124493
0.435817535061  0.551118550294
0.514252501034  0.379053547173
0.646025776399  0.388699402094
0.548145232028  0.438783391253
0.454685736778  0.562329177155
0.560891354854  0.437197828237
0.444129956506  0.214614462077
0.377617388565  0.363091682561
0.540956543533  0.665016182969
0.306622403549  0.496572628624
0.64748778491  0.506983421647
0.379731134184  0.413680790552
0.584608044256  0.512470190354
0.241131964651  0.339953596617
0.542795730349  0.494172096826
0.441034620709  0.5551208344
0.498487339954  0.438421996112
0.482254991414  0.524378661331
0.527136964811  0.550694816589
0.296268031071  0.496572649801
0.414315013834  0.593458220206
0.418275404182  0.66149289064
0.40163315192  0.513697329987
0.189856595822  0.57472690922
0.541726586976  0.618956623166
0.589755326537  0.43089309818
0.518851109189  0.456078155123
0.561921507444  0.509798826787
0.558636121879  0.430885845941
0.569909607562  0.430946052485
0.497798637655  0.438248219601
0.437591813525  0.654797009518
0.610407350965  0.278967970328
0.406839300357  0.546043821603
0.592804731543  0.52115963468
0.482752331383  0.617675782442
0.314777259539  0.42781299081
0.665281606574  0.375962003661
0.469972859412  0.592675740363
0.322689814078  0.458832637494
0.387284583509  0.564515068157
0.523738136215  0.445787615102
0.697561796517  0.557944536434
0.450984872159  0.408075109616
0.619971221745  0.514141948693
0.476757185994  0.532125073984
0.417788548376  0.466367078566
0.365825404688  0.405188587445
0.474358075316  0.383653587857
0.526795141778  0.513478946234
0.606533050652  0.56956170717
0.565423308692  0.469308167784
0.409003069917  0.441657601293
0.547669758412  0.404738734038
0.454190290979  0.452710489764
0.489943900976  0.543770686511
0.579131168244  0.573221735321
0.548515978893  0.587281164236
0.554683244919  0.512294070228
0.554345407021  0.459213428314
0.550670353734  0.461724866034
0.473147407179  0.361769692001
0.698109145701  0.244737835996
0.435353845457  0.588544693798
0.499356798972  0.540323773992
0.487920807179  0.508337911822
0.574643557682  0.390000303549
0.443111129165  0.567998192732
0.374678311644  0.54685217537
0.42894080333  0.468309826552
0.363634460337  0.519738960595
0.451255930076  0.508836524848
0.438275695745  0.514449008414
0.405807258524  0.539685499839
0.491280299279  0.631569541396
0.4985882196  0.55452193506
0.309990614418  0.525592978543
0.428263452628  0.513479998445
0.528672018579  0.49227217568
0.459436447211  0.432060939898
0.50262112483  0.561500979741
0.439500157826  0.408941088332
0.582854020476  0.441484621426
0.373399237839  0.459072248093
0.322592724395  0.549931724762
0.430063511876  0.486538764897
0.590883761636  0.569014647434
0.453899519231  0.324919151195
0.495459760569  0.435609926747
0.481386952013  0.477063014471
0.578155321941  0.490640977274
0.581806148097  0.558522614585
0.395190947832  0.349072900443
0.428003130935  0.350658509582
0.476427007668  0.443694572729
0.303327546301  0.538695114892
0.404493236426  0.576806760108
0.544203371884  0.440433980704
0.364020822448  0.433475213363
0.414465962508  0.573073511378
0.601305456393  0.450853772981
0.271673713544  0.473531626184
0.509622025666  0.487988760155
0.567227450708  0.514185942306
0.592504169127  0.536555398918
0.531637452329  0.619201622365
0.669042686788  0.528372826156
0.610945469944  0.48872603341
0.395348263013  0.368947899812
0.493613347482  0.486619481644
0.353645939522  0.396468623387
0.193050542135  0.405208799773
0.488098157284  0.505443804876
0.503207288415  0.57705562832
0.451996049982  0.388517771592
0.398450409345  0.2988969261
0.440712643323  0.536943327337
0.325422880636  0.574433485121
0.406752794049  0.494507058778
0.629336166422  0.504444452937
0.502948309851  0.481702746546
0.496891215745  0.415105796172
0.519494293135  0.365897622946
0.433803567482  0.441170532374
0.44574204653  0.43371023063
0.352717888128  0.51352393765
0.36864002739  0.352198598822
0.468851357292  0.482406333955
0.429960000432  0.470984866448
0.616658128696  0.617526013119
0.371560413786  0.463417524047
0.40655056299  0.63536116552
0.48383269726  0.463947125865
0.524453238498  0.411042134648
0.469198766373  0.253838920526
0.506365394333  0.581174900602
0.503020397931  0.322256247026
0.391234960623  0.315271929477
0.619762087646  0.410316346882
0.521221083413  0.609823588175
0.508654258109  0.449831610603
0.415781607976  0.657405233481
0.528917308855  0.595244358774
0.435744442856  0.653724481029
0.513247813995  0.617022407554
0.433786183384  0.245243986744
0.48597198113  0.570989642647
0.420875771381  0.513728601044
0.452933890423  0.471275401731
0.499040303424  0.505885300626
0.453961906257  0.558010410568
0.448595518634  0.501362674183
0.529333186843  0.611472284282
0.410644038276  0.494769296975
0.41529512961  0.48513215337
0.445758638287  0.474748672828
0.516134490995  0.392796982062
0.200791355453  0.369356421083
0.399871129967  0.533325621884
0.45676501809  0.477247962638
0.545502029385  0.350977467679
0.546796103028  0.507835471708
0.609324635175  0.469549480237
0.409297374467  0.446423347928
0.424665844793  0.617262570249
0.626089490319  0.503117292469
0.334926846968  0.450316846076
0.364695031598  0.59930942112
0.520700549672  0.424397771219
0.613207206113  0.32725766396
0.402459025395  0.393178006176
0.623055557663  0.522884221163
0.384464992655  0.496771250956
0.500288706018  0.531840323184
0.542939313256  0.383255738858
0.592994499592  0.574676645769
0.341007775719  0.581110942091
0.470785076119  0.364047827996
0.578816285964  0.574358386066
0.426862396803  0.479644706472
0.583601306333  0.660408360853
0.527593764397  0.602235045364
0.532659358001  0.49078672746
0.27712435263  0.613985444105
0.544732704949  0.217755099727
0.535287893072  0.271232138229
0.282770675264  0.445969407237
0.446190398746  0.406174112966
0.32041402887  0.456555314756
0.49915635338  0.450810324533
0.475194941533  0.510227763956
0.417139003362  0.615906535894
0.478806895109  0.361026992789
0.579777827806  0.503178581004
0.539162962421  0.473578555331
0.558166727571  0.501207289771
0.579997556088  0.506991521478
0.398738586159  0.33468996863
0.537305924723  0.321548474749
0.515747864363  0.349458660181
0.309057870132  0.647489123069
0.631631608352  0.429686654426
0.261340421235  0.543498345647
0.360856631741  0.252513812369
0.620076092559  0.529762422557
0.719586425506  0.591305419272
0.347109419603  0.518279515269
0.421498219698  0.493577498227
0.474801563419  0.433713678365
0.408124446646  0.617949924674
0.472689024271  0.491711843606
0.449210008593  0.462773862941
0.227111378739  0.681254601401
0.499399810902  0.538879516493
0.444817552975  0.540934483692
0.563765063499  0.413735537671
0.537956686414  0.554200145562
0.562127294451  0.537668950197
0.285474369502  0.421057310534
0.485646029904  0.527206005964
0.359305399681  0.549967671363
0.530017518167  0.271504607286
0.487895318136  0.340417597336
0.517074152898  0.384268522098
0.482598169828  0.514382800862
0.581206148426  0.604350530539
0.37724400229  0.569934053095
0.596099327258  0.473114910555
0.424758021499  0.416422404188
0.401646435221  0.360983268573
0.556372084703  0.480717251007
0.416174367927  0.563199575099
0.325849543632  0.531674229179
0.349273828752  0.510746425344
0.514146907654  0.46381196758
0.522179040963  0.415343951263
0.551747554568  0.471075916911
0.328748293802  0.342184782321
0.392370335844  0.460087259388
0.718218450793  0.619477729114
0.314680847718  0.442428984186
0.525989233218  0.469051559058
0.367189182175  0.481295779406
0.555394895957  0.478501792323
0.569252704906  0.54245812367
0.496767003518  0.528043419461
0.563118320578  0.384664308096
0.36901415452  0.329973271686
0.494489022241  0.446978845225
0.646053237236  0.491151255891
0.333222695011  0.258354352139
0.421713935006  0.54515280942
0.529143391931  0.412556459005
0.429104471112  0.418175498495
0.483647054224  0.473085942567
0.4422868497  0.5801034033
0.506674936808  0.487529336755
0.389488363041  0.590160055916
0.638414069388  0.559318606988
0.514631640535  0.459919396183
0.392934997236  0.435367507941
0.629954603137  0.486289031228
0.520159607901  0.522301574253
0.533266030848  0.332550333224
0.399439476499  0.496013443906
0.395065552292  0.39932344545
0.587133287455  0.35666623994
0.494572593052  0.408746714478
0.483286623354  0.484787007253
0.462498711747  0.427586984989
0.439709224078  0.436498641256
0.462847601115  0.430565911994
0.564644379283  0.561870281914
0.480756735684  0.407486852224
0.586758440663  0.441142790291
0.45134793074  0.390794247355
0.434013263069  0.48182066254
0.425986520919  0.303688222564
0.492963026461  0.70828589291
0.538897176352  0.399182732804
0.602774799401  0.474522370584
0.500646504108  0.23112715313
0.435540431197  0.585856779014
0.279300539788  0.382451090857
0.575867383723  0.546454102572
0.473878439045  0.479561561365
0.426575401459  0.486363382188
0.366081225804  0.552171535327
0.413902208165  0.385762581956
0.518543069564  0.42734766526
0.595390997745  0.400905516771
0.506078705087  0.509110375008
0.50339955243  0.564028018577
0.495668447987  0.457218779551
0.495847985107  0.530004022187
0.504874058051  0.441371644194
0.561382686806  0.762359220626
0.536794706777  0.39682052345
0.609483948879  0.544315509248
0.503151755928  0.408295667038
0.583625779486  0.574091324199
0.382860246978  0.420940783739
0.462636278596  0.486717637881
0.547528213784  0.612665770715
0.566219385843  0.392234549126
0.651361600132  0.560826176147
0.49544834183  0.491705965935
0.536497141708  0.620828602642
0.62745014195  0.370985022721
0.493617290263  0.599445087973
0.513051206425  0.423748957606
0.52658897958  0.559512189461
0.508775559898  0.329856675097
0.569511681514  0.490388670307
0.482905596776  0.571017506734
0.409473216581  0.469751648382
0.609733272178  0.41751149838
0.607603815686  0.320827872513
0.540006822613  0.445323726676
0.536001855348  0.471830271949
0.399309147031  0.362505744714
0.576406189772  0.506598895807
0.487501583749  0.486110690212
0.315669362124  0.67214386004
0.451621484896  0.586390332514
0.601258868183  0.426790316461
0.651483955758  0.380724357555
0.340171370876  0.195317057227
0.586490716845  0.380220437849
0.439599851637  0.559028339262
0.555771462686  0.377120743304
0.525372618028  0.484389652762
0.549034436958  0.416526611547
0.556327154645  0.436455709289
0.640103555618  0.607119349562
0.604628456327  0.45312098644
0.285232288979  0.582024518588
0.411102825635  0.369025779622
0.496425709274  0.51297982561
0.443171403083  0.642749270792
0.406727670772  0.458749033218
0.663241911728  0.437280966133
0.541354517429  0.303252203648
0.278024363599  0.392576941621
0.509215170179  0.546770372722
0.544789911011  0.516776088898
0.60608809263  0.749714173799
0.587136916633  0.50858396293
