0.49859816469  0.369831829717
0.583431937765  0.475840289199
0.356192616984  0.578606843196
0.448549172508  0.41963140948
0.265808377578  0.455417522807
0.531149083031  0.61798253501
0.485583738428  0.243412356529
0.574082001817  0.2973211245
0.570445292221  0.567682654567
0.687486823193  0.583127894614
0.478147718885  0.640809708325
0.566859606032  0.365982358492
0.533591597603  0.426465803465
0.316990335394  0.426993632908
0.397448704685  0.372506476198
0.497428497012  0.556133953855
0.442623682856  0.528043062548
0.47422274388  0.534635584356
0.499022749786  0.547506188197
0.644974636173  0.551187956636
0.613117865587  0.672073260228
0.309339338153  0.416911451539
0.476137555621  0.442846351812
0.37506203345  0.485652793944
0.488615788396  0.504426116247
0.555714440088  0.742310445834
0.567013402004  0.524937541577
0.311031887015  0.531003373923
0.326726444799  0.502726900887
0.548836912992  0.456098867691
0.470774527117  0.420402793725
0.49217746957  0.362793972874
0.440343067376  0.488749707202
0.557989031175  0.492634221039
0.487401624784  0.392218818611
0.475444565133  0.550646205587
0.47319093943  0.482572258523
0.320562798603  0.532447358396
0.296627802906  0.417237605127
0.557301078018  0.404242211143
0.453067728198  0.427082623123
0.3675096627  0.382763622505
0.346142603018  0.248420397029
0.486616847954  0.493465628538
0.482874203515  0.458040691129
0.336604524338  0.510876706868
0.31471986029  0.513008158918
0.491141689486  0.598688181265
0.335761153703  0.421762187525
0.198490010909  0.552974832762
0.574422770745  0.587492789556
0.519400606326  0.408135266694
0.408275267281  0.396441095404
0.43629228512  0.528353263067
0.562357071851  0.438267538258
0.492896080678  0.495068244936
0.45712722443  0.626071557185
0.421856321867  0.470833906459
0.413757459036  0.640099277592
0.57683333433  0.415119366921
0.486679709267  0.679484336076
0.517724140454  0.629369868949
0.605818597214  0.290380165743
0.47875694604  0.284441953203
0.536276980896  0.502099400191
0.68134448956  0.434264332884
0.39447417094  0.463144257276
0.596302124685  0.402330335165
0.417108441749  0.434719522717
0.422219251249  0.451347179363
0.63659583015  0.517887068164
0.497989581999  0.372361973767
0.561202209595  0.593558914485
0.307020807487  0.432853265157
0.572631771085  0.450428598185
0.490500489384  0.555630666865
0.593349772884  0.488638863641
0.522640586796  0.772112908551
0.505815825645  0.576728003666
0.459861991067  0.457330365838
0.402296100434  0.63560421047
0.495559185994  0.373813146987
0.5301019939  0.449804246647
0.656014474441  0.484845779449
0.433048177384  0.503397422133
0.382717123328  0.550689057786
0.423192724501  0.56407251328
0.577140229312  0.572546587232
0.41606019254  0.535507618888
0.579388087949  0.430404618327
0.530730704198  0.41956927399
0.271490872006  0.438149071812
0.450550076869  0.620041531542
0.598624227202  0.602611369379
0.451449869811  0.536476184901
0.402514546099  0.358245170012
0.326410961729  0.433220192476
0.536221926381  0.484198801313
0.356434821685  0.394310188884
0.388237790801  0.634895768609
0.506872112182  0.365023566778
0.461388660503  0.347122137462
0.406925210215  0.345419092793
0.449642684194  0.546234425987
0.458545709151  0.419981052323
0.43654008622  0.487457464238
0.577565973261  0.660136553336
0.551819210389  0.438342920524
0.410145502557  0.505849025543
0.551297181956  0.375514484111
0.522104601457  0.406363799226
0.432020754083  0.544949525551
0.377192460756  0.453988539456
0.60228506774  0.579886739358
0.350133819437  0.3961195607
0.533810899894  0.414965727653
0.238837934719  0.416861424457
0.479135891049  0.52731291286
0.640254179453  0.437820620769
0.323900466955  0.520645116441
0.572590185853  0.479577843135
0.500883035432  0.43420121976
0.668280844717  0.438476169296
0.469074487717  0.569004832772
0.826052950743  0.476482078203
0.55260176125  0.620880517054
0.383330515351  0.505391636273
0.525757128795  0.542951204932
0.706118656661  0.322665607457
0.634753455859  0.419291317392
0.540408759744  0.423644819499
0.520096245254  0.453715622705
0.445356654053  0.543084679665
0.394210969641  0.318257686675
0.449029717961  0.473855032732
0.492574783969  0.23040551026
0.486008333528  0.447428003083
0.445660245444  0.47402867689
0.418629726914  0.569527672672
0.487114100426  0.313319289269
0.555919830235  0.352508555294
0.420132077597  0.35197337527
0.479549410576  0.71447730145
0.369151311783  0.422855377612
0.593585014705  0.299010301468
0.640615423189  0.501334173638
0.463683448688  0.520331616299
0.559726639728  0.495494047867
0.527618811388  0.289864081385
0.490395874956  0.477508274775
0.411085604164  0.465662450023
0.590657929017  0.539383426954
0.612528178711  0.724957462233
0.460022070852  0.454110863878
0.560157116522  0.456298353888
0.432613178578  0.581251410247
0.545683061518  0.552938060214
0.404027291369  0.5262172581
0.306330351556  0.566045714572
0.499970862021  0.463158047823
0.573079756389  0.439575612254
0.540356300702  0.482371367225
0.563450214127  0.733545919984
0.485595615532  0.507296445075
0.477145469241  0.448303462881
0.418882567109  0.52149284549
0.493970115455  0.478341115032
0.498075359693  0.634374535257
0.563323927962  0.534310399795
0.624345007619  0.314537774148
0.646695399913  0.372103511536
0.626253528851  0.4217889863
0.355213734955  0.395798729045
0.404749076279  0.474704184755
0.616203914539  0.505515546643
0.497553957639  0.589165338893
0.331501917688  0.553428130017
0.353618729779  0.362919251052
0.32827031286  0.533914851898
0.456627019279  0.325051484583
0.404285301633  0.470061225765
0.459827330249  0.464649321517
0.337409525576  0.479319625838
0.417265155811  0.46296094897
0.459097324415  0.530350924404
0.377290313166  0.582614268726
0.411822217739  0.514815356763
0.550235317175  0.565367155795
0.59189704689  0.355912391068
0.567746607187  0.429680244715
0.380197958843  0.440418352754
0.565377123675  0.566824293694
0.490799680966  0.449320052813
0.610430634785  0.553630392524
0.5327356884  0.518507484872
0.651003079329  0.456326507597
0.397100472443  0.375350440118
0.453611644784  0.414606956112
0.497419585203  0.44820314279
0.562164247368  0.570086518402
0.4432804172  0.580576277383
0.502149330921  0.432261014916
0.708145089011  0.441579707203
0.643567398081  0.423464280817
0.563643220271  0.577972694033
0.564738670205  0.511129500533
0.27556906852  0.600095190778
0.569724280251  0.395068081302
0.463441715487  0.44462113675
0.367436465509  0.521126863258
0.596126860377  0.503597586373
0.415762084731  0.554456407848
0.408303520662  0.585159056229
0.385176142029  0.655845662125
0.4061679408  0.353766216513
0.572508906617  0.629292606093
0.44276097542  0.666361838983
0.413723867004  0.537798340153
0.317462665455  0.490732861443
0.367161036103  0.411824201255
0.423085669133  0.490381392046
0.376547631357  0.484536323267
0.565583248625  0.57447932854
0.480427581153  0.498005562385
0.314519134548  0.425590762867
0.555406494888  0.550213724119
0.509714700539  0.579011889021
0.414039521024  0.311614434832
0.429879147212  0.373965525993
0.508502592444  0.526612887001
0.576235959772  0.693814044524
0.550668903812  0.532787264872
0.471747605642  0.399660241189
0.5702467842  0.416917738382
0.245294732748  0.170157082413
0.561492303415  0.362107380676
0.607866215334  0.401313005881
0.366880162196  0.479408733051
0.490431207171  0.585254909027
0.535817770284  0.39971969952
0.656642965815  0.625284887523
0.584352574082  0.36888167844
0.519722356906  0.369945958678
0.448162143123  0.450570468446
0.274238416914  0.374933389451
0.257831890998  0.461927396616
0.603093613774  0.398404608237
0.469059398243  0.390801661666
0.482468675011  0.494550648026
0.511500105077  0.564872648203
0.545157209773  0.478336977457
0.589749122452  0.457622704821
0.498396146066  0.637360658386
0.560078245006  0.532196669406
0.48986611548  0.458525380444
0.497318069578  0.655531766958
0.549329884582  0.475491868132
0.331076764746  0.455199165541
0.562265907047  0.56967899821
0.567796450673  0.516640819892
0.488964030026  0.611000010343
0.428099678608  0.513319784734
0.50922414406  0.391548702819
0.415837176427  0.412016191482
0.324235886686  0.644471895692
0.413146726099  0.559802362809
0.314220491879  0.57207620526
0.245038470434  0.527437434587
0.434130910741  0.574937364176
0.455248353135  0.460700826078
0.508250593951  0.617772017028
0.430297011517  0.604398914995
0.64043578017  0.535211085093
0.473641822794  0.497109789081
0.445360567544  0.448431597667
0.378115346293  0.425453088355
0.422515996512  0.339665383995
0.380548396783  0.462326612828
0.340752350969  0.689924258414
0.667560678793  0.532731027143
0.408505287652  0.324404385798
0.611115455558  0.410819953053
0.385190862306  0.424025901025
0.47495429552  0.369690328355
0.535029390683  0.533441502694
0.423773457651  0.730120918957
0.506517337152  0.481427874912
0.37924781453  0.485800903707
0.52848298557  0.531212689309
0.397425934069  0.476770929274
0.611744856398  0.46829225042
0.557371829456  0.606636040867
0.334670815795  0.457473763429
0.518393347301  0.290679522687
0.491564525344  0.497152612524
0.411394941796  0.483424351597
0.39796931326  0.374933969545
0.480870201781  0.666561420293
0.447088023076  0.650556560936
0.65055914507  0.478838781466
0.30609220514  0.642282114239
0.700434203169  0.456485578633
0.342268433825  0.571064144913
0.472010508308  0.587893569613
0.62587351937  0.462208676735
0.414987818906  0.499208261034
0.525715831072  0.369213394072
0.454349596078  0.544095188152
0.445407364739  0.41172712276
0.421611451036  0.482027070564
0.50953720166  0.525993629905
0.643426096812  0.448272194163
0.523349952661  0.542040821375
0.599448395335  0.509332999589
0.486843777656  0.369694138286
0.545731298118  0.584686158431
0.528633439006  0.447997937629
0.470555407115  0.414534735293
0.426254324845  0.59262291322
0.228989022508  0.370513788594
0.373888212411  0.718348420458
0.457421948182  0.321125108678
0.526370273858  0.364653282277
0.505229735124  0.488500223842
0.544919131073  0.565493282391
0.728900357229  0.465708979701
0.548968748449  0.477229046005
0.526929014967  0.535456686386
0.443907869153  0.630257124399
0.593099019926  0.524796539224
0.508073620085  0.614852500264
0.501327594289  0.602780910097
0.66053729042  0.565680484775
0.377350206502  0.741923328739
0.447073134606  0.391843906699
0.470546384679  0.31755198997
0.582960654285  0.445910351007
0.535658223903  0.408501621819
0.51819929606  0.685440903629
0.528774258885  0.467488025532
0.648742554969  0.447267834085
0.398228791968  0.4092707695
0.362099743825  0.406458856798
0.642182297482  0.626321129805
0.396908897882  0.427320769048
0.513784304466  0.541558656155
0.524260014676  0.559593467637
0.658029126877  0.219729791905
0.454545641519  0.569637433808
0.485665811922  0.409900896218
0.435732485883  0.471434677667
0.405549783784  0.567401760134
0.365127078005  0.465149968841
0.587663567244  0.503677985235
0.431042340741  0.436188380206
0.491185988994  0.423842830946
0.273449713002  0.531000491243
0.390236499081  0.379076875249
0.290366626121  0.591469250809
0.443342675679  0.449474387081
0.320057763752  0.44544182219
0.361495216166  0.498625123483
0.358952556775  0.430337515378
0.470492557221  0.58992112167
0.536811744229  0.386153523017
0.599567157209  0.573488162924
0.413783491826  0.611102315203
0.332219818275  0.433799804635
0.513341980667  0.443202069319
0.453551305607  0.4988041229
0.407287258561  0.642934285628
0.547531493982  0.494199941307
0.688709946063  0.500038366045
0.288437244702  0.58383887053
0.493484165543  0.550556584415
0.440805902285  0.606970605974
0.458960808883  0.453313149436
0.667888728186  0.571341583749
0.493356832104  0.4563304397
0.43075676891  0.563270530607
0.400368372553  0.479425597406
0.411987781883  0.452045131625
0.586406629764  0.406100239547
0.497520446912  0.353917000334
0.546041022857  0.404042432745
0.453162229967  0.537048444472
0.3427773581  0.49487496839
0.46037165649  0.385955461993
0.378938667895  0.649660574439
0.354079381221  0.350532148186
0.615576597217  0.601853010534
0.432975222744  0.433974304805
0.422422273545  0.483219647889
0.465659725906  0.530122136369
0.333148562519  0.459396187106
0.60116247107  0.371619385048
0.46389257335  0.538355699988
0.493113731544  0.406785935965
0.636528531368  0.656920012297
0.431310478463  0.545502939168
0.456522880985  0.615780492898
0.425932497802  0.405611630026
0.483907127184  0.455202883645
0.65620280187  0.650291295932
0.565825666822  0.460458629916
0.540143912154  0.527222589494
0.399559756338  0.469363466584
0.529133570668  0.660930690939
0.515126171079  0.445311083978
0.50806686359  0.498204764311
0.662819822486  0.458428895795
0.539987683588  0.585113752961
0.657874292355  0.404300291005
0.57997582836  0.468940627068
0.670105228201  0.541385079954
0.405070080931  0.632406369294
0.546937181218  0.519812301606
0.51939952739  0.471656358854
0.700528099658  0.380438059075
0.564220650062  0.507189603597
0.445491715268  0.647249092096
0.462394268169  0.367054837078
0.377941285519  0.493706412511
0.505938588627  0.581916744166
0.498388034113  0.444313084227
0.256787355279  0.473865903346
0.552845034618  0.370839092362
0.300640566853  0.572489854708
0.48226369779  0.451799623047
0.457481531959  0.44889632747
0.105730261141  0.539893039769
0.518064724026  0.621019393425
0.364786820033  0.439645090465
0.546209628599  0.304130026658
0.539400510368  0.469642622619
0.446861624995  0.60822771605
0.462517609482  0.507941786397
0.407503870312  0.403425514478
0.545715326412  0.446651217965
0.468698667289  0.582212577934
0.329211603939  0.679576397694
0.406670609528  0.635656545781
0.645417437054  0.557833082409
0.553257100054  0.484916853685
0.513901890109  0.591673234104
0.50943035968  0.727539108113
0.494756981827  0.331009488792
0.568479517899  0.48493870016
0.59058797531  0.462352076398
0.593906275868  0.364254384682
0.648600510359  0.547483498767
0.494640528646  0.315863438237
0.353548179141  0.368585602081
0.660184303446  0.299007742841
0.430176981101  0.68648439867
0.420949419895  0.478548786843
0.570819361764  0.366585191103
0.427823992248  0.53991442436
0.525722546383  0.403456180054
0.458103790308  0.462857548777
0.599848073704  0.352757730827
0.605655239413  0.564191913758
0.341855594058  0.230682041609
0.500709542514  0.442437919739
0.377172776365  0.561939710958
0.533550994182  0.521509254371
0.53649743113  0.535085842155
0.451145812189  0.668722640391
0.632050327957  0.560864929107
0.386210182425  0.332654989545
0.412382922609  0.596601743869
0.446620027299  0.396378948126
0.386484496985  0.443205421945
0.468924327264  0.430786069777
0.667113585266  0.387786469257
0.637195273985  0.704801364655
0.405406339997  0.576043906148
0.534118555212  0.439247557765
0.45579000987  0.402413536824
0.623150490159  0.400181831924
0.509551675691  0.700740545959
0.414626374214  0.443256911989
0.495053147372  0.419998369797
0.655919876466  0.587045948605
0.464893599665  0.58659688679
0.488056142775  0.398206915646
0.578090673636  0.443949932578
0.460465727333  0.478042424392
0.561768544926  0.300197729889
0.369243438647  0.423263424134
0.468198152558  0.394697511928
0.469314918903  0.443585463593
0.46309660576  0.408800738982
0.468462176702  0.504217967598
0.384453054613  0.547375826675
0.403680514589  0.6457494012
0.517682345951  0.575139104703
0.445162488038  0.462343704308
0.508529735042  0.623796519909
0.4325632524  0.515357947474
0.439587387913  0.380569565195
0.528342732168  0.384677907412
0.323458502216  0.593557934044
0.509701233448  0.684280889703
0.490155763065  0.591727038942
0.43118367601  0.547617236665
0.592309416853  0.378292132833
0.396352829627  0.45786922803
0.66952757336  0.409100606183
0.495627043202  0.452622466543
0.441929014922  0.381619368721
0.477410623611  0.505185570562
0.491864622064  0.446751145038
0.641489176573  0.354357218873
0.542477014631  0.528488728604
0.508888586943  0.329607008259
0.399383133397  0.328336287024
0.695263210476  0.651551329362
0.534286676631  0.369067511117
0.441093120424  0.467439063681
0.50522136309  0.69893851595
0.670324945593  0.645113705306
0.597863376175  0.280087664293
0.511852582957  0.486691229993
0.647569290209  0.566314159836
0.588222689988  0.554238372104
0.467989347521  0.551573273438
0.592316137668  0.648253857016
0.475886674625  0.549939835176
0.459521690822  0.502365286291
0.46353549252  0.527664539535
0.525660581103  0.588063189869
0.450550269065  0.565621427966
0.315998556421  0.48316030215
0.315452074953  0.353014104368
0.619966798097  0.378363111265
0.382050500745  0.578297504901
0.472685247954  0.530712447592
0.244715069795  0.437738670358
0.47675297153  0.573098636751
0.339746623237  0.542375344893
0.418058932978  0.405923612633
0.393150344141  0.478095857479
0.526074076406  0.292107454108
0.467594743927  0.409392130138
0.417772991134  0.334232352191
0.686777903393  0.434318327681
0.506339652271  0.427570231439
0.53534479284  0.504502828641
0.500468475851  0.286133240742
0.605294524398  0.338258481828
0.534292766046  0.497832909559
0.54073397451  0.57946076834
0.354895163553  0.647442509393
0.43676868418  0.382257850396
0.539113269275  0.312229783383
0.624947290103  0.565891562332
0.520338242521  0.362679773406
0.492456247286  0.38761426797
0.422035152472  0.318761935455
0.461641823627  0.581429761399
0.479262780509  0.574830135002
0.537384009205  0.345099106438
0.61189341503  0.531577803287
0.356805821946  0.576847785486
0.447170054754  0.487232767731
0.522504072481  0.398510640388
0.401963250729  0.614780923216
0.523701750731  0.231492324833
0.583922960873  0.423436940992
0.552959170038  0.507911593303
0.47981486951  0.622487717282
0.513878045676  0.435730537858
0.632230967987  0.386612298991
0.353882674663  0.408733666156
0.42145119903  0.498853509369
0.546620116642  0.461924259665
0.50913259817  0.507116918784
0.51782295192  0.472430682688
0.516767312238  0.357291499497
0.438809464073  0.504957139945
0.442658163609  0.579806037417
0.742215286897  0.452147867505
0.449748547982  0.579516898647
0.62874480667  0.401414621048
0.541899647829  0.5461105778
0.517264964077  0.510496482298
0.688410988651  0.494886188856
0.277373848645  0.410508127652
0.589750613743  0.468467576937
0.662908524731  0.266788895881
0.509864132482  0.577522663843
0.723158361288  0.455110757021
0.52485287198  0.566374024355
0.695238302754  0.424806711642
0.578814510594  0.362914334431
0.682037929337  0.502353405462
0.337020685352  0.527891400815
0.310837214502  0.326115717778
0.556095189702  0.203458407043
0.562661229201  0.496971710205
0.411484780814  0.415531109632
0.397268218179  0.60658932133
0.609109517985  0.498411033063
0.392130691034  0.424397225296
0.331313182225  0.285494278931
0.518021745387  0.374163117261
0.376860130916  0.540642157952
0.446928037859  0.559002145128
0.513127390408  0.440365554001
0.639430439627  0.484890960005
0.510644605615  0.558160542622
0.434116385465  0.622842104217
0.564702462819  0.324608435322
0.452808648936  0.431437771433
0.369209804493  0.523075211533
0.495591861757  0.485510065074
0.475328676647  0.349436248604
0.504959379131  0.54805732503
0.356770278341  0.471728738078
0.375765083806  0.586791547931
0.540516491043  0.536552860679
0.435088323463  0.801407936495
0.331653376869  0.404422219187
0.465881620022  0.6045250555
0.499333651528  0.620537861788
0.779659829313  0.610285946429
0.33712604599  0.501757125763
0.456159611287  0.771767678538
0.450075452908  0.522957097115
0.414636080826  0.517212369116
0.51222267813  0.454276428568
0.303228654389  0.383118022041
0.49440136856  0.343885456201
0.473814691354  0.599503459805
0.375355642994  0.503091051391
0.583950481675  0.32061263145
0.375351640596  0.48867530613
0.518510098097  0.564619836939
0.255494993074  0.501134878685
0.416115480021  0.423070640865
0.444388446486  0.702412709923
0.582966571674  0.707495498937
0.518392230354  0.568807831369
0.633999217322  0.607891209179
0.329720309302  0.464398485403
0.665516621586  0.66932933624
0.500657735696  0.64504361496
0.434936920708  0.586655918209
0.444195383036  0.489832987133
0.383023575431  0.38571449767
0.51898972956  0.609868167249
0.631441683335  0.438443559341
0.511253100968  0.626288417297
0.343699308711  0.469874579742
0.440496796487  0.505111749158
0.515075413025  0.583928299302
0.554185759438  0.561291677129
0.637630145604  0.510490241931
0.428795001215  0.805857212247
0.451296839073  0.246087221638
0.422667724928  0.551079237837
0.548752226538  0.472835789145
0.429184312452  0.653436386006
0.545262642398  0.433442922009
0.395282010244  0.546936725005
0.482001926784  0.438226152991
0.358638887651  0.435671177213
0.579830988358  0.589566000769
0.438568334709  0.443277535471
0.512109278449  0.57138394428
0.488415030146  0.431140560376
0.319079337114  0.512052378065
0.501969108183  0.494823968656
0.566518593257  0.591313833087
0.475830218276  0.235724805111
0.420947550301  0.522962160463
0.502725533354  0.636928080949
0.488355394425  0.403324140711
0.364499792328  0.527278984086
0.247090260954  0.542728737066
0.545039804671  0.448374069863
0.555504273643  0.569524399296
0.524484356046  0.474400421352
0.406431504293  0.391025728636
0.426290499403  0.552887810971
0.471417066242  0.522123975179
0.341905550624  0.38380228451
0.63414786421  0.323523024939
0.282260882279  0.419945459037
0.346188745155  0.359072141907
0.67784166739  0.447327658622
0.480581156868  0.595907084082
0.472032024501  0.424415332391
0.460699865336  0.614921105096
0.413079157151  0.627158911535
0.51461128003  0.494039004192
0.395563546379  0.446090318744
0.506265602854  0.546710371947
0.387023381329  0.635310517518
0.435956451505  0.491152215536
0.524458899974  0.162035116539
0.496085265121  0.387999425299
0.468939845648  0.495617540719
0.477524012183  0.446663648709
0.550393273251  0.291504707117
0.769019390609  0.519579173085
0.374014426366  0.657888549113
0.582387811036  0.41461507612
0.320242383489  0.62517913198
0.559644247851  0.350160367711
0.330175258384  0.526251280655
0.370189952716  0.713049709708
0.425710335765  0.602641599622
0.403268569971  0.326138585495
0.697640349061  0.292823127616
0.540265026364  0.614570049908
0.29202601558  0.43032983721
0.425619086245  0.530088121308
0.469424661426  0.592564929955
0.549237100732  0.406082004017
0.477052827682  0.206486372476
0.472659346313  0.399357458477
0.530564302249  0.580136937596
0.570040805476  0.487395547761
0.357430313577  0.538455133345
0.538248039343  0.41355691372
0.636228453445  0.474158284314
0.440727208797  0.31828763891
0.443780263459  0.363726438578
0.498703132704  0.310635419339
0.514843710576  0.548685925308
0.527947690739  0.560544866104
0.607090311863  0.759742474792
0.584010178689  0.370870159844
0.395588263888  0.359735576077
0.625009178414  0.480026693665
0.376477471153  0.515981693503
0.420773523123  0.43587810693
0.363361786606  0.665609075113
0.286236762832  0.466632330401
0.502009670353  0.403783426081
0.610050260891  0.529304456914
0.418250163523  0.436567943919
0.62732765958  0.516426626627
0.451643858918  0.530999304236
0.405248349953  0.623263245254
0.546776402055  0.397522848975
0.485267882791  0.450474232188
0.508054980438  0.393251313253
0.418540237404  0.520223658962
0.396749347003  0.454058218124
0.350549652546  0.570401487322
0.506168301273  0.364858663377
0.532532797368  0.456434555052
0.439446494345  0.446874576421
0.712783235975  0.417850909816
0.57219883343  0.603047621393
0.407504720465  0.286739646298
0.449945562688  0.420587382521
0.520399893179  0.684782605759
0.540616279297  0.474478195403
0.311358899256  0.540545840826
0.681404245807  0.559558186964
0.572129516218  0.511212634699
0.436179684734  0.338892123681
0.424855357561  0.324467049114
0.583915573702  0.571730804208
0.336210524859  0.49630345457
0.392625595875  0.60756603673
0.540918586524  0.517624896816
0.587679289657  0.565212854718
0.419970413662  0.38392972877
0.476388516286  0.502869724042
0.594592891114  0.435901726043
0.517633809688  0.588596196718
0.460799420952  0.358476908317
0.689887636546  0.49662557731
0.552833705038  0.623274064294
0.231563267353  0.326378029141
0.362996053675  0.649995927691
0.339040746523  0.45026397668
0.500084753818  0.69755546308
0.51729369811  0.550675782651
0.520172528508  0.379548027539
0.395610303937  0.370889555604
0.323410391891  0.56223847843
0.64005171011  0.490996485607
0.304003143281  0.625676852274
0.627625535972  0.368870803884
0.571084220102  0.517410350081
0.538629469279  0.579413586434
0.558899174574  0.590407266721
0.356007517029  0.391650181185
0.665788952181  0.405057854597
0.418510079516  0.46160111068
0.282912549889  0.469531469039
0.531268203431  0.502230006007
0.370719645054  0.469309595022
0.506264517941  0.310546958129
0.658151809804  0.440456235026
0.452798267908  0.492584992968
0.566368570646  0.548031644672
0.467650867159  0.239249608796
0.574621628745  0.729109515635
0.561115662201  0.557749416932
0.587969387571  0.582814261407
0.422997904481  0.499897381465
0.294169140356  0.410515384026
0.45710730317  0.581831324424
0.382662801958  0.59535043312
0.40121155098  0.440679993197
0.206777742032  0.506867406771
0.632133358892  0.38979405159
0.49289515646  0.407613948494
0.572324891447  0.260505473995
0.377057864484  0.518292996598
0.235064072016  0.666634782937
0.359944051719  0.44015457384
0.504881043987  0.484947000149
0.496081541017  0.471688258837
0.476470107971  0.439520226083
0.378628899416  0.499899769586
0.372131287928  0.573832699542
0.497110879668  0.339691811098
0.484273556075  0.436123428354
0.365522067469  0.584216127218
0.525153425459  0.464747184921
0.495788423655  0.42679196598
0.454803952416  0.362498260511
0.489527650205  0.501674377256
0.548185501149  0.441502564176
0.453263693272  0.601366892306
0.358134365145  0.653498370642
0.584246059961  0.614685182676
0.422815886291  0.584757325709
0.459862716427  0.495925823041
0.682612204801  0.560164582933
0.477972289344  0.408998655498
0.40750784793  0.641713072021
0.359657799993  0.528175107512
0.585177722214  0.341002213991
0.658649290153  0.421077767663
0.424132357361  0.551638847747
0.714933473136  0.372600169459
0.437153381403  0.3240448125
0.563071359077  0.635422724071
0.582753245938  0.447889679765
0.396565995926  0.509555824898
0.554985487347  0.370426299451
0.621639778031  0.507367442092
0.53867264286  0.319194420129
0.583038040088  0.442972623803
0.315333773907  0.421230707734
0.571083399841  0.681307668328
0.50543089174  0.492363460114
0.482658803114  0.608928984985
0.326902289254  0.416096037685
0.488114763722  0.505631682187
0.474379372749  0.4912130043
0.520303293962  0.380905163143
0.461098090637  0.645462271588
0.474418985661  0.56120786248
0.471118713591  0.38043287628
0.461638341166  0.498012835634
0.451363822101  0.572445921397
0.473918307838  0.498169785279
0.446619031943  0.464337362789
0.485782088113  0.520078557551
0.390088475084  0.537003495719
0.489063879462  0.676839201076
0.624219600641  0.617577199816
0.464492302511  0.353592803031
0.432732182343  0.536805988433
0.4094470699  0.574128340937
0.53700887146  0.469397993008
0.56915589214  0.489054417372
0.546752880185  0.426521062177
0.475063863917  0.590196493866
0.560276035203  0.475538668062
0.628656738245  0.421083056431
0.41271711008  0.261803936592
0.355307363676  0.417230822992
0.48373330041  0.518690452303
0.3953714977  0.387453813848
0.453244610452  0.481738444544
0.705245070531  0.509272406948
0.450600250149  0.466242972543
0.518599601038  0.554678733904
0.437882989722  0.40794840727
0.401413376056  0.571830911491
0.3346632635  0.537622307462
0.476349949947  0.547118194597
0.394281703219  0.441494021291
0.426554271667  0.335083896704
0.387143706333  0.363475646683
0.395458286648  0.432461405441
0.445752432352  0.435563951018
0.219321198805  0.388291206251
0.404928761039  0.433506389404
0.435854300644  0.603707835827
0.45331087984  0.493601520496
0.303533140927  0.330673125106
0.324206239626  0.62717505686
0.507554024744  0.496141331879
0.433356888614  0.598016395443
0.486756667302  0.49848981557
0.566893518469  0.537758300884
0.336185603957  0.390984415993
0.445832446659  0.422734108761
0.518626783855  0.490825880772
0.363196916317  0.501833290171
0.527756573856  0.416064758723
0.405745383016  0.42752464558
0.512881745733  0.432979277151
0.445294626664  0.411517749508
0.439407971608  0.448848502827
0.487604352253  0.5891878916
0.467258106656  0.631460890569
0.388800523511  0.350582429312
0.296605795192  0.241469448224
0.528626438782  0.419454156972
0.420845339067  0.402131193215
0.576620626645  0.421572969525
0.607118401488  0.558122176724
0.526581988161  0.420489281335
0.522905137545  0.330573416479
0.33144887196  0.323390476405
0.439519074975  0.699528280584
0.442670244966  0.455061560832
0.475458381689  0.522967129102
0.494199468362  0.501533644188
0.433161599845  0.515773495565
0.448444057161  0.298885463275
0.62158997835  0.376832131364
0.484541633927  0.541399985777
0.388508203016  0.28370038268
0.464522200191  0.704693741252
0.606715568878  0.521699775649
0.493696284628  0.579115976971
0.402456064582  0.313930149787
0.43771623887  0.34801400881
0.430388398355  0.572259184986
0.498761172072  0.514709238814
0.453192915921  0.710417723541
0.361944348087  0.457883167136
0.649029308649  0.553300298705
0.701662163163  0.431332406717
0.461756141841  0.445304558983
0.55546600024  0.41004320474
0.659442907444  0.59036310061
0.305214654744  0.371399970391
0.403917111332  0.333794128872
0.456736899403  0.52822161784
0.474329341236  0.585415021601
0.343880691419  0.330012062311
0.413622304972  0.602287218041
0.401225421685  0.476860034085
0.454384738899  0.493990912026
0.510527405812  0.274531085541
0.59195525159  0.673311463621
0.301606873308  0.560524449487
0.362206136301  0.487323950973
0.598876379391  0.310347815019
0.451537549035  0.508575875113
0.596605650833  0.399145242057
0.340612971674  0.505389557661
0.355157927661  0.505996138868
0.452566826668  0.545684242043
0.244516154913  0.379692462905
0.523460096875  0.345087654393
0.518573606807  0.454702102556
0.607696185162  0.419111653446
0.547116825458  0.650533751169
0.435330142185  0.495536161665
0.502112448526  0.519349684995
0.610815198017  0.317413384347
0.380221128086  0.503718294361
0.384428949383  0.480965280127
0.429021671321  0.600021733478
0.461030171069  0.531422097349
0.483370866227  0.245325047218
0.695490472068  0.605741260756
0.483779575338  0.607800862506
0.663489830607  0.272773860393
0.622385374074  0.280882416187
0.376967610412  0.461760690719
0.50889068577  0.491196137557
0.398707190854  0.388473032835
0.347027464764  0.346153681294
0.343265070996  0.427353440057
0.411622647593  0.536952624322
0.389686325678  0.4341504764
0.321344044996  0.432903513326
0.553538334849  0.592732823512
0.503635220188  0.489584564819
0.41333236688  0.325420579061
0.477274729564  0.498402716196
0.458102472222  0.481977489478
0.514593121243  0.304206658621
