0.335929512046  0.442780706097
0.497733806145  0.238901621347
0.471986894285  0.355189740168
0.330265363808  0.541930706484
0.575472048047  0.363440818849
0.429415200303  0.554235990442
0.318788162771  0.489587843095
0.534711465602  0.268803250992
0.672114439266  0.637076985318
0.476722080315  0.625940244744
0.408626872935  0.573488211311
0.385460665324  0.435990546828
0.520661306664  0.402256734453
0.544439598919  0.544605325691
0.341144346551  0.573229660635
0.565408174121  0.356378626474
0.593541661681  0.377992821796
0.422876305339  0.482700345815
0.445497367673  0.504233069846
0.636663261724  0.394111064702
0.581908302817  0.493467489937
0.323581229641  0.483830997633
0.506952709791  0.555296332707
0.471096927894  0.622446785666
0.571731896921  0.367349729373
0.549815766579  0.493329133156
0.49933356212  0.535446047744
0.363435304076  0.359194497269
0.527094147887  0.486745278832
0.560055454  0.389004920334
0.526082418334  0.335276807267
0.436860233949  0.46134108606
0.384526607865  0.53317813495
0.279577019194  0.427287446548
0.62677916176  0.628415662564
0.489494894343  0.481571628464
0.649615427556  0.495457616156
0.358393443099  0.440978100212
0.335595540524  0.707649841358
0.521952640632  0.505281622647
0.324824959759  0.54152012973
0.43817480821  0.518703927666
0.497785354518  0.57247370584
0.551934248405  0.427501426806
0.666333207866  0.643422821006
0.459996674844  0.353105807522
0.452216486952  0.44604084109
0.514331127287  0.405196531252
0.53442334746  0.442593630484
0.370211249731  0.472186995508
0.478318002764  0.619388562404
0.378642642944  0.45698056892
0.473538881443  0.446196074779
0.418683235592  0.625616569223
0.465640638524  0.380830737951
0.483295002634  0.512426004491
0.332084648453  0.255479542141
0.547357700529  0.471381238813
0.454157628913  0.708753076508
0.336823813741  0.422817129176
0.555347897149  0.432262039771
0.435462926467  0.475741909121
0.718543691205  0.402676129116
0.562946166784  0.557227501422
0.567641927437  0.545505760933
0.621056311982  0.385219976871
0.466142276483  0.57663139057
0.519834214784  0.47655647945
0.287229176266  0.446246092032
0.430325351182  0.387014446954
0.523450519409  0.261850892352
0.544860376707  0.404217351919
0.443873930457  0.541629544492
0.409438184019  0.29784749101
0.66995267118  0.454299259009
0.47003540889  0.507455384352
0.516655966575  0.510781977208
0.603671306953  0.622661556607
0.571892150928  0.507554782454
0.484311661687  0.319294741361
0.359664591463  0.64352524762
0.497421559296  0.39957765769
0.414156663345  0.399810381227
0.628430803846  0.745102676326
0.489294591942  0.539122005716
0.473658359478  0.524134485165
0.532906973846  0.742357445681
0.571297929386  0.428918924093
0.445358478099  0.49742246187
0.577906358448  0.242345231358
0.474993376142  0.260449118541
0.584330199578  0.466461320525
0.587852538974  0.570917440711
0.63810158896  0.766431172414
0.52276014631  0.472156428272
0.495579344902  0.538639806483
0.475438097215  0.530930991295
0.433610737529  0.471316654746
0.36060680419  0.374501077176
0.379019387813  0.529588450435
0.559436916373  0.416083438617
0.508564308943  0.441162905999
0.483436687375  0.465451730709
0.553553390243  0.456603752939
0.220048805213  0.432010832741
0.639377199131  0.525879716528
0.317494895812  0.614523169156
0.455456459419  0.445165027858
0.500021249209  0.556903362344
0.353753977202  0.436187291455
0.664009740486  0.387361603956
0.503801583789  0.495572769222
0.470398983152  0.644835163214
0.553598334632  0.365264713748
0.545660368416  0.335893531024
0.499247969621  0.358147098844
0.521035504699  0.472769599511
0.301502586967  0.396261154751
0.516647806114  0.480703481256
0.679295083246  0.440706690709
0.338992154154  0.46294923522
0.459263530844  0.397337359329
0.469645506854  0.485452704268
0.52892752382  0.412625830674
0.514288211477  0.521105702831
0.623310273026  0.491785776723
0.471706647091  0.520214258973
0.222872095528  0.47585590189
0.556909635183  0.553065061845
0.505340287265  0.456106131041
0.422456092351  0.603687534451
0.360495937432  0.42033656403
0.396697568948  0.404084403957
0.44239321669  0.470361439459
0.646658903713  0.52011174279
0.538920857006  0.3912199361
0.402802625971  0.571299677332
0.410391207101  0.371615351587
0.538527609623  0.734538086633
0.356876323454  0.464568597203
0.570742090567  0.475692132345
0.47194086177  0.496994017155
0.537273360948  0.494196458497
0.269552343795  0.493159958757
0.391170394903  0.41974126483
0.468100534017  0.546971267374
0.535877722645  0.547049165695
0.36091825936  0.155428986336
0.30778001023  0.420873618884
0.497076134672  0.59126847966
0.571220066632  0.500749738288
0.488702615544  0.438731435159
0.502543577983  0.503056092186
0.355388828689  0.552653972966
0.504916527191  0.415363875885
0.436660143054  0.573227759765
0.548734241372  0.513100959097
0.370518674149  0.491529630486
0.333515214964  0.506352738514
0.490883199231  0.453945005668
0.577155845721  0.545747979598
0.56000555152  0.26565608348
0.481267218463  0.564001526744
0.535815970475  0.330033667828
0.603773439226  0.676758587585
0.485539979136  0.607551815297
0.594716512216  0.59926283035
0.541555286736  0.533932809966
0.425027289129  0.436307449546
0.417466098123  0.629146103352
0.542353252833  0.584373083966
0.483609570017  0.417759983581
0.352747056459  0.451150494596
0.366707616346  0.452083148088
0.417834224408  0.595080152005
0.370459947342  0.389334647147
0.49761015753  0.590263131834
0.419534063288  0.480862664719
0.501527670404  0.431224251044
0.353296900704  0.514267194773
0.610350113522  0.704028215781
0.580939197787  0.46091974914
0.45191776273  0.536911704202
0.506243273908  0.51104645754
0.560355399505  0.411657159855
0.432083417114  0.322273598318
0.512642383006  0.422808115593
0.671717515313  0.412978481521
0.42333881406  0.56836747653
0.479152097733  0.535792272575
0.347931239418  0.470841307941
0.686634253472  0.437349615184
0.344748945521  0.437583120631
0.577331417984  0.362335097285
0.427107439153  0.565923372813
0.46238235858  0.568734043577
0.556349011491  0.483359637517
0.581604086011  0.418019022904
0.479209070241  0.496581930658
0.512022525262  0.518912796191
0.447049445013  0.536341096723
0.55908523081  0.491650994849
0.39012960296  0.423516384683
0.273037422605  0.589377897975
0.445513779876  0.5336346924
0.453117983995  0.696496732882
0.515833576845  0.624084212947
0.368899959295  0.459901240754
0.425237798165  0.467479575208
0.40391814087  0.502756449539
0.498641197521  0.37705178111
0.396397620201  0.596334475371
0.430361473101  0.352520960014
0.396907556821  0.523522828413
0.289260356334  0.371194894726
0.655374999331  0.373003436673
0.392951559339  0.388934411648
0.379651883667  0.489152298641
0.740953834324  0.564017585228
0.568309477529  0.339339687704
0.288831702126  0.398705730846
0.475262550376  0.46523857436
0.475161351026  0.504321218516
0.349659609274  0.715803117699
0.621555846761  0.543220866523
0.377353037441  0.524802402195
0.359691256044  0.406091290916
0.630932342805  0.328684874152
0.521450866705  0.479271614903
0.637750903211  0.579127373186
0.588632739784  0.656060868576
0.460361043367  0.470873024769
0.543922787599  0.637805122552
0.508833996673  0.408642776277
0.513485084956  0.583593333641
0.446967738718  0.4826917642
0.425814730983  0.393913702974
0.452628414928  0.49021518756
0.351036150234  0.456668642251
0.496488537117  0.273198241943
0.411106434962  0.389015113114
0.468326756318  0.423090487293
0.45600285603  0.367989808245
0.543434880091  0.632017236365
0.579465536398  0.544373196958
0.535790619393  0.643062906088
0.413362075831  0.440676001597
0.55363443413  0.321117854441
0.461534787592  0.479612420349
0.479074604875  0.649187466031
0.34075442028  0.389315841063
0.356243509705  0.334000422882
0.494625899226  0.441526843617
0.467148825637  0.553951077701
0.642446472915  0.49618044423
0.733874097196  0.597471161975
0.526992355494  0.539859494425
0.423295320502  0.476172049794
0.584298949196  0.554182966935
0.411099857242  0.488908268464
0.618126899923  0.5601803739
0.526917540235  0.54595642814
0.496825716387  0.403639568159
0.451462761688  0.393756619184
0.478390666935  0.415223594199
0.422127761196  0.598771911094
0.453863057212  0.517067777455
0.532498719836  0.373303697035
0.502654971466  0.445112573075
0.564992445501  0.347258059108
0.430182780883  0.461464424737
0.56823727271  0.37157381584
0.486664728811  0.45170550547
0.538359911276  0.444343515597
0.489311607008  0.28343530283
0.469015791737  0.335959355673
0.26231725709  0.388388109994
0.711421128706  0.676468961101
0.531133609133  0.516706567249
0.432070737714  0.350535012125
0.526216210063  0.354151877369
0.40262472886  0.527270247454
0.483765807673  0.499324076705
0.375636100227  0.488246749858
0.405182065558  0.506374341746
0.498002433688  0.547998494709
0.311275928843  0.373534748679
0.520642153281  0.522777057236
0.544167991704  0.526520860836
0.526771182701  0.462868611117
0.596584093635  0.524212108633
0.261092445117  0.439818841594
0.62866061324  0.319842911284
0.599602700369  0.465152385634
0.664763271557  0.55742887961
0.374810284025  0.488558519456
0.466149015582  0.468530818752
0.424059241414  0.487801962047
0.492658275794  0.39671862562
0.369448203712  0.385210594292
0.449723764995  0.439344145438
0.381625260486  0.329856843641
0.334326958089  0.201450623394
0.422056695599  0.563663294037
0.398914235915  0.476499086481
0.596651023209  0.440983070363
0.502651475742  0.615740791786
0.568768624878  0.298724494418
0.511007401099  0.356414614024
0.521932737967  0.529093139855
0.441740681155  0.467841196838
0.460859263492  0.356300293814
0.537966584452  0.546376434554
0.473974536676  0.612095988432
0.509835548248  0.334236741633
0.442597905399  0.366915932607
0.350975962648  0.471706143573
0.529810988666  0.553833607372
0.547046396093  0.546825909575
0.659687389837  0.483364629123
0.566391791568  0.42115340955
0.436663044984  0.522010727755
0.434912195365  0.317971694085
0.438226967633  0.437880895092
0.419177025596  0.534534731493
0.615016540457  0.36065622588
0.375810611801  0.488898600735
0.35599181645  0.443400840473
0.260659559783  0.278280483037
0.50651449684  0.468879583114
0.390744422277  0.424899233681
0.506671914761  0.455634700557
0.629164663637  0.387558238351
0.501651985956  0.659368930079
0.563347623585  0.541342421684
0.517145613327  0.177204626095
0.522975466539  0.432660959871
0.525343427754  0.532683990327
0.366947333768  0.472951031722
0.450916506709  0.385775495393
0.393442282391  0.452317715989
0.464074590707  0.463184357448
0.484619675583  0.536964069927
0.527109046989  0.360140728114
0.615373858782  0.328873072343
0.503170606458  0.422799329233
0.36333713353  0.509221293073
0.556355107711  0.610470183687
0.375580850182  0.487519225744
0.496520026036  0.539334929004
0.485272789376  0.448983906876
0.556106114883  0.34708807849
0.536991828283  0.457626502612
0.550505019982  0.526391115381
0.434753428768  0.616927380601
0.485572682476  0.621268553835
0.438321345678  0.308053287896
0.391102919373  0.44119319829
0.459834227563  0.465747654883
0.348065465884  0.499918617807
0.482231548534  0.322375648372
0.309878827854  0.404442877978
0.347469713285  0.636869732013
0.32599197446  0.420432662436
0.505490683967  0.601626294295
0.607188474764  0.622533127325
0.405705008287  0.456478440692
0.426206729015  0.487253840075
0.458919938652  0.558723905922
0.558168562619  0.418570565223
0.605723805094  0.5030111793
0.473836121289  0.458408437227
0.539824540245  0.566032142232
0.518165544411  0.458731440991
0.482270298881  0.476288378602
0.42924042922  0.570403930251
0.50591996858  0.441323806868
0.540616580379  0.37170191046
0.495831498128  0.538078117607
0.566320542049  0.629087569692
0.468077449045  0.593227354506
0.524751514895  0.480719510539
0.440012329529  0.563653987205
0.343505437583  0.384046981495
0.479582975369  0.520551120314
0.463753660889  0.687492468262
0.420500524253  0.491385465482
0.344367153979  0.524042394251
0.375026224782  0.487283837582
0.489395576435  0.541603727993
0.460254867363  0.46021716345
0.534426573375  0.794431303998
0.463813955453  0.569930079501
0.318311716488  0.475516975536
0.521423329619  0.393577173587
0.642600106632  0.641315082443
0.473147189119  0.32319864417
0.559174183642  0.514770224769
0.465935312243  0.438467106752
0.412794599854  0.645682583582
0.561955548865  0.453628509222
0.60903997625  0.50060744913
0.493840355861  0.406196938447
0.332130857796  0.582794526189
0.420895409297  0.501966994487
0.331190089511  0.405418961641
0.590354550151  0.577682010387
0.548914794265  0.714455349171
0.508053803572  0.413297734707
0.52487703591  0.461233686419
0.361050920226  0.647154814468
0.533768170888  0.520686263239
0.644877263708  0.520711019415
0.347235320731  0.500184824343
0.424476028563  0.550028761684
0.40569203675  0.509523271483
0.55925834308  0.596915577063
0.452825512927  0.532444597148
0.448079660195  0.439570892308
0.248204248195  0.567318492948
0.433201390627  0.5544346268
0.462864893196  0.327159872357
0.499008189389  0.537131057775
0.428516489404  0.409243864582
0.524610169464  0.358600618299
0.714359794788  0.4388953294
0.749569598532  0.630297663736
0.501547307874  0.430588697369
0.532799528615  0.51922208172
0.479108160048  0.486741345396
0.428649577401  0.489364132619
0.654181530091  0.327776569817
0.505949096696  0.637181063179
0.613116914161  0.567040143425
0.447884691012  0.65192608794
0.436757871459  0.419562171187
0.236716353924  0.491767004445
0.388077687766  0.614254117347
0.401016553548  0.532803485939
0.472069308021  0.468236570615
0.730761394671  0.365662822346
0.454478306882  0.74098126689
0.418888827966  0.513441127231
0.434758597394  0.539335763433
0.448886992176  0.642541414667
0.446621074395  0.4811121134
0.484976679252  0.535659570282
0.330556311748  0.426881661029
0.383023581463  0.470878375654
0.502868632444  0.476745653147
0.477653353426  0.626443344803
0.492396202442  0.511164948405
0.413040291048  0.699018585847
0.633032043742  0.442217682288
0.5206288978  0.483399870502
0.515183753561  0.514079437135
0.345123880644  0.541067160924
0.575501578309  0.555882655896
0.524537041238  0.521757111045
0.433584989583  0.52648632104
0.433200802005  0.445775981752
0.628847119849  0.396381203323
0.625737271305  0.549059014113
0.526879740699  0.343725475198
0.541693557628  0.473083471681
0.533300766183  0.495803996293
0.566802551026  0.627082758607
0.621632816951  0.655200965846
0.512532912207  0.575921528698
0.500486037267  0.486640349044
0.568125956025  0.353729412036
0.505544135775  0.307645006448
0.507088179656  0.454379601466
0.395957679047  0.443255470056
0.550860780949  0.53823870319
0.556246826937  0.406228814307
0.499586432505  0.399797941437
0.488121630415  0.339982371809
0.378547486442  0.495899921098
0.533328763095  0.602291838877
0.426653368364  0.422816630436
0.428762771876  0.557300671125
0.46598325128  0.326364456366
0.478372128743  0.621723180716
0.417103035292  0.565333659449
0.428214035724  0.388363300382
0.428522507582  0.310678809892
0.417397855075  0.500815436183
0.486950474068  0.654000935584
0.380461557017  0.327753365245
0.670751516876  0.470247752815
0.476883926028  0.486771081137
0.320618396454  0.587630752377
0.427944068169  0.467606555526
0.436745260729  0.381207826194
0.568806487861  0.590834399411
0.315285384919  0.453098062853
0.380652404499  0.517227779647
0.345742434393  0.523840672977
0.445733716072  0.374901621182
0.426196671123  0.317971105267
0.280361630631  0.648660780911
0.670489752496  0.284736874519
0.322778326448  0.306543037441
0.368973530216  0.565651332353
0.638915084426  0.435926021505
0.486419821357  0.601992229445
0.375091354711  0.501514573315
0.398052270592  0.402203103171
0.493156483905  0.603487336108
0.278615464108  0.356987840417
0.508470882308  0.311872270208
0.558997407624  0.55653177683
0.349362600827  0.441641805978
0.561696030798  0.623578715258
0.506680996409  0.736240460509
0.41495008497  0.481132319455
0.623961928114  0.563503454203
0.351679058388  0.609697335422
0.521665252737  0.412279799536
0.40742391778  0.604340520811
0.510890513005  0.268251976653
0.577188525073  0.436174179132
0.531813248847  0.597630674874
0.482113074292  0.39266902791
0.439451516188  0.515789394837
0.576746689885  0.405623649734
0.583130628055  0.411489430558
0.490736621849  0.474051024611
0.50222973357  0.506711857802
0.611386874986  0.401818955727
0.522682742572  0.292893316736
0.347555271959  0.545680192996
0.457868560249  0.411884731042
0.355590912004  0.458474424558
0.708024716484  0.327633965744
0.700639881561  0.542369045227
0.444232477808  0.428053043267
0.519149876554  0.614110462311
0.466241111887  0.442141254506
0.409240929681  0.562239690233
0.472615071557  0.600270430214
0.385665282176  0.490847483261
0.417018400984  0.535765364342
0.589812749073  0.527413929311
0.622188764303  0.486835370702
0.634052379984  0.397231220835
0.34308013728  0.516919408873
0.485958759276  0.496222656597
0.400736785756  0.461778828714
0.412571643044  0.359961042047
0.501403840302  0.39386528663
0.383844730601  0.557932863056
0.405447833941  0.327838999602
0.348139374526  0.53857242047
0.484578764954  0.47669549058
0.478639209214  0.57356933954
0.577449459877  0.309570251417
0.553511865685  0.360890888094
0.503799210625  0.48772884198
0.549446266042  0.464969404593
0.603000003721  0.649658735882
0.507138564895  0.460497361543
0.541039732721  0.538199479441
0.595884685246  0.605719432271
0.434356349551  0.461493955523
0.413229444434  0.402190336466
0.56589320441  0.402839900418
0.54722225001  0.564632296794
0.504383526085  0.573838049428
0.448806131534  0.502118863347
0.48818911901  0.425545193637
0.46152649355  0.574880145149
0.245278157743  0.40573235364
0.376567798161  0.557597229048
0.450933052332  0.570138253156
0.586039300058  0.471580454386
0.537337615053  0.413283724913
0.461686267505  0.530191460978
0.420649827242  0.461815418151
0.479595711023  0.615070008092
0.406337870525  0.624528471724
0.626235176557  0.502194351027
0.411819559204  0.562074372678
0.486452062414  0.570530919298
0.484960787344  0.654124757954
0.495143299064  0.500026686545
0.536926920561  0.444024071894
0.631072487742  0.438091186064
0.773017015559  0.586040057571
0.40663531721  0.525799538868
0.565515103678  0.363601106914
0.550986439994  0.46921029799
0.544040341313  0.532809311589
0.476932252168  0.569211191088
0.79740659114  0.453921854156
0.481402968603  0.526715404455
0.654334599856  0.622942531604
0.380832882944  0.482636290576
0.427967318399  0.467208914454
0.556791506734  0.3807756769
0.44089418781  0.501209846708
0.558260397386  0.39138689427
0.522106774087  0.598843310912
0.463908036853  0.300133793783
0.623859869872  0.496928120557
0.622872619631  0.405818018892
0.61246007788  0.262896671268
0.407708667818  0.624181493903
0.434876926661  0.466045740153
0.387070056819  0.445893163942
0.607391722062  0.381813634237
0.442980991029  0.36311801409
0.281544120498  0.499647213087
0.392007444674  0.521757817443
0.502102261426  0.40552849142
0.442334141158  0.560222729617
0.289654795018  0.400556966611
0.598134058535  0.492193938598
0.416025884227  0.50557437445
0.483642831132  0.576283079737
0.469365021265  0.438065871502
0.514209141627  0.483078806636
0.549680352028  0.417275022453
0.515908754923  0.6206548358
0.510929025214  0.515686012369
0.511688319172  0.518360615508
0.483314144515  0.445772841775
0.512819297638  0.643987535028
0.50838011671  0.35611264033
0.541848679465  0.489161904937
0.472774410291  0.37085224632
0.567123713577  0.391952532475
0.537540652566  0.554222446697
0.455239551574  0.5214009274
0.469372785228  0.25436263676
0.608323126684  0.326638435097
0.548490933803  0.641676082173
0.667159333589  0.570653210147
0.451709853572  0.563593023304
0.453845910182  0.341610502875
0.356280139697  0.607284543569
0.380545575032  0.484747709498
0.44761290887  0.381062856127
0.435231122064  0.290698861761
0.699895949283  0.493039017991
0.419470551771  0.479536376429
0.211956925356  0.522823789847
0.415511460161  0.5759524449
0.666008115342  0.437876800704
0.498099900976  0.485990837338
0.577100331712  0.375873615189
0.464266330128  0.371266128394
0.496740294407  0.484954273559
0.618879610633  0.46619501567
0.447918349942  0.441886101133
0.45156817007  0.415979207489
0.491470482067  0.471672793305
0.466124594273  0.34623108283
0.498834495032  0.62121905498
0.516506777886  0.365834362976
0.480861103362  0.520575315515
0.523629883876  0.443383968016
0.568665812781  0.55347869738
0.322472060882  0.510108397841
0.560220465535  0.521146308588
0.558032809592  0.571317198077
0.378127166397  0.47464233519
0.510515027812  0.316739953571
0.524115819429  0.336109959883
0.416071561181  0.468501661139
0.568483220072  0.700659392245
0.54272159963  0.405117244351
0.318927089629  0.413312175705
0.531492736393  0.704232952178
0.543265049014  0.503095012498
0.294980793097  0.520529633091
0.452116771336  0.549014970232
0.67328547278  0.508767528267
0.456623995601  0.412494275718
0.452927289816  0.339547614117
0.547522750495  0.375776271938
0.365517362047  0.260890717565
0.413429987485  0.585262605141
0.576554545235  0.540155817187
0.531526412874  0.442976565357
0.480860880889  0.482959956982
0.372710563305  0.668896441372
0.590793380866  0.424399283979
0.359868540847  0.38297720324
0.354267704829  0.502959984853
0.628389641873  0.500408111564
0.383208549629  0.496887729475
0.385550982263  0.487845446718
0.484313501711  0.523060463109
0.436740696434  0.406769278112
0.550706000477  0.500647702901
0.24211897545  0.489198252739
0.410329233594  0.37114039492
0.525928747826  0.473275314861
0.358260832855  0.577808305577
0.285263372331  0.335554978542
0.350789436354  0.424639689359
0.619177532053  0.378833586807
0.653622019414  0.480152154827
0.359782457939  0.615297774167
0.463380953302  0.276597059984
0.56723585689  0.681095394591
0.644191608852  0.5225817774
0.550136671713  0.465108488149
0.608972734891  0.443865301949
0.49776803161  0.407193935286
0.438871446548  0.425190591728
0.323572416331  0.343320483529
0.507447104657  0.599041087767
0.666285621445  0.476876504165
0.485807934189  0.730415324384
0.480506699332  0.448468739055
0.617749144436  0.74220004436
0.587345290487  0.576041482916
0.435907899666  0.428922672606
0.336634094699  0.495285204674
0.295068956994  0.484707603786
0.535841731696  0.475568784969
0.469475042381  0.534740980491
0.480149915601  0.480729000653
0.468343416926  0.419184761961
0.399659175838  0.513605871448
0.425775532506  0.457447015283
0.628546230886  0.414965989871
0.390560098661  0.459237241342
0.555749249557  0.359003063991
0.351085988181  0.554229637838
0.451351183526  0.404978985191
0.515857567187  0.594379254616
0.514661524966  0.502724647109
0.544915084857  0.68576325799
0.66055803305  0.512759002187
0.533852252456  0.376595321929
0.405858077474  0.305060237219
0.358830629375  0.403558798571
0.605931057432  0.538167779314
0.506862444961  0.404577373302
0.637773989594  0.54457069807
0.497611141817  0.344207735257
0.387083771858  0.444729107252
0.572956504263  0.378041232885
0.559087619858  0.439434141841
0.553394975596  0.545301064712
0.457342105328  0.638401999579
0.454415131624  0.377838401498
0.401094643446  0.358270746252
0.538608733984  0.499920832763
0.461324660648  0.446657203508
0.521479290683  0.40618579481
0.459382631765  0.350315679812
0.533802806398  0.598086338321
0.64525520856  0.571011826146
0.479123460174  0.61801315607
0.44786759027  0.671855682362
0.349602764691  0.631739075768
0.44934541852  0.345317119039
0.401291838376  0.346946510366
0.477877217885  0.500916202438
0.395919074473  0.346377855985
0.59352116829  0.621759109
0.482658397137  0.583692058026
0.583927303187  0.589398906651
0.470889106177  0.572309200029
0.507656071967  0.695018311759
0.35826408224  0.446152552847
0.51314222797  0.541617047838
0.316362778361  0.412234491511
0.443777912598  0.28751913181
0.671641839113  0.369402223194
0.306577408372  0.437677406089
0.437036718702  0.480928855344
0.494992127707  0.603665319061
0.644193218728  0.388179140479
0.543428233325  0.504961305362
0.575397130491  0.577948358749
0.482714748706  0.478193915445
0.624291127968  0.487078654945
0.604715089827  0.489735312001
0.403661050225  0.435047555781
0.423072008709  0.52604246508
0.301609263675  0.557587955104
0.535112202658  0.731599193238
0.702946104377  0.597417552437
0.413053841084  0.340359215549
0.520116788366  0.576719794774
0.629628282765  0.454021225843
0.57720331215  0.395280868888
0.575603559656  0.492768811874
0.55352268667  0.39760071867
0.552050756757  0.587781080654
0.522315180099  0.33607433021
0.315682816282  0.438118659975
0.558280363337  0.460581665478
0.348620508368  0.614853096361
0.474365574309  0.476151591154
0.543379153378  0.328340553273
0.650278977994  0.444798471651
0.445127611314  0.368102131258
0.555280380379  0.36590981621
0.460984220676  0.473375854154
0.403384225929  0.609338110189
0.403063428139  0.612605447814
0.694441985378  0.477132490257
0.387210107361  0.352834530952
0.277543909997  0.564310520091
0.541884202715  0.429504970795
0.541574407085  0.604354611851
0.421422163935  0.576402024086
0.385695876404  0.422751700292
0.440205888374  0.606608773991
0.445983559705  0.408144254683
0.474148312863  0.494069346454
0.533026009785  0.44097461386
0.582600192173  0.369103334872
0.423803779314  0.583020103286
0.4355651754  0.637193595632
0.540092997411  0.61488634175
0.492825150856  0.573768549171
0.38066709833  0.450726756113
0.610533011953  0.567537842094
0.545785993873  0.537482423017
0.366826372971  0.551988552069
0.49163076569  0.445625354799
0.552704690301  0.49375005106
0.529413947617  0.479582676134
0.507711193  0.386330837362
0.495269057172  0.575357057676
0.432385885678  0.433683048384
0.51318084972  0.436235636926
0.244710635514  0.598706428851
0.382955802017  0.587459924013
0.481001492639  0.526028133836
0.456559628017  0.610589549395
0.72658768517  0.243953986386
0.373582955888  0.472613400612
0.472940619863  0.281148852214
0.479709031532  0.417837971826
0.400781701868  0.482772890688
0.479362661767  0.406727151406
0.434693719998  0.520289492992
0.343360194503  0.300160521396
0.338667648403  0.539556833932
0.410305728096  0.331305051524
0.439422452083  0.326123591438
0.552312174408  0.38476098926
0.472660681153  0.620059019308
0.542056509738  0.363127369081
0.48472744391  0.464164878388
0.646019778322  0.513917521756
0.529691722729  0.509227932335
0.575851273516  0.507443781196
0.498815326951  0.706889979699
0.527751783221  0.594610721903
0.413039483686  0.538276305579
0.491601951846  0.437192678713
0.446300337121  0.569549199873
0.588950854273  0.421130828177
0.380365718404  0.434316803972
0.512475382486  0.523368123525
0.516958614808  0.608434782677
0.367026119704  0.554226649839
0.572573946027  0.444369905077
0.457171902261  0.355150683084
0.406940438591  0.480096556921
0.693311504378  0.515483848225
0.499618851735  0.432779150517
0.332031413672  0.45417766607
0.442173701205  0.457279773417
0.603784915364  0.336781516116
0.366230742101  0.292366547495
0.345692423652  0.381343623678
0.563305986332  0.432310338597
0.544427473827  0.341373373271
0.513687217662  0.565988544695
0.481294046018  0.545743384741
0.388747799182  0.483005624661
0.484079632403  0.484479762834
0.319062018195  0.382898040418
0.384853185576  0.344090348937
0.412700518899  0.593683044975
0.331621095316  0.817638557225
0.478901030494  0.454589012473
0.529696935028  0.411625917528
0.507094972398  0.322648382555
0.410002963234  0.446165309988
0.325363637917  0.502425743672
0.350730699559  0.502706238235
0.525770860647  0.517549568784
0.523511496294  0.549937934273
0.584851601956  0.473798056805
0.581892963379  0.601389474091
0.505566194453  0.324750751591
0.641708449341  0.465910907219
0.562876070886  0.388052647148
0.481480108481  0.388693871511
0.21100633339  0.404436662012
0.329022049575  0.655222520115
0.52651056473  0.350939276032
0.52509870971  0.544278847124
0.432780725429  0.591767723934
0.618494217206  0.37896695085
0.534321901178  0.628174120581
0.509947919056  0.264895859554
0.366903425963  0.613731639117
0.50917177256  0.613099773692
0.649158073054  0.21924323093
0.639544161572  0.4005490825
0.444583338305  0.656805000978
0.424603242343  0.696810991823
0.464227979951  0.565182837893
0.589143576581  0.361945983697
0.54389658149  0.506591790214
0.50591563289  0.340728123817
0.47845584511  0.37911907109
0.507960342397  0.5779768163
0.378874284237  0.492469663213
0.623177914222  0.360120176603
0.363960488972  0.49246389538
0.463264059828  0.554121990951
0.473435953098  0.617169039114
0.50189092673  0.430852605869
0.43107432566  0.51044965719
0.499959883014  0.482577025916
0.481783243703  0.611891879403
0.508545936409  0.431832962875
0.499996069253  0.55095640471
0.553409657737  0.459841624207
0.719447477599  0.461639025274
0.504943067318  0.358036822848
0.459048639896  0.413182786814
0.367969589534  0.436262876963
0.475554142296  0.335403096079
0.583328413761  0.481964736949
0.574786349934  0.31247029464
0.376981407969  0.505513181127
0.647452701108  0.52433813651
0.427754124099  0.412346668604
0.428468728753  0.48415287828
0.443020955023  0.369820185547
0.432810029061  0.567791240252
0.50547005799  0.497771920778
0.420707583775  0.647247104333
0.390722942013  0.559982931012
0.438304450115  0.467308821463
0.390684454887  0.402510514035
0.385555491494  0.47375848768
0.461774108613  0.547531851509
0.477666192596  0.408032540746
0.525759625342  0.523767744897
0.492101935502  0.576397035463
0.633065129654  0.417802081262
0.470762895543  0.599219998255
0.547291905451  0.457334010454
0.540522070261  0.58388169288
0.490994057936  0.392752091714
0.490596092085  0.480706473751
0.293433548155  0.475589957081
0.477561617655  0.367552205581
0.493799926473  0.614679152201
0.524470811643  0.540813852282
0.538611877895  0.566621464124
0.427998061542  0.468097576881
0.492961954092  0.463568972489
0.446464317904  0.528104077076
0.483963978058  0.392041309192
0.489385319938  0.547843312263
0.552466259955  0.298567865779
0.587769822689  0.635526700843
0.368158390378  0.407863060479
0.41266446806  0.58310189063
0.580327694  0.598621320308
0.554357430103  0.684577588275
0.446564951142  0.587605230123
0.628191375043  0.418268734142
0.503601161603  0.31112745273
0.698024673545  0.552110006601
0.296563128667  0.597266192374
0.569252684027  0.317012248845
0.287416485233  0.618035211363
0.402808206025  0.47216176805
0.338634986373  0.378343765435
0.493861805835  0.475374757557
0.42268816588  0.33202777905
0.401741920626  0.509011723024
0.453180966686  0.615658492507
0.439812252185  0.518486035381
0.433708107061  0.474129687904
0.479608385419  0.357090315241
0.553102204254  0.713102275277
0.416822012559  0.588145446281
0.468826886821  0.449513338209
0.555154258378  0.483271906416
0.484789056277  0.548066348651
0.591422437715  0.341174656828
