0.348511770014  0.536981360703
0.37033551535  0.288761691259
0.524997850172  0.218372819998
0.506642320031  0.477675060506
0.546728651693  0.604928327714
0.481612813516  0.392038901923
0.608138818785  0.582181873329
0.532504406528  0.465015130811
0.4830165126  0.335613058486
0.616852802913  0.35823585096
0.49355408263  0.538222166435
0.592522236371  0.451353609619
0.511881955391  0.368959973798
0.348496636639  0.464833632914
0.662325159206  0.54754030368
0.420886189481  0.669225816375
0.567696880016  0.430391755644
0.290488339261  0.377355335064
0.350441256792  0.462893075572
0.612175663577  0.54507902767
0.405755766188  0.478227498598
0.38244493246  0.413751700072
0.389545147491  0.57004656768
0.332635194221  0.543746843996
0.270577418619  0.399377654366
0.432113821521  0.522469455304
0.557796538846  0.263399916954
0.452097549436  0.599185494735
0.520966498241  0.476553858626
0.510606124813  0.451061841384
0.527302423018  0.579262802334
0.543312023754  0.433418520824
0.434166226783  0.509043710588
0.535493355652  0.539940225207
0.464696017814  0.491010848102
0.280073536939  0.541005211302
0.558351127698  0.479354304241
0.474692777059  0.366653376698
0.554159961592  0.496653291779
0.548193605956  0.380181069083
0.547293983776  0.574124272549
0.615442935054  0.459548657886
0.449515087983  0.435327663361
0.510058633643  0.61271993372
0.367274110809  0.532162941424
0.564607981861  0.667129824132
0.488691972414  0.462998793577
0.539743660831  0.53516867587
0.522543232901  0.554312019455
0.583125044256  0.508563170843
0.481178223989  0.443051291994
0.358607419736  0.551143802766
0.535516508062  0.331217230397
0.565866073367  0.287187592747
0.543548609802  0.572971591317
0.422644991259  0.556575682419
0.74199607926  0.429126979114
0.510761609311  0.445864477457
0.637982989717  0.378318791226
0.302031407908  0.508258568558
0.473932584193  0.457537709056
0.462480567319  0.496991856551
0.544038590307  0.599883426752
0.681705531403  0.438065666858
0.54673777194  0.544569127832
0.395850272299  0.615758955052
0.496528466297  0.541744902671
0.462483492112  0.344173234558
0.754454763037  0.58316701957
0.325723752886  0.562282823145
0.608606565286  0.481833954024
0.4220673469  0.521061123584
0.530472216622  0.589620897011
0.46243486197  0.636351698922
0.703750251881  0.607835617626
0.432564821485  0.449910875227
0.591872144153  0.604078369399
0.489190302754  0.30690315313
0.42089148937  0.509468870348
0.361932775244  0.276685568652
0.762031924648  0.480676808831
0.605969900085  0.411058019521
0.535734911454  0.486224677197
0.499237938681  0.237409918174
0.588700621591  0.477796560734
0.507687579012  0.539505056857
0.506446957561  0.504504285675
0.575958368283  0.473506387352
0.647922875028  0.413951739826
0.37121870553  0.439707116851
0.626770634213  0.379658729361
0.545073503252  0.646338626123
0.717840522837  0.545990675725
0.496574393297  0.393280469652
0.556645343696  0.460900636049
0.483730917042  0.483974960895
0.72753752337  0.553602936669
0.433255403696  0.360860626623
0.57825539322  0.277310065766
0.471300033016  0.366398672714
0.524542854337  0.645079637546
0.289178557336  0.472989116491
0.497147026962  0.366019062415
0.734816890522  0.394067146863
0.64669373297  0.418686281189
0.385406072245  0.472114355725
0.338506118758  0.532463677529
0.536911176485  0.445450736148
0.436807393063  0.392490357254
0.416500445  0.485867189872
0.437956167369  0.506046994272
0.4433587133  0.374212406742
0.547785058997  0.362575526522
0.382601643416  0.512904690697
0.533763055681  0.543232670266
0.464613555628  0.501866998696
0.499074591783  0.446840259413
0.659124592933  0.337377473726
0.536618573883  0.473631062229
0.400954585398  0.545810169902
0.479203337197  0.369480272184
0.538960058769  0.393289727004
0.522602364103  0.537327510468
0.464594090734  0.660357352789
0.534623748327  0.51746985113
0.601714666248  0.479879556682
0.468932583287  0.510636555814
0.529237117549  0.529732397174
0.513084279858  0.351786208563
0.406735922725  0.410241145428
0.500807440478  0.534680546424
0.529323266411  0.674685046391
0.4609800706  0.500859627634
0.280627689954  0.435231870705
0.528914121392  0.600736241363
0.499273656715  0.499508041864
0.624808007676  0.611904467869
0.444686131773  0.426964896679
0.414213297241  0.575871060364
0.550455752273  0.497328962832
0.519252787652  0.582711800943
0.375711136412  0.354854667904
0.473748569319  0.503958242331
0.44518546234  0.587340258942
0.51660432206  0.557933285703
0.497131128921  0.548983482735
0.656766008715  0.466897132536
0.570597545492  0.652571947947
0.586899558091  0.521316714626
0.576855214605  0.512142130004
0.513491162653  0.462643126956
0.594624543798  0.535537035505
0.548608090255  0.393739347182
0.476758729072  0.36686719754
0.489836562363  0.481110309803
0.279058577393  0.497864431102
0.672459132851  0.471479083545
0.576188238799  0.400269183142
0.483602673948  0.541454205408
0.474026512609  0.470494180338
0.420856385424  0.440714428398
0.415004403468  0.386315258049
0.686791587137  0.503423312584
0.394261995873  0.497778512796
0.522349667621  0.453997396561
0.464698294824  0.529635151332
0.534524802026  0.400127516512
0.356514566395  0.249014713583
0.541066683919  0.560815034084
0.695354551282  0.396311574421
0.551499200081  0.384330927392
0.312723391914  0.531698118248
0.457027453489  0.663149923949
0.430568829736  0.497988349451
0.555852887495  0.442923950505
0.699485321177  0.521433430921
0.458661722459  0.552791811473
0.604180429043  0.555874840976
0.603494811674  0.4764644485
0.479901701661  0.447445154474
0.648633714161  0.406219478215
0.468583866413  0.575699100336
0.560409917682  0.413706893728
0.674557795064  0.64887894392
0.612418790877  0.380413117068
0.403562451734  0.583970960904
0.603108122576  0.468990854799
0.300354178654  0.333575733498
0.384638750223  0.496394095887
0.569247701034  0.481441072265
0.514735798196  0.43646598695
0.221302504655  0.327385400085
0.382362029684  0.393572911725
0.716270376937  0.584958603732
0.39532959208  0.283827136323
0.401426138626  0.356899166701
0.565740207731  0.429949466952
0.446923240481  0.222101509829
0.416304264552  0.646920281619
0.509222493005  0.453531139187
0.194220242731  0.584121093196
0.343294824509  0.445441490193
0.374848485409  0.456901109579
0.509044535849  0.494990092167
0.706405295831  0.63802654791
0.667078217162  0.469941616668
0.543218227748  0.388894749758
0.260750168438  0.582270925918
0.580245790555  0.388343146639
0.474423577566  0.384747184928
0.523783932819  0.519989985299
0.442251380656  0.608140768655
0.361932727762  0.435078038188
0.402361306457  0.543554146214
0.502783773003  0.380675696542
0.46518999386  0.445491121345
0.541909207222  0.493575074891
0.340194599938  0.551645900632
0.439090659674  0.469467542537
0.580920012269  0.440787613771
0.549291973887  0.37796590759
0.516217370482  0.32121260926
0.603742303709  0.457841882655
0.430473147238  0.478013311258
0.512414641681  0.445269347558
0.506724160356  0.415478923063
0.399710045464  0.479206137233
0.381498664548  0.512843698256
0.531256069929  0.369579861618
0.417582632049  0.49562799957
0.551567034557  0.54550099734
0.614636978435  0.594541597006
0.545242091837  0.444738667732
0.606005093296  0.572279869303
0.413335618574  0.376841636759
0.503260926529  0.625138067228
0.323454873695  0.340476488624
0.440622249723  0.641901717787
0.480382498746  0.429645071459
0.440486670806  0.470877805389
0.349651411273  0.41510959321
0.395761276982  0.503044422506
0.564773749098  0.545664648245
0.455374160932  0.474808439362
0.3644972333  0.342995687935
0.449515161265  0.549715234096
0.514535606737  0.436845623071
0.514884406515  0.539115943919
0.741408928518  0.345700262096
0.300968833154  0.572726201465
0.537953533278  0.618963188245
0.400978291847  0.391875622111
0.438095693536  0.523789512863
0.362169116104  0.375123235167
0.490169734901  0.507134750776
0.433620504528  0.63041747064
0.469314050466  0.601569492409
0.376113069898  0.491980510509
0.383077177583  0.301516918743
0.670915132989  0.729747982039
0.481731112445  0.272739809469
0.555013819392  0.489171942166
0.573670913546  0.599743732797
0.591108766472  0.477008685148
0.556166103166  0.478144238297
0.380827425886  0.434192159947
0.504470874605  0.355905865146
0.487280180693  0.270363547028
0.404455786652  0.485689485747
0.595055566297  0.548784796778
0.472483585092  0.550399696073
0.457144660773  0.488126697378
0.539605682949  0.431131161917
0.510630293888  0.443207868139
0.402012554558  0.451991068481
0.484054734395  0.366008780618
0.653488541499  0.391238405801
0.431187013063  0.498342995485
0.61380659078  0.292749190453
0.524149039165  0.36243016552
0.416862653102  0.499929682791
0.381269540642  0.504997036142
0.65610928583  0.533026597586
0.417169006365  0.57881265391
0.49984918792  0.563396695867
0.318103450257  0.303671475392
0.500322987748  0.577755729191
0.353999455912  0.5818473087
0.669882197497  0.520957974421
0.365912183988  0.523571796301
0.606325288086  0.359045566589
0.533591075066  0.660658647925
0.381926701865  0.386682283796
0.414169495737  0.5835815281
0.655978951079  0.724600193536
0.479491282962  0.392558866315
0.5885522311  0.420567293485
0.409557558058  0.348503165587
0.394143486567  0.369021409794
0.711122037089  0.331407141885
0.417377343555  0.409269497769
0.664853274365  0.501016709896
0.503876036048  0.445095894542
0.375824693763  0.523767508784
0.518739665361  0.580543254265
0.461796685644  0.451370019709
0.676748301314  0.430685401672
0.564308270694  0.575505916416
0.557935326756  0.45306516563
0.415238608965  0.498473756575
0.560459033057  0.400688507338
0.406540118963  0.481209458381
0.548253955374  0.479692382581
0.338004805107  0.535742281099
0.559744975997  0.29035283204
0.415771731417  0.605410427685
0.374103346053  0.42846835969
0.630218279939  0.519471297921
0.48652838961  0.577109701216
0.576807952079  0.462768522294
0.473898264341  0.371948939801
0.680453018281  0.140560561821
0.418805380642  0.549786846686
0.446280032722  0.400081780229
0.454277962184  0.447660206751
0.330579579372  0.472040355552
0.513004223514  0.399620308271
0.50973264433  0.343345351069
0.771348154748  0.513633326997
0.490493539999  0.343391558766
0.55946041619  0.574229476484
0.568242777463  0.544214785043
0.346966330372  0.45055617028
0.561341432652  0.534169247927
0.569808446935  0.433561713929
0.619137150408  0.598875706863
0.483030955738  0.236000410023
0.540432656658  0.445714657933
0.385946127909  0.729261187612
0.511746933974  0.57942330337
0.646777626053  0.488260863236
0.483173753801  0.322463127113
0.332928787161  0.473688516264
0.507955889917  0.594333538903
0.523662830108  0.568571068886
0.526347031719  0.388097481821
0.482823532908  0.626133167094
0.375411399317  0.467138658569
0.583785433914  0.512789723847
0.535827395398  0.63478072762
0.579741161929  0.577113922761
0.543753180327  0.558580547662
0.435209151035  0.375273127613
0.550078268435  0.515974380904
0.559923190767  0.466026710758
0.549198728653  0.634605255998
0.533739834816  0.381404458456
0.473765169156  0.507154178965
0.602232316192  0.487076850617
0.482134322648  0.493577763441
0.565487322464  0.293304410312
0.371076332091  0.36642895561
0.321631338042  0.519411274831
0.39279999393  0.487311219866
0.328879905822  0.419825567015
0.445886442804  0.426469036789
0.402866256006  0.517493582541
0.572699569052  0.695546055394
0.51631779385  0.538147109605
0.520072025766  0.378247943189
0.424609473215  0.481030739091
0.519891563714  0.74840407117
0.461329493138  0.491844831622
0.503529951718  0.142231675857
0.304364678813  0.542947746067
0.397673507291  0.598890092803
0.326338156173  0.411052928168
0.572651548866  0.452418327668
0.513976137185  0.363397106624
0.393376912457  0.508449744739
0.501869867614  0.448609002638
0.419321509033  0.535131033626
0.410156274313  0.496982853126
0.330878789401  0.468464959205
0.444322784721  0.459829882994
0.398252034268  0.589565842545
0.364358770788  0.324333023928
0.407957718259  0.682282416396
0.646850986424  0.595970430508
0.521184418665  0.349947091073
0.61958925027  0.635044929799
0.507446879549  0.550841686944
0.748473054725  0.530990565749
0.495433739717  0.515750797778
0.466016308329  0.697344988873
0.65859712305  0.4056782327
0.615185437722  0.558899773024
0.430895724056  0.42911322118
0.43891625787  0.411081709703
0.383587606174  0.487106234976
0.452819307798  0.513052788122
0.515208250415  0.555461341905
0.367364314419  0.519974940222
0.505636758833  0.427457231945
0.415513424832  0.327964078824
0.440361363297  0.417114790527
0.391226157994  0.415658590801
0.577649976855  0.408070322063
0.541639475178  0.475102599583
0.317527302287  0.534419145406
0.448617237728  0.37322450701
0.615739100176  0.356361493299
0.399073664601  0.645035473033
0.198049904439  0.572526427807
0.564283795919  0.682037798945
0.717820847963  0.567069037176
0.428628081674  0.396995354987
0.433458913633  0.513691481416
0.502810960988  0.508893705268
0.481285901519  0.426577875557
0.372444391904  0.362933724061
0.61943030015  0.480561349334
0.621386385796  0.512020089095
0.534285930128  0.384299224434
0.440041220181  0.590435903684
0.359072581588  0.595223179202
0.369503230779  0.50448922197
0.68451716868  0.363935714135
0.553139810034  0.519268875389
0.569123780017  0.332745121732
0.531013049482  0.424531464636
0.558320339131  0.625584479572
0.453571964448  0.493739504533
0.576193336222  0.374583721678
0.515219879212  0.532109106012
0.539908321919  0.495926758243
0.342747027395  0.502352063078
0.568388983215  0.498527091312
0.640110638698  0.485377277498
0.512903152751  0.457310158524
0.554648558045  0.649287864173
0.498248514139  0.487876919388
0.495612696756  0.481870797718
0.296203187865  0.41607650771
0.530390324099  0.575024005779
0.542376618634  0.488153806488
0.454040435104  0.383074194419
0.332984878388  0.591561839541
0.493336100663  0.49487251051
0.516555690098  0.438866598179
0.400975234742  0.363375541219
0.32059048934  0.499401563551
0.536333269766  0.321529583906
0.616150557353  0.557838028342
0.391736024682  0.496171208778
0.644552039611  0.483879914861
0.511629217113  0.374790082847
0.487949515415  0.480958558794
0.357926517121  0.63464053608
0.572228374296  0.615616746738
0.533805983704  0.392730243653
0.456836151917  0.464148939043
0.493114802117  0.44485165273
0.459752662316  0.514487857402
0.265224735947  0.296307319438
0.669740948964  0.52744423864
0.462527096587  0.612539994642
0.349130849539  0.367907904328
0.834779849878  0.619981324551
0.329905327454  0.427578982875
0.360491173858  0.37788750196
0.488282960395  0.41620703122
0.499359684215  0.266748001224
0.442056317041  0.494043024641
0.486861105035  0.526841407531
0.511399617671  0.65748816279
0.56535458752  0.505809176583
0.507788698955  0.374809420739
0.351371641475  0.639145586268
0.482558421223  0.375185530893
0.347848905749  0.379191230524
0.521297713473  0.4262696418
0.528335481191  0.676215392109
0.465686271117  0.538875250508
0.498476104744  0.533985098135
0.430837514673  0.507410686216
0.355320335144  0.437486905734
0.590863775773  0.419871268708
0.593667441626  0.370001950037
0.620460542801  0.46223659602
0.311099853683  0.54489760155
0.449931412453  0.543589355754
0.593423795804  0.545515201214
0.614382377965  0.512446786234
0.473444110124  0.422320863634
0.599902903565  0.455581649707
0.533943459786  0.553249002108
0.414883012024  0.556197876465
0.307699128093  0.497768068411
0.557340468702  0.465828331826
0.622003119677  0.437256820914
0.532406691663  0.630235083972
0.419825682937  0.451991109345
0.541995675252  0.627109444061
0.47177805173  0.44411019016
0.610595196848  0.413545324767
0.545993411778  0.541490776035
0.39243079736  0.56308475621
0.600836409784  0.359304102166
0.453882034994  0.593376865782
0.641285305112  0.466305209998
0.364000698845  0.610723807317
0.513932961228  0.45257268822
0.594842953647  0.551691011412
0.592595256929  0.58436106683
0.515929726363  0.511017093402
0.538857251514  0.524159253144
0.603987869645  0.403366386792
0.376937759272  0.535655837065
0.511612482813  0.421922856301
0.391342038867  0.441936588107
0.626090597228  0.335663380502
0.409844892586  0.501943150567
0.458764295837  0.44649234201
0.507249075738  0.472466069301
0.580433353316  0.520713052675
0.779331746214  0.280743946336
0.333922925281  0.305351228595
0.416726404229  0.5867573759
0.429840970905  0.259717042633
0.383240559316  0.592628919828
0.599426447855  0.374125794715
0.604295935364  0.583679387455
0.384170084125  0.545969904651
0.489911522765  0.504662728454
0.465856618825  0.387839217292
0.583129785768  0.517963262161
0.460141264726  0.355894156359
0.505445516095  0.603200846384
0.442581074294  0.244137348211
0.635514704972  0.361413146831
0.421395419704  0.626685538245
0.329591156052  0.581895435766
0.221772947907  0.587388000278
0.585151750724  0.452273169685
0.577579307207  0.585100034141
0.437012976572  0.461297883768
0.383112545078  0.43112753984
0.586454530737  0.408987257146
0.540096564746  0.535591312981
0.485240141267  0.378061045512
0.298079923361  0.474619947734
0.436335071386  0.418743848424
0.524262341071  0.500232880492
0.592775574792  0.58357046432
0.52209259546  0.329958358314
0.449665275026  0.341454589113
0.473612926333  0.384314593285
0.461310099382  0.401948247433
0.40901415295  0.601846985326
0.550420221117  0.632086552529
0.581718122097  0.534988859309
0.687136712141  0.481812876498
0.575289126581  0.464978335107
0.4672354896  0.465286090108
0.47665759501  0.527596413251
0.467935875896  0.43224897237
0.45595436214  0.557548867418
0.616228647903  0.375674677461
0.318750619238  0.449613736831
0.669183888401  0.324936086258
0.539775815919  0.462599795015
0.429796829396  0.664958155519
0.404193150075  0.634630986874
0.447630658231  0.450854956807
0.625677032836  0.524831998406
0.415927168601  0.534239062832
0.656656107789  0.531089258624
0.3889490137  0.50417946866
0.352507456894  0.369547073389
0.517860161333  0.323870362326
0.548796739137  0.431823540755
0.564469875947  0.438656264138
0.199142521451  0.577569790435
0.606403831981  0.581857256071
0.488903247106  0.332037304079
0.447637873472  0.476834847122
0.43934801262  0.613042785275
0.411612237642  0.484056840904
0.513231325623  0.433219820176
0.578429306506  0.512807427779
0.555061551159  0.265433483073
0.384115981417  0.513738437234
0.349330442315  0.623025733028
0.421671183781  0.296916989123
0.498738745216  0.557346239078
0.303360574092  0.55040810678
0.382498956222  0.389884656832
0.45941040391  0.635894284509
0.525893413338  0.472526747381
0.478272356089  0.641444526563
0.592339813401  0.472294358922
0.463377633648  0.560567352324
0.6341781582  0.425360319992
0.587522344421  0.45711484598
0.416704424331  0.429039707866
0.387294431704  0.408071344224
0.546383015531  0.551491121414
0.476706299398  0.287282245238
0.555385691865  0.587561923545
0.497596651465  0.445863718706
0.45749930186  0.408977283864
0.602707040354  0.481446586801
0.507042084811  0.377465937876
0.445851522912  0.393448063491
0.49579630284  0.520912393748
0.504540427055  0.556745496471
0.607523944647  0.437127543558
0.501555178745  0.616816393212
0.247930851064  0.40668840364
0.558778045641  0.400995223083
0.561421275559  0.637583241695
0.561130577052  0.396003416295
0.462103247634  0.533359272282
0.58990093221  0.423115623639
0.371059852302  0.491801272665
0.565260797378  0.495221604156
0.469217250969  0.666648764038
0.374574632117  0.54201024845
0.532980740067  0.57437407227
0.749184591643  0.513001195018
0.517863272898  0.547107645559
0.568040107586  0.471810593215
0.640552423204  0.529833619043
0.578132328586  0.586164824687
0.429569608457  0.634026326086
0.371674091134  0.352239363171
0.459994963818  0.540957519035
0.340543626556  0.590423565096
0.331882654505  0.493696327699
0.66554746637  0.482329048496
0.535031338875  0.425231914055
0.429929247878  0.306629092734
0.641310828937  0.590522618047
0.366027285561  0.608030357402
0.535267150457  0.388806003812
0.475399027005  0.495893117345
0.489774440106  0.519980436967
0.511441331333  0.55420672331
0.385034742851  0.545535715477
0.606546836101  0.37312810658
0.582784488829  0.530002622886
0.642453072286  0.609520133194
0.580959349225  0.709929365014
0.623985845207  0.40165999099
0.459890430876  0.442229887786
0.615242809217  0.341948389717
0.583140675124  0.431364996476
0.660540608011  0.518937824009
0.368073372456  0.376410978913
0.377480953018  0.421243751338
0.527017173528  0.652790171217
0.350828500187  0.454543530407
0.498605150117  0.204809901937
0.418421252163  0.36255274129
0.482531341312  0.411406736108
0.464142983221  0.370925450878
0.407084752998  0.4483392587
0.403702831324  0.563796453616
0.347415660228  0.647015117392
0.365776147372  0.46329819108
0.564018011444  0.586447753586
0.518938845256  0.315547004024
0.224287877242  0.300868954972
0.645739021586  0.495648084358
0.622741693264  0.529122138689
0.602217004838  0.542000531543
0.62286478499  0.538665379729
0.466326201702  0.659939604487
0.556064677838  0.534740595575
0.413192361304  0.562682273775
0.496082548187  0.34428646546
0.283995651815  0.440691109742
0.477312937082  0.387942627512
0.500945916425  0.139040379495
0.52392755359  0.607826093245
0.571199578349  0.415082455277
0.650132015212  0.37491230762
0.354746360309  0.616057731386
0.510341520633  0.448494786479
0.379394208619  0.543460487204
0.429951813174  0.627049759862
0.560196351832  0.52081943115
0.571598739101  0.559726485286
0.427840678754  0.435323119824
0.399241234392  0.442893052717
0.563160817685  0.55846023592
0.54479632726  0.69119452424
0.543364828899  0.453127504645
0.549464135462  0.459760349766
0.595694869314  0.48269555635
0.595146143469  0.427028489339
0.432146083765  0.474386660473
0.628831130776  0.416730676619
0.409134844703  0.377543889688
0.401579819592  0.500695944784
0.414358430734  0.579548335339
0.561429813975  0.453805601513
0.548967444842  0.319649381209
0.595358859312  0.549357733877
0.506921109287  0.292343960833
0.288915421199  0.485534222861
0.51939083847  0.431021851941
0.489178244322  0.588382085973
0.286324611043  0.23293450699
0.668685245674  0.594588339976
0.518523220536  0.576503011717
0.410728665343  0.503689520541
0.397610894087  0.474828894574
0.587984948799  0.554662731471
0.648559790756  0.623246327384
0.398658313244  0.393100382653
0.547040480491  0.455445484549
0.632756186275  0.584550728794
0.425713366672  0.523541328323
0.486433395789  0.664547728825
0.534372356887  0.544382405158
0.58954667345  0.557859696882
0.519040373921  0.432367012131
0.60394407496  0.415956239523
0.353893868433  0.440518755342
0.433716714906  0.459428386103
0.5031729889  0.566789482424
0.462422048441  0.680994767576
0.688948619463  0.496034025025
0.729062100687  0.454610606427
0.72065193126  0.568627729854
0.327060778319  0.464139336275
0.554136670983  0.41292439622
0.383098651459  0.437426516003
0.558486768877  0.403027796311
0.523085927245  0.418572235783
0.760964015482  0.38545937587
0.583084079051  0.141321658478
0.512125701966  0.355987517527
0.579407261862  0.288672635134
0.38493759425  0.406329111786
0.566935786562  0.497674024285
0.575028781445  0.388964570585
0.421044845938  0.566568890585
0.480726461382  0.396535977397
0.4926490813  0.340918607143
0.681566334721  0.51493624771
0.393593875201  0.428894387205
0.484914934105  0.523509953147
0.522471627799  0.340853094454
0.533690236794  0.657367132612
0.492795376604  0.34552641277
0.537349839969  0.585470613638
0.477230485581  0.586450376661
0.522305651741  0.481736293637
0.518512063022  0.474340367724
0.467984446209  0.534777975024
0.455213708469  0.459035311373
0.385717730117  0.371149114355
0.447414049976  0.535675412279
0.409497649273  0.61246116697
0.631927594443  0.519383610211
0.578801445103  0.408774693013
0.489410478005  0.624986965831
0.586462147842  0.431212948162
0.53914976809  0.422883623907
0.467572121159  0.639848742421
0.430419950856  0.465509842258
0.470892250146  0.389986968168
0.57613239916  0.332579410569
0.407160525257  0.687697414006
0.5632576612  0.473067154766
0.497863971172  0.454961281372
0.423725165455  0.656651290259
0.323441537068  0.279834086513
0.575237958889  0.506317762224
0.505004114076  0.558216830298
0.453112330105  0.521001832591
0.429943663359  0.377747888822
0.462310251567  0.672396858762
0.530869002849  0.694079926533
0.493201201713  0.537504378152
0.599213300188  0.420917700127
0.514620043901  0.326294563488
0.543092090555  0.497167410409
0.510593687527  0.520392373248
0.402136523863  0.549805386957
0.522773213512  0.52553164399
0.597823674067  0.363350040117
0.665265531429  0.384594616893
0.605215828675  0.353791286381
0.553079196894  0.556873457482
0.4338133631  0.656678137972
0.506930835232  0.510204383334
0.41842939168  0.386301056961
0.582470534854  0.464295741299
0.464456184229  0.57569392825
0.747560720838  0.469098913347
0.596765396216  0.493091396855
0.341248518908  0.510094709458
0.604915820399  0.511683122887
0.453707132088  0.510069957566
0.467284441406  0.492117845214
0.464900325976  0.428543201787
0.505754281808  0.382298360608
0.443261763676  0.54792867155
0.584759522223  0.336411042047
0.676951946171  0.46552815891
0.503065907932  0.550151973189
0.395212969719  0.537588207491
0.405537234413  0.381522600369
0.579007796506  0.451576382868
0.167502386826  0.50071246498
0.533068301361  0.558690025128
0.345898156206  0.349435122402
0.426037349949  0.372207302458
0.482220364988  0.338305141952
0.394335522941  0.471180780376
0.510516266595  0.489164749478
0.44844306039  0.346160021524
0.53357913589  0.532680408181
0.640699094402  0.392975027655
0.531117176778  0.55784649026
0.317590724581  0.467216175959
0.428084701461  0.553967974355
0.470532761407  0.286932709263
0.241976337208  0.471970139584
0.569164279808  0.547366185311
0.474040457564  0.550503283993
0.528550178937  0.403109315587
0.400256216789  0.472356283371
0.653402800556  0.495746987194
0.538411165473  0.453465782629
0.547747633204  0.615140694824
0.614048034122  0.389949817752
0.596475646185  0.564653304746
0.463596767429  0.565652389779
0.537582538845  0.442876249748
0.4659378692  0.626609017836
0.513869004747  0.381691625223
0.450459372188  0.471334549355
0.442288473139  0.50035890103
0.570585713349  0.458213965761
0.583789012674  0.484614792981
0.556434354042  0.46170252392
0.372190930486  0.529563131048
0.519883681956  0.42974626931
0.500543908053  0.349056395135
0.583649677251  0.594088628642
0.595029562058  0.430558356488
0.44345875045  0.356969135021
0.607216983846  0.545958195422
0.382718863377  0.46211737131
0.328213679115  0.465612018527
0.482404853788  0.552205280388
0.437909246403  0.560859992498
0.528211932599  0.283139572104
0.69652131893  0.561761623029
0.25383332892  0.3099673595
0.718076986415  0.484633191889
0.564388993758  0.322525756196
0.513733460201  0.486135933065
0.545870731715  0.461293384101
0.482220376721  0.46242514581
0.654506902112  0.301887208117
0.37710643529  0.570404052357
0.513767069696  0.444088492823
0.492370286078  0.430922497297
0.50574272614  0.503671247442
0.571013272183  0.470348389924
0.595973272858  0.655046967159
0.496737950635  0.532104159873
0.331918400995  0.360402694333
0.479281348309  0.545718309248
0.486185820229  0.59769846004
0.342723389687  0.575039710274
0.705636954425  0.399710636238
0.572536617355  0.440390743277
0.507643053358  0.49683734447
0.557421181981  0.506395760692
0.652460158382  0.595025658345
0.545139464493  0.673697426579
0.477035616544  0.420257766264
0.525050654091  0.462728166239
0.375018536006  0.437356602037
0.438357390482  0.464901132705
0.558147612562  0.460125906551
0.45588984396  0.426693660189
0.609378125054  0.583506518814
0.514383109362  0.366205085695
0.374106306885  0.465686368773
0.508170698576  0.639698351258
0.513694945877  0.560473474185
0.416753869469  0.572757730441
0.649245630625  0.504440073374
0.404203603631  0.536118419553
0.463367454815  0.618443710075
0.527622767305  0.345492551484
0.533132549029  0.46888754222
0.744293820998  0.350112559061
0.549158336993  0.686063060544
0.434044725267  0.359638875704
0.583508976573  0.47537399159
0.32382430904  0.574896920644
0.480317615097  0.485132795732
0.622874410595  0.405786366782
0.398029702002  0.429108802521
0.445444594531  0.429063046098
0.52075140039  0.561878082505
0.408060807144  0.506031909146
0.645069318847  0.583264755462
0.497582069112  0.344053435001
0.639127051791  0.317080772213
0.569766453203  0.355468856415
0.440486239191  0.437899653872
0.596353928209  0.457759082574
0.609989429298  0.536948618452
0.440818640536  0.486778441516
0.47963804978  0.494536929583
0.504915279218  0.436770655099
0.567368260683  0.488141064639
0.566359494131  0.534885328916
0.432972321958  0.489744182259
0.369375800993  0.515303823081
0.501778039843  0.416251672082
0.502719153919  0.476841422279
0.317055426343  0.609451713879
0.555885506741  0.39983609353
0.59816868652  0.343258947198
0.622480491851  0.562299833819
0.458496135451  0.602668107755
0.480877074179  0.29680237376
0.675316098081  0.476820861736
0.532686176243  0.454577323812
0.550113461747  0.402356578578
0.702629979656  0.654120501972
0.391228327728  0.494989721064
0.555713931921  0.464452118719
0.486263288007  0.58929063034
0.58350421292  0.505427281919
0.455757891359  0.541147583543
0.333152233075  0.483438215108
0.435293391579  0.524196603661
0.357400736196  0.36040227488
0.495777291835  0.628150688382
0.649204848603  0.482486868519
0.479711575076  0.489173554332
0.604912392798  0.441167445004
0.500194463563  0.402287140503
0.509301224593  0.332536957527
0.568826302319  0.521567853286
0.586609445664  0.366729214797
0.752105261199  0.407686374065
0.598999280284  0.387366037085
0.576566743413  0.465944453071
0.346211256793  0.542223009433
0.302798636264  0.475637579254
0.491495931333  0.534149547707
0.46063683157  0.226549722127
0.619081720765  0.592038928552
0.466144881781  0.492064573484
0.512360326139  0.547517161613
0.525091534084  0.42610252746
0.579904781647  0.462500112067
0.581902444673  0.617228979886
0.65771811529  0.374784104847
0.464938195887  0.590549406702
0.587545752477  0.587928155291
0.632767831675  0.540857777111
0.640869744469  0.547597638204
0.435366533672  0.429551607722
0.451836027451  0.560385627693
0.365633753398  0.619918777217
0.476683219188  0.645452393784
0.469103914965  0.550712739038
0.543657529689  0.286091305453
0.4592168743  0.610822504836
0.545229724353  0.577547395854
0.429852232956  0.48341057534
0.398996430675  0.639721951115
0.394548630203  0.61629447951
0.50240666904  0.48225949013
0.367610878424  0.593339101011
0.504467261532  0.418154682276
0.615556128564  0.434247602411
0.480331156806  0.393508968095
0.429675735404  0.534162692209
0.534092089177  0.451748159416
0.608124962257  0.403265663195
0.718638397192  0.519186249116
0.598920603966  0.29589451291
0.430983398444  0.460059211974
0.53275875644  0.248764618256
0.614088621501  0.407340200739
