0.426241274768  0.475465123207
0.347183788921  0.466216431524
0.554015281077  0.47540692265
0.439789670251  0.476712671602
0.55135665635  0.577024943792
0.591707025911  0.520139570278
0.486722882691  0.560779480266
0.414236983917  0.302319306522
0.479328507942  0.495186940816
0.364448749232  0.477742709712
0.220881142547  0.528854839821
0.408751685346  0.573105094044
0.323710783073  0.429562514679
0.480522705173  0.57404418163
0.433578804291  0.412919365742
0.535108658568  0.362813022679
0.144362258951  0.572808276803
0.458694142267  0.423951018215
0.392381037461  0.471457969838
0.478144860532  0.475832846635
0.355834581273  0.63486286333
0.679612505473  0.468437203289
0.685050958726  0.485678853141
0.293349100846  0.643775108016
0.507749087411  0.459857586073
0.487292311398  0.482364077484
0.598927903439  0.503795358208
0.291795836991  0.551162155991
0.415360905235  0.483120279874
0.585452220731  0.527185959458
0.503889037691  0.326779052287
0.483753720053  0.368568297328
0.385548400724  0.593014648935
0.555114095222  0.5849361823
0.542449842633  0.509800733507
0.613088565914  0.434899387498
0.499718828652  0.426090976084
0.504229106114  0.513716453541
0.70386721133  0.545682055038
0.836468118851  0.527613542172
0.395084359493  0.684097854359
0.564475945378  0.545872344732
0.548720132881  0.540897639521
0.37042357206  0.570908934509
0.614692913358  0.63154244057
0.524827415438  0.347496302874
0.497776352968  0.555362276538
0.449469373489  0.601956841059
0.506838749316  0.619603082144
0.533072517285  0.579959842041
0.431050648939  0.5916556207
0.477164524238  0.363083348393
0.544039432601  0.60109658008
0.386705861276  0.559324937741
0.538384495566  0.427108326631
0.644264261251  0.381413346463
0.593846712398  0.52909080261
0.533126321766  0.651511321153
0.435080580564  0.546064951094
0.318192225746  0.540551456192
0.437951940448  0.310039171395
0.49991925771  0.441011541044
0.715640768254  0.459048361243
0.43505512143  0.528998836348
0.3667924775  0.362450720339
0.456698682378  0.525337839031
0.740375687324  0.582093601124
0.486121602989  0.564559879148
0.410364916386  0.457070413695
0.494512255157  0.230534614293
0.451023406093  0.508423244272
0.537982296768  0.471187675997
0.481041973177  0.415734412858
0.61491229951  0.315966132912
0.414941967423  0.524421999913
0.517753285013  0.614283677988
0.467016514872  0.53461204089
0.620481739522  0.282421700637
0.216839814829  0.371538385065
0.593218648567  0.573054172612
0.566291614598  0.533977933327
0.474467834439  0.424513027421
0.473771320838  0.475980445753
0.590954484834  0.388193702718
0.604817704266  0.373939202793
0.573266906884  0.480657490396
0.474454208648  0.425920442368
0.442719025419  0.598222609792
0.446049243406  0.448460800296
0.497833816924  0.452654391602
0.646008869491  0.405003916452
0.392614798069  0.318361552772
0.423453543109  0.542895527223
0.517619396752  0.52398617987
0.560763515398  0.579727140393
0.445680188996  0.363938877974
0.341264178478  0.358721467169
0.408507667803  0.434003464543
0.631175008444  0.639508886869
0.462898159382  0.594972893199
0.304068523481  0.438056114016
0.582261910324  0.479385584823
0.601090078085  0.481849334735
0.400098415974  0.509093544165
0.500394374413  0.372349488478
0.585769918003  0.673027305466
0.29146701923  0.506944535666
0.286995557396  0.401686590359
0.502712924321  0.483130020793
0.558286826553  0.484666054676
0.514365169383  0.594517367456
0.619751646599  0.66113657748
0.351855572257  0.417172863672
0.497872416997  0.381040620501
0.552816577543  0.488717787929
0.60119456442  0.50720179081
0.54619039146  0.722976899264
0.63835992529  0.653580070303
0.216755701441  0.580489907976
0.50565607254  0.456101596674
0.502249806159  0.676272636954
0.530959770939  0.303661603962
0.530608905435  0.553906581481
0.492315084377  0.524714105815
0.52352465812  0.441539326226
0.306583578273  0.509453856161
0.526236709221  0.447604012072
0.56274252457  0.519946229982
0.280471520762  0.553145282597
0.362830651594  0.482182003993
0.662023526739  0.399688495519
0.444088022403  0.554673779895
0.430823269439  0.688940715083
0.457216887329  0.63254839397
0.424661509637  0.443659612374
0.438362413189  0.391497300812
0.331482763653  0.4238917259
0.566666271302  0.514943009271
0.44879507496  0.491552748056
0.377517832795  0.575534679717
0.548810470648  0.495957236151
0.499909575061  0.512565339423
0.770568628364  0.547605148265
0.484669348743  0.55068653845
0.523902589196  0.559265814229
0.308700770053  0.636255415311
0.415513446871  0.389647388362
0.554359462906  0.33509142634
0.59003050342  0.6348085849
0.356332811754  0.631924763243
0.53370586453  0.468686708243
0.598806830936  0.356284398187
0.352445674506  0.670064863966
0.442101550137  0.776297054383
0.478662876388  0.629294013239
0.726875673887  0.508837441646
0.667284129571  0.521945296733
0.763831361073  0.691146695589
0.502522382896  0.525180668612
0.538144068675  0.452242549848
0.494675873672  0.565228672299
0.554297631706  0.363142784828
0.618948976459  0.549612089163
0.530938936231  0.499623763271
0.528219458267  0.492167883463
0.35871469881  0.667895149997
0.62824096831  0.505232008256
0.529659129579  0.615149955236
0.530144324237  0.603770071975
0.67882626266  0.564719667957
0.360830929805  0.586236782546
0.444002646532  0.418565602466
0.53310131741  0.497860658436
0.327789876765  0.45460488749
0.502289530394  0.674725418444
0.476088032457  0.595600198088
0.490689399714  0.506889744367
0.576685295288  0.480440872378
0.707630168602  0.374011691617
0.476666503275  0.495981147614
0.59085956864  0.476446721461
0.471098263213  0.449826767169
0.606194713418  0.535085752838
0.649464286107  0.625654752074
0.62216623966  0.280468708594
0.439195880127  0.550095517373
0.377443828223  0.596071604745
0.53473324394  0.405204295526
0.367585074975  0.551934561054
0.399707162843  0.618701469672
0.458638929244  0.317630327119
0.496761530936  0.557397609768
0.468998420154  0.470425854037
0.557640244374  0.497951916108
0.426241145467  0.514198701924
0.596041829974  0.422261740132
0.5437008589  0.466643781364
0.371928438659  0.423428259626
0.58515064568  0.538923504928
0.529136043575  0.58604532019
0.450913901742  0.518796174698
0.541130298324  0.345439025862
0.459531408862  0.648664959642
0.555773847321  0.448258259821
0.569250144356  0.337972410762
0.432016333738  0.426083445956
0.365069224287  0.336247881876
0.482115742911  0.412518406085
0.580512690812  0.427583980494
0.444041281314  0.756393980112
0.520047805868  0.372441569609
0.392882810873  0.410740084879
0.587428292029  0.353583296284
0.38959802975  0.565385783576
0.163574248392  0.587715920992
0.431942043232  0.698414495679
0.437584797799  0.511121922472
0.414653257191  0.427230475975
0.512267906455  0.308137106018
0.3888917119  0.468262768236
0.309431851064  0.538400203631
0.331383481848  0.495202417644
0.559112699073  0.448324666437
0.575288702468  0.40116098634
0.50534147534  0.298574132628
0.238377892713  0.458777258361
0.480679297306  0.525668434017
0.439426113524  0.49984297232
0.579204968842  0.342756410101
0.421665572196  0.425767646531
0.479153456134  0.307774202665
0.482728481177  0.757099584767
0.315582812605  0.490551519319
0.400090165634  0.707624617656
0.451945290729  0.553837439375
0.420603742729  0.63947841207
0.350989573198  0.455840162217
0.524353447564  0.51346444708
0.535164226737  0.415655964249
0.455424014632  0.573581894379
0.558587839533  0.500176440069
0.49230078441  0.607447104192
0.538692571362  0.396460573088
0.454903793666  0.513720254447
0.564668323556  0.369038398932
0.519297676556  0.396756952655
0.463472006518  0.587398910046
0.339795836703  0.298024193541
0.390526027124  0.545684620936
0.475629630121  0.532658231815
0.498535958949  0.575265996934
0.529086839648  0.41147872507
0.665624894189  0.557101044594
0.613808761546  0.578025046531
0.382010122841  0.358267176136
0.505774022571  0.487000200941
0.669396032375  0.508532127659
0.606078512563  0.37939746943
0.504717330417  0.782815557609
0.406566740586  0.638880038477
0.399743595854  0.349861316858
0.453947031653  0.599888244772
0.472676738363  0.654194137689
0.592063123153  0.503096076971
0.607795621264  0.572616595288
0.458413232802  0.481782826021
0.540422901469  0.579801796214
0.673379110369  0.729095286762
0.706378990553  0.617677784209
0.56413461629  0.440870308554
0.484924597488  0.443175201303
0.590285146046  0.46213134826
0.570104009526  0.35427532948
0.550062587096  0.437535529723
0.528708936284  0.433043131099
0.356173500152  0.342170032209
0.631559313578  0.467645323358
0.480553470034  0.542834842578
0.376475447166  0.410874302813
0.673465932319  0.557806944009
0.492257021914  0.390092990709
0.610797936884  0.529084253826
0.440406031403  0.392007802507
0.340030779791  0.402717583939
0.553211042952  0.553508810292
0.519513456237  0.617586822369
0.325934614127  0.457140660932
0.577030316365  0.632248955821
0.499062784932  0.57712526201
0.499803226067  0.655097063532
0.535154219761  0.561957372719
0.360004846523  0.515511621071
0.622339562656  0.505492122829
0.571224527227  0.487872204011
0.552900242979  0.53504030698
0.422343996522  0.566979583022
0.483241079612  0.531264768456
0.525815308086  0.566455735214
0.507381186366  0.437785993813
0.46719322439  0.571579328785
0.53230418419  0.48852845415
0.463644363387  0.245804711795
0.526814269675  0.464625240711
0.4011740046  0.508366689897
0.647868879264  0.49701610739
0.443160741473  0.478376400426
0.436606816758  0.343472918311
0.500471343334  0.721914856634
0.440102913896  0.652715714567
0.62246602338  0.459448060336
0.496191371875  0.498951488214
0.416830582405  0.4139214875
0.481028315548  0.363502732583
0.586083654446  0.516077455378
0.594925417064  0.403747124673
0.280483662746  0.610577523585
0.506970380654  0.593939213643
0.271237236966  0.389930219938
0.618066833428  0.504790210241
0.353035930216  0.55698564902
0.55745652583  0.506898911013
0.496846130003  0.419445277414
0.6296835284  0.389215269391
0.424274377382  0.455455870974
0.353896415765  0.705174039799
0.279371498552  0.602092174199
0.668450697081  0.601577727305
0.480556828732  0.403285219387
0.609702852547  0.423918924227
0.456872756515  0.499139908399
0.548170212911  0.577306556327
0.673770597355  0.2996483953
0.585187865573  0.397990806815
0.544741228999  0.542993665248
0.534218135714  0.393678809704
0.354369488971  0.485075648936
0.485072920137  0.410211357286
0.314158068613  0.510410274813
0.443509351427  0.548631929771
0.420900584241  0.524721894155
0.460340103276  0.553541865617
0.487752899197  0.435433961181
0.455295052617  0.481443043116
0.45254339496  0.313530378913
0.567371706942  0.407950949435
0.361545431557  0.503429541837
0.489545660626  0.236537909124
0.574977790932  0.484877263295
0.4706425868  0.605328041659
0.698440431419  0.572263796971
0.475947026397  0.465801884601
0.362868138491  0.462033480928
0.532665431063  0.440117129737
0.551683235768  0.598429778227
0.348387718826  0.47311014073
0.446269465794  0.53737184277
0.444342035991  0.633233542614
0.453381259101  0.426482409016
0.521338252858  0.602680901494
0.450097953054  0.44207585663
0.336664761969  0.510538203279
0.397515984558  0.421543413435
0.428395550367  0.398043130854
0.416672710953  0.471481828664
0.609384867581  0.533180769173
0.248245296797  0.470183609861
0.297356586643  0.598248298701
0.410687426514  0.361135267059
0.380752428863  0.427779590875
0.595414307234  0.390554902535
0.432988044136  0.578843780252
0.43184274353  0.517035804957
0.58060654438  0.532271204328
0.493835671169  0.421872109828
0.517623690296  0.387783641693
0.431180360156  0.754487008966
0.422583495407  0.450242451193
0.644607436766  0.325968946326
0.48283416338  0.568183766332
0.537866831929  0.549806727804
0.475807853372  0.400526436572
0.53930081647  0.58184087884
0.662750082034  0.67696066458
0.535194500045  0.641019759651
0.424908690862  0.406813512454
0.570838389587  0.432378108037
0.402756453169  0.41420116218
0.405665515629  0.53101570849
0.546631042574  0.557536867751
0.509841447601  0.519776166629
0.421254878031  0.425813843574
0.521870712327  0.477395111866
0.276829521305  0.430602618581
0.479214432781  0.519440900248
0.536513040955  0.442984228097
0.620715340618  0.346264014637
0.559235492115  0.609031919463
0.49682369333  0.599510073543
0.393211524403  0.439601630714
0.434297678803  0.441911281731
0.614561263246  0.411891426663
0.346010655091  0.432509296851
0.420236801855  0.479727926808
0.619002750877  0.683778733577
0.449901238504  0.730622393984
0.429310592767  0.437095604076
0.443286269527  0.472431989438
0.502793633049  0.594411668349
0.332551948897  0.596113307629
0.523224541595  0.413388729763
0.391895591424  0.631572822545
0.486005904493  0.487254326488
0.461983485526  0.308075221093
0.665066741131  0.403785031208
0.522056535864  0.205166086931
0.531121039674  0.474248001379
0.53999358458  0.53451226467
0.365435913941  0.530554809682
0.46925500083  0.51511980115
0.377263078002  0.541746152375
0.326396126328  0.528705160827
0.372687805423  0.594600210663
0.436840848705  0.462487251269
0.480605816834  0.631116245554
0.676439219267  0.415303428869
0.662816479769  0.35543832903
0.456525285316  0.701594256196
0.456628681397  0.461717730081
0.544690799634  0.547001447627
0.500944906741  0.611988351412
0.503613518765  0.630160727256
0.504557800697  0.556331583115
0.434307127422  0.533100894442
0.441021138203  0.526146070593
0.332471719929  0.657695394602
0.30728492835  0.417386721325
0.394840107021  0.480527495643
0.510576288794  0.745898829551
0.484313726415  0.560741220925
0.562114658104  0.683750378121
0.419911290082  0.544116535503
0.518844009788  0.626742670818
0.467249761103  0.61397447147
0.573678290254  0.572160549213
0.485830168051  0.634773618334
0.506086610249  0.311064241507
0.597385654501  0.662072087333
0.369779742533  0.514977743271
0.46930461139  0.448198125916
0.474413347026  0.478236520323
0.514277267748  0.411928044619
0.481999461324  0.400113349758
0.588223502535  0.447900470523
0.519787439796  0.332592400109
0.566555330422  0.582257584633
0.572697099674  0.665885224862
0.34645184974  0.452152319894
0.453656162808  0.398735760617
0.528109621795  0.396170157931
0.550936609429  0.502888773888
0.493621455002  0.483606310397
0.481792919056  0.423598788251
0.357247999146  0.636997618931
0.625065110204  0.425818697247
0.537529094685  0.59138820917
0.562781187534  0.436122906199
0.501934021419  0.467055860484
0.614228671074  0.546973169074
0.647816151568  0.664395052222
0.732127032755  0.352467660304
0.523022613874  0.447763017518
0.533779175696  0.539030463885
0.592813569737  0.498910849571
0.623369989698  0.609806093443
0.454449610858  0.315487988829
0.404505857837  0.299276672147
0.494234165097  0.341959319399
0.508217629243  0.50338491548
0.464474320899  0.566039466443
0.425307792444  0.57641981037
0.543822611049  0.649783610983
0.437760922648  0.407180817135
0.413403674454  0.444818609407
0.446753619916  0.468151147623
0.310035344606  0.628896203291
0.575003450553  0.608324498699
0.592879742261  0.439799504167
0.614323196412  0.425584357875
0.479377663372  0.389915199152
0.431983718865  0.524258472697
0.371333083833  0.334304223859
0.389002956183  0.577449680425
0.373062757567  0.503515479774
0.522304388225  0.364535964447
0.365674600981  0.559214040727
0.637952430858  0.462814911719
0.394390115917  0.519494462437
0.493083602428  0.491796222842
0.402427813603  0.569220329045
0.356593963127  0.470802479008
0.592290650937  0.602812332523
0.50015968256  0.50678914539
0.410054637503  0.330135890937
0.558270511841  0.587466231066
0.514708341812  0.396591672094
0.436510431276  0.497620512655
0.571417423892  0.471651287251
0.474889062144  0.40771182164
0.616376974577  0.659657234259
0.596644992627  0.377836197282
0.271336635535  0.373211471844
0.510563615141  0.357741908192
0.436290001047  0.629050537807
0.569262401697  0.401393168416
0.327105248949  0.396328119957
0.56400025774  0.542923639466
0.400986012895  0.578989840037
0.440160582947  0.45662269786
0.581736958251  0.620695899039
0.549306623737  0.368676472645
0.507056027232  0.34821340769
0.608748733435  0.533500161143
0.445657930636  0.478114081923
0.400851358428  0.553653337164
0.412717324564  0.530579782175
0.414575347086  0.362152521846
0.547667898032  0.615427294142
0.452422571769  0.493326962633
0.388032894227  0.389219327396
0.383967205805  0.56148047731
0.525952692678  0.607819672046
0.561149031419  0.51003782972
0.554196349053  0.521489397383
0.580053175495  0.47783802564
0.564017360709  0.619867413158
0.47220175299  0.552049545908
0.538465019357  0.634836588718
0.287399043322  0.529387369103
0.590818934628  0.297249620568
0.415333809221  0.181771066284
0.529697762047  0.601552685052
0.543898292833  0.536925404053
0.520785224841  0.40548905637
0.547911048588  0.509355011919
0.182724453326  0.216865229039
0.480829460948  0.449154502283
0.647594626676  0.53230181541
0.594208442493  0.505320837657
0.581589406809  0.309826708796
0.60242804305  0.591507323784
0.561177015496  0.528309193256
0.359513846554  0.543824636393
0.456391276774  0.586608284732
0.320871293227  0.298120295386
0.383900578107  0.468350462091
0.389262297254  0.346855466298
0.274612351449  0.47729685859
0.643173882249  0.573269130613
0.5408644041  0.439453516447
0.465280892053  0.765645187839
0.578448852368  0.404861508968
0.526700308147  0.592041757811
0.46122537633  0.518423387716
0.360386777716  0.365081515275
0.527506149512  0.389017636903
0.499131534794  0.390897443363
0.572263692625  0.541949248972
0.453748904931  0.355376726336
0.472193511268  0.598421731417
0.552260271816  0.594809049879
0.493677135654  0.396315823471
0.506598478068  0.451143230897
0.420221834528  0.337511709546
0.797269982297  0.556775503759
0.441845504643  0.491214758668
0.414946908306  0.38848210724
0.340933243632  0.526227442458
0.439840284994  0.351169806797
0.38294575197  0.592298121849
0.520038293433  0.520133349004
0.473202961781  0.485169364033
0.352983135093  0.500912150635
0.331882132833  0.589433713747
0.373170417487  0.62134520603
0.617355207808  0.546448062733
0.423503303666  0.541277631245
0.501764283593  0.396949293904
0.597964929314  0.217143457731
0.447386598454  0.298556057195
0.502367959076  0.592389977844
0.381879989713  0.434289078648
0.391324987606  0.567051190723
0.535907727762  0.410588462962
0.551160828874  0.599247363564
0.583330393145  0.639174456579
0.416674759798  0.420208978119
0.474532455438  0.495701817215
0.604132690581  0.384680501934
0.502711140864  0.524177529844
0.598447412076  0.575992159732
0.529665531969  0.671831491573
0.642687171344  0.515453963241
0.496134783808  0.488775120232
0.289671817967  0.673512388123
0.523568022236  0.680269847235
0.617993226321  0.51032791454
0.589155798408  0.577663249206
0.414609294216  0.542401869257
0.555123799431  0.427600962172
0.361231428966  0.540536819775
0.483251447383  0.400155062087
0.52021616151  0.345086078726
0.431325925969  0.540019476903
0.485984381179  0.46872117732
0.594449052172  0.462700338953
0.494139292276  0.516752666997
0.459722774524  0.565946743724
0.584768580085  0.466658224927
0.581701125347  0.478483594229
0.557745183228  0.480943218187
0.640080152229  0.481807919986
0.500211430881  0.417353720442
0.515424849226  0.505128413858
0.63216207241  0.578088466439
0.529602581639  0.336127778133
0.631103126376  0.333386870751
0.553531170901  0.443566702771
0.631562028664  0.511790453416
0.56479539751  0.436406953863
0.406410089256  0.614229914897
0.348850015891  0.355327652892
0.456327652115  0.594741841988
0.559928893455  0.638374304171
0.245264595865  0.434965514594
0.388646782752  0.388791369734
0.522770938125  0.580230639952
0.475722322874  0.562730320796
0.52067354003  0.614317914131
0.483121895295  0.527720745254
0.612165368913  0.583833808636
0.543501711211  0.600427742237
0.516684181163  0.419676643272
0.309758578285  0.408516579236
0.477706613603  0.517592215932
0.579632203143  0.510946515781
0.559839842348  0.494255319229
0.450706090945  0.34004091274
0.572931093676  0.553736717773
0.57483405747  0.389442404054
0.461397488714  0.556491229279
0.410749533753  0.423510950521
0.604310506982  0.53858524218
0.416839040874  0.348363759194
0.463721571126  0.402043159983
0.476247883337  0.55427300824
0.613036332435  0.57002832606
0.501950701844  0.586252714519
0.399014867912  0.561940618801
0.536490600582  0.462305267835
0.640901349288  0.394495827007
0.619720085869  0.461582345941
0.529279969988  0.472229282487
0.568709469998  0.530088662717
0.508472751406  0.495997558964
0.315736334974  0.609170499439
0.538083206467  0.612614987087
0.570455312529  0.37829241619
0.408945106533  0.388050118457
0.432896917263  0.308352646189
0.467457782981  0.717869462063
0.667896038118  0.577745332519
0.460682857587  0.592971753623
0.488028057606  0.4831726785
0.517602795447  0.488020873937
0.470243544211  0.6913904384
0.382473431617  0.470228331472
0.576159505435  0.497046234823
0.428405411037  0.50438883808
0.355840196686  0.487957238009
0.563310371702  0.42120332582
0.472461214215  0.387757318472
0.460184387352  0.446689603034
0.560268194112  0.526164027371
0.582785066895  0.516334991721
0.269068943859  0.391832032257
0.624771878064  0.645001454043
0.386534222323  0.58968110248
0.469002280283  0.437252143624
0.42200315404  0.477650764237
0.671303576367  0.501508487711
0.554177033972  0.507421203986
0.407937587805  0.538781556907
0.466503031388  0.462724190192
0.504484879419  0.529537925473
0.675816135427  0.450933160492
0.526491581669  0.574960558162
0.552344645159  0.373256036885
0.598063790031  0.565187817678
0.450775111545  0.519726414062
0.578555571064  0.427202358396
0.479775138726  0.462424831023
0.596046925224  0.516056600391
0.638449677932  0.471617327916
0.326124970606  0.412831985974
0.463010168324  0.566746713561
0.636713651284  0.472733484589
0.614898226446  0.51328900029
0.46767832657  0.472889659363
0.421343819071  0.476822640152
0.49729827187  0.488093277507
0.408212243479  0.372097192863
0.573581540329  0.58727908991
0.541588183696  0.531477265577
0.48755294332  0.366625533128
0.305469829295  0.388796197234
0.491540992076  0.339011648597
0.207862585617  0.470412533821
0.576441962459  0.590044524768
0.387713159458  0.487865336131
0.553107287881  0.444498943725
0.696774718103  0.394407324897
0.510551695819  0.483967249121
0.500058874268  0.478099905201
0.41091730988  0.542395905507
0.317586996049  0.52620905718
0.718284583254  0.394499231351
0.526012229304  0.522898924713
0.560597607009  0.499014492129
0.752116019716  0.492541756695
0.50131134961  0.336430827606
0.549441670038  0.427282830787
0.617647534343  0.235954814376
0.511154472706  0.512010232724
0.662084510644  0.497817088104
0.671508910693  0.578017092072
0.452423795049  0.408189896288
0.379368207572  0.380732977374
0.451221259983  0.48507220436
0.510231551253  0.576279590237
0.498034752658  0.352530772149
0.292028116779  0.639870540794
0.362368983661  0.43470872891
0.66690993708  0.458479103061
0.305925185977  0.494890951693
0.438231202083  0.496733434188
0.543868540379  0.526641077164
0.366527965174  0.431755091193
0.644143552547  0.663990064563
0.521624886658  0.482992117068
0.507512478329  0.482507710633
0.414333360373  0.490951664939
0.463122684763  0.710443125535
0.644459113631  0.549086707632
0.618982432315  0.485395604997
0.389221647316  0.499385331919
0.442682663242  0.635295029952
0.327217769295  0.517895678637
0.440584266453  0.416213526282
0.488170686745  0.642944243272
0.412759447505  0.445157786142
0.688513104071  0.458546362136
0.573066845177  0.447378273132
0.344769455188  0.420067860605
0.568010857838  0.394621252371
0.562328408492  0.527156670907
0.594649936413  0.504298195322
0.694764079953  0.605885315909
0.488315638184  0.462188832921
0.512100212974  0.63625046598
0.602373254305  0.530583185107
0.358508821809  0.440782010387
0.773480082207  0.430565249481
0.426834240782  0.422024967043
0.668744414869  0.547892632623
0.490006878595  0.46916644367
0.477783531559  0.378802910789
0.505398527257  0.489510343476
0.612608579166  0.579963605022
0.578205677159  0.682871606737
0.451324140884  0.403048287313
0.519762284589  0.546344197993
0.651905901302  0.480790946376
0.494762284068  0.30588094279
0.511803983754  0.478609665593
0.582218441939  0.545920066415
0.393123820916  0.588969061555
0.384874889092  0.682161228737
0.498104913382  0.562501342302
0.424412268566  0.642483617452
0.525929841945  0.381608393139
0.447644681523  0.558823409527
0.50796002855  0.477013907055
0.494588700735  0.53801314441
0.433756247435  0.725149765292
0.62287282508  0.543768469211
0.521242043546  0.328955914622
0.419846964568  0.304941300518
0.474224222936  0.619321232572
0.405755838527  0.496878482802
0.64510885717  0.458968766129
0.563494716282  0.51823959398
0.451539998556  0.506947900842
0.471746141146  0.537923385918
0.520529857098  0.326357330221
0.534992685098  0.477509761995
0.612817518347  0.616526016824
0.583497052253  0.411462875952
0.725538772313  0.440259156757
0.433628658101  0.437733191222
0.607405125112  0.393136066577
0.464963529077  0.543456368336
0.443573576548  0.464732385256
0.51082108806  0.441690195109
0.497564155811  0.429267892831
0.428670367301  0.551178905276
0.409334975003  0.582828568749
0.352644962601  0.450033709559
0.670411803008  0.528254548996
0.548323685062  0.511262126688
0.365183431857  0.239656548668
0.416120201532  0.474523641429
0.439966150397  0.486005152565
0.413356425285  0.643433831354
0.516189730888  0.514402849184
0.551648922097  0.515656192718
0.429816198436  0.383746949092
0.428343428804  0.552600588983
0.459739688835  0.666566125129
0.362059693477  0.47519274675
0.37438733894  0.449006006474
0.710621079303  0.556140314241
0.49963305161  0.552767132824
0.479637996616  0.392459180498
0.430036728912  0.619782657496
0.19387323958  0.507138646887
0.624077617074  0.629567297171
0.430927937705  0.625391196602
0.27859392341  0.430255769151
0.574756029275  0.320445215104
0.402338437276  0.407155523249
0.362165219262  0.424161748251
0.588955345822  0.485951348168
0.442421296648  0.517285150429
0.483117748326  0.503182945808
0.650720294205  0.327421225801
0.286293029294  0.561806240628
0.555483712737  0.69693756537
0.280853834185  0.66481243678
0.509721257654  0.538459133638
0.297508610799  0.60280215102
0.68957542891  0.635189493119
0.507234438242  0.490744404033
0.70366744925  0.498430280617
0.509678928639  0.546266301706
0.648203490968  0.534642061357
0.386117468303  0.678948318064
0.592862430305  0.382263510531
0.559907634323  0.459150881733
0.36510870997  0.564140122081
0.421440393122  0.563330607059
0.432870356279  0.517002522091
0.523194688452  0.37348979986
0.49753269639  0.579886779752
0.543660329545  0.305128447294
0.443841400373  0.59629751037
0.473939279244  0.678252620679
0.302553044298  0.429911375506
0.468931799298  0.433174664259
0.469710727425  0.391065723077
0.514164935401  0.564581872326
0.482125112838  0.407177588397
0.610701048633  0.356927341825
0.567899697783  0.767190935119
0.666870811879  0.282187047444
0.456109274113  0.527138281621
0.531537719169  0.415784732539
0.477215914506  0.721980167961
0.503300819045  0.679083993583
0.317430938453  0.621007673448
0.557698311685  0.431884776333
0.411951033093  0.528561364786
0.56895184788  0.528170277241
0.577013223005  0.407010123073
0.400009075309  0.483751113293
0.438324863079  0.396256452341
0.398334749933  0.52593195112
0.440407499619  0.502232496888
0.32514383122  0.330974864385
0.492397292242  0.538781896276
0.429206504527  0.558566391822
0.52307868787  0.628503391225
0.36942062483  0.564724105311
0.622232540521  0.488134122769
0.416568284297  0.179327481154
0.403171409598  0.442013382368
0.461569463054  0.603611703636
0.390159122688  0.63849191474
0.333097364651  0.442246982094
0.370174770466  0.497536094781
0.666825190794  0.626036620797
0.523743142409  0.724286878734
0.495032257105  0.654999623986
0.428704193649  0.450199224118
0.373293427436  0.516742949005
0.502466542468  0.353352330141
0.258175235135  0.273134208591
0.526202548982  0.629808898079
0.64199117119  0.423486981741
0.602130679304  0.561905420065
0.587347886542  0.684273789381
0.445806942134  0.415466162157
0.630580712105  0.357723413118
0.543135419819  0.510221771701
0.50663299262  0.409995190822
0.404995631727  0.454635846377
0.594693915969  0.418400774455
0.55969124436  0.441934650096
0.678923319715  0.298412998741
0.536325183312  0.408189838674
0.3288670252  0.365012036318
0.444800497916  0.515083248363
0.483327436073  0.524134767556
0.566647225541  0.526169659663
0.575200411356  0.393703505035
0.429963815036  0.37755403349
0.365552785805  0.495210992233
0.361876148244  0.602724357695
0.44352620273  0.512447698511
0.527198753552  0.396024627061
0.632508967334  0.504899741993
0.440036913115  0.405343738918
0.401054771852  0.603409369205
0.595862251116  0.426776185725
0.456977425702  0.46437035547
0.616846772378  0.433146924988
0.536585404378  0.500593318917
0.520573500625  0.354224069492
0.453609295478  0.477952201307
0.595290234397  0.498258754356
0.57130440665  0.551807676368
0.583051922339  0.484104642916
0.607572935091  0.610867150891
0.71514029969  0.567083032105
0.349016362749  0.424774853918
0.597664658765  0.427663856792
0.50178572118  0.515799763334
0.660844785988  0.425894622204
0.461977199952  0.800368505798
0.476056430588  0.622949461145
0.349640908268  0.506432570847
0.597021710991  0.542555807851
0.428019292703  0.416926316767
0.530044041725  0.499816009471
0.468906504227  0.462872759665
0.288665424293  0.72784346806
0.600290674146  0.437479564111
0.379409947219  0.572428625096
0.248307191599  0.450032960154
0.404272932167  0.526990165092
0.567147239637  0.551373629286
0.419736433405  0.348314206913
0.538904026367  0.309964487282
0.368240629998  0.533158398363
0.67095267184  0.617036583714
0.704586771163  0.447767250988
0.412607655802  0.699398045984
0.496001720662  0.290623656899
0.500561844928  0.445784162702
0.435439785295  0.44244436978
0.736387062385  0.424955401765
0.686934573066  0.340409137542
0.406394059556  0.506522197862
0.493471865067  0.487392212189
0.475817955523  0.300237727731
0.657254798807  0.437231685143
0.385723167413  0.621304595672
0.41681766174  0.590652847495
0.55628280383  0.455805320026
0.476641723651  0.544855680185
0.388826540967  0.251183536062
0.534754013016  0.32224715171
0.270973835921  0.393074314754
0.551788976718  0.583193279493
0.418460235632  0.545548047176
0.657767250657  0.579418878862
0.455798439158  0.557553341603
0.464379455693  0.464161446581
0.637018200417  0.636782088837
0.427511821419  0.485489703925
0.439311660351  0.59411865548
0.73776508493  0.533437013916
0.415147132354  0.377591934008
0.516282267681  0.580335427057
0.513781235785  0.354563378811
0.578029093181  0.309282260083
0.396518517371  0.434078686884
0.289330535606  0.488149258663
0.604094141564  0.283763157213
0.556844306515  0.341461713382
0.466540056796  0.490125539893
