0.409077570228  0.609014182644
0.57655799188  0.581460771482
0.521079268287  0.525977054117
0.561338134652  0.438565686084
0.33865598715  0.440519199406
0.691931723115  0.488322616544
0.603473054981  0.612561015731
0.579795723567  0.343175653888
0.59329786195  0.552327108593
0.443692808763  0.342036451186
0.707256743394  0.472159798511
0.470376123155  0.600900921554
0.496433081103  0.325799052498
0.666420064637  0.349025673538
0.621986526288  0.56663326748
0.535214098596  0.575088483144
0.399208537781  0.541226640594
0.511851313988  0.368322630852
0.669557966972  0.493555791002
0.593721448801  0.510069313015
0.428903268746  0.288817772411
0.431007087043  0.412297012938
0.531285617335  0.474820992539
0.800507076248  0.441423444201
0.60798569647  0.414374562603
0.586409052808  0.402173082976
0.51276671809  0.648063978049
0.420051717642  0.41986231449
0.442658800777  0.394328089515
0.401929744747  0.517878962835
0.424053061639  0.381834621676
0.413060567308  0.321864895182
0.393069565572  0.388828457407
0.470655691494  0.479125477084
0.371060314446  0.590559029987
0.370768806556  0.539568799435
0.497990222564  0.550776023152
0.568217420375  0.687843316034
0.274975925454  0.402487246569
0.473472751043  0.418685753215
0.770864385244  0.523565713646
0.379725753355  0.584122905369
0.275441903891  0.6683486978
0.734751445459  0.582714328134
0.385726779918  0.355037706149
0.588234559165  0.565741581517
0.454361351322  0.444732103011
0.336400989104  0.502677917546
0.323803003299  0.570618387194
0.545127977706  0.689763033655
0.566917681437  0.472478822067
0.553663052347  0.373066006216
0.589750267211  0.467806606297
0.674099725771  0.329474636317
0.420649706613  0.544495607405
0.532268623788  0.451483986195
0.606678176196  0.588700354716
0.479535839699  0.599663880676
0.637345083034  0.464500283115
0.522024466994  0.612493223723
0.403009542011  0.566056623494
0.564321713821  0.665878733227
0.543264191607  0.514943054612
0.441759375093  0.607156029602
0.499396139074  0.454205771568
0.381710638536  0.392597180963
0.483759563958  0.597124364447
0.46028358005  0.702206890191
0.509642670155  0.604089162833
0.326203589264  0.570530960088
0.555405516604  0.415309873816
0.613387090007  0.577032339907
0.54592572846  0.398042152059
0.44234616127  0.470709943724
0.47415427713  0.651345151538
0.529442286393  0.613532395299
0.504767482775  0.665988793313
0.643326834877  0.632496860828
0.510016333951  0.42656520165
0.620266126741  0.444845575819
0.432424616911  0.466116897439
0.422602457957  0.492052841781
0.582069261468  0.541674176328
0.449819642118  0.405818627217
0.480490432746  0.536772695626
0.554552343553  0.582350526787
0.383898160686  0.400038861755
0.440479780186  0.424700378307
0.507916604245  0.600975949051
0.534313309291  0.517261978367
0.645907475338  0.619947994835
0.430515891992  0.572760329167
0.409799888079  0.629147281599
0.410444003887  0.566948563679
0.33043465274  0.434708986423
0.417770637033  0.632906229261
0.519736679175  0.316801923057
0.388649708992  0.380757046235
0.603098082139  0.477894472359
0.329232975772  0.443718803278
0.423523949076  0.357794749679
0.641772769824  0.436210664828
0.573973955228  0.499234747261
0.488202849783  0.627499004817
0.418288897394  0.576891856944
0.52529827033  0.427684706652
0.224273111748  0.508646003431
0.45500390787  0.482948169351
0.40530481729  0.479313891134
0.283531569694  0.457367722948
0.413496744999  0.500596300709
0.545596460159  0.479342056109
0.520888921919  0.583587962778
0.573022461945  0.363898190908
0.483948664999  0.513990842785
0.469107055903  0.472067332798
0.353925716811  0.353358047823
0.401270547322  0.627120425855
0.484805000229  0.518775967621
0.405437534452  0.487542900088
0.684469956784  0.567959922663
0.650869065311  0.505720372074
0.452403017049  0.544678694724
0.603295348002  0.605547431826
0.444639164062  0.453256477877
0.472476219923  0.43617818476
0.597637514669  0.387052884368
0.645689974963  0.543841022314
0.506633263806  0.381604159981
0.599409181333  0.436329640266
0.584623860302  0.506273543656
0.547824439589  0.567708652035
0.478897412169  0.487447403404
0.527315297727  0.492413901003
0.390199637895  0.441460996851
0.537477878724  0.232227872567
0.466355401072  0.648869800472
0.45132127264  0.56471202577
0.330566259736  0.2722672866
0.51156814737  0.520994610867
0.582225340822  0.571513367645
0.528688296952  0.296886062913
0.302137882267  0.583978604177
0.387834354398  0.548446372502
0.453384825675  0.575032023326
0.423790039007  0.525971397464
0.337805127939  0.629906941941
0.516360919243  0.48095285876
0.524866331155  0.647246795509
0.545215825621  0.600277063879
0.381088607256  0.586002127985
0.406286468997  0.518889425443
0.506668601377  0.460126248603
0.392286780157  0.528901883882
0.46739020822  0.493877087824
0.469911319868  0.658638180702
0.626349593236  0.538672033138
0.55446433099  0.522095438731
0.515849260781  0.515862429403
0.409562909427  0.626518338572
0.756610973744  0.619488441501
0.295972724962  0.596657271076
0.362123749016  0.501046712292
0.537739593746  0.556211992113
0.486774857704  0.415624972092
0.662661471579  0.239832810647
0.396022366414  0.720211781133
0.508163131651  0.510577208856
0.528206128224  0.290960837843
0.492613162271  0.399863102097
0.599315703625  0.581525909162
0.293464149938  0.470535150045
0.507465816778  0.571410841534
0.464176429928  0.24602573097
0.466046318983  0.506620634919
0.524910431404  0.428918983497
0.384292731701  0.5894638115
0.428342863171  0.617735505095
0.513863515478  0.474405317901
0.418468550268  0.56677188686
0.363599365735  0.32519972304
0.580180937986  0.599992310553
0.456936951348  0.614206326887
0.563269448354  0.758463807606
0.544008775623  0.602905723436
0.589000453302  0.435053609473
0.582716015867  0.589083027398
0.489423712532  0.415426284255
0.53167384357  0.570325829172
0.593798012324  0.616016015921
0.442967342988  0.413108579998
0.338079458622  0.312009378757
0.685461666456  0.453791152805
0.535893387459  0.561669849353
0.519392783778  0.497181129662
0.53669758014  0.428582257853
0.356799656589  0.307003904507
0.472191436538  0.510262158337
0.559068939733  0.580205644829
0.738223105733  0.436189031839
0.362254349235  0.60003007831
0.431621833135  0.493388127266
0.480213844931  0.564470226699
0.581986385389  0.605084288396
0.460601037092  0.548443439585
0.367023163516  0.514329763578
0.543009568706  0.648633209498
0.460468066252  0.397294682422
0.47331745071  0.574175374244
0.604461453684  0.460523747664
0.540282739352  0.602559432033
0.584225128884  0.539499335325
0.363115742598  0.515933474257
0.516238859907  0.498804279422
0.505609142528  0.527526913387
0.552664188504  0.597439137998
0.574779910612  0.524827587514
0.675830134043  0.694347366484
0.428049148116  0.58942312854
0.651365824509  0.361339600027
0.513504558245  0.561249789304
0.459973969014  0.517717779884
0.437747668448  0.420447702589
0.462963730671  0.549605518187
0.439532727788  0.360735359608
0.490876723142  0.346263821061
0.66558098135  0.546547691159
0.44451165775  0.508204240363
0.511101510534  0.444155218357
0.517903262615  0.677178465773
0.490489680885  0.480255886349
0.461363779575  0.489941557229
0.366585656969  0.527335903106
0.620010006796  0.377009703821
0.410069342818  0.439197943896
0.459823509199  0.633312217938
0.416855813654  0.49496196866
0.532976937646  0.555021231057
0.449430467274  0.481610341355
0.590825542758  0.496812726338
0.676260113573  0.558399274303
0.630808797885  0.572396237337
0.634489689523  0.58683219222
0.393136741518  0.484476011129
0.363065088735  0.434119275533
0.430027494932  0.580226926413
0.47867420951  0.55059515905
0.5117196098  0.546012043561
0.427769181989  0.527142642186
0.519931358055  0.298615892788
0.546835935349  0.527893737715
0.509085847541  0.426315956624
0.544762580879  0.578231057226
0.569669531441  0.434839006302
0.617890442617  0.415527694912
0.618833601531  0.473533410483
0.324611606848  0.56043651191
0.645542033827  0.532060913429
0.60949118611  0.268446494818
0.47023018782  0.537409039093
0.709495844793  0.47063394396
0.595211592615  0.401911241831
0.331545609435  0.621804850222
0.472237263449  0.435450280277
0.511367219329  0.429650449566
0.333933219688  0.529372020519
0.433160447625  0.708289379636
0.546693507706  0.468631943946
0.452444538621  0.555860233749
0.362098235921  0.608001947797
0.440277635873  0.383068611508
0.466790082073  0.534365241219
0.361801253838  0.30582593555
0.290529062983  0.614544112872
0.550310894976  0.518300921351
0.556824664263  0.650197516708
0.545902999976  0.558029999397
0.569548934027  0.541679443872
0.397579146101  0.524767207733
0.519250657862  0.379110419217
0.56507132235  0.730192509271
0.573827418798  0.378854674631
0.410899496767  0.552379947173
0.463167465316  0.723527305376
0.499082864231  0.452039320219
0.452123634715  0.366943567036
0.570718429274  0.558627084655
0.534869648973  0.410389006775
0.524133194199  0.567730412912
0.460402375639  0.528258934009
0.488661159909  0.643823760287
0.34982871015  0.489473065916
0.554812472643  0.534822091817
0.259430611089  0.630115759009
0.621903398505  0.551416426937
0.47451264348  0.494503860349
0.543314488734  0.553057977634
0.623291348797  0.480045698746
0.526890416723  0.601698972485
0.388509524407  0.456654323788
0.629023011222  0.335303335707
0.351886869999  0.491561555415
0.589106493328  0.541728033629
0.503460678526  0.505561963663
0.423070003168  0.471184769557
0.576098664102  0.572498170979
0.317085553646  0.402412039455
0.598477437888  0.505947968354
0.44485499477  0.504369398558
0.459176536244  0.504364136216
0.568613215632  0.451992781533
0.405556148573  0.430674192173
0.440806932639  0.590376941211
0.766257733393  0.508002144962
0.356411613556  0.355991060393
0.549892411224  0.616016634244
0.414657440035  0.339279690942
0.367535646244  0.570351594301
0.491399302153  0.521107106162
0.433960293625  0.522173359497
0.413094972421  0.587178827885
0.359202246395  0.509387510792
0.398509395312  0.689956949387
0.677540393039  0.448077651079
0.402136710737  0.617096419087
0.45726260084  0.548856152559
0.380305692274  0.74194229626
0.437489381088  0.511469516394
0.538859118354  0.384249248497
0.525265872764  0.447527792745
0.736800840222  0.526482160703
0.507226359255  0.52701470223
0.518656772746  0.575616519945
0.443784580157  0.406272302288
0.596859720178  0.437090906451
0.388846836994  0.565553209639
0.330618485086  0.392298319173
0.409244063966  0.620481246723
0.322830749049  0.401178159379
0.455634728863  0.531262488557
0.382221426443  0.436459240448
0.54799541823  0.615421842793
0.644785624677  0.576521267514
0.309750107852  0.581077131323
0.534662400353  0.544622522655
0.52046883351  0.679194997845
0.628452202488  0.303087595095
0.617413893096  0.38330252131
0.485194429401  0.52177778213
0.350886274578  0.469741997489
0.560143537325  0.471093757537
0.689387725249  0.444127659135
0.43986400588  0.67141034725
0.415408716834  0.630069654414
0.516748711741  0.622675776119
0.514395738337  0.538897962357
0.456005503241  0.570019472102
0.562461882973  0.447484777566
0.70702350608  0.398555654703
0.667707386692  0.467113417003
0.439247275589  0.427890165176
0.416143672987  0.377626640059
0.514160160002  0.358423087471
0.507291805316  0.665683619102
0.56549541088  0.515205152678
0.433354222924  0.628828595701
0.517013285034  0.462983428187
0.540030736818  0.478583826829
0.413692620937  0.376457567872
0.397441817395  0.507641618924
0.528233933563  0.438358668585
0.449189173354  0.382695698014
0.52901965232  0.720228357742
0.448939786269  0.528769349175
0.624394850272  0.601817832555
0.544901610429  0.503831038988
0.476113498067  0.541826606813
0.589007913412  0.544766362237
0.540539451251  0.619229400674
0.604089466813  0.390788954778
0.488606034863  0.501294193236
0.374375345466  0.417153280774
0.556236822804  0.508050102579
0.496224052147  0.542532477198
0.486497444853  0.428240048875
0.351358061226  0.716590074787
0.561205780009  0.388528960095
0.380385061267  0.545476019855
0.413267106059  0.383144992671
0.493540608713  0.570210319483
0.469531711953  0.439355708237
0.523449207621  0.467759494995
0.548852265183  0.350149538052
0.650110588505  0.398762124196
0.49307597786  0.432093903697
0.437804361575  0.486847796027
0.471533127601  0.331848349611
0.579802929107  0.493342310448
0.557693733108  0.417835121499
0.408800655011  0.35226398832
0.482827851026  0.570782491919
0.37077426524  0.475819612909
0.657339487214  0.471974209197
0.260349932981  0.415467001607
0.427938575736  0.400805446557
0.394460906724  0.563541064049
0.629418538498  0.581727269639
0.67131612475  0.612107397077
0.395575648027  0.54145746402
0.595731847182  0.559269534375
0.524617419711  0.576739345366
0.524527058923  0.639755733577
0.529363043575  0.692153176882
0.599629050852  0.543755527154
0.336785218333  0.414109049825
0.553085396672  0.561114168184
0.525758167074  0.488615235884
0.410072071693  0.364858207052
0.331177390922  0.620128503321
0.493710944332  0.530275299569
0.413506408294  0.502688479641
0.394763503572  0.618879514053
0.478117569868  0.53985552901
0.62134787424  0.486098424758
0.524977322052  0.637446836774
0.39965476217  0.408961983657
0.378330522201  0.28793227524
0.560774812588  0.52544746079
0.555692846529  0.590318380416
0.257441797958  0.257970443061
0.370912543191  0.579117187096
0.442015087953  0.453832143786
0.255091500149  0.430040822537
0.451706041402  0.494800163531
0.398370461448  0.445920090674
0.631074587372  0.472753276122
0.357944094047  0.510315696572
0.451083295374  0.460342566496
0.404423775446  0.565127438687
0.639747533773  0.579279674498
0.495716950125  0.330204821807
0.447467216382  0.375855691179
0.543693818221  0.551008256872
0.530579828076  0.515943578621
0.619484753238  0.432511866418
0.384275223119  0.642368962834
0.474297620838  0.564466389459
0.451949048082  0.655865161661
0.614261633869  0.725072416221
0.370803340334  0.591916107482
0.538026438471  0.636642420661
0.497014856031  0.474267554978
0.516198521017  0.436865502172
0.31437606312  0.691054889288
0.61519218201  0.316717682854
0.491021382444  0.423172145508
0.399630372644  0.434015879169
0.425851538469  0.613399245789
0.596954653366  0.637784059404
0.489997961954  0.46030030245
0.536151356044  0.591881674426
0.366124576376  0.59756568696
0.416461469333  0.381768675179
0.373325294898  0.463205813298
0.385372221878  0.468675015071
0.43824217854  0.324145860704
0.570655188386  0.53835220763
0.388142183305  0.506463231305
0.493557095811  0.533033689564
0.543044385392  0.490125937548
0.428315000477  0.389172692592
0.444717710389  0.464971861594
0.419124672254  0.595088749384
0.425674681265  0.542073126984
0.53029909443  0.535703859194
0.617984796806  0.577403754668
0.440452725449  0.638162026095
0.515482556407  0.631544383308
0.559156663837  0.560837920458
0.593793039117  0.587321301446
0.422224472688  0.469893109735
0.423358180529  0.468482965725
0.519108498854  0.505916111203
0.519189278929  0.42002474373
0.668267039826  0.493910581127
0.477201521013  0.788099728416
0.55826166394  0.477781939363
0.413982902591  0.565353868128
0.498944361888  0.464357466543
0.491477246056  0.483664989857
0.577710051549  0.683313968746
0.584559366693  0.446346829396
0.503833471437  0.403815203265
0.555815733334  0.632055510668
0.425230826334  0.469802005356
0.566325844369  0.433298905421
0.442347328537  0.441026662406
0.546777931535  0.658220391196
0.379594544216  0.459773882184
0.446214556002  0.360835152073
0.456001212136  0.432932005829
0.487553025439  0.593871870411
0.399548789726  0.4620611258
0.516148155398  0.288799973267
0.702526497233  0.323009305723
0.427298539833  0.431909570049
0.577444226428  0.566581032041
0.373646181952  0.403688855676
0.433484690188  0.346562673686
0.584351587461  0.613541422411
0.69563262846  0.557430738591
0.618130532888  0.421533269282
0.592939314475  0.49041914058
0.477332201364  0.45519820978
0.481647303256  0.383372587942
0.530339009256  0.549051982174
0.467482999897  0.551123868845
0.610505064282  0.456620094547
0.55530406795  0.446469829143
0.501877402898  0.386924235945
0.572084120006  0.507601454995
0.52513460636  0.47521935392
0.553581142649  0.578704889447
0.56874835837  0.547329225126
0.496334648456  0.621477042032
0.51085215231  0.60010468159
0.504798775171  0.368214421542
0.373484165622  0.553919117771
0.631566880646  0.526738690547
0.406409641085  0.495127624697
0.532139816014  0.759227061501
0.525220348059  0.454825789134
0.4905141195  0.588352301695
0.518438685903  0.562326112437
0.266765805833  0.507653241195
0.520026152627  0.60143868452
0.38646280612  0.479485110247
0.41217450829  0.507271681863
0.378068655189  0.64118779494
0.371959366596  0.508502239579
0.516527886036  0.503755371997
0.379505077835  0.773466059586
0.356776668429  0.419764828934
0.493592685027  0.456957030064
0.627481662233  0.599354717149
0.384377989062  0.489258971909
0.456197854563  0.32089982928
0.470969773451  0.56184095523
0.479064125654  0.507709436576
0.603047395375  0.569628490992
0.580152273674  0.661056270153
0.487233479868  0.550393769971
0.489842296285  0.630140582306
0.381777411591  0.451632873211
0.608177842695  0.477325275141
0.732164918975  0.415625969734
0.490961680808  0.472251815005
0.380945879755  0.552940270542
0.500298208902  0.521217374296
0.622238101387  0.524764936125
0.426176806142  0.224306384219
0.319824838187  0.517107719767
0.451022711994  0.550056039101
0.390575359357  0.547881916597
0.424720394104  0.430811282436
0.628468665413  0.453584561512
0.416827678133  0.516628151756
0.612173494733  0.50779341705
0.482830876263  0.691296648019
0.516372077681  0.391116773447
0.528961213076  0.498848307418
0.547819032482  0.575918954144
0.404924276549  0.39552094803
0.517181022939  0.463171926768
0.530335533499  0.448893764039
0.58709297588  0.454000672329
0.547857527388  0.363907532961
0.679269593111  0.741192086396
0.464890303456  0.34460560739
0.601826916604  0.599730860001
0.653653423796  0.68980334304
0.387353905457  0.597237575883
0.419293442436  0.531259970573
0.520298616616  0.560480610607
0.597677281513  0.650486937019
0.571712624422  0.489973464437
0.593213185852  0.478512885371
0.545515286355  0.387291140951
0.299256846243  0.345857288519
0.497711548101  0.485232201805
0.48020417346  0.433849484467
0.419633088746  0.603643423709
0.377429629612  0.526953874585
0.409629849934  0.48387094664
0.282021802164  0.568851247825
0.406603036265  0.466777748024
0.442242018637  0.418895190418
0.523273295372  0.510699998305
0.35734065827  0.473152108255
0.475497184364  0.53151735361
0.58201302327  0.534734053754
0.272129099017  0.604104851593
0.453136896054  0.570061838598
0.528638194687  0.476438861342
0.544789815392  0.617344903802
0.50477735122  0.577460291055
0.607190125447  0.800540967136
0.53567535503  0.622214519225
0.39651670122  0.516649940691
0.511652406744  0.421187447025
0.362866401302  0.546237342715
0.451958434462  0.410880953339
0.619245114335  0.274407149662
0.481614025437  0.51335028767
0.552510293349  0.500134877618
0.588645237898  0.350624340326
0.438049896279  0.499332781808
0.444793423977  0.494435420261
0.546815769663  0.628834232113
0.561399734049  0.535154670131
0.690096632632  0.587037879261
0.549808505549  0.6811742098
0.355246808559  0.594523089875
0.473631241161  0.453825967205
0.559096362564  0.520411669642
0.318896767582  0.391787124641
0.46703207415  0.403313778852
0.411956627715  0.613412912691
0.521434896003  0.596034674186
0.565436513138  0.750122992482
0.450670716799  0.417272687269
0.533880521555  0.341006578496
0.415980523029  0.495462923206
0.63651994853  0.396843379404
0.509547879978  0.302254246887
0.556939720798  0.631133292467
0.466175729113  0.434378731079
0.510858614786  0.641620333584
0.577365345646  0.297011731303
0.364781940793  0.275781518322
0.533312842783  0.385996033614
0.35426883211  0.446586263873
0.489062596684  0.517697066184
0.537485837108  0.374733944916
0.556755377324  0.618138666307
0.448540208735  0.537081864801
0.371048011495  0.709077162669
0.580876819918  0.560383677444
0.596064292441  0.450087778545
0.562466646362  0.484880933354
0.385907271464  0.409547415747
0.542427711216  0.413672632943
0.654753395652  0.381931326747
0.580470856671  0.440583350235
0.348912807952  0.397499188107
0.535126060437  0.361683016538
0.627718042132  0.438689395983
0.647910351741  0.400970136062
0.352096656489  0.342362754546
0.395003907319  0.439454864331
0.583318378812  0.377396283095
0.32891137343  0.439295998861
0.407158310062  0.394331814052
0.335307367212  0.482473175359
0.683360562336  0.566685124447
0.54852250827  0.36916202908
0.513179198332  0.598578924927
0.351494440296  0.447060795041
0.482199538018  0.51504697653
0.454920684212  0.625025579968
0.437111012644  0.50679166612
0.579607831122  0.515054667405
0.359738828802  0.493071787461
0.504939645474  0.687225150705
0.61228521713  0.577088318884
0.6542876284  0.53979441977
0.560514360777  0.637212341515
0.685866906003  0.564068148962
0.600494991422  0.442633094098
0.479353368881  0.379023622964
0.509360444019  0.449713136633
0.574461672479  0.356165101413
0.423293731649  0.632356263606
0.6364539665  0.640188690445
0.497831402717  0.38792149014
0.346061568749  0.633807926728
0.488337571734  0.422403254012
0.597222919225  0.547693226055
0.337623875904  0.500042322302
0.628075640842  0.457814350331
0.616660153966  0.520045638229
0.449318716338  0.469586953382
0.404776985843  0.344318099858
0.542869299376  0.5245939766
0.593664527963  0.438938863639
0.416264775686  0.514712739988
0.351126040096  0.621051516336
0.50632305157  0.393701720559
0.383123476974  0.490776857961
0.437880801364  0.47909211391
0.409387196419  0.533721962796
0.509496616679  0.455109402934
0.29565433854  0.492748654742
0.618079575242  0.27046742206
0.447370055268  0.539937951526
0.45924205952  0.586962239871
0.679595611052  0.588819495835
0.464093518879  0.629313853227
0.286601206943  0.457887432902
0.560896496064  0.408732024268
0.608504203832  0.564013445228
0.464220701726  0.459623510766
0.549976239051  0.585897391018
0.475431003509  0.428138864187
0.36981082099  0.480063131896
0.368718611435  0.463444541832
0.454863613837  0.659234782518
0.643918013144  0.424396439053
0.436481483961  0.412946098671
0.455324683614  0.55959696684
0.23077503627  0.482190588147
0.667495513449  0.386565011635
0.374473071004  0.35773937607
0.492114870136  0.407491970657
0.514450676604  0.238102344449
0.508794604558  0.48869533121
0.530112167771  0.513985829809
0.577560472764  0.426890803368
0.587986175913  0.634770803355
0.420568575651  0.46154780802
0.359156486905  0.565231198532
0.608607296288  0.701965604092
0.432963212076  0.566640325932
0.516351226459  0.427077245006
0.339713504267  0.645075437781
0.604459826029  0.569577647717
0.480501572849  0.506473876472
0.513863635958  0.567558673634
0.474291229416  0.574162366768
0.524447310335  0.369584356479
0.428407247059  0.450683828601
0.438629344838  0.4560937832
0.425157858245  0.436400669671
0.54555311777  0.498250562052
0.454067548098  0.365083831313
0.486995654129  0.409752187343
0.554597378984  0.415173417322
0.518015200219  0.454772520293
0.510213162584  0.521133141097
0.562111471551  0.447988613671
0.48330115375  0.430232019607
0.469886863369  0.503437471288
0.528721438083  0.591965966356
0.441457793612  0.474831637179
0.42291400782  0.294010109214
0.456217173301  0.225620998247
0.332871355306  0.624709247545
0.542908923078  0.567479250261
0.59281706057  0.536778425354
0.562363399998  0.539955127604
0.596481175764  0.524785796374
0.343662560114  0.528408147461
0.529883447657  0.603570463921
0.403107304859  0.473964694884
0.624539187847  0.568333008468
0.497713949611  0.510598426938
0.393705290086  0.577284574088
0.556717465122  0.530667891366
0.532621458093  0.508878262478
0.5613353036  0.513654944717
0.555710545074  0.543484117874
0.568535892643  0.556291533753
0.676089478285  0.664524380968
0.516280668881  0.404485581455
0.523130635462  0.402284911854
0.368074476956  0.635170947707
0.607311312906  0.452478740299
0.452442671294  0.306113127136
0.433486196273  0.383343690241
0.466866401299  0.362150395314
0.689689653476  0.469274698534
0.58511239012  0.497407370041
0.557570629438  0.264752780854
0.317121652817  0.317188061784
0.716190522478  0.475734456854
0.229084625819  0.475267206901
0.392236401642  0.523410910582
0.42268626773  0.737398819533
0.57415181531  0.448277127655
0.405288016368  0.340821906064
0.659733937305  0.396497353134
0.472222896794  0.658833729911
0.480365528034  0.479204327527
0.555270430567  0.34658501689
0.382190777253  0.363859315466
0.417372815694  0.253150148547
0.470948990779  0.296832574105
0.413125498085  0.608919133491
0.507149406089  0.723086241133
0.552304855728  0.417160912371
0.520177976503  0.388149983079
0.60412822463  0.31571453073
0.51856636238  0.527559518528
0.711576989714  0.4429776496
0.484406291389  0.693805439864
0.628223643396  0.55413309399
0.601442063772  0.43133733089
0.542423890788  0.571819865206
0.364318781849  0.475225808761
0.547746300941  0.590841695124
0.483512859752  0.59304131071
0.674942627339  0.42063572541
0.375195332703  0.575074552144
0.596272204761  0.519052167139
0.521659514313  0.420293149333
0.595877580962  0.520573124144
0.302749006817  0.557760253164
0.687186177879  0.575082000167
0.678556131214  0.438536615578
0.466175700773  0.569769201774
0.550493984771  0.621381499403
0.573527618752  0.503887638272
0.496627784861  0.565869732846
0.318104992801  0.457103475678
0.450126943313  0.54877576668
0.557102609981  0.633058187363
0.454826659439  0.252825341004
0.427602002448  0.733785947533
0.530922298255  0.628547814952
0.578461583916  0.412869719907
0.592178754208  0.336747054444
0.60775257897  0.382065488277
0.750538506202  0.526756565735
0.558039307903  0.35285139733
0.436201929313  0.567326180723
0.599590548586  0.600394655806
0.492228655537  0.508343133678
0.34055323745  0.707364781192
0.519554582475  0.507918190898
0.559783056573  0.456186951364
0.49403883905  0.570106152735
0.359013872553  0.657729474927
0.320896217827  0.434388491217
0.523518176363  0.482476988067
0.301781732577  0.546270982204
0.641102598606  0.623043288491
0.605772828316  0.472668820522
0.574820368806  0.480899563382
0.502928342668  0.405053480739
0.639644769054  0.674606021638
0.556734048515  0.48045382387
0.45998269837  0.514878842525
0.519830420803  0.500130510582
0.490521958578  0.272137830245
0.444909870198  0.542182142314
0.651658611449  0.618767987368
0.472521511443  0.644838111921
0.515131584712  0.393757664203
0.49460945001  0.4650886717
0.2405088241  0.331348546052
0.355697216825  0.565645821365
0.528118980999  0.404718914118
0.528377417095  0.595456858376
0.405556682636  0.560463227392
0.512245064224  0.513293375823
0.417714216354  0.49319629709
0.42200755162  0.498561871918
0.585208507941  0.573597285567
0.574249755914  0.527049537696
0.411587523051  0.585223586847
0.343006737139  0.537563151448
0.638813729631  0.536081812629
0.550391452966  0.341225910864
0.598408308325  0.557229492124
0.413031196429  0.413797964392
0.449788647384  0.569512105574
0.438615583466  0.41833742734
0.585679065217  0.321047423285
0.506409788595  0.449058806754
0.418705225712  0.455085968046
0.350806049602  0.483175011363
0.516330134355  0.480661699704
0.596404441074  0.244575392936
0.687904573481  0.426931575848
0.62854004851  0.423346375533
0.61737748906  0.444100065125
0.518710586044  0.527285397314
0.292760724989  0.436188502333
0.544692553434  0.503959702818
0.774605342287  0.400788965977
0.45617106106  0.601459032741
0.590467805722  0.535130501651
0.416929975101  0.391044172176
0.417212085718  0.592909472648
0.471868461131  0.44021778324
0.343569438053  0.617969893673
0.583709186505  0.450559496274
0.452307266019  0.533458706495
0.45727475632  0.519256263565
0.373830756856  0.599717651645
0.449846651864  0.367199655017
0.411682784599  0.468184151031
0.555042466022  0.610812858519
0.613935434946  0.458090913921
0.571951511021  0.541168590584
0.402666538838  0.511923367604
0.347806593808  0.626599667589
0.566660274143  0.742443971047
0.38915876247  0.454395168026
0.490754545479  0.390805045513
0.460350022878  0.6204849549
0.641916767814  0.68294512142
0.488259394547  0.599490558926
0.57952568808  0.406757258753
0.767819636134  0.438379338176
0.643355432765  0.669913355487
0.61896857677  0.420277687298
0.519181945464  0.465168618091
0.431235800145  0.780652987858
0.493794781505  0.499521621741
0.53176798929  0.585525229697
0.57272884934  0.532864281939
0.247103791134  0.619530316347
0.418041415072  0.496003067395
0.520496674137  0.519891003765
0.456991864256  0.481368646368
0.620947326092  0.383075345057
0.402118113364  0.329761662822
0.601528014161  0.454225419573
0.387051591989  0.509102344543
0.509927445021  0.555901250398
0.47325018925  0.434786139691
0.620726732251  0.565639116166
0.501882199708  0.472189439598
0.620170237384  0.501593390769
0.43309693944  0.41111326767
0.304980244954  0.319357630286
0.487980036705  0.679260238951
0.477291968912  0.551216302678
0.440120902424  0.595368669965
0.388998643612  0.421813696156
0.525023099588  0.408198869645
0.378576385994  0.663726344183
0.430776080584  0.480795339214
0.536098419533  0.541769980155
0.347073210813  0.48110931958
0.587724022257  0.516551720414
0.477075818121  0.392627637052
0.465206681168  0.33211764785
0.510714639423  0.43364429406
0.334944354528  0.546415750529
0.40611864841  0.502033974657
0.478420233905  0.704853551763
0.460334195543  0.388574893541
0.43266047629  0.566443639133
0.418268262101  0.317781859378
0.448867357018  0.338637937527
0.363088316924  0.53947912659
0.380963317251  0.614570858155
0.508775933918  0.570459738704
0.547252594371  0.373433489914
0.497546075037  0.47118087258
0.537349261145  0.548091497125
0.457592866477  0.546482086712
0.460911106538  0.443132525632
0.525183175495  0.492746813431
0.605708868099  0.566576437191
0.405255578192  0.561061379467
0.456050346506  0.562167295241
0.558716322974  0.707261581886
0.459756569514  0.44610074812
0.373205106488  0.565311524918
0.416525028411  0.525688698688
0.537897032345  0.512013830169
0.435937720395  0.482477132523
0.484552261812  0.56170117465
0.564806343292  0.438121573493
0.372623365736  0.488601331342
0.534542780199  0.305162608949
0.629657910532  0.551122321226
0.606096205902  0.537896416514
0.522442361541  0.460046051841
0.454264165804  0.593364336297
0.378443562584  0.64340541458
0.41489448292  0.47658378206
0.546845777814  0.452577429053
0.631411729777  0.543192497288
0.736913541769  0.358921480495
0.549765261086  0.562185647792
0.532467234389  0.511003906621
0.608501596021  0.609787619012
0.68706132051  0.643222676977
0.491716506166  0.385321007565
0.581696415103  0.602146040285
0.496620653232  0.510483449181
0.523164814564  0.360391009234
0.788574459539  0.431449105429
0.62339454391  0.710228240592
0.362866892267  0.277590711723
0.298257501103  0.474105586475
