0.447702424866  0.716641921047
0.552688086023  0.354260210766
0.440434655221  0.387341134131
0.257849438884  0.560456501136
0.579374737895  0.613818692099
0.65466154896  0.573907459193
0.483751408691  0.522372550273
0.455666264606  0.501522314821
0.536584089587  0.437655352951
0.422825498794  0.567491786415
0.41871234709  0.406579542589
0.655454847146  0.522151342577
0.445560488888  0.535952097398
0.497322498954  0.358607335499
0.501894065309  0.490370827673
0.553067738783  0.52855953782
0.483170288412  0.473003688299
0.444043815014  0.213304713821
0.582066756345  0.318330482667
0.484301943768  0.476385903028
0.32690971954  0.452027281599
0.505639656127  0.556410517858
0.373678046102  0.585346504398
0.553153083017  0.726723566778
0.498411456059  0.376393440731
0.570432351877  0.462838675179
0.635330482199  0.495196580798
0.567446477939  0.458412800213
0.283279519782  0.46126120571
0.618360536637  0.343651602527
0.445566240302  0.447786796253
0.473155458501  0.553653297468
0.51007326039  0.529242513506
0.35157955698  0.367050080215
0.622196495239  0.346416461541
0.415853050704  0.487801924475
0.401433927672  0.424823563518
0.577282042324  0.621181204507
0.478991204666  0.512018363668
0.660382734073  0.438761970888
0.27854673311  0.517698730374
0.496641354717  0.469896767563
0.474976760178  0.624260659113
0.523410980732  0.562040009265
0.480433007424  0.592922536738
0.381294705177  0.497506765191
0.40948897194  0.423968380355
0.533078360152  0.331032364488
0.451169929196  0.359371154746
0.432979804536  0.526605533089
0.488935232861  0.562462224229
0.570046759313  0.536921211949
0.433945819204  0.472340935186
0.356270395703  0.534124404268
0.429447255749  0.456193394348
0.483543605158  0.444525121475
0.388066803647  0.631601284846
0.545505388206  0.49194581915
0.353320593077  0.625578970583
0.443033196585  0.580768968105
0.49542252209  0.526310670907
0.519746747275  0.497757385258
0.388037056087  0.536218278547
0.528326963756  0.389274034426
0.42496577922  0.719762774853
0.412725752135  0.468655883044
0.576018711898  0.379177346396
0.403581557281  0.394705604148
0.736497381344  0.523335307755
0.55028528549  0.453212060284
0.505563327083  0.521563404553
0.431426634365  0.477263825078
0.34301790385  0.41780037146
0.539762437641  0.544110863051
0.515100616489  0.547064916649
0.375704904731  0.59968148448
0.49998191363  0.587873676211
0.614067289068  0.404806732747
0.418765093368  0.473987531282
0.394473832326  0.489811389189
0.40053118983  0.362252731013
0.528782386266  0.541191930396
0.306751858805  0.486121803505
0.432196936077  0.383015389489
0.453753965094  0.496679688179
0.349618259414  0.375158367728
0.517919539115  0.333867814123
0.63297693081  0.491227249123
0.529295667211  0.501524762936
0.515300674788  0.565089748374
0.582852380758  0.505831403052
0.408442552262  0.620109704461
0.52538497564  0.481947629198
0.512766653854  0.569851290672
0.418688210964  0.539926105509
0.453800759955  0.524679194844
0.367632539847  0.432022153902
0.440905757022  0.461598484442
0.494078253716  0.66414100186
0.406353580724  0.559521800903
0.507726961305  0.374340279474
0.359561085293  0.294168951996
0.503334595391  0.566021974037
0.705187025547  0.520615605891
0.526577919013  0.539252392893
0.48802176219  0.436344595265
0.325566294069  0.5797546475
0.504330811041  0.503052114823
0.464410747633  0.543804554176
0.497872490855  0.433096501798
0.341353498377  0.451269041109
0.433602960537  0.51406592302
0.453890234452  0.444766732756
0.405801650528  0.470074633005
0.512296851342  0.480675248234
0.59779171003  0.505133086703
0.520607401679  0.477790355499
0.570972269917  0.453454531618
0.402971708857  0.401007040852
0.567184456299  0.633653030097
0.413439505727  0.369671932399
0.500825310406  0.464628523676
0.556700240605  0.399072304357
0.486054093374  0.39891451819
0.357622429675  0.245204341455
0.480230980025  0.591431731574
0.609801467975  0.402977347454
0.479419956225  0.434639341988
0.395612450684  0.296435140102
0.497624649469  0.418516493113
0.35553876889  0.432977373874
0.400556840502  0.463429554569
0.355138072303  0.505999598229
0.349208596223  0.58976248409
0.474895386153  0.598247679134
0.434254344387  0.48059904705
0.442051424102  0.480463935272
0.531177132493  0.611420032813
0.421952740672  0.577065395539
0.297315115051  0.616975136475
0.458932287733  0.332090960262
0.403384508507  0.525583024019
0.534183202971  0.445368983996
0.52682956017  0.573133993576
0.393757893064  0.335405088266
0.531002848215  0.509073213823
0.487002200171  0.512463659416
0.273574691729  0.564466009215
0.431231054142  0.351027680573
0.482463649249  0.453637074468
0.380353723368  0.454203309725
0.43294681602  0.508346604238
0.471580345652  0.489971408742
0.465330154067  0.499833399553
0.448239315153  0.531950846824
0.291640348915  0.480258548819
0.426973704233  0.483278230884
0.42382558224  0.269683487414
0.389594792839  0.363211472508
0.495395732103  0.504771232393
0.510611766927  0.597262066477
0.340510921419  0.329739987277
0.331685831872  0.503386603671
0.360697557302  0.425531285564
0.287771795027  0.43218397347
0.308394680882  0.596987038711
0.471847361686  0.489765298912
0.515177455307  0.397896762406
0.375481810679  0.463322065693
0.629308157425  0.539095195799
0.465995936692  0.567459311413
0.486480510136  0.357213142965
0.545254784621  0.6101836229
0.4675931188  0.561434240266
0.415181618263  0.331165676345
0.367135100993  0.487936604039
0.498984652492  0.378111292384
0.389637450032  0.418359526496
0.363175416668  0.548433120284
0.494803056613  0.616272246796
0.497934633556  0.339830529496
0.694840547621  0.652171980099
0.531222194334  0.470321061175
0.517112645546  0.429042339564
0.443214332575  0.500099427397
0.477800094946  0.296477225961
0.366092880461  0.37627710559
0.499352020101  0.661609979906
0.385642958649  0.437555077294
0.693283870619  0.585940324799
0.409757869357  0.486799456564
0.406023441893  0.412074210351
0.406165957011  0.596894199556
0.42940201597  0.578095504724
0.6269765132  0.562002808512
0.451579137427  0.442350907469
0.584791276659  0.324139168857
0.360859536721  0.511156333695
0.666523504847  0.422418655835
0.393815436456  0.396087582445
0.45803070162  0.455380192749
0.540602416896  0.525318015716
0.383738704781  0.389525503963
0.403547829289  0.473410799758
0.332529922564  0.642860490834
0.399557229215  0.39107132229
0.279392900809  0.4824343471
0.512561132014  0.446683945345
0.283349479196  0.410777989851
0.439915205766  0.584714982429
0.484062531932  0.524749566704
0.505140743362  0.48307554666
0.428283608405  0.599520835955
0.545871508105  0.587118781748
0.233471432461  0.389457808618
0.350696847884  0.479490687677
0.468597240929  0.480585947454
0.443839469546  0.551532140849
0.375849171675  0.640916451555
0.387395596973  0.504015214552
0.468109246626  0.657900383681
0.593601189423  0.405088002616
0.232475103796  0.492452997123
0.539125754193  0.40393244819
0.442635716454  0.738747369782
0.515276685631  0.436513832607
0.547459125335  0.406447989529
0.40877968682  0.340751290364
0.346122253784  0.477720646487
0.443846260345  0.519377296239
0.397806874223  0.455643001885
0.343306863018  0.285445087315
0.583314636243  0.571640257014
0.524957630866  0.420224606158
0.415630451743  0.328799721048
0.441825518954  0.589802520452
0.587015396891  0.530995322022
0.490930800083  0.623205281602
0.364494054056  0.449721861393
0.543312054969  0.502687127078
0.406239216832  0.572921353423
0.449912570311  0.558168839457
0.498876720007  0.361861495136
0.752571556038  0.431731443561
0.479771783392  0.535911315005
0.47082086938  0.576968999655
0.533066099948  0.388663924989
0.535445773245  0.432837663515
0.495014897106  0.468691948194
0.474726993249  0.453543109246
0.565116972088  0.386844818506
0.451723640055  0.365212653879
0.4670032934  0.404891363212
0.540706508975  0.532960095356
0.587153766395  0.703121561088
0.440971883285  0.497092463192
0.516949853951  0.411950078568
0.553088677553  0.662345711446
0.348845714345  0.310285359136
0.513787304109  0.636865238046
0.428506131432  0.67307060139
0.497056310744  0.459190807203
0.440573139412  0.379263304589
0.427943107348  0.507357602348
0.352428097861  0.405688806949
0.459752238844  0.462752830246
0.44531557384  0.394125846529
0.456040892522  0.360519117427
0.508601543897  0.443852533118
0.442521501843  0.632167822289
0.450597538397  0.602994198516
0.320178840799  0.368950093395
0.452446899087  0.432041249736
0.615224501746  0.373487105727
0.603922645419  0.475999139513
0.387784477863  0.302548343836
0.689310532575  0.58744349449
0.512388792288  0.473204296012
0.560769748103  0.36019622878
0.470064740045  0.546848421664
0.444585910558  0.466661740291
0.300830579248  0.256555864133
0.347996987274  0.437696192264
0.393287977165  0.477144705912
0.425722041883  0.54937808694
0.504011489806  0.352727278671
0.432587955772  0.638860453299
0.488756181053  0.577518942705
0.487278179553  0.503194574873
0.604798674067  0.468411935654
0.487478011417  0.550473494886
0.534377941881  0.527375926465
0.551406879964  0.371597147899
0.465245916093  0.517500110444
0.394334025326  0.455730189498
0.53905647488  0.43540333139
0.483757112452  0.607599430835
0.235662172553  0.715577741366
0.509396927226  0.398100569927
0.40982829832  0.590093559578
0.402681754123  0.443286541676
0.492491256035  0.539028501092
0.513392365534  0.214895307628
0.467203951259  0.411442147725
0.566199379238  0.499079425165
0.48325333894  0.399470480826
0.476665997493  0.423590388086
0.438078132975  0.492145240366
0.385317282621  0.337905300692
0.403983199303  0.507470090355
0.4998025337  0.4405105276
0.474447329782  0.532331199378
0.478101224446  0.441249324703
0.188319026489  0.556284011979
0.490534299032  0.49647365899
0.46036223522  0.509700857231
0.50308178418  0.542706955688
0.544824046315  0.498820360206
0.423764806832  0.406735982504
0.559945419393  0.505882140926
0.358198086185  0.528283445065
0.589142188237  0.624740035463
0.373446667721  0.477900867158
0.531075429839  0.503469532059
0.436761583099  0.617429878035
0.497478077543  0.436932238783
0.433657715436  0.437575988637
0.452115518449  0.524902775496
0.511590394267  0.447139423079
0.389529184729  0.341407108188
0.387505847647  0.45733231744
0.542978339227  0.386620725115
0.532915645777  0.434149864065
0.398977834998  0.339693461948
0.441708451715  0.442585325145
0.55471059551  0.547787295574
0.322972961153  0.357960336668
0.523069577504  0.508082049136
0.417543113854  0.556433968071
0.514068421466  0.526995027988
0.41508928916  0.487939804904
0.535841859393  0.520617334163
0.418980874277  0.358718234938
0.523863348624  0.464944188191
0.476084756877  0.534016023337
0.466267579853  0.524523424582
0.439613502624  0.4065448714
0.617161423536  0.392147645205
0.486697442807  0.664580802193
0.617191549832  0.321986802565
0.514048659901  0.355623002193
0.438060652536  0.59949662794
0.601025425783  0.598783376528
0.3351922175  0.445441542117
0.48537897212  0.396025159988
0.52175761215  0.524404285082
0.646278556811  0.329975540094
0.480787016419  0.433369633414
0.437700712154  0.571849865276
0.46918946272  0.31579182135
0.423510006433  0.561095141912
0.49366322806  0.456630154826
0.437690660743  0.455390798482
0.524778773405  0.445049448099
0.605578608068  0.503045823112
0.435801799074  0.483510183765
0.454486350436  0.725589273466
0.382722918619  0.3841320889
0.566080385023  0.614685032363
0.469757243092  0.432105665009
0.583158941153  0.531300554667
0.433329207069  0.284889372844
0.422889512369  0.570375346599
0.572744829886  0.328844976362
0.54475537475  0.319931971463
0.64562044621  0.270037214971
0.504442466054  0.550221142517
0.363856001727  0.545590949344
0.391737164226  0.555565633321
0.210938947603  0.570937550679
0.567562070991  0.47545646016
0.594779114955  0.37253743459
0.490050615527  0.461934849727
0.311430417808  0.410803314637
0.498870345615  0.616223194264
0.580372018779  0.477681880346
0.510055894289  0.73216974304
0.541720459257  0.507613272891
0.442970747608  0.473131587725
0.407661142653  0.373362530326
0.440386969963  0.541026158819
0.449915280248  0.451058878317
0.592327612723  0.555358392326
0.513287700691  0.450665273603
0.55115968767  0.501759801397
0.349534775147  0.506297860709
0.384350564246  0.621059040994
0.631500637733  0.446286717649
0.45905975512  0.600275219407
0.482287306623  0.306972157735
0.507541849043  0.524174248117
0.363254876355  0.363633641793
0.424617183948  0.519531425013
0.598423446757  0.46831624972
0.623453268388  0.519045440953
0.499605774356  0.559390876769
0.627430262239  0.469402034508
0.338400278694  0.44163470935
0.456621791931  0.524580755272
0.565681087201  0.547590343625
0.370310762056  0.389240941192
0.513001652745  0.663466336448
0.416157663113  0.368086767121
0.537994983143  0.450512748345
0.375966026918  0.365675160172
0.518782566562  0.428195847838
0.372217271805  0.416754978085
0.524518479644  0.40816215987
0.401692844993  0.458751898946
0.489814205721  0.559492649406
0.450820498713  0.495459529625
0.41243128199  0.43145494245
0.386334981706  0.540778743254
0.569842494183  0.263052033758
0.395170693643  0.228606231987
0.40255475361  0.592501931167
0.530205392775  0.422605984358
0.300439174921  0.336511484802
0.410520045358  0.452215583365
0.530128963829  0.474715582493
0.524252943978  0.645834458683
0.599638135173  0.454652966693
0.526756810486  0.438596364325
0.454196273853  0.498239649604
0.591148562348  0.535559885252
0.337926368491  0.354707186863
0.604633150464  0.755675326735
0.447334513088  0.418440157598
0.492177705904  0.52873422203
0.551407437576  0.529993874966
0.529518751745  0.596121655563
0.555186385231  0.59672260066
0.653355479383  0.479900325117
0.50556664176  0.594297640995
0.357277939155  0.430336641238
0.558725873605  0.488557295551
0.195625567393  0.450787579891
0.495577213033  0.506294078778
0.521397406368  0.444617607466
0.634645381311  0.432308139657
0.580553137185  0.39313009543
0.514442568618  0.422707689662
0.448873776688  0.558742658704
0.323143380493  0.306981552584
0.305294529834  0.352839359436
0.45666232679  0.537044643251
0.480303815419  0.317614968486
0.270061040044  0.440963391624
0.314255964936  0.507937137243
0.583053871125  0.710035885297
0.343389146595  0.388017298165
0.550404195201  0.519669781649
0.448036819246  0.661000350249
0.591683671854  0.440063994982
0.454268013152  0.528736888352
0.390263013316  0.471943121122
0.503003149942  0.324630808753
0.342109237758  0.519899368017
0.589577523677  0.387850675785
0.412215897511  0.528015436226
0.307421038327  0.37275688773
0.471231639227  0.820922493211
0.433122607651  0.450066868714
0.530551825655  0.574916667475
0.611610348495  0.406468978256
0.524917371152  0.378534415535
0.5564792532  0.316164512856
0.641429472454  0.385266374345
0.638115704498  0.580905840864
0.465698682608  0.307116838884
0.503776306203  0.537725911157
0.596996703669  0.366417265679
0.469911360753  0.384303293044
0.288063715259  0.561128743464
0.543030368137  0.438377940018
0.598759894643  0.557298010939
0.429447161254  0.582329039355
0.46540302587  0.346621197045
0.599094086518  0.475104990962
0.36891581447  0.419705033216
0.713925259445  0.534336096327
0.489148401925  0.523500584711
0.411999308024  0.545129786125
0.597727761446  0.297150341349
0.420576735114  0.509927203655
0.432206765156  0.51180225721
0.646040925725  0.220159695907
0.347295547126  0.463856862699
0.452041986012  0.547834067992
0.386871765344  0.313451617767
0.489400563703  0.529395821176
0.597356928086  0.441202026788
0.606113485548  0.463183429858
0.460854750183  0.540649196574
0.508533759333  0.521459767439
0.391813494473  0.608449991471
0.306139221142  0.681749802447
0.693149085782  0.519026690814
0.599979262147  0.510878085834
0.502048617115  0.555498455885
0.541816281825  0.562718594121
0.437091869689  0.260959407065
0.39920572944  0.4116007316
0.534701337391  0.503394973909
0.472968542696  0.598688715854
0.449569108486  0.434094202093
0.526675761848  0.672334624311
0.395383189971  0.529240392495
0.421369675698  0.377589818082
0.416649010454  0.39101016014
0.480056379128  0.561433231472
0.533055441067  0.632110842191
0.56141604648  0.498221139671
0.521271546828  0.551955149316
0.436538267199  0.595731847832
0.548656103181  0.525909246738
0.586478576408  0.529722002923
0.413539770706  0.39242995686
0.501320707127  0.603190489091
0.670637878339  0.449140335348
0.157811940544  0.471116215827
0.377151560469  0.504147102504
0.531057017983  0.389025050649
0.533402143641  0.211073490918
0.33786933031  0.656210573945
0.462273652125  0.674131566465
0.473969703216  0.369808415395
0.239913694845  0.636324902367
0.468632959656  0.342731827784
0.483826142197  0.506355840531
0.409542892248  0.51422292486
0.59562231646  0.570235645154
0.130412831515  0.54173140717
0.474881041803  0.48371317217
0.531922907361  0.352731338787
0.524730185577  0.55781354129
0.413720791646  0.501334569976
0.512172786802  0.641363349738
0.358099544352  0.463865031242
0.36369120364  0.522357240536
0.466473245221  0.358066360388
0.484203176624  0.457698852106
0.549540138939  0.537516788669
0.531924320867  0.554296525079
0.418199595977  0.512107887307
0.252096053561  0.368130269008
0.49444542222  0.310299058232
0.452786226613  0.606901477057
0.398165290348  0.534922430833
0.490063065455  0.516863207569
0.409635252966  0.499174801591
0.564896191724  0.521992263668
0.509785077978  0.527856252585
0.444319432442  0.499583358875
0.430952907466  0.366897431385
0.466692837732  0.453362945587
0.425515517768  0.605680657721
0.521073763806  0.542535184776
0.594794949832  0.492061642702
0.48368710566  0.425720318076
0.444983794392  0.483626133889
0.425604512569  0.447671831036
0.544597525094  0.487695163672
0.393979793532  0.528619263496
0.510052665085  0.429222606259
0.67493799162  0.219473479106
0.321745773272  0.479219629485
0.420092044385  0.491160423316
0.456646646064  0.562080898016
0.343927814517  0.410211953252
0.475962709926  0.648570829363
0.41421040671  0.504745053492
0.650076086352  0.390451298096
0.405592724343  0.436382134755
0.493605930145  0.483082832931
0.513869125739  0.494321375001
0.511609129768  0.387633142578
0.479452850492  0.420014157399
0.425801435264  0.61183169314
0.411103693366  0.544154970212
0.43405734151  0.436848469434
0.468840556369  0.479814443145
0.440277245872  0.603761037697
0.543670766639  0.555600354047
0.442476247472  0.471924222352
0.43435281089  0.539125962568
0.540730970987  0.550399953962
0.529469350121  0.437079181871
0.467931127041  0.312364036303
0.363596080547  0.478452275333
0.333897005824  0.492360400429
0.412378732783  0.574560837643
0.38162939342  0.454036055133
0.526735025862  0.411040970786
0.546591459692  0.6131513092
0.330735195175  0.491903842314
0.638010806255  0.39047096013
0.464429520852  0.495144747014
0.435830593716  0.57691109444
0.591849425502  0.521898254162
0.450808191877  0.482438638491
0.471637238761  0.441316665721
0.501800561841  0.584812738006
0.391993267955  0.491104080692
0.429353704745  0.529844339217
0.545640949677  0.622022852633
0.484367649317  0.377972635887
0.548459065582  0.564737078587
0.544244236337  0.444794948923
0.483074649274  0.456492244602
0.395645937334  0.355419873593
0.500818055036  0.539084179776
0.318407706396  0.456761560273
0.695236714474  0.344325085195
0.577723532731  0.365201831898
0.41389864979  0.602382768926
0.619761777333  0.488638669142
0.558260184777  0.329037405323
0.414438616168  0.546518280592
0.582173746035  0.431058170361
0.492219385568  0.61317528584
0.575348105544  0.45493714018
0.615015517585  0.382982908125
0.384551935205  0.235429546653
0.677623598005  0.327039072489
0.548139082357  0.525468488152
0.416949906348  0.637155747704
0.356710044338  0.451660958747
0.438011174065  0.383127129665
0.423101895187  0.468141048554
0.452478608053  0.491648554254
0.625756637913  0.423500448003
0.313372405146  0.414887630801
0.52618828666  0.352825824589
0.455834243713  0.498602676119
0.63842912586  0.60476727438
0.666180949467  0.237428239923
0.471230801556  0.427382969582
0.489919476205  0.261060396413
0.576650780711  0.460313133376
0.594117250855  0.477555683288
0.465009191478  0.639714614059
0.328639549784  0.593725699371
0.4774887583  0.53563160584
0.438644540312  0.63701157527
0.385717482861  0.452834911595
0.471206684219  0.366351224025
0.465097334656  0.572714522827
0.480987609393  0.58251274362
0.480755737366  0.461398540863
0.498771764101  0.361290102011
0.552531339574  0.308806572135
0.452813508427  0.436164592533
0.47929406499  0.429787354899
0.350325236076  0.548521728252
0.421150135903  0.670592584113
0.470398987217  0.445002011228
0.242125026769  0.51660098931
0.535831034907  0.327588138487
0.303897330668  0.646008468324
0.403168017203  0.5428301716
0.545814349047  0.562292294243
0.483884147473  0.586431293479
0.471451837359  0.644922117391
0.41239872177  0.55263790327
0.403975605231  0.548396041313
0.615743898039  0.501757056205
0.318716333411  0.401162320523
0.638788670177  0.485292721704
0.439260256109  0.457182444106
0.519917908046  0.419328353292
0.468503232874  0.245482155031
0.490741636162  0.362574019843
0.383937089986  0.368251470128
0.438062570292  0.843983503841
0.585622889907  0.342777880605
0.39026079696  0.468914431472
0.366433362496  0.342811040386
0.784954225897  0.407003994331
0.535970846908  0.341428775675
0.419915878152  0.447695205876
0.51991798762  0.520437090823
0.496302549967  0.467069952305
0.493184368205  0.590895870269
0.389745114042  0.411336441942
0.41356259445  0.340339016886
0.438158264001  0.559524940425
0.412006386064  0.605606579
0.378791152151  0.417718674107
0.528055439816  0.338516078241
0.555858818194  0.602517792758
0.615810542036  0.516462922782
0.47993579898  0.51746833908
0.363722955324  0.421389346294
0.405739066866  0.556915602948
0.494930720236  0.528170348997
0.433109390575  0.503677589231
0.37518077476  0.395450946513
0.513045105089  0.458467232021
0.513245895724  0.453562570038
0.354129623475  0.586000275071
0.40824088172  0.524274908783
0.574519163455  0.547495553404
0.556339538034  0.50883568497
0.566652956935  0.545052986913
0.552067326255  0.608229626172
0.401156652812  0.624143927744
0.529990839154  0.527661137595
0.415471615936  0.482358051801
0.512467010559  0.432756303679
0.479004816228  0.479795956754
0.589796857996  0.448189361635
0.548714795554  0.561962578052
0.477430856569  0.512122685374
0.588086489849  0.266162587647
0.363440749286  0.327546872073
0.467020579697  0.472497371219
0.473732026582  0.493081539071
0.478448975088  0.477221363298
0.550262595144  0.43236357403
0.65983682378  0.480628347713
0.417168352487  0.365523785521
0.548785528382  0.510997070338
0.466283213384  0.60352870409
0.626346950406  0.498950774355
0.493139346807  0.382207418032
0.444191633608  0.607938623266
0.632504975388  0.29325006033
0.458355461351  0.505205799511
0.438431430172  0.558126714695
0.313771755375  0.531130151123
0.558679002051  0.398268692975
0.323257302265  0.428927938538
0.592471465901  0.554151205772
0.485257205013  0.466566144487
0.575057429441  0.488769449679
0.535705993425  0.41589857186
0.481721814929  0.5660878643
0.384858049162  0.413039789498
0.52530283553  0.604320157209
0.649447188156  0.337067521895
0.304594961854  0.321619627929
0.43434456849  0.567315977089
0.520240121856  0.455946315237
0.506033941103  0.509751724335
0.479884258021  0.492007918199
0.406461684866  0.27923854217
0.454908272332  0.64193579624
0.575278572436  0.508732968154
0.482573817027  0.548013771494
0.477482522707  0.331963829042
0.343866894253  0.407168444267
0.453780255184  0.463974259511
0.509748417588  0.456158651441
0.548518705327  0.6197211165
0.417611114765  0.568891605146
0.597427924781  0.400562100944
0.55186320963  0.481211883459
0.525028854511  0.511505674896
0.367066300605  0.512749413993
0.380590559408  0.416319087518
0.490156141776  0.502817314288
0.439314857238  0.283480147605
0.537356706851  0.455095873053
0.465360433637  0.588489819573
0.435903788074  0.453365160197
0.32339764089  0.367595782424
0.634111979039  0.406143890724
0.56033032324  0.369162485498
0.450265860148  0.570799116763
0.358491372706  0.447851385383
0.558380836306  0.483830289273
0.3547985238  0.572751689345
0.510174152636  0.361607420429
0.556003666127  0.542329877206
0.450012038802  0.629181359813
0.462195485945  0.467962498869
0.463842800681  0.386276612822
0.533430062855  0.496780100592
0.374031792679  0.408083882103
0.411820128661  0.542423958919
0.455865333718  0.384953059595
0.537858592754  0.371784739599
0.37326195099  0.368259113712
0.551671062214  0.54356808376
0.440225983582  0.430888785541
0.288366052037  0.511728617527
0.515264147418  0.572975975972
0.499015041728  0.496408529633
0.520974985317  0.49841184454
0.500836232534  0.61084522585
0.365661503588  0.307878034808
0.572949474353  0.493031159327
0.46302058321  0.517693150624
0.253858870641  0.697887821759
0.609477410505  0.521520005969
0.44380173794  0.3301584868
0.535266994771  0.384794294211
0.561818587942  0.526059912311
0.532726666446  0.524579898363
0.480182383713  0.750122400002
0.405737897959  0.552539337667
0.495199132678  0.432547087389
0.619004886391  0.429172918275
0.442823623673  0.714218599031
0.340991032312  0.394446763811
0.382645335554  0.498154494376
0.639871532961  0.462664260093
0.51595738591  0.473742352037
0.616416354445  0.521179053965
0.593321289561  0.508075906818
0.552018671119  0.464568689314
0.320039533363  0.411769023683
0.605531021493  0.32862604449
0.432685636212  0.562790020355
0.404061891531  0.529510094485
0.555653225166  0.442652979134
0.534035715902  0.507012132847
0.472119610031  0.550439478002
0.471755996695  0.307557251347
0.538346865842  0.448049592644
0.583601552111  0.488841628866
0.43482783731  0.354196235447
0.401325456049  0.419698318481
0.537918736646  0.542681701546
0.574632668046  0.568885076528
0.41200135325  0.565977350168
0.332062300097  0.540027108537
0.32492839063  0.49851926189
0.505571315851  0.260651963565
0.628759120576  0.516746990758
0.520081193331  0.581540725848
0.503014153882  0.521257388702
0.461041326522  0.544939997165
0.248036051923  0.345924613782
0.490463125212  0.589831113264
0.600628086299  0.333295614341
0.561742737509  0.576622230805
0.506473615768  0.384816777475
0.346427867007  0.442992129306
0.411321830604  0.34764800177
0.391741116284  0.524317691109
0.47803653002  0.562997440705
0.476555505319  0.351173009491
0.456317406988  0.382150058146
0.256182570313  0.752483693864
0.466167558828  0.47030773067
0.321371118606  0.421740045857
0.439447942354  0.303951671797
0.573966367719  0.461083893994
0.57505473571  0.716399584937
0.627641696468  0.309298764002
0.437775880487  0.512871884077
0.477818995734  0.631508424058
0.35792595873  0.53018833517
0.676749956891  0.441392607096
0.602595161247  0.363928308242
0.546567336398  0.559234358213
0.41421345032  0.453683702855
0.421321335046  0.553809117837
0.391872097772  0.380042926467
0.378595061879  0.43667237637
0.494483987929  0.605341041309
0.609580387848  0.673361079704
0.618356225822  0.360081417275
0.480046858635  0.469184673341
0.382288230426  0.422752229256
0.584817763796  0.644538250374
0.342004341476  0.469209928161
0.469398557737  0.428865727461
0.408929897818  0.458197938097
0.496166661095  0.526558051156
0.545929101448  0.418486995
0.520069431339  0.381878634585
0.46357488916  0.432367899161
0.559714107605  0.388140395267
0.596525940892  0.536596649017
0.600615026869  0.476417153089
0.385561054471  0.560810145748
0.493011415825  0.542951784035
0.338085752045  0.398753510974
0.357273782707  0.339104292415
0.425412067032  0.473329027449
0.592629378934  0.370011580056
0.413961191874  0.429105584362
0.626055889983  0.500510514772
0.466198594376  0.593191479198
0.419355121447  0.477149118206
0.351149148866  0.608800508933
0.517026102589  0.471931485679
0.652680176892  0.655048653556
0.503992300123  0.570777436558
0.453068432266  0.64502323217
0.423126055778  0.584922959158
0.342102909891  0.583423811375
0.5791911226  0.323309364087
0.317446652983  0.32831294629
0.557341391849  0.645420072555
0.542368885225  0.552839693509
0.404634899382  0.406283479673
0.422634960953  0.310744678889
0.501342517708  0.485741762617
0.521640751115  0.472329978643
0.341740116324  0.631484893606
0.416595753842  0.655086247217
0.577938159104  0.468996798215
0.501264751108  0.407019269037
0.410307072397  0.441041789506
0.380178193783  0.237858437163
0.52651891784  0.494799951233
0.38622766085  0.535575126244
0.411910087598  0.519346759957
0.454420077614  0.407240113286
0.603530570864  0.394706178248
0.594404888905  0.371631860181
0.697422779313  0.570692406319
0.558678109689  0.442313390633
0.397056522054  0.641040824259
0.486643280669  0.510985280077
0.499908413498  0.381403911541
0.434012196804  0.388268667845
0.575730642588  0.548214030238
0.534885580891  0.435459644289
0.528701502034  0.483368638253
0.559221384411  0.396790284714
0.291021822719  0.352822942143
0.567875042744  0.650327483366
0.498186805565  0.52573895805
0.554659492218  0.536062295448
0.308908923138  0.374863728358
0.633277110258  0.535266824493
0.545305662526  0.429139358038
0.445329852853  0.737021306816
0.625142593616  0.521903257617
0.242654500858  0.396216990711
0.513190284079  0.569855852244
0.47806479435  0.55672111546
0.515877418771  0.503527822625
0.515060039136  0.482731366997
0.514566831054  0.534687897732
0.532677551115  0.362804730929
0.379732751186  0.431648115353
0.222462974018  0.522509732926
0.440104169966  0.550421557564
0.567034298825  0.587584631085
0.486139096912  0.387821626028
0.575675250785  0.659958393812
0.310514862141  0.408768255192
0.344079181815  0.489688735037
0.531914256672  0.328235898351
0.354058094573  0.536045250881
0.42849312496  0.515089359241
0.418517193505  0.580203054944
0.50063455819  0.598482074812
0.493012150291  0.470486170955
0.538383505206  0.687317932563
0.458104702914  0.558337736952
0.688520030645  0.40410569893
0.496420455688  0.504640250594
0.38675822225  0.544539147041
0.372185683315  0.399964482966
0.334355831797  0.417361010319
0.656499579361  0.404977497369
0.639132974248  0.350211318149
0.327032839367  0.536362498967
0.490567683293  0.536057118892
0.342393307374  0.392540641117
0.458958796651  0.496600806907
0.479526745232  0.478374101293
0.501014201926  0.410160764895
0.521716222891  0.435079109197
0.514876603965  0.494909831456
0.56825693539  0.441449000649
0.470804841267  0.515713114274
0.480013205159  0.625317615553
0.32183396768  0.48061084649
0.394390632747  0.356168855247
0.461795634382  0.510415770733
0.175297516046  0.542247281097
0.505898283944  0.267025104211
0.502026292757  0.398663213902
0.559900167816  0.5139834419
0.499230076749  0.405596307794
0.386116193676  0.384485819721
0.433873014584  0.332418556325
0.469983373851  0.60241099209
0.493550120531  0.438193561009
0.467412703818  0.501866802129
0.46948178864  0.515696923442
0.494155379227  0.571109290073
