0.304811681255  0.387334050713
0.379953019633  0.450952576011
0.435254687663  0.396811666047
0.458526290856  0.517021799611
0.623878969951  0.542834228855
0.450544907123  0.320913544477
0.298043488517  0.415640406167
0.455262283304  0.416184538122
0.481988168609  0.703150647235
0.499520765204  0.512624170546
0.58044329757  0.550117536307
0.563755288442  0.502103603396
0.314248246414  0.592304405662
0.587651717043  0.512404213464
0.380943517458  0.71181496763
0.503237903005  0.412645222711
0.538907843851  0.541334244035
0.692720336531  0.474641246285
0.404069833485  0.456620688865
0.3987129348  0.631608230758
0.610248974914  0.355280049564
0.564012862466  0.468586659681
0.521116815193  0.612139564204
0.447785168895  0.438898320401
0.494234423573  0.555263366471
0.464745969988  0.353304915702
0.606910680291  0.466804349675
0.595200420918  0.524931575956
0.451435562241  0.599500820561
0.426494674336  0.482451888476
0.287571675451  0.285152501922
0.330555114283  0.321625314514
0.25066362357  0.559777272811
0.527724161163  0.561156199077
0.598419391674  0.576152192746
0.404481808402  0.318571100552
0.51379271649  0.584507518416
0.393580565754  0.389109091253
0.513983243669  0.303247786857
0.409313343293  0.430156498382
0.421292820112  0.360959497045
0.591150847897  0.425110345313
0.452008843984  0.384760543099
0.537521939642  0.460159727411
0.473984091167  0.592322858521
0.631753583418  0.574425726029
0.468004451265  0.596569569184
0.547864485778  0.495536048355
0.481822589304  0.55529246005
0.438234966702  0.235281074524
0.677064093336  0.605519588464
0.520528760805  0.413836992894
0.324907542877  0.4448036342
0.435612248782  0.461068821748
0.444504816552  0.385727828581
0.50849673946  0.485443868832
0.446230467472  0.517487516858
0.440139455369  0.556388716262
0.452484132758  0.527023879519
0.63189486234  0.567487592388
0.558623602013  0.48744189784
0.693378123804  0.660912903346
0.597686195856  0.419077824388
0.454606198086  0.523230331139
0.517863017798  0.351134991166
0.495790402387  0.378839331778
0.420704611091  0.600404934953
0.667616502566  0.444563933814
0.404056812396  0.269008585946
0.429251439315  0.472675415275
0.544150372782  0.637280263072
0.519919369298  0.494412667776
0.467788293983  0.625055717816
0.268491116532  0.320394473301
0.507050533711  0.476922638622
0.512402696602  0.5484437011
0.642510568528  0.501762571697
0.520579472676  0.517996778555
0.519808364172  0.527236598703
0.583561147465  0.459536093345
0.538917574834  0.339176548617
0.416441698413  0.334497214631
0.563658614779  0.548472156248
0.289509123861  0.564591982748
0.477387884438  0.593979807816
0.364915956449  0.485889266498
0.637270024514  0.548997482931
0.491753453608  0.46942074723
0.49440646919  0.767587387419
0.606608671782  0.62949372689
0.516149754836  0.594335626252
0.510668041524  0.53741535036
0.547012156123  0.54515990735
0.512147511281  0.53417934924
0.589942366682  0.388208077066
0.57016442781  0.45806240434
0.387815680459  0.42756540013
0.452901351887  0.583524065413
0.468850165197  0.296661914236
0.619495780391  0.564795975799
0.487597057968  0.396981489322
0.598023876813  0.360436696158
0.600218029606  0.36043274787
0.683456730913  0.62766211238
0.588513705768  0.50384862156
0.595509079381  0.542502566144
0.615432864411  0.580647120609
0.552872890816  0.435719870492
0.513272900184  0.815027254441
0.52783728977  0.519499179412
0.393309143616  0.522429837972
0.577931580815  0.481362052726
0.661575246753  0.759070216591
0.50371019004  0.53783730769
0.662730880025  0.573322167695
0.497945045715  0.549029167772
0.577667875491  0.526952978759
0.333670168649  0.507299198641
0.467234305406  0.448309602036
0.449032105036  0.547850829462
0.573782737535  0.590684663089
0.616240265497  0.382038839968
0.455396724079  0.577660162911
0.538975589982  0.33727173042
0.479002406264  0.410334213228
0.628305870303  0.572931055921
0.733182242178  0.491511113884
0.528313538256  0.323732171186
0.572097469743  0.437332661733
0.471372631766  0.49845951416
0.393820303206  0.384831652299
0.520807584406  0.474363132938
0.47727418814  0.267165293916
0.444570342561  0.422691277297
0.348734734906  0.504918696069
0.457706115257  0.493597165509
0.517480532115  0.64212715052
0.531045497754  0.439736988774
0.43008160463  0.534589881443
0.570749617817  0.506738013835
0.468435540706  0.567077664431
0.543847004353  0.372012617825
0.376848842283  0.575527633424
0.480946738302  0.576048974793
0.604043780183  0.519697833919
0.32488779612  0.595771980491
0.332246546756  0.643636737321
0.572358053752  0.540793071895
0.496752326675  0.42764903093
0.481995964879  0.538286489766
0.334858566864  0.348268935436
0.465739870086  0.435745550241
0.480047413206  0.47159290993
0.472969981835  0.548202706381
0.366918273311  0.589690788612
0.464254365154  0.544101365647
0.486898503135  0.682509886572
0.705628660326  0.454577016109
0.485432897754  0.64797940402
0.510405032551  0.452027297267
0.419653534035  0.38479696396
0.582851753905  0.50639618586
0.387648541406  0.401510631456
0.677338937581  0.56627323765
0.407195979546  0.653906278575
0.536757442356  0.458654712843
0.477837144713  0.463013923565
0.411911391861  0.519563587749
0.508938628829  0.512572259766
0.539342611384  0.419574971252
0.574500130734  0.397243280074
0.556088062141  0.38098512861
0.308061236568  0.498796016432
0.441876890446  0.381768501515
0.397302744687  0.18840574668
0.569194356391  0.593129307161
0.623859828516  0.332604278952
0.415410120663  0.521723349406
0.359255000831  0.291746453159
0.53852110457  0.565332410814
0.595466421053  0.574453988282
0.623074426751  0.431108764566
0.503136732228  0.480419240441
0.697125255202  0.586218508825
0.626542114105  0.618782572465
0.556627741887  0.583768721601
0.458031165205  0.410968532795
0.338370350286  0.42441502786
0.367907778934  0.409809891512
0.548536415445  0.369974744886
0.544866251515  0.332228576377
0.578774794478  0.519607185041
0.523317844333  0.448147755556
0.481037824653  0.466139710641
0.518258120474  0.410712794247
0.530581313798  0.283751479755
0.530727597811  0.607082671364
0.519402751862  0.493068366099
0.241183424332  0.561297804887
0.439467178319  0.458018737754
0.367451540225  0.673523435568
0.469760190715  0.581165754619
0.407991361949  0.513859711234
0.412061452596  0.730193021566
0.349553639517  0.448422448407
0.414417493578  0.580477606964
0.589924707177  0.486738418639
0.331398659482  0.389038667448
0.49980998337  0.421135702021
0.495681381345  0.343626285053
0.635290333142  0.48889127989
0.42287306563  0.587684050352
0.427255860806  0.320015712988
0.442114050722  0.457089746048
0.450451125385  0.591720639663
0.695783493223  0.521639038689
0.482369855978  0.489751764989
0.571013415207  0.469169803104
0.450203095401  0.517215052965
0.537530779958  0.289790053684
0.625366331795  0.427608317309
0.657955550968  0.520601298186
0.535752579882  0.455776521719
0.542230027847  0.607892337686
0.518170488939  0.392199903248
0.560445716015  0.441269291202
0.586541609769  0.510618198929
0.646391820756  0.437172151308
0.409422638268  0.342390689611
0.416879315521  0.133404408855
0.509811439807  0.537828403128
0.518766891223  0.401772909697
0.713905585887  0.399113705686
0.562102602988  0.533993203291
0.529735075023  0.530467135565
0.533813419125  0.582279767852
0.318616829911  0.65251040725
0.449737836242  0.513052170928
0.458826736254  0.395400683062
0.44517969656  0.456538844251
0.564449615024  0.410799913057
0.393718547622  0.373274896494
0.43897367154  0.483350311164
0.552247279728  0.47401573704
0.471371092794  0.48901095725
0.578043662742  0.42083376123
0.48127559216  0.549964409944
0.744167315487  0.465879968258
0.788610210949  0.577661268982
0.489873277584  0.554127801673
0.489239304426  0.601489526134
0.483654859511  0.527151023834
0.450253656286  0.524140338801
0.49246953815  0.464242999846
0.622827945295  0.505971583936
0.444532838201  0.514147391125
0.452731134159  0.281042399401
0.379803748903  0.562642431293
0.488220833914  0.388107340957
0.537076438492  0.41637498128
0.59443833194  0.631310226834
0.669875093759  0.534521267895
0.470936470261  0.505712339415
0.368644775554  0.516775619932
0.350052766362  0.451457543675
0.487034865182  0.815326107987
0.364902789583  0.65427347447
0.548005091812  0.589882298119
0.603121869189  0.458475129708
0.556601111553  0.547205698814
0.661487778191  0.446723463565
0.450613620069  0.496132885305
0.340851995563  0.678777649264
0.744393121277  0.458687119439
0.713223100855  0.371905334977
0.471680060897  0.491217308667
0.558374653148  0.449930407679
0.494780117152  0.547674435052
0.69509358646  0.510115406595
0.371987745195  0.610652611129
0.572282663959  0.579162010122
0.437002341193  0.462303793462
0.337037686087  0.481007540441
0.483958556063  0.395022760987
0.522639006935  0.480065950581
0.393093820008  0.501562169558
0.455315770332  0.588387630196
0.50212706233  0.5643830688
0.320882100205  0.521885356068
0.406455767778  0.532054673662
0.64536367108  0.57717852675
0.577566938096  0.552394579476
0.416530674315  0.571417083827
0.519528264622  0.527385203955
0.638228970253  0.5230371963
0.393587990096  0.356764036935
0.41235673693  0.51118790223
0.765177228258  0.556753120929
0.568938805809  0.487081192067
0.497741243872  0.437531415233
0.516506228058  0.535043330653
0.445119568847  0.423261322344
0.54936308338  0.70328410941
0.480667836874  0.487671915618
0.613768622094  0.588907937909
0.394847232205  0.681590056111
0.440763087125  0.306898447779
0.523779242594  0.386009588891
0.528409175708  0.403976416627
0.376657990122  0.354309418175
0.301103749831  0.522759713295
0.497731145685  0.50231873334
0.447817911805  0.595055988416
0.626135077075  0.454434166942
0.503273900765  0.55358393017
0.632411045001  0.624662519666
0.579845914476  0.295545443903
0.345096260237  0.367008211535
0.432816335929  0.533413299217
0.504952152406  0.594529054181
0.469198916878  0.396196701796
0.565610340696  0.516720577389
0.364428474533  0.464137710493
0.432973913579  0.384733402377
0.507436727416  0.486541149172
0.429943451525  0.466443155321
0.473236910666  0.457186437974
0.500948235252  0.602323546386
0.434108896217  0.633053610351
0.438761055525  0.583407133535
0.563197661023  0.327226827394
0.461177422634  0.466449350118
0.433771125053  0.539869052797
0.56149795666  0.331549604783
0.491347200425  0.433056447943
0.40686039421  0.561743585905
0.553054518642  0.617552919887
0.597062038427  0.64913529313
0.380563005155  0.491051231488
0.462167725592  0.59463849627
0.824200428352  0.501236177647
0.424462676352  0.50114528905
0.404061925091  0.500801553603
0.390922976403  0.539435836798
0.622073291242  0.520970001995
0.548121425277  0.338915727069
0.43530500583  0.372276101141
0.541145391471  0.541428967236
0.506344168603  0.499636631808
0.502909037193  0.421335528925
0.239845461521  0.571300964821
0.656189969647  0.618089367206
0.625477352511  0.566420264637
0.347482995213  0.366394790225
0.48227550487  0.371277503014
0.755012944923  0.339267647799
0.598935780632  0.554829247264
0.452106376001  0.470232686742
0.523766119837  0.502792377622
0.647112188355  0.511741786073
0.678232565142  0.522816842314
0.631526539027  0.601422538932
0.444718193088  0.625169222388
0.507925208869  0.537606856456
0.44990054124  0.538983966914
0.538774496087  0.374655357
0.472950611039  0.484062633639
0.554560153747  0.563109585324
0.332014087236  0.580649557407
0.520061855661  0.497899534804
0.647829523468  0.63100581541
0.408850823632  0.436473150995
0.54934383181  0.541840490993
0.42924480663  0.422423626981
0.367595237697  0.521244996917
0.45367775436  0.560424694088
0.396182435791  0.302524632767
0.565029535756  0.562071942979
0.360545168078  0.635530696825
0.649376042797  0.741497283012
0.488553551234  0.404378330145
0.447753018263  0.465863680186
0.266203374219  0.496955653945
0.411109574736  0.394699402967
0.411889733106  0.500425858628
0.520175127477  0.474980844007
0.603280307962  0.560636047345
0.563753304184  0.40456245383
0.393583973277  0.532654744448
0.435998891454  0.427722167082
0.581382255108  0.450663399372
0.473562385808  0.432778747951
0.377907868462  0.40763725128
0.332274020748  0.42653479368
0.424389999209  0.541696457022
0.554697043887  0.562218910471
0.544190574243  0.489353432766
0.429043403972  0.499505385213
0.639556304155  0.476799828369
0.459871265284  0.639971271071
0.677529565957  0.522780753423
0.689135059396  0.481074485915
0.647779047242  0.299745464557
0.608747875947  0.426353176818
0.516445285253  0.264964204832
0.574494016132  0.455778966669
0.414737572596  0.627099990917
0.440137585998  0.573546105244
0.379460170546  0.452393903442
0.52549750995  0.562713252174
0.538679381355  0.521044536363
0.547517831884  0.563105569639
0.430702029954  0.436253953238
0.525530241058  0.704178409021
0.613346434835  0.552783024713
0.601018819739  0.628088239776
0.51768865863  0.493468300802
0.512752077789  0.517512902591
0.538924043222  0.464495191386
0.637635105121  0.655432989141
0.427029361476  0.621759787009
0.460632300932  0.411700331899
0.41875967183  0.297811413445
0.545505860747  0.501873033229
0.526930083706  0.626528919127
0.447847609114  0.391679228817
0.525257747842  0.449959642875
0.5031429009  0.352009357105
0.381070223589  0.574026063694
0.365732487876  0.528714902853
0.481715449476  0.600608762473
0.358191100392  0.597625889256
0.503660692808  0.631109929073
0.68872802413  0.476588636165
0.537385466169  0.537167421151
0.679445874965  0.628550884953
0.45277153605  0.398375125606
0.472055558373  0.349930372528
0.576187393056  0.453611694597
0.623108770976  0.324349768526
0.483385421462  0.342143468536
0.47672488987  0.564571842195
0.304336052855  0.596112860984
0.517348031281  0.56583775484
0.596988629517  0.60706865199
0.524917931323  0.41463878683
0.614180007971  0.381947070478
0.605515629651  0.461708348212
0.528944349684  0.428321862416
0.424264370712  0.490803242239
0.423899431293  0.494745440224
0.492229345237  0.411096562018
0.504580920571  0.535016567354
0.6384785574  0.533290245932
0.4771166885  0.502109598961
0.459703604714  0.437012410198
0.66082270351  0.506566612384
0.439970306561  0.485052869239
0.371117202513  0.406183575869
0.389622925603  0.755613940874
0.612413754356  0.515145898427
0.358778992412  0.614628854134
0.458906274451  0.434098819475
0.437406307184  0.525199431624
0.721996062881  0.701536786739
0.407371215886  0.635802804182
0.52169760159  0.434842270047
0.566030376182  0.617795835641
0.254751983442  0.502207770436
0.527261047212  0.506583475526
0.496905814803  0.513708492898
0.497002463049  0.436780972113
0.270223218698  0.373035549789
0.565661071601  0.572803162397
0.526374204296  0.350737855928
0.549293151299  0.360295063614
0.472048537326  0.617947827932
0.487674980031  0.671320523317
0.647468959054  0.620937437511
0.450981721855  0.46836039552
0.529202553606  0.595223673034
0.557488923484  0.409222811945
0.421653252127  0.414005859558
0.258035605493  0.63910253685
0.475278144053  0.523905453792
0.693388970286  0.356513863091
0.612110514803  0.581640436345
0.509979037953  0.419172492014
0.378901561079  0.375457823003
0.579580331719  0.421659539606
0.495708815183  0.653982208425
0.406570049312  0.537962778871
0.667166347813  0.801777090228
0.474815261978  0.583848630878
0.667379716264  0.517449258823
0.302132715206  0.541263812991
0.615504755493  0.568721589423
0.491501068848  0.484555160005
0.448504198198  0.445549675538
0.538559403544  0.556441460584
0.482604083591  0.359534364829
0.547903724934  0.524750739158
0.476914181844  0.569139477325
0.538706760128  0.529108639756
0.616116057425  0.510267452621
0.393627874402  0.393499481069
0.523950853113  0.431218720535
0.444059148187  0.473347337367
0.462346216214  0.504134910282
0.538493311643  0.355985464589
0.477238577451  0.397203075146
0.583310381497  0.384345914866
0.39076532816  0.501805978058
0.492966428685  0.645917653909
0.391480635476  0.442341055135
0.345381360738  0.440166671713
0.618192661094  0.533670383006
0.377980436999  0.40636401292
0.612983393785  0.507777761021
0.424713205099  0.414739438306
0.624056550479  0.498766762375
0.530277941898  0.650655129868
0.502469310685  0.54940424471
0.544648385815  0.459531181
0.641927754611  0.544875577205
0.390795516614  0.391721347449
0.584138443958  0.528299136721
0.473140191048  0.407767183164
0.504477284197  0.642161621515
0.570667314347  0.488155548098
0.60755779846  0.355655465865
0.510532327669  0.468456461231
0.575228782338  0.293398447278
0.420126875104  0.491888808552
0.554246768397  0.569499093042
0.392895204705  0.431305901689
0.564900289149  0.325767551376
0.553997013834  0.376361322172
0.608676142196  0.56842894267
0.533831168065  0.597312823669
0.556456205134  0.553787067273
0.489309336542  0.439489986441
0.416931384503  0.546711602705
0.462563864901  0.582204531998
0.664268293934  0.425481162483
0.550337981119  0.416138409853
0.642653996021  0.396318539921
0.291107021973  0.471287826566
0.233432943091  0.521684553127
0.420097227409  0.519713172163
0.385709014381  0.549084851331
0.531700093905  0.522988015023
0.513494913106  0.537307472133
0.537629756521  0.435783320388
0.361131044513  0.593799233705
0.358768484991  0.574437823522
0.499694941325  0.379903789897
0.554471364502  0.689073739219
0.418447851532  0.466113226846
0.525626977006  0.58664373861
0.546238954584  0.280201679904
0.581501978364  0.595206554124
0.489190318364  0.385688615469
0.620382840127  0.510784292816
0.432174330503  0.345142050781
0.526486557699  0.494899080528
0.500356765198  0.452705585132
0.597977994033  0.57721020272
0.467682957768  0.475184989183
0.711593595845  0.599282599624
0.572515897728  0.446145144249
0.4430165546  0.601523539979
0.467983823979  0.603230406837
0.311576881442  0.607336874073
0.594453202033  0.329246340931
0.642271948561  0.493778147605
0.440072234805  0.381898299697
0.62251488506  0.424619700123
0.501845059339  0.635741870149
0.440365605538  0.447041150277
0.565854748249  0.394352707194
0.564458316213  0.49460568257
0.545291512306  0.560261582504
0.626321576242  0.507337556884
0.32345022684  0.45232276034
0.496907423562  0.49024849137
0.345678954452  0.57229685711
0.410704519527  0.381048648164
0.491348763949  0.443964211268
0.624981279224  0.603657072676
0.463598057998  0.575698606996
0.400954382949  0.609864884338
0.528858210617  0.406033624119
0.483034708181  0.436659411676
0.641597777569  0.338909678842
0.472998964622  0.368434072
0.466881662286  0.487447918551
0.649033602016  0.511613926461
0.456254488611  0.508664767002
0.39945747552  0.656150855025
0.448775417617  0.661210591376
0.498801493708  0.652240565665
0.369886491846  0.294057359716
0.564764797045  0.532728819601
0.46580266103  0.345109553291
0.575628140657  0.516814992104
0.528653131279  0.370247489392
0.583663035227  0.4344466057
0.477740999663  0.561544410031
0.407159268065  0.414748505399
0.464638479577  0.598215426791
0.535441174245  0.631746795284
0.601754049531  0.401760170333
0.509191980694  0.412088470013
0.625721594131  0.448794834123
0.789649170294  0.536724231604
0.450204578751  0.558747071828
0.502328555684  0.416337376696
0.535557961936  0.49619483943
0.454652036505  0.411384832807
0.529649876875  0.658428028608
0.496767089025  0.510199054321
0.646814351639  0.526966035703
0.494001769836  0.622341713165
0.541661879761  0.433297963545
0.406781550299  0.415733335871
0.639872442415  0.553687010482
0.453458842558  0.558014275163
0.368894045637  0.460274318191
0.578138274666  0.566735445313
0.49535419193  0.427182676399
0.417543129549  0.536291684052
0.359147528073  0.336533471754
0.574218076779  0.636110315908
0.584591819449  0.435238843973
0.503840041128  0.664176432541
0.372359920409  0.668331847785
0.68738005399  0.510150894158
0.477580717118  0.522553590117
0.715745783224  0.496553522286
0.49202427087  0.549811550067
0.671781165733  0.448172776802
0.535094719538  0.442923419856
0.439698995137  0.524539125824
0.451012851069  0.572993574193
0.301436171498  0.555565277737
0.567709294297  0.438126189992
0.527784830221  0.4824170463
0.595864720241  0.555322758473
0.465043772364  0.613027490573
0.632284902035  0.418984132788
0.482692546211  0.525831010959
0.475419972123  0.60414145305
0.520340295607  0.370203016756
0.581652265414  0.534860470604
0.452361214149  0.55806300683
0.635031011732  0.366004571711
0.467667953109  0.405421492143
0.49109354641  0.465379389059
0.357385490891  0.537060704008
0.567121701985  0.37410114283
0.68159024338  0.592045588671
0.524239336651  0.558247574016
0.441433818557  0.471662418784
0.413458664624  0.613669381922
0.408914254279  0.32595990495
0.486279743107  0.623736441944
0.670269557185  0.458396761341
0.505075254071  0.406208833221
0.448467862166  0.563138374882
0.560497481812  0.625803012403
0.429566955798  0.650088692512
0.581655794638  0.473790791906
0.376201934852  0.422042409433
0.50564230464  0.459105718976
0.507532575461  0.623056698981
0.408380984097  0.542166803991
0.644139817519  0.375166448365
0.343828027817  0.49773711076
0.425982012895  0.489982339186
0.551207902197  0.549766268549
0.578486032676  0.533208625112
0.443224233682  0.414290019987
0.350733473402  0.612606087797
0.341151561173  0.322023821241
0.434577010325  0.290434347827
0.576902998098  0.487000713157
0.720041441625  0.516797060196
0.356203666012  0.523729298367
0.386938171161  0.451666712281
0.452503786833  0.40085177799
0.547402681952  0.558298697609
0.62244715061  0.611289001453
0.530804333318  0.456210873181
0.378626551515  0.526751675551
0.53158529291  0.657820528978
0.415879799537  0.331327612966
0.40836034917  0.264760786486
0.528365403168  0.608683796095
0.500049548685  0.561620293804
0.498485284951  0.644052702392
0.393678276004  0.55429038353
0.734503682504  0.562443191475
0.468673754799  0.47476927126
0.627265931309  0.463948154116
0.574156053386  0.46304057367
0.606345276676  0.397534409244
0.427267872453  0.672579489589
0.515792008125  0.515044931873
0.514819702869  0.459857732802
0.521874474304  0.484061073283
0.523449277801  0.553206540104
0.457549139851  0.488347671732
0.471874449746  0.642737684104
0.42893321535  0.397816217378
0.435678101613  0.409299308039
0.456003956936  0.644346244798
0.555382747107  0.582515536203
0.574152537134  0.387170857448
0.590816915006  0.420323838115
0.507527603363  0.460547806574
0.56358846989  0.649350350635
0.453073892636  0.450084876692
0.527145503501  0.644716102208
0.485407141054  0.494619998664
0.605357574762  0.408134316746
0.56844534692  0.358221544179
0.550589741054  0.570000145273
0.545015688479  0.601351974519
0.484463696949  0.609312327173
0.415430636128  0.608068155982
0.67021351916  0.219243942204
0.395230892877  0.496703415561
0.485310016858  0.414816969679
0.42213707524  0.343843514808
0.604807283477  0.426444178358
0.587142795904  0.529082740847
0.509837584009  0.327055599944
0.492061541344  0.459524340745
0.589391749065  0.442400436506
0.522363829661  0.510853530938
0.574016355602  0.519024171195
0.287231568493  0.350201648204
0.491618994287  0.407104176344
0.515338492336  0.51882897989
0.532847730735  0.332435660415
0.407752456416  0.437151975604
0.525700327486  0.671803616592
0.594402661522  0.527295965517
0.659626827043  0.378800457079
0.534617916984  0.298102772256
0.588787745663  0.553049286
0.49814285862  0.404172866708
0.468231613815  0.655982786667
0.518848282898  0.63405971791
0.306441768413  0.513444746956
0.541275572466  0.499205153385
0.541864321428  0.311425548661
0.634806014627  0.401352579638
0.606973919786  0.55466274598
0.638338377542  0.586685694209
0.49984947347  0.599859978235
0.413052341259  0.550564979195
0.403388992829  0.332727987584
0.550756316776  0.388724369255
0.753711083772  0.385048987711
0.520869587245  0.437471314452
0.3773375268  0.295723688392
0.656735362833  0.5335753447
0.722415709085  0.26728566974
0.338296758543  0.337454711034
0.554607586991  0.565977176299
0.517123539434  0.52533495552
0.58915002587  0.343866070053
0.592361929285  0.713495132865
0.371884575548  0.54694612213
0.435857728997  0.366029890984
0.598179301804  0.44597618734
0.602751489207  0.451020176214
0.560914368883  0.391519025995
0.602590721148  0.582324834258
0.454277320814  0.592673602017
0.656153553586  0.208687602011
0.550450520131  0.628738739653
0.644850109109  0.38807401558
0.51501094063  0.646368475988
0.396376751258  0.570876009984
0.507599248111  0.690476939334
0.487776956237  0.489243940885
0.610561290331  0.615401330957
0.394279144766  0.642129209806
0.255724178859  0.5159801384
0.689940625362  0.457006975915
0.599482929069  0.495323864419
0.406887094214  0.523273474671
0.269266866392  0.329920922677
0.49636595672  0.571741986592
0.559903214886  0.350778731709
0.659666099055  0.527716611366
0.497066593962  0.512048133874
0.459399708832  0.541184970682
0.478656893257  0.5144826618
0.494537320265  0.40281631853
0.606418865737  0.477470802664
0.344338109125  0.322007841268
0.400640468146  0.49209979408
0.571423408695  0.292116768996
0.411684362929  0.548061416619
0.501028169083  0.399578464727
0.639772634402  0.446373919213
0.597960326501  0.580639549428
0.665788497172  0.561778726899
0.375085926275  0.580320587362
0.462188923609  0.439207040853
0.709797072979  0.54255176319
0.581026339453  0.391245885025
0.591684293458  0.6229742501
0.498517127408  0.426398385796
0.512519793155  0.532234755901
0.555747756042  0.526171694448
0.474934979556  0.419949986828
0.512827570731  0.48686762547
0.467454196526  0.55698378836
0.669286228404  0.398070248968
0.462201549766  0.450157089311
0.420888523274  0.32905451802
0.623877252112  0.595331756402
0.330534737682  0.485869690374
0.201494693744  0.415795931111
0.501172888654  0.531750077561
0.404884192456  0.455850701649
0.355630076614  0.436569334537
0.561513739082  0.78467563145
0.306952637529  0.544788770207
0.552718257462  0.494115255571
0.534997996086  0.605720801992
0.636041883214  0.503738788692
0.302984690575  0.413543555208
0.588853629181  0.346907678525
0.745649333858  0.375850902898
0.537108233624  0.326405147716
0.459108684221  0.541057878445
0.482209871381  0.47738641027
0.569081524786  0.515972437592
0.577883525938  0.43953807433
0.467195210995  0.639955710266
0.610435657359  0.59126496385
0.312506770084  0.389112148095
0.500856542991  0.459235569802
0.485669017637  0.406701299145
0.593102778688  0.51434992782
0.386568485162  0.547767702418
0.485151113371  0.359926370717
0.667816086466  0.532982391898
0.360899025526  0.508756019554
0.459072230361  0.538227760141
0.30637031948  0.420061659539
0.544952387444  0.511103590556
0.679906314559  0.531819066946
0.555718960808  0.702556919806
0.409002977199  0.289806705524
0.564484985753  0.372774797391
0.423606047544  0.608285158953
0.500996708554  0.586892468843
0.539046393339  0.301072849195
0.541258230059  0.53022877313
0.543109791229  0.561020018804
0.725973620342  0.45227584451
0.43658360756  0.566443241807
0.569689928051  0.401412150861
0.54962243792  0.481851541568
0.653342676569  0.370511348031
0.423105388955  0.443229454177
0.50324956755  0.719460206237
0.627884955709  0.47083389629
0.713513557057  0.474682703305
0.437550942535  0.389154462602
0.54570335331  0.537524720558
0.632420305598  0.531343370006
0.308580834829  0.398033424197
0.526123606466  0.349796500392
0.377566795008  0.530614894698
0.320194078554  0.516922601354
0.614772131047  0.385647314857
0.44675128891  0.478352915191
0.535799154518  0.556467468247
0.414850944098  0.500092412895
0.410478782731  0.443058975556
0.566319126547  0.489329725389
0.405511528486  0.582620414603
0.418838756792  0.467687635962
0.642306225211  0.447534325774
0.497451819097  0.643969057047
0.352980016161  0.584673279528
0.499746926076  0.633296145061
0.641620502907  0.491812235457
0.427128922112  0.553705270819
0.694494685629  0.461174312432
0.462217646498  0.385339609994
0.420223227494  0.514814538693
0.492422972198  0.555067740274
0.55217100673  0.519013587489
0.377249986959  0.42917883777
0.614158638018  0.604098543115
0.391602487569  0.441777910576
0.401472113796  0.335037687703
0.575525728243  0.536427664997
0.191271043999  0.573446923512
0.582219395812  0.42583111878
0.687698617335  0.491301436137
0.525459628019  0.563165454485
0.593144692273  0.488755174994
0.691907882555  0.428717449704
0.492029798964  0.594797801541
0.59421455102  0.531639404846
0.466140787194  0.626221770907
0.507797392936  0.608733816887
0.449869488213  0.439529188498
0.725124346513  0.584043173887
0.521931328855  0.473385550766
0.333184964458  0.514727304112
0.481856614019  0.519208174831
0.546226666545  0.499083990586
0.414442736412  0.59250664593
0.449655111873  0.563109163151
0.540745873735  0.55995834741
0.502660406194  0.619602230789
0.453597793003  0.493623623461
0.461422366327  0.629019986481
0.48408294614  0.503505602515
0.506449409319  0.516396899852
0.398750286702  0.448006124329
0.500152063104  0.64165013815
0.547852345338  0.471094748003
0.481987962864  0.570724754224
0.4888429459  0.327152404117
0.474256828529  0.536784118316
0.425134109894  0.603170907178
0.626137484932  0.488337972746
0.416794338344  0.541512900415
0.257422217044  0.472400138427
0.427698200484  0.40246825634
0.622352626366  0.637728151116
0.466554426154  0.319233900502
0.519877321239  0.387338981257
0.547046386439  0.441577215941
0.554061221342  0.380529176011
0.461257365035  0.422319026861
0.654146744226  0.624709835542
0.62599461089  0.3321951843
0.48578186673  0.487010579679
0.56473761864  0.637739207759
0.578808645449  0.469476969453
0.484742740575  0.509300440314
0.616678563855  0.33298865056
0.621141509327  0.563730129055
0.527824294251  0.640491799308
0.620734729355  0.427546565013
0.646692534319  0.671164090572
0.361740319904  0.529749478592
0.60411192615  0.568241564729
0.55232223495  0.514430180845
0.366257366314  0.528497143003
0.552245556201  0.516378149589
0.637000217213  0.550965391472
0.460036378522  0.335045919643
0.458558438979  0.491349425773
0.372772326998  0.413309767564
0.482869273363  0.416969790663
0.459821967337  0.513121758025
0.522346968696  0.528293476578
0.688063958956  0.587693121162
0.43781759179  0.503309446089
0.430904644433  0.317819561043
0.628699729426  0.617722293549
0.489523153409  0.372343613672
0.500874126075  0.52540173336
0.465103231165  0.43353233516
0.622232985388  0.644317522366
0.499227211677  0.490852625537
0.538538249948  0.695510335794
0.601967540233  0.672384200218
0.496480656582  0.406940290338
0.507628203362  0.35718340913
0.342847990525  0.656073401957
0.473212343941  0.582300992568
0.595729495047  0.570963506097
0.544421643971  0.459186934422
0.505113623953  0.520526448587
0.459050005988  0.404965399983
0.492248251137  0.492773033898
0.567697858109  0.582637965849
0.560953476153  0.560909032079
0.303931554922  0.451174730826
0.523491319659  0.568558736272
0.575066115399  0.485106218948
0.411763476928  0.495661676779
0.37308101868  0.408675756769
0.507287722527  0.496579634698
0.594314948748  0.504923556046
