0.35752449928  0.347959819603
0.403815003039  0.51432919194
0.477549823272  0.372352303958
0.540735814704  0.562174188417
0.496516213126  0.469279888783
0.534950033264  0.558074521228
0.435094742585  0.512371477903
0.479423450583  0.376885439328
0.539497758721  0.550794345464
0.627913898852  0.463323935449
0.470433545565  0.37962009044
0.46331761039  0.572636960608
0.594397458406  0.669407550205
0.653648727367  0.495089720338
0.74173540384  0.337385203337
0.442633401273  0.474070159802
0.456786359389  0.481289245476
0.512595217761  0.379276355874
0.680803111312  0.258833851944
0.53101109723  0.524607984522
0.560867775046  0.52278037878
0.411345117563  0.592258486424
0.491091539935  0.51430586165
0.426409930315  0.593384361219
0.607136242626  0.4805459363
0.532106157855  0.586092112194
0.414651445583  0.496583611992
0.481023321522  0.505787047834
0.426071557427  0.429905428251
0.566107637019  0.608144291846
0.480724554827  0.629635753939
0.593736968069  0.326641455425
0.523573609012  0.624266088995
0.649465653382  0.512121907838
0.394322364437  0.512196551101
0.429279874997  0.413911602428
0.416610235331  0.529358182035
0.488990868424  0.563752958451
0.374970684131  0.458133994604
0.606738502224  0.545077534213
0.348130381311  0.576567682905
0.488044202985  0.536441881779
0.498078975288  0.5669944759
0.508192124043  0.443870825726
0.535591590841  0.503208710524
0.646292054327  0.414252794328
0.43888210847  0.634874564751
0.439023606173  0.456942653028
0.515193335445  0.582879014461
0.448817437444  0.300655936685
0.457976296709  0.451268418125
0.417624003926  0.45415246897
0.492045002185  0.471236215468
0.32968409731  0.411148327678
0.530667189934  0.363578244489
0.452300008795  0.621903455667
0.398562192699  0.369441318945
0.34101237212  0.388337091587
0.41654490045  0.489196518198
0.40855732275  0.403163715405
0.551704790071  0.453431220342
0.625499575749  0.326001498694
0.40457316603  0.21050699152
0.33274281513  0.534022693477
0.613559974609  0.482197780097
0.426348407041  0.510886499395
0.546062337953  0.817000769712
0.545307546195  0.536944682632
0.450880750799  0.299258139629
0.480168650352  0.391208749257
0.500142484667  0.399350670877
0.43882633952  0.49060848976
0.585340659252  0.441306333278
0.571551413117  0.454041942966
0.542489247086  0.410575289531
0.486246187343  0.579095844316
0.564398961064  0.386201278658
0.34253289743  0.573115555414
0.39884755207  0.24340776784
0.45640053718  0.496024854447
0.573822518133  0.258760495372
0.531217345829  0.419847000107
0.363237748512  0.60078368999
0.558817387496  0.424842140001
0.54947599622  0.419085464557
0.62976000917  0.2374668266
0.487797570529  0.478361110173
0.433150005312  0.468709667038
0.523191620176  0.456414076216
0.325995413887  0.422440623936
0.524774653191  0.339272604465
0.461276865437  0.508690507854
0.412548714032  0.44969593352
0.509735689349  0.580196408221
0.517225075778  0.466895668086
0.692369451364  0.469340524902
0.492597194556  0.610293907255
0.429276827801  0.585541402631
0.58546483382  0.418311732062
0.421494596337  0.379387061286
0.527828376723  0.549269221891
0.413986901355  0.549208156404
0.41895954367  0.726258478347
0.448744671834  0.523815036737
0.380522490461  0.441903038915
0.471196805368  0.532158475275
0.490257707247  0.452530714759
0.332456932949  0.502142185229
0.302674476462  0.465052571851
0.559039197719  0.533969860807
0.6272016264  0.63545914572
0.652301981769  0.524374848854
0.323714017851  0.2870252546
0.484140680979  0.394499305774
0.347219357944  0.584390156702
0.608799037418  0.41327819638
0.608520243979  0.477875179993
0.671442103882  0.632365660693
0.529912849897  0.542439162924
0.474315820332  0.501741925397
0.30974982458  0.549531087041
0.542001987847  0.222761148136
0.427969991282  0.309085071542
0.414667952622  0.521665447441
0.494421499549  0.368690527809
0.331605225019  0.490999973212
0.451559041268  0.354105466896
0.459757651674  0.397696461968
0.504832092297  0.4235138887
0.516101973178  0.43086388206
0.596221795354  0.499662167255
0.380961828913  0.621750138813
0.554667305854  0.601291077809
0.561111239132  0.51253566839
0.64073864735  0.340615354639
0.462296675663  0.636928709378
0.456699623675  0.430483529151
0.247008065655  0.605019732038
0.649938790462  0.532420738196
0.503136328445  0.501275645245
0.381092134431  0.351390804086
0.542461013886  0.609095327619
0.426598508718  0.533949925226
0.454980999112  0.571754719568
0.585114021935  0.33343152903
0.374734944395  0.406407355309
0.656949940573  0.379185611489
0.415937079064  0.310727607785
0.38580643448  0.685391835196
0.401171086194  0.473618126891
0.388823057626  0.615227757894
0.527904774387  0.636297098431
0.432627628494  0.401877246687
0.534694659974  0.414902410088
0.519319137614  0.444576644243
0.433963056148  0.573137445194
0.344528656184  0.506507972248
0.338116417126  0.432116874854
0.469610968817  0.420016745619
0.552318012058  0.476338562628
0.64009610065  0.411363702174
0.327121119092  0.465888097254
0.659144323985  0.640035074169
0.427863537881  0.526647381537
0.646929069441  0.395715540129
0.414468993588  0.402920839713
0.311244421105  0.375347198043
0.450979210033  0.674190987887
0.541391011409  0.54196559708
0.559257637457  0.594332659634
0.324470412254  0.492710650414
0.614610374229  0.446831805966
0.369366641876  0.458241621315
0.533797291359  0.474226977784
0.375961860418  0.484305512289
0.600215754451  0.395641559863
0.434219993594  0.600870655964
0.349311208041  0.594439326068
0.513433863005  0.398169546999
0.412482538759  0.399294991975
0.368970736786  0.448967160808
0.494270162326  0.545871710694
0.398214319322  0.495441345045
0.465081623521  0.455497760555
0.591350239558  0.511134520408
0.480295496967  0.485476463386
0.450781989174  0.363584766226
0.434316409365  0.574095464785
0.421028220427  0.256337212183
0.438635858712  0.432163567725
0.460563635557  0.439778759798
0.380657724807  0.504253572462
0.536154727368  0.473033106482
0.411501476118  0.65063102668
0.675100920599  0.406602526734
0.418710527357  0.534277170277
0.469804909968  0.530516858336
0.553749082084  0.512701460099
0.289888584534  0.301930942229
0.387591043991  0.347186331075
0.403956535073  0.572950066089
0.605158500817  0.426407070145
0.52070354275  0.468296256128
0.435344430763  0.520537751554
0.559570410278  0.588885843269
0.521126201882  0.710634498355
0.459693879793  0.409460848366
0.639367277736  0.466220322485
0.245673326453  0.41022943726
0.538841206365  0.744066140381
0.436127495012  0.580446247207
0.592205806492  0.490574012139
0.504007458391  0.48408475028
0.231093324215  0.642791809702
0.31260596093  0.49443391471
0.499196751879  0.444309949025
0.543498735196  0.516200099498
0.531097464152  0.445052751877
0.508144515391  0.548777570605
0.580863487789  0.359003251803
0.572863869205  0.58547590964
0.523999024032  0.535637200221
0.424577144276  0.469470114768
0.615861382871  0.656941439437
0.396865319947  0.516348582082
0.519556546722  0.52013427316
0.409863061723  0.584307696761
0.568999459578  0.533589839052
0.480326524522  0.410532648554
0.499139753952  0.325788628705
0.451457582806  0.326163874085
0.425059883738  0.331108368795
0.408166928853  0.368904740992
0.467057686592  0.327853476314
0.481487276463  0.416318510334
0.428953608564  0.358566452798
0.304242034865  0.368662953316
0.399008823207  0.523527701943
0.647057177364  0.451429764498
0.708282192405  0.645110197391
0.578219195959  0.49698372017
0.543759620341  0.570528127794
0.246382233346  0.44621475959
0.641815708024  0.516343373623
0.439861234739  0.58190485797
0.422097065445  0.405603608935
0.541081746329  0.50511183682
0.527134491438  0.471256166555
0.474260025321  0.45403517718
0.408641683117  0.4689562157
0.342037925441  0.529888101527
0.546226803243  0.448963583406
0.478318854828  0.541389947644
0.465643335821  0.745801165147
0.505214531445  0.419885133232
0.491302482898  0.519204007801
0.429455913622  0.473632524891
0.314996710804  0.423769385019
0.418260273898  0.458730242442
0.505873714804  0.397811064106
0.533163215495  0.398544120595
0.584215884088  0.351163152256
0.418293614341  0.497927226337
0.381768090609  0.510847857206
0.608155201333  0.501894382318
0.497245700927  0.488028777702
0.363947630536  0.439631697061
0.330223971256  0.48519490608
0.376490656567  0.365882913353
0.32007634358  0.355565847833
0.459533295456  0.450087637241
0.348993598871  0.244175362498
0.56223320032  0.588398454396
0.547383099361  0.405339365383
0.47520434405  0.383483954667
0.449383708583  0.415753435378
0.492819483501  0.577009135567
0.495803949603  0.467550873852
0.487067801823  0.409788750029
0.401836535371  0.43707328457
0.602660859191  0.719004490874
0.544027216399  0.535779474834
0.320507075546  0.49518672862
0.310786966282  0.553376482238
0.826420022061  0.448751723499
0.509288359948  0.377522212287
0.389446357827  0.347449706784
0.457144244226  0.54097554191
0.663136764108  0.479375995488
0.430000648056  0.598032871646
0.418148172352  0.684606514839
0.243598086914  0.41010059483
0.473090166415  0.624867945864
0.306947126505  0.28387618281
0.657677988698  0.463207387593
0.239318877526  0.552111687531
0.493908895615  0.460907704048
0.500656731058  0.565563227203
0.17125763713  0.388669524584
0.531188736762  0.483670254216
0.463145566326  0.446118007606
0.596603059228  0.577651809422
0.57579261571  0.719037822621
0.580124785797  0.474551309764
0.557588382393  0.460943737565
0.368527954604  0.58424721097
0.664427863195  0.541784405281
0.332641590792  0.544253026971
0.596870473447  0.470001526788
0.513088740741  0.573015825555
0.652217343592  0.470814212181
0.309978814659  0.559547011005
0.547026096822  0.40339478785
0.598130441039  0.544919980817
0.580526726788  0.565338135176
0.502668233341  0.659577557007
0.577945999119  0.504833129335
0.521730017585  0.523537751216
0.322198991594  0.372192613924
0.352322379526  0.509649412956
0.430067795055  0.401284455896
0.368993545389  0.465076799393
0.268780970837  0.503506438602
0.371508596888  0.50794790228
0.607249570034  0.573803398816
0.548162406028  0.360946503034
0.358682489932  0.595281690916
0.549950781086  0.424719000302
0.329865314754  0.571411998963
0.51551395113  0.478793458013
0.498790647803  0.597454753755
0.402793574172  0.189952434444
0.55594155587  0.820231960887
0.492597967518  0.428454632719
0.541298117072  0.441065566714
0.535082357049  0.400451184977
0.615588743379  0.65357937504
0.629225302322  0.461044370215
0.428834871914  0.637959252986
0.442406539078  0.521783177512
0.496622765329  0.623081960186
0.529287645724  0.39175153164
0.670429697105  0.348908494672
0.367135670314  0.441177311969
0.633641811776  0.368153629104
0.43678274836  0.465520581255
0.404370281268  0.403765940759
0.434873630088  0.548455174272
0.593185980471  0.379288248046
0.494135623612  0.420707736986
0.521122373623  0.450433802016
0.634618726272  0.51760239095
0.533159416542  0.382155338801
0.619835331174  0.544933775639
0.402858622688  0.424862796898
0.57603089723  0.428039836105
0.556609033704  0.529527428661
0.299773049115  0.333560322637
0.484138586244  0.347699336594
0.490615944028  0.536941060899
0.5020160659  0.510266869499
0.440714597962  0.511154682061
0.611217813609  0.684851172175
0.552351368396  0.44246196405
0.586178191313  0.465431190581
0.638929733112  0.486228580794
0.707863266791  0.572455985928
0.26023258075  0.535663201939
0.612884935672  0.341950660249
0.468171175271  0.515345036018
0.35591881968  0.482605248771
0.450520011066  0.635948426362
0.47882579611  0.56343231242
0.438852974924  0.509995994793
0.528704648644  0.568412969243
0.554556060754  0.563753727027
0.326219617338  0.330895418772
0.427020846083  0.547564989092
0.385498690793  0.554930320904
0.547570613904  0.693695678514
0.445592102448  0.579323402781
0.56460540157  0.514158543305
0.410910742931  0.563523504304
0.317319747853  0.681405875246
0.349528083143  0.44693704091
0.481775764245  0.47522650652
0.369598850709  0.278053280245
0.586659097557  0.443328007318
0.395401744657  0.376347502569
0.408168739942  0.436777183612
0.647026408239  0.488563980469
0.450277203902  0.414109235648
0.426607957492  0.512346169244
0.549545521566  0.624502890772
0.400650930492  0.486716238428
0.487022797606  0.462872398619
0.592450225485  0.451959362551
0.510406324408  0.657497397387
0.389479604722  0.565619393018
0.549297533081  0.495781681449
0.543019579652  0.374361715343
0.418388442292  0.359799114878
0.450013247203  0.446192883638
0.595153980326  0.545079098836
0.590048887994  0.552554809874
0.434400898849  0.379219708968
0.505720876508  0.462054391165
0.556286092866  0.406106457873
0.409000775559  0.543690955151
0.458083688034  0.483630236156
0.494942753189  0.42587888967
0.49943148276  0.665877378857
0.602258218495  0.408238448597
0.42454135681  0.453114256777
0.480565459623  0.418501152015
0.605587415851  0.496610255567
0.488617960873  0.419469433841
0.51890718786  0.680207914877
0.605406594447  0.395933436912
0.672787605865  0.601395371276
0.396072111829  0.501168646016
0.464656379583  0.370146822715
0.464577835427  0.408826708284
0.544638571948  0.560407207763
0.486114405326  0.535599891895
0.524506488488  0.37681849795
0.300286240925  0.514275845535
0.504233432838  0.342696521902
0.358061549144  0.443315188979
0.51680396365  0.57381418303
0.702219582519  0.525579680386
0.545601489944  0.638487406904
0.576620468996  0.735077045007
0.558699013926  0.465647629245
0.548819054527  0.38289135605
0.551962102737  0.547647402985
0.368756710417  0.442403654975
0.472544186061  0.442463474945
0.508161811801  0.556010258697
0.340761489373  0.530425078536
0.4084952772  0.325918677456
0.413740772895  0.62986763855
0.472551549957  0.372997633308
0.409454120462  0.465319765656
0.350015243266  0.490336996494
0.371057961879  0.601363480812
0.576611962  0.526951318359
0.495039702835  0.440928211926
0.331629069217  0.542668059541
0.400318468348  0.488969088917
0.358920719298  0.359632055325
0.479803165748  0.593752919648
0.623020174846  0.443006945621
0.454612968547  0.323516135892
0.612470724624  0.676743626428
0.447490898181  0.465820695257
0.593865534992  0.481562507791
0.441970804618  0.492456785486
0.571659771798  0.415991000994
0.480694464329  0.449315291267
0.477259171513  0.604034482783
0.364130507751  0.547882769875
0.418366132541  0.31004335131
0.35269463402  0.426215857859
0.433565614318  0.405712385978
0.491569953922  0.348330337037
0.543267597634  0.326402565344
0.600520480584  0.658542867384
0.445459649989  0.623654150855
0.248031767663  0.508484132856
0.504333458817  0.495971800454
0.441780850344  0.218960883147
0.396067905737  0.441718304378
0.512977177508  0.582614421555
0.563675759896  0.564436312191
0.583282175961  0.511125785101
0.399319365548  0.509986942177
0.592704441973  0.505425754724
0.435627411013  0.355975314341
0.173372424822  0.341254789023
0.632290680866  0.391207584747
0.572071915898  0.563896682382
0.497907697544  0.525027556272
0.36777452569  0.650951402519
0.440014966879  0.546744106794
0.592998494114  0.512469748751
0.430199639456  0.400000514525
0.60954253265  0.346104360755
0.588241404215  0.424633453639
0.610096048023  0.521897585098
0.542094703709  0.334711454435
0.50890312572  0.616317726628
0.469052465779  0.433306544525
0.484945847053  0.380886551512
0.534135190846  0.426500975994
0.525990892336  0.738693063073
0.470988584527  0.329363607964
0.493720448414  0.441051887055
0.485610123221  0.624201076202
0.371551960967  0.429997251684
0.457546557612  0.572765267883
0.659166891799  0.414486703588
0.394369572073  0.535943304757
0.608612908943  0.230762601154
0.57241574429  0.421404984824
0.496291236652  0.508019161701
0.467424013164  0.501201303682
0.437735927189  0.494025508749
0.387922160087  0.242565714391
0.411125874557  0.304077412715
0.568999241784  0.745807366812
0.65679721211  0.497683638171
0.533720712568  0.572530051076
0.509051337886  0.589834701701
0.458291118864  0.393541476003
0.531749763933  0.477714941818
0.391553385436  0.485273939424
0.630802891898  0.400326198596
0.34712831016  0.584870808335
0.485341742728  0.572719100335
0.396966967411  0.478357320491
0.483563181547  0.44048607063
0.627721889365  0.516151749432
0.466955851785  0.422126224894
0.446601369416  0.481483640951
0.349389025916  0.18138937746
0.464623168081  0.42329343478
0.35805304467  0.465978544341
0.492915495451  0.5827826637
0.588986963974  0.484655294825
0.516215638795  0.451820297091
0.397394655852  0.469003234159
0.567531249627  0.369563898513
0.518100506224  0.472022895823
0.652967861535  0.468574813005
0.296254112148  0.631647139684
0.486804596528  0.320345360848
0.504258915497  0.514599468255
0.436157567818  0.437283585112
0.51563798495  0.321520854142
0.509177357184  0.444158465297
0.446302585285  0.292081819339
0.617291866997  0.413359244357
0.609237072487  0.446170270163
0.441518379637  0.337982091344
0.492458926331  0.338976286033
0.602847690857  0.342653070746
0.47167237954  0.574327861014
0.458194618866  0.456887865094
0.276622412134  0.426422681787
0.485897827374  0.530099960982
0.537187598039  0.374811742735
0.355957759846  0.289477437571
0.513386459459  0.442918000413
0.388246417123  0.574346756951
0.551764919766  0.384063127927
0.532017487146  0.430976465949
0.423610213506  0.331249911764
0.597559570698  0.536016074325
0.3746955383  0.542476152125
0.562772889098  0.647533800986
0.467676911719  0.370385685188
0.420425913528  0.395445437286
0.593952889683  0.594324168727
0.407268869091  0.438653308284
0.428039482837  0.564471767009
0.429688604969  0.270297419751
0.708807840171  0.414475797863
0.418448081371  0.400718614986
0.428560864988  0.255053093423
0.61169043963  0.403947370159
0.30472250337  0.604813201449
0.384899104417  0.497843229407
0.315094714237  0.630429678161
0.56515258769  0.672718321942
0.438182605109  0.45005711077
0.529408016868  0.587043092901
0.462413905038  0.613124956845
0.613343868521  0.581255940683
0.538362097004  0.362874598336
0.384390963476  0.490508977446
0.65504764522  0.683526492488
0.613474181785  0.594128632957
0.246504680693  0.564669079004
0.476814719341  0.556360616152
0.460653489972  0.686155587863
0.557979086221  0.633680679752
0.656481707699  0.502228262947
0.356002408254  0.54306305248
0.387265442059  0.526520967169
0.452912808141  0.370283148681
0.62812676245  0.517101970442
0.606484516026  0.583798764805
0.464960101138  0.548625169772
0.428526757106  0.420381742899
0.266408179076  0.439422807223
0.465661694232  0.328827319503
0.543343303269  0.389424176996
0.392514056316  0.371694586813
0.447268082675  0.533586302348
0.592257646449  0.596171664831
0.402300330194  0.504347910589
0.300114596495  0.510402844053
0.528309398231  0.593663159663
0.496270955234  0.499153928114
0.524548841621  0.568692819559
0.471629867002  0.24403980366
0.587921728883  0.688184892782
0.402556635126  0.373736559984
0.547029317688  0.506711823734
0.541722748757  0.487491264376
0.523701876333  0.437036654767
0.385498294948  0.545127299662
0.450403031197  0.451911950075
0.622794880883  0.444808803832
0.382827892391  0.491824337361
0.336912217801  0.502442973579
0.383996866267  0.450534585692
0.402825643255  0.572957555467
0.497483937975  0.364656233895
0.418059795193  0.573767285713
0.352408929592  0.611922337419
0.463448850374  0.419254386696
0.451170237664  0.502046279085
0.185151303692  0.51366081844
0.56769747882  0.452067440369
0.437336828683  0.407386469261
0.629816488128  0.605216201556
0.399807885808  0.496530987361
0.360193650052  0.562441101293
0.484623563833  0.484605853731
0.627053066815  0.618736905752
0.484256033112  0.63900420538
0.511195873375  0.464509122214
0.561639114798  0.556912947219
0.163380000318  0.488573778872
0.410888916348  0.587354239768
0.235447951766  0.445889544663
0.522023775095  0.5153935547
0.38374285672  0.496451616176
0.492190120986  0.421152792701
0.387495383102  0.34332435223
0.425356327242  0.525230180513
0.423151972924  0.43702730731
0.426391680573  0.419889904506
0.425411351761  0.398823839605
0.461235683158  0.585178113942
0.494558376839  0.592685612594
0.672356857751  0.589859636283
0.376807831201  0.503495672876
0.549621218511  0.450536531245
0.608033941701  0.626144987128
0.549185906054  0.446697702235
0.348609337902  0.51143141859
0.630756130655  0.420811194337
0.440904533774  0.303998124316
0.462899657788  0.577073089981
0.356741204249  0.522744546431
0.565882522698  0.295465961377
0.512494110289  0.376015851474
0.477067788643  0.579607880002
0.389116069898  0.433854861137
0.511022364241  0.257143355224
0.354482938624  0.576314473487
0.535117023107  0.61676790241
0.502530989008  0.514045531604
0.452420335307  0.492252680342
0.455033796591  0.438425881334
0.429527619723  0.549171768853
0.532331961774  0.722494922583
0.51385484452  0.611907520472
0.616697384574  0.385055814187
0.269725407311  0.535719772293
0.404398810894  0.527747228997
0.382270091696  0.530500286715
0.55215830112  0.323765443659
0.500171107618  0.524892400279
0.491488598279  0.591012148256
0.46043344686  0.441512790296
0.393192380694  0.306250788521
0.454173853272  0.470909335426
0.447837200699  0.525960284145
0.522643964839  0.562841291404
0.433637331273  0.335723595158
0.440356565859  0.479045315734
0.467042097721  0.559433757811
0.405135041892  0.585362100275
0.490923240113  0.566213206634
0.431822415861  0.415852925988
0.53204277893  0.572306287797
0.53319105899  0.489044578039
0.240285659091  0.575601785827
0.461415125082  0.335306812507
0.496916730437  0.579598475923
0.343912311507  0.337502347858
0.465100745734  0.42419601193
0.438272064318  0.530382910246
0.401755937735  0.509550207377
0.481423423778  0.604918279887
0.463254849696  0.420047799689
0.341619653781  0.532667049322
0.439682433746  0.621682847177
0.466622561975  0.488784501684
0.805481028485  0.350337800322
0.435284906679  0.717319549688
0.440226244932  0.563567564369
0.384585330538  0.49013821038
0.547433343773  0.426351823092
0.606945959722  0.561813906744
0.552791330552  0.398403902568
0.547164120416  0.548323090954
0.658422720879  0.381565195037
0.538157035192  0.621476672934
0.667777466797  0.505463873371
0.370219300067  0.309594403526
0.50141507919  0.52048045515
0.572530361573  0.543179235345
0.578557874631  0.479345844735
0.3163220365  0.471003989939
0.322186524493  0.533430029773
0.488771426936  0.499067800964
0.588029351215  0.473527935665
0.492952835371  0.586572288099
0.581667659237  0.648856028813
0.727766075857  0.403481047937
0.581526801656  0.466636416606
0.568867384481  0.645131869411
0.460277606105  0.677718318299
0.394765848556  0.571765438179
0.534183064308  0.560632253607
0.621472869552  0.387806443572
0.579762476147  0.437180634522
0.367776823452  0.338683213652
0.302696419083  0.433754468022
0.370464376714  0.497383110708
0.634888297684  0.515882601296
0.493702202333  0.609564353832
0.572966025339  0.472122702283
0.497046533463  0.322518425296
0.419160407216  0.564499305532
0.691075159056  0.501867325067
0.46497856395  0.412290312235
0.396192844252  0.476559412291
0.51286115757  0.632324440233
0.507817206612  0.240789741384
0.444318148445  0.526598485296
0.395105239532  0.45961378945
0.438532189048  0.489034694827
0.40036008225  0.50549488613
0.512326339365  0.512222499069
0.690630855323  0.41079912648
0.443035179499  0.619970865275
0.386552830228  0.568186443138
0.408975210511  0.435891069853
0.616073017405  0.508949562752
0.447431514061  0.579950086861
0.452454074666  0.508231615431
0.529581541826  0.396874570055
0.441691789592  0.590833472667
0.465314487692  0.480260871502
0.441923161431  0.250527175229
0.511497869111  0.516611290772
0.452211673415  0.585267523311
0.561076469766  0.691087510143
0.449129215166  0.601442069232
0.568345609064  0.385945041485
0.451685605864  0.446526744835
0.535449712495  0.679355704841
0.480242068756  0.643328109272
0.339926813545  0.524694067857
0.406975971579  0.49371224781
0.604760854237  0.665926958855
0.53472618647  0.55921006648
0.427836476783  0.502794802185
0.494175442904  0.536383686197
0.583263935194  0.475419866849
0.288222867195  0.495032318735
0.377617431262  0.538267258808
0.429708569119  0.443125333353
0.492260086686  0.343274487444
0.584170613328  0.454577498871
0.408212792755  0.582308248022
0.573722283923  0.525923773237
0.481891173165  0.394712201492
0.628949486401  0.392451502998
0.470091079445  0.419778553244
0.473078786533  0.463941259093
0.286624023762  0.447120208023
0.643705318786  0.26771882313
0.373553596822  0.436384455692
0.390781010076  0.500328831646
0.470636333772  0.440258990803
0.480558263416  0.417592190326
0.543420515484  0.693044882653
0.439423165212  0.425894481732
0.332813575005  0.443701735964
0.370799011588  0.508843566112
0.444842858899  0.496169394627
0.472137451659  0.577646944842
0.35675792144  0.552032156747
0.381577513442  0.410297540008
0.466580082897  0.396846651095
0.585046281668  0.523085737732
0.49757533769  0.436248519191
0.38783702163  0.493148025822
0.517226586426  0.40426734059
0.517923878103  0.519477045567
0.541685522091  0.319546381406
0.532410145677  0.398234122885
0.510926418527  0.545191925788
0.3956277525  0.487980097915
0.632465338705  0.565946931984
0.506912484511  0.658224249893
0.653655904096  0.373729821117
0.54565651782  0.580742943094
0.621090559108  0.491751118682
0.481492542549  0.333604004364
0.488380924015  0.537365559118
0.477513688544  0.519362974322
0.51928453018  0.50991215709
0.492009409003  0.565216513271
0.545064020417  0.454980671935
0.419138250217  0.544152565419
0.378137428505  0.63409095826
0.40334383803  0.586263849417
0.464752816419  0.581377341332
0.590582497279  0.461189591588
0.288205660213  0.283213978184
0.454607800836  0.57415523546
0.488176642148  0.420459161265
0.449103218726  0.444621720463
0.148476899352  0.387425785243
0.38950608098  0.549558779226
0.426260630326  0.382517390224
0.478978049193  0.401201954548
0.526589097213  0.774943640335
0.364401098185  0.500666162595
0.304523150142  0.557213189675
0.588615666406  0.427412904912
0.582409604062  0.492893071434
0.49035031112  0.532302869766
0.532033761585  0.625607601663
0.476226828987  0.46467437157
0.42628598001  0.59983478696
0.325352329791  0.41399898179
0.435159666085  0.490347001342
0.608623132537  0.546281437468
0.485580989298  0.549058483712
0.384183441198  0.359169814039
0.327173209094  0.550496838931
0.28721464089  0.57149505105
0.419839950708  0.492547366583
0.238420390856  0.453424097647
0.510123910235  0.332221739502
0.360194681906  0.31518558633
0.462699949406  0.440470333619
0.461587763239  0.584103270635
0.365829766725  0.528248914268
0.353849467419  0.625080255849
0.494725659579  0.626963359112
0.635472514884  0.622910020256
0.637314725182  0.550105351301
0.642951590288  0.53250637787
0.325321464011  0.482063647446
0.392731007315  0.372789960396
0.384278752589  0.463547366816
0.4636902369  0.493454918333
0.57664406233  0.529433568569
0.454703107996  0.589951771103
0.455575439608  0.489088172976
0.460464873126  0.446701461251
0.278039949514  0.547732415113
0.551212654056  0.665581244441
0.573772310299  0.553387411559
0.524157555332  0.509325431779
0.449159646637  0.527917914328
0.513671465392  0.464360687227
0.475402146141  0.629477190319
0.451594661751  0.409575906249
0.337094217327  0.539005783902
0.552130755767  0.548285119491
0.392401867198  0.52259117607
0.415461169615  0.368557778277
0.49490174728  0.381262171886
0.604432823975  0.564068454181
0.458938357255  0.488843160911
0.48684049766  0.201272065087
0.449043440013  0.565624316076
0.52473963853  0.413645013074
0.395258540786  0.496663496718
0.529996590168  0.45045590486
0.317913565068  0.534735208853
0.487100898359  0.358637155248
0.354435028205  0.508641813642
0.389790060885  0.466338630343
0.382482820604  0.595298217994
0.4685021307  0.43191878197
0.539919879025  0.570072729318
0.506591035468  0.455912883734
0.406319547231  0.748772990446
0.383903649121  0.309747203361
0.432853710788  0.466718529647
0.508179556937  0.38741972477
0.619373877621  0.47375079573
0.332385685621  0.395072989663
0.249226190614  0.547293985996
0.471318114248  0.411785584011
0.527883704627  0.511125402775
0.521381789493  0.339999562506
0.578365694619  0.465556226107
0.291702921755  0.606872164637
0.628771009402  0.478177623244
0.563101652614  0.543983639755
0.564563093233  0.318559058
0.401427898145  0.545987495325
0.416160337955  0.492318990809
0.553435836775  0.306794324365
0.402988675851  0.542831785703
0.500792078456  0.323047056421
0.59278882353  0.570120184873
0.498144411931  0.607839757863
0.460134172579  0.465583912336
0.482365545277  0.370394375124
0.55927959444  0.503321859855
0.514675992169  0.481351191332
0.619920977181  0.541170162641
0.423498739753  0.492653916597
0.624521404948  0.390914221023
0.47568808185  0.280760483585
0.330045322494  0.433165869426
0.598698135098  0.43116394439
0.649300841705  0.353612853101
0.474630643622  0.35962186128
0.533915305568  0.565470206132
0.266224190422  0.378042506534
0.489425514784  0.536368664946
0.535595146518  0.389655630168
0.505428077922  0.527975057276
0.468641945533  0.321528641663
0.56649630853  0.401758796451
0.546241298078  0.546926417306
0.569960100837  0.311088226521
0.481371234309  0.307403108127
0.682502508896  0.476565503637
0.490306851204  0.469084683446
0.418827454663  0.514955044773
0.447151714818  0.388763995198
0.289056036605  0.417305507147
0.468535040913  0.483456192282
0.507954709959  0.442098793144
0.6318789734  0.407846031603
0.665610602329  0.496738947152
0.574069581543  0.472015939925
0.443775643061  0.559957079933
0.456140230338  0.353459454142
0.596205489445  0.284321154734
0.414299175471  0.468875289838
0.541250440166  0.341057308646
0.353234728067  0.540882211317
0.397294689901  0.395753851289
0.49243561779  0.65039989702
0.365034943959  0.595345179817
0.609175736488  0.278151404897
0.385755239942  0.591623952597
0.423769633277  0.627423456772
0.460353861958  0.631544498707
0.64155951506  0.442679351354
0.586201331534  0.579256583109
0.28784109244  0.48870129589
0.670814984371  0.444617636604
0.578586584146  0.403396951799
0.599624197798  0.59101573502
0.541039229258  0.516166025496
0.485256813523  0.507140908419
0.397086242872  0.362946540794
0.41383952722  0.480369756857
0.491202355594  0.432580573392
0.491627283789  0.526413643586
0.469602786099  0.309843009479
0.424981454641  0.617502415592
0.401195770113  0.316473441781
0.415352014446  0.53351214785
0.522402219787  0.703721258136
0.193687239929  0.521813103298
0.442338167109  0.38364474998
0.561346324114  0.52329605588
0.662900935652  0.332352669416
0.51939682283  0.728982214355
0.48734000965  0.534231669421
0.35282114307  0.469398784758
0.585025105475  0.482988894023
0.527547470712  0.489839306069
0.549779386614  0.518457908744
0.434364222861  0.441839925026
0.480487787808  0.477450268634
0.505568016793  0.544341287368
0.431508963232  0.397378914737
0.386706505788  0.38259789297
0.462273222187  0.50536069755
0.413620816766  0.540772391031
