0.614285450288  0.540946599923
0.523920238115  0.656071750176
0.657229254179  0.375811543075
0.589616430123  0.485112398805
0.445739495841  0.448937510726
0.619856389645  0.623194941138
0.451567872856  0.623842228337
0.60958446948  0.576463602897
0.477762882859  0.476618949576
0.463087794837  0.469356162683
0.602028020618  0.569777837228
0.545041152183  0.446540935478
0.325327166343  0.484990242649
0.425648993264  0.345271022179
0.471838249062  0.351446803555
0.591846718582  0.514694165411
0.522509805907  0.604386074593
0.270333387947  0.531668417345
0.45568150867  0.63304854206
0.330200991922  0.586920996953
0.421435220418  0.465293893135
0.556152696979  0.411771014645
0.32102537011  0.465053996591
0.529537836256  0.482723259669
0.558979352662  0.509651243773
0.38048076202  0.426311826455
0.441301229211  0.525963507419
0.393074428296  0.58924772733
0.396751140289  0.599326058049
0.620264238369  0.490871105815
0.518673206839  0.527682226898
0.524843023844  0.676336295194
0.439851575216  0.564792875332
0.59643836276  0.418853426108
0.610133209595  0.488851849622
0.507554454906  0.393964762222
0.352002616683  0.371592281254
0.304151040038  0.500366003213
0.5318736291  0.579652608475
0.501982413125  0.510760714098
0.409273360556  0.360112432935
0.382299943449  0.421904645992
0.428902242488  0.623594372453
0.345432766785  0.536843506807
0.322619726395  0.653474896037
0.404989832822  0.435393765234
0.420037613522  0.35254653382
0.637428443905  0.342364797787
0.485729968667  0.381508638635
0.478233793127  0.255475245193
0.550241483629  0.581253676229
0.300596358343  0.692750680911
0.499874247678  0.555823632376
0.523010534449  0.545539586278
0.423212069914  0.477612588632
0.550966325751  0.543258231436
0.542207993136  0.621094516787
0.490462752772  0.452908361157
0.662921603332  0.620354509021
0.435134515784  0.372237170156
0.299512406648  0.444112516066
0.388297669082  0.632319125351
0.485752580478  0.399882985802
0.567334309942  0.582740795949
0.384028589781  0.576108064335
0.318712241313  0.499782891484
0.503648963374  0.415763001697
0.462064043254  0.552930515285
0.55424560422  0.46668138095
0.445514953069  0.539512747116
0.594441963717  0.552271241745
0.501705831539  0.29321704255
0.304665424137  0.565036529648
0.443777354073  0.606096137357
0.496884332434  0.477486913456
0.628819675756  0.426230185488
0.380080114039  0.578074565634
0.501100215855  0.482542934796
0.47330528005  0.657822698373
0.374248944298  0.65813757005
0.568194760188  0.294665736597
0.573574190697  0.47507220447
0.47814083082  0.294770488414
0.716344635506  0.567733625933
0.704220281725  0.601689171921
0.316352957221  0.585212224525
0.45585413254  0.468321101466
0.499912964854  0.369565373636
0.606570370083  0.53425835044
0.598265357005  0.555784529764
0.437015300321  0.529848845902
0.393066107589  0.637322042235
0.530316305644  0.47943712167
0.538400678656  0.638871436421
0.560125661127  0.628799942324
0.569690415303  0.508194642752
0.369397159165  0.52055704561
0.518486398683  0.518482350494
0.349701310352  0.455825530516
0.579510986893  0.728699416271
0.467066665743  0.456309096275
0.468386454354  0.427039451861
0.531766974479  0.33231446338
0.551637333752  0.446097062313
0.461707827066  0.441125196638
0.442577236687  0.59906295563
0.59985977752  0.45999263976
0.444054917173  0.583613202252
0.601760838805  0.400477901869
0.362021293945  0.626986201284
0.558539913613  0.675567475599
0.58864103855  0.504920074073
0.542848235518  0.571741994638
0.623154124566  0.590424061339
0.551520199552  0.337021267109
0.594244461993  0.505173430729
0.494126341875  0.51610218172
0.451311516714  0.256098473744
0.634532876183  0.60329013407
0.581458994935  0.58019726742
0.510945592125  0.487226880625
0.379093761836  0.45719291111
0.450374720418  0.370381200378
0.426595172525  0.576195845932
0.481050074147  0.5124179834
0.658393407875  0.553702494681
0.528218101757  0.562894933117
0.381331854966  0.353168633249
0.5041075035  0.540099441244
0.532826427205  0.411094575024
0.499476532394  0.528918577878
0.306474262018  0.533396008007
0.398738005511  0.47948574765
0.538415265088  0.536610321766
0.527645838169  0.415179078115
0.248617505011  0.477475001264
0.453710163002  0.576740303524
0.536268948986  0.430026183296
0.433314866897  0.595747667086
0.432991657858  0.581910439172
0.349232457469  0.51537738177
0.56646610541  0.477007502757
0.422142776886  0.330058748711
0.562035045291  0.506293282823
0.615008969006  0.624565088037
0.586496510215  0.616021833044
0.606476603536  0.528469223719
0.517017572134  0.451093462315
0.522774826002  0.551041643076
0.564158984348  0.653639606238
0.454709737581  0.555769702314
0.623389160421  0.409223810251
0.547430021163  0.49280036785
0.484300742979  0.382554869857
0.435610840679  0.541374897049
0.537112436686  0.49310313257
0.308307774342  0.374823088502
0.575463574742  0.431526523829
0.497720711138  0.653000088594
0.515360484253  0.517840267724
0.622813713792  0.392333074767
0.448815919138  0.563375281837
0.410947793084  0.403689392601
0.356912686827  0.452756643251
0.46552570548  0.362957058693
0.591211191703  0.579890133602
0.581133081487  0.563705097873
0.665068293296  0.595284924576
0.457101403288  0.48845683153
0.522920908416  0.605398722864
0.568422068641  0.427026039684
0.429637838834  0.349823642933
0.263822380603  0.594887316179
0.49585280387  0.512718158804
0.528785905836  0.513928406895
0.609956061399  0.469878183405
0.512120309628  0.576602095191
0.748253259185  0.507848065948
0.460549177161  0.531341853619
0.44354306025  0.529865953116
0.511974068813  0.459132641301
0.469207989506  0.56370678572
0.461307719571  0.616638694508
0.372358865327  0.49712189537
0.474232336374  0.455666630855
0.428231812605  0.548810080082
0.501423814206  0.645217332668
0.564966802846  0.430490792729
0.630987329874  0.451371031685
0.320567885787  0.618631403015
0.578799194976  0.549065732942
0.629142038323  0.311804966159
0.653679509581  0.54937885266
0.516962511324  0.37544689157
0.486480546181  0.518867759246
0.560374245093  0.521880986514
0.459362713639  0.378160076954
0.452930982063  0.421946108668
0.289996818928  0.511846774173
0.520521915702  0.440190766622
0.48839708199  0.477945720592
0.404098510246  0.553917288285
0.636266457427  0.440549478326
0.404803348598  0.494410707855
0.402683287755  0.670628178483
0.50620707282  0.230395101103
0.539619414269  0.566014823939
0.560896142168  0.596128819453
0.347179473785  0.318919590984
0.600281586917  0.575297522386
0.54599785388  0.426731284428
0.400228807617  0.464274391057
0.271702215262  0.431098037721
0.481237847334  0.619039999419
0.4276252467  0.409312283692
0.434828533556  0.437588921866
0.438960119944  0.45232358571
0.523110812902  0.694127767516
0.38224191866  0.47571290266
0.422549037796  0.535078781105
0.469702123611  0.364093573851
0.597345525903  0.283667624045
0.519824814771  0.610226968666
0.363947659274  0.618800281391
0.394749129389  0.481837206072
0.480846694953  0.677250167712
0.541212404795  0.71481881801
0.462729955832  0.38605883221
0.282848861928  0.39726199898
0.385404587541  0.328453146266
0.36302659104  0.426428017325
0.572117033781  0.509335741933
0.519817534621  0.470190565111
0.723396535194  0.494807861321
0.479848608785  0.475649927023
0.486697487295  0.485478849319
0.659422055152  0.438594029797
0.577212730927  0.380047980219
0.410672337694  0.731248246484
0.397815711994  0.401415368614
0.642869574158  0.477388221229
0.549856650381  0.511787533984
0.525871361073  0.653393925089
0.652732370904  0.544174345048
0.489839755836  0.377247746296
0.535899796859  0.493423773642
0.56762144827  0.516631736641
0.435939090955  0.47360162031
0.451876443072  0.461538352203
0.636056229484  0.467209229245
0.517148220728  0.466817874996
0.391899519507  0.690457298827
0.59346423548  0.400291847629
0.540255847044  0.476658778374
0.445483887585  0.485530803962
0.465703577299  0.56683450101
0.254159126554  0.335499231821
0.490811185219  0.538981733504
0.426570681187  0.705864817376
0.280386929213  0.600719482742
0.506506115991  0.384733361168
0.52450612439  0.503629888055
0.47498513615  0.441969250889
0.485073865429  0.560372761271
0.453970774683  0.510293429166
0.47528927184  0.554417431279
0.46540908986  0.513686088534
0.495432217908  0.544476540859
0.358477425979  0.416098928726
0.524976284813  0.40482389882
0.484642375578  0.369575421197
0.431760866342  0.593815282189
0.621428245357  0.430965891814
0.589514007972  0.604058115362
0.483087818186  0.585002386309
0.525268460515  0.454194140667
0.444777120874  0.383927999358
0.635893566055  0.49446337784
0.41451997619  0.579436458697
0.402617815529  0.345620659513
0.633645266007  0.566284519432
0.563835106708  0.424920518226
0.602561486755  0.503507924775
0.453006571067  0.595235008679
0.383046887109  0.523876157609
0.491256982666  0.438056685987
0.527543614387  0.542657435035
0.504947356834  0.454033665323
0.501088805817  0.508688086945
0.401795906673  0.567765993281
0.464844964067  0.482551750119
0.492707680493  0.554974849649
0.265581054715  0.359054238886
0.534147132016  0.450195131497
0.538592983853  0.469709347592
0.613744453041  0.453753542644
0.316388879427  0.306520151729
0.53314988607  0.619786104522
0.482954144411  0.52433089248
0.504834018742  0.547893260874
0.512652931636  0.34092094083
0.567983476331  0.638052981293
0.41673984188  0.648425863286
0.438043464974  0.527432685505
0.588291941473  0.54440425469
0.589610284269  0.573519608398
0.433087900552  0.595386543876
0.457295371729  0.422877834
0.550239591055  0.376583532081
0.637511183332  0.619564734361
0.593998542299  0.700695856988
0.350069826332  0.43749591941
0.571011303014  0.401356318527
0.515718513502  0.446217985629
0.550949875577  0.584101559098
0.517544173394  0.467677285111
0.348892424022  0.488637356774
0.274080308768  0.554151402697
0.540174353633  0.499649702613
0.646641091864  0.626887065031
0.451502585749  0.570569304429
0.469273857526  0.422322667834
0.280944192906  0.50086848265
0.406705809002  0.355616674875
0.476931959293  0.305977670923
0.526448823382  0.498275649832
0.547222375317  0.487601481965
0.470154598069  0.551807835137
0.512461626621  0.472484495576
0.368207958776  0.825108159047
0.565820490405  0.485093454394
0.573624478765  0.568570527836
0.539396744848  0.586723812207
0.410690526618  0.510051039271
0.606638948286  0.359667031472
0.433573350359  0.539686348979
0.540906491136  0.501909624059
0.523735795357  0.645041708146
0.480726338142  0.526105960184
0.640167094832  0.752941020228
0.485661388684  0.447079089124
0.691297507454  0.469468837204
0.443796529668  0.353017063347
0.601921618256  0.791020440333
0.512657845333  0.536163353508
0.194823371897  0.627606615376
0.603355815598  0.611749040625
0.547273036314  0.474211300826
0.403594156499  0.590202333702
0.486789845135  0.617962283375
0.446051467344  0.527806915548
0.406479518648  0.433274098049
0.646595036185  0.562567077772
0.603120282976  0.59481452212
0.493643523584  0.589267535664
0.492353556456  0.396028577699
0.5141846102  0.465744855503
0.397619207681  0.572946844455
0.472535433145  0.500342120311
0.442779243865  0.442791136554
0.472578594179  0.633100968766
0.526872002322  0.498054054266
0.580327954251  0.515990494998
0.505609509031  0.602286588278
0.473989106162  0.454196442119
0.421652927473  0.485208932944
0.382248713556  0.831354103558
0.337088956407  0.414548920277
0.528398113331  0.546150980461
0.547893446342  0.559559140795
0.435315439628  0.462909828975
0.492714351716  0.395689074501
0.517614606581  0.402840751543
0.413987455938  0.434384849316
0.507186060229  0.605726153427
0.582105093852  0.486504349336
0.493743854725  0.404528503521
0.505642566372  0.601073302488
0.649491001775  0.497398330701
0.552404092914  0.472717384914
0.478558466202  0.476506821
0.690818157929  0.440278175584
0.511639533153  0.614872890377
0.508173645887  0.522533015907
0.552962699158  0.397160888449
0.436164085933  0.543985669204
0.647308145695  0.649165064042
0.515448119933  0.408822789043
0.48768749333  0.394175272769
0.509010593816  0.346275748082
0.338817521977  0.41212590509
0.522598393134  0.42672809632
0.350731094793  0.394650296136
0.527593226466  0.509563913939
0.558431231587  0.575271601278
0.464623965099  0.66390917379
0.492482173017  0.529795711778
0.462462670772  0.619909469213
0.488808239173  0.639756286023
0.579879361195  0.473686313181
0.378806323391  0.391236023431
0.447928454755  0.535020074025
0.47326041262  0.477132897173
0.521318247373  0.562901615026
0.544172939494  0.294259381563
0.444337280931  0.205179646542
0.46110957763  0.444675867717
0.417555101173  0.538226049659
0.482674298401  0.455851654673
0.510145512635  0.437950706984
0.491413173798  0.546031175936
0.507464813271  0.704342605303
0.470907756684  0.667613135899
0.502825472878  0.383081826292
0.420364862078  0.540374701557
0.424537574637  0.529240140395
0.391432842995  0.448683933886
0.488851999588  0.407263719224
0.449395415995  0.676754180977
0.492450072772  0.30741500969
0.467823828557  0.579086132079
0.493120800205  0.372825430365
0.549196418381  0.530081576219
0.340841212523  0.304927667262
0.19879691359  0.431087983768
0.44735225988  0.381024438968
0.551458506782  0.284256559191
0.522254650822  0.652213524775
0.372492448352  0.562730093158
0.377202592251  0.45260065883
0.489086774543  0.475155886034
0.593147400205  0.55302491654
0.485479788487  0.392350268594
0.408510610306  0.418499139994
0.473418240005  0.350935712781
0.479492290894  0.718770746367
0.450053150575  0.553344170721
0.503387394086  0.543711222574
0.513115272876  0.445392418158
0.51991353746  0.357058406279
0.462924906457  0.576911492086
0.488638107514  0.370073087432
0.393862008289  0.324900713062
0.464510942504  0.442739083507
0.560379901248  0.420877619183
0.537511952842  0.560099088368
0.513934707985  0.479058146735
0.432368680388  0.294464741959
0.528721297003  0.488075341472
0.608361759804  0.478479243419
0.441438067925  0.491294661412
0.572917341425  0.580637091032
0.412234842204  0.426313156939
0.422837749163  0.487946249857
0.425291385818  0.620216540687
0.528430316658  0.642720860821
0.533040740685  0.506710235855
0.381331130803  0.504204065075
0.325682006917  0.438612673788
0.416544302652  0.621471967329
0.474308335621  0.330315036368
0.525373180383  0.501228207788
0.531264064023  0.724464823272
0.509670263466  0.2500355442
0.560044994734  0.493463994809
0.27490338783  0.617603967307
0.442961170967  0.451053283369
0.510120545783  0.574048071127
0.508434094799  0.300983544195
0.477429587306  0.477776118306
0.377650146843  0.802917754684
0.5369005082  0.440212547048
0.442885704403  0.546888534768
0.458228108926  0.572316545995
0.443717433605  0.514817506827
0.396189861996  0.405804541056
0.522017806575  0.547229657176
0.478089019614  0.585688296429
0.491914377553  0.635066346071
0.616769472262  0.386970951777
0.560863883336  0.517056565291
0.428851780908  0.529425312144
0.39412877623  0.641940575315
0.384715064235  0.523308193934
0.384628433101  0.505559738504
0.57584836184  0.295819866511
0.589675744955  0.538144266257
0.48851090223  0.544871558749
0.534256215497  0.444754579743
0.596185734398  0.597436844598
0.448848899427  0.661745831648
0.595722186965  0.359595383023
0.449580383341  0.474572805312
0.527354014643  0.404070954979
0.439082016409  0.549159698571
0.449773247739  0.406598079194
0.452394303676  0.524833770864
0.295742916323  0.519384794661
0.365833220602  0.562021538397
0.48000075887  0.530658555924
0.432136789522  0.352481729896
0.666418607218  0.350716173966
0.470413435705  0.600204250671
0.668210627933  0.610795490507
0.623676660574  0.46835598575
0.450738749192  0.42015484085
0.496237474472  0.63359228834
0.378411166768  0.662201631656
0.471430304277  0.573473015609
0.583102436315  0.454989602743
0.552551561081  0.411848750355
0.540351201197  0.399085007642
0.503720596556  0.322623863558
0.513368255065  0.433735490723
0.272339529103  0.314057208195
0.387853863232  0.541364546417
0.464673665545  0.475241638902
0.368055231224  0.642241381929
0.569497459373  0.525296737566
0.436263524725  0.582647617445
0.537166899858  0.63248081462
0.526662782757  0.437227242734
0.629615302535  0.428739323513
0.57852105725  0.517736363021
0.562153585614  0.431460521076
0.423175716567  0.470543756719
0.574460899258  0.386221070628
0.50820000432  0.375315351326
0.297875067118  0.593951125606
0.429788614302  0.471944326938
0.46405494608  0.538117063758
0.380008875199  0.36759511058
0.526802214056  0.4842081536
0.460775037414  0.52718606753
0.424004487674  0.632686784595
0.549164506315  0.453984775236
0.432204150741  0.45731711957
0.525637728987  0.408430358925
0.561547376149  0.304536747226
0.602062011467  0.595222647694
0.617171351473  0.55623526026
0.539269823141  0.421755658027
0.421502021868  0.374721336725
0.477326345822  0.441230301048
0.391008163989  0.553901338418
0.433516481753  0.411811615668
0.555028594857  0.508327659201
0.412767621899  0.528722585909
0.530282653434  0.581265476217
0.439731403395  0.568122484067
0.761731642485  0.401163738393
0.652167486739  0.341241307613
0.556093236658  0.554254515639
0.631039659774  0.377140523414
0.521012270113  0.516060766199
0.535151565284  0.407851883672
0.746937352138  0.501978776221
0.37206353846  0.644751703657
0.350569212735  0.543598923666
0.46260718224  0.660032743966
0.460245889127  0.55027885128
0.492148097868  0.557869588774
0.49433384282  0.690862196949
0.59269094796  0.532422401076
0.550471107433  0.347586950889
0.495393876835  0.457782049551
0.426852119801  0.437177350404
0.450706077916  0.465863792304
0.451462836013  0.561312018383
0.458057338743  0.519125150731
0.51994161134  0.386839035712
0.661774108698  0.475331981183
0.491953367708  0.455324122864
0.453860040819  0.332464963173
0.610304285337  0.559427797957
0.542562273937  0.486268920772
0.507650185091  0.326303253664
0.521791113563  0.493088882436
0.562752235172  0.363148662249
0.402130613815  0.552054758543
0.544209441872  0.569393969281
0.403324596509  0.436283219917
0.452335181412  0.658859621658
0.549772449998  0.503203170697
0.533904289514  0.559110931566
0.511170124715  0.561150876987
0.799428671948  0.583169790781
0.510776229273  0.498907195015
0.416635006295  0.478649171877
0.5958566286  0.628358413506
0.600038746897  0.557318328504
0.516395279089  0.39925510826
0.421371784047  0.485652075695
0.471961558821  0.636866139395
0.636735900965  0.653614325542
0.352478122307  0.585949051708
0.506519149076  0.491488536572
0.521494853092  0.668740879883
0.506363404988  0.532675720268
0.606497928708  0.529271986127
0.587714716033  0.456002570156
0.449532917173  0.547901803136
0.519925412421  0.789318881844
0.543947153268  0.554301807113
0.474276911524  0.343630771334
0.436213144275  0.456930744991
0.44579224513  0.402101684375
0.515276836065  0.533148259783
0.51360988719  0.431615997238
0.521393925929  0.42293027083
0.548462048037  0.550154517844
0.442105287387  0.476209595471
0.540094231096  0.350873151221
0.749505171108  0.478450097896
0.463358515293  0.409708501478
0.524969881925  0.63090434614
0.606086668771  0.551530983325
0.618276743487  0.525472432486
0.408376856611  0.560515436331
0.713759670723  0.526196098015
0.512329462274  0.428306466467
0.480400095894  0.416651676545
0.356166547555  0.597222158798
0.48521185257  0.504041638197
0.352672563562  0.332108469633
0.387364562098  0.323312241726
0.511971082168  0.470659436375
0.602916126957  0.562571724245
0.434064838968  0.515439806928
0.468392822493  0.521288662068
0.373054840208  0.666679215716
0.529861621118  0.623525990968
0.502995456481  0.362599636484
0.263882873514  0.529044667059
0.676391287642  0.413659275587
0.436876721629  0.511513111214
0.486112286569  0.561442207728
0.525290914176  0.576169110103
0.604505550487  0.554185985328
0.355045387883  0.540590050429
0.582238544057  0.568852182218
0.427620740066  0.31381839396
0.457738815898  0.58527290505
0.529904480498  0.53224583297
0.419719632002  0.363172663144
0.626588351128  0.56461202761
0.402176227521  0.451374085359
0.611713951829  0.375637236146
0.522427570434  0.696356011984
0.559224877054  0.388182705809
0.745225550489  0.647133036873
0.432859687477  0.446216162524
0.537939025676  0.54272674734
0.540570561367  0.526024504863
0.466101887337  0.510629244083
0.349371093913  0.651495288896
0.42751506178  0.547432928318
0.508432347209  0.541921234921
0.541467217858  0.394523231584
0.342859807771  0.531709155365
0.488055233317  0.715575635173
0.36127219535  0.642585326662
0.736785608164  0.622620076402
0.402630851983  0.45174098193
0.614637053042  0.510684789588
0.5822786725  0.428803049028
0.605717087466  0.348684869124
0.442634595887  0.553640208993
0.377090025175  0.371911921928
0.431719628857  0.525115126083
0.572084712674  0.554803294317
0.461018044683  0.632650935563
0.572436858509  0.642310194371
0.497429981435  0.475111047585
0.378188226682  0.444971417603
0.617604981549  0.467144667926
0.541606696831  0.507942147926
0.523591933709  0.510841449366
0.647658875724  0.547026393876
0.583467387514  0.670694521639
0.263359893953  0.574140864448
0.641823970082  0.418816848952
0.48074342685  0.559508081822
0.746772147881  0.693078471359
0.483601983236  0.378031761061
0.399105849266  0.678834368487
0.582976707524  0.453176276998
0.342354726024  0.432919069968
0.625793183934  0.576932955894
0.479477191386  0.406488113772
0.345252182548  0.512777625705
0.548389901508  0.513897220786
0.344428209545  0.326156465017
0.515299427577  0.594545396432
0.850664802253  0.487262227493
0.479450609578  0.363294178926
0.466712514187  0.604103133723
0.481700171072  0.537639032783
0.357830371006  0.496871912716
0.426016280699  0.519066559624
0.282598441837  0.564767141568
0.59755119422  0.569183644446
0.633878313975  0.533792204219
0.451745563651  0.364968556689
0.606932226708  0.498340964424
0.567335208618  0.570071096638
0.56979019597  0.295717682949
0.390503538532  0.778758536696
0.478475746612  0.379283377295
0.74547273169  0.324570643327
0.389191699026  0.441300824398
0.319178570538  0.461531074402
0.697234611033  0.383742872224
0.494507361615  0.443490864812
0.493188601804  0.547586078732
0.459624434757  0.799765202041
0.478567776924  0.475194699656
0.62595024102  0.368401532603
0.356570779281  0.43538576318
0.471414669057  0.470151281457
0.656624812948  0.495857324771
0.581847383794  0.398386176084
0.462186643651  0.394031931306
0.500934461834  0.539505220927
0.438960579951  0.522586726869
0.480177115252  0.465669178684
0.439445230773  0.640870834935
0.536423520513  0.663925981101
0.458674798034  0.307755169847
0.453599917057  0.49741867252
0.532236272639  0.469938386406
0.627559736672  0.376684897094
0.521102739889  0.421253803359
0.63145338077  0.475737991838
0.554402010647  0.361719916765
0.488895147601  0.673572156323
0.596406489571  0.348684428621
0.584411753301  0.423548267048
0.494824467068  0.504473300428
0.478499687609  0.713847496498
0.617028089182  0.534042519477
0.528719516293  0.637876162538
0.571665256295  0.513662573804
0.472005284684  0.35883840263
0.527568927488  0.540046916387
0.513960302542  0.58358470475
0.588796518365  0.425485406773
0.493516458857  0.511330715702
0.443112281213  0.385702173437
0.320060981553  0.492979791229
0.589063091025  0.400526126387
0.497839341232  0.291922354553
0.417854481302  0.477202276948
0.341964244906  0.655800008235
0.221891899526  0.414374303885
0.537440369803  0.443519286474
0.631026791049  0.522383144747
0.530284041256  0.651041415077
0.354176995846  0.420614077172
0.403620123273  0.546485990836
0.448524585046  0.398046594599
0.566641970799  0.426765993222
0.347625915741  0.686612502607
0.630542872829  0.521456815747
0.498187884622  0.454307406824
0.617728734406  0.797374788321
0.371580893893  0.454850605361
0.518045773093  0.36404571739
0.448826388306  0.493809513216
0.459721922402  0.66227206805
0.814250723677  0.535617750506
0.414459467782  0.624044363213
0.409543443985  0.352749982122
0.458813686787  0.524972084289
0.458675016842  0.557100493234
0.513774654093  0.608498556893
0.483803263416  0.544334306706
0.418662377363  0.531081101923
0.562337752101  0.370006719022
0.314724488209  0.598323980086
0.37456002981  0.354860553836
0.546386634618  0.627935340816
0.387661988179  0.499559490724
0.586183788622  0.480998932657
0.540873574665  0.578757976886
0.702154480118  0.417933247831
0.427116549965  0.576080281713
0.456016577025  0.46791841138
0.49379136108  0.416048988557
0.547241296713  0.303912980017
0.63272965993  0.520545593594
0.684363958214  0.44281674661
0.514277777186  0.411844557969
0.731271159471  0.40377995984
0.381418529399  0.490773665159
0.415804083883  0.431123126723
0.501391416621  0.39717092688
0.474445264395  0.708459570824
0.493689262484  0.292974110128
0.666092924456  0.4716133619
0.492475005629  0.535482659502
0.507985156105  0.619739857795
0.330598050547  0.432285989926
0.489956173671  0.49220352719
0.35423887646  0.423597382448
0.516606508739  0.497136122259
0.579234547473  0.631023404674
0.389998152169  0.747246303759
0.498402707136  0.465492936141
0.467114953369  0.632228669155
0.314966767868  0.572134068635
0.656400330397  0.437999285652
0.535958693331  0.532075513571
0.612556038365  0.556118827262
0.578562564907  0.486028364739
0.496015603679  0.550730507895
0.619860689289  0.407673854959
0.382585044105  0.535960537824
0.45893502056  0.424599998097
0.4222235871  0.618016385
0.559303286581  0.425668334351
0.522264969215  0.523907269333
0.467515436334  0.458160334474
0.499856269558  0.351036778461
0.518375191232  0.563493051338
0.412825457258  0.560368245468
0.544724192511  0.448388990216
0.449254379487  0.457391532779
0.365864605437  0.403994022552
0.478706606324  0.484945205145
0.56918135739  0.52872607666
0.38564644346  0.549550263742
0.670390161407  0.46325591705
0.539238651076  0.565997110858
0.505674800508  0.474808979197
0.422598319512  0.612964050934
0.509580648437  0.341445491869
0.451670751139  0.435582979133
0.590924414311  0.469007357495
0.450344720698  0.538476022089
0.52464048246  0.688604581307
0.513990539463  0.382945867992
0.57800976846  0.462648380887
0.481545678831  0.503899386413
0.464949303989  0.37292161271
0.567808095581  0.473237283638
0.5146661172  0.529396332214
0.503706022315  0.317137647453
0.44297590563  0.608102121888
0.752857116905  0.52259976164
0.621221162488  0.485566734171
0.492481747883  0.502667076084
0.581691677175  0.643768928148
0.530134387162  0.400516241569
0.450161738459  0.685136477199
0.462259388642  0.548204355554
0.447586223697  0.621874589692
0.57302235058  0.55457956664
0.222582443866  0.571983717297
0.225920678734  0.503040374817
0.624231291757  0.44974044405
0.600689194336  0.457832289401
0.575626008004  0.518310982741
0.473649210339  0.517520882147
0.588089795934  0.419967490032
0.498590485348  0.385293500211
0.548004948978  0.441122570869
0.528176714121  0.47826949242
0.495982962389  0.507508054629
0.385681737479  0.531040748569
0.33730708513  0.427032372194
0.60706265044  0.777990193378
0.471925210816  0.672604885686
0.530496350714  0.514139478833
0.255216765376  0.511243395325
0.440831447128  0.804428926659
0.579761872875  0.41300111685
0.558720665651  0.40931265924
0.529405215818  0.413459251343
0.562919095881  0.558541505858
0.447459467599  0.522363551553
0.400974156318  0.520221225169
0.44683132771  0.429309941965
0.370553779496  0.579870881982
0.523084403742  0.469628188154
0.564078911613  0.462785194957
0.542968322938  0.457343329787
0.631287368965  0.449283160818
0.506286409651  0.540159445317
0.365830101958  0.494797953748
0.525064015663  0.387576789991
0.551846199259  0.520274093379
0.516210117712  0.465559740595
0.525309159919  0.354024758519
0.198763386402  0.446412899115
0.462195058576  0.440436882762
0.594835053055  0.516121521705
0.647536032408  0.508367832384
0.570933080954  0.37799395411
0.348329177008  0.586015908918
0.4906365634  0.384121287784
0.551637697192  0.485913986742
0.594566208302  0.538730177442
0.442647093554  0.604802698503
0.485542458775  0.447316776831
0.523136878489  0.477511876877
0.502654718869  0.554668225616
0.462106657176  0.460765401482
0.490145532402  0.525159293186
0.441467094186  0.502185425579
0.25535256205  0.515529763032
0.445355721374  0.509287030401
0.448417042874  0.590407942067
0.610555964454  0.408177593866
0.390136646573  0.383575057012
0.484552081112  0.341665011148
0.420299879844  0.461499299017
0.394005201985  0.491299421501
0.600818406402  0.526165978711
0.514683783835  0.538351747699
0.557458685167  0.500506390884
0.680241743618  0.244591753276
0.474561447331  0.551092977239
0.43503074516  0.387648771028
0.438242504709  0.480505687336
0.550635285095  0.261079384891
0.514810069951  0.590332672984
0.593393029487  0.447286543425
0.567784833735  0.467715517356
0.340879499326  0.483946521663
0.422452733458  0.616152355901
0.645906011256  0.440112766133
0.640698220724  0.444236666259
0.460620194337  0.486303037201
0.446646702936  0.636616735667
0.36095338691  0.563453988226
0.498409340236  0.385619128725
0.507127710012  0.513755626967
0.391347516249  0.460948658196
0.454096747969  0.425995876775
0.460804260895  0.465771452127
0.490146811616  0.464463083251
0.435445494133  0.48228418047
0.43980045047  0.370903549888
0.568111959483  0.550768927333
0.458726140266  0.412501069669
0.576862319319  0.390873068723
0.534358312381  0.418715698262
0.321628023126  0.582542176102
0.576385038142  0.544652841629
0.245916231228  0.635921503463
0.353336642442  0.520145033847
0.365086391121  0.572320261229
0.472293982186  0.467064803312
0.511395138178  0.576650172583
0.387419180913  0.59703853656
0.383659558066  0.414971139192
0.40062454202  0.629436578636
0.44071605012  0.518461026518
0.379791361218  0.452683296733
0.540118519231  0.50708642351
0.307630575977  0.596942125765
0.537822405446  0.602413628454
0.470549971777  0.571456751854
0.311586984843  0.29252650962
0.508101382354  0.568063362326
0.492226525175  0.434465682337
0.561832778288  0.360254963984
0.538136781773  0.483777813061
0.535452899706  0.589405006675
0.271331687413  0.74132455797
0.513643757205  0.710316694535
0.583585811266  0.56316225077
0.568568451405  0.322947297887
0.497602326858  0.471979939771
0.61252749983  0.429112531588
0.700328455003  0.558030090784
0.404824895335  0.649836781189
0.490939622565  0.478595394225
0.606920951374  0.26905677005
0.510900346782  0.553879670728
0.531636848708  0.521522793613
0.429771024843  0.614229320482
0.658224669911  0.430133682249
0.513922201509  0.384990398425
0.735177515459  0.424236338215
0.609224438552  0.678115277041
0.578725086262  0.503175015899
0.396961085824  0.556598038582
0.378605762714  0.467363449202
0.523746364695  0.503140233144
0.621426074271  0.617415420539
0.530755742076  0.448631459766
0.612040491363  0.364846386668
0.413432163918  0.521627844483
0.398959056629  0.6871925018
0.416205560351  0.684640476305
0.508876714599  0.40978500389
0.686644748283  0.533718071406
0.478067966572  0.488246771053
