0.388577774884  0.409897406179
0.42907563817  0.39586504008
0.371520595697  0.464025362483
0.372452596924  0.472451461539
0.27761733908  0.508311530031
0.560354754816  0.52659996337
0.553777835875  0.276300869783
0.447763954997  0.334762367432
0.503770405021  0.390452733795
0.516258780063  0.569871595228
0.409022522172  0.504790963752
0.399940085843  0.55129402371
0.561300271798  0.395054368978
0.269457001013  0.341086821784
0.523903554659  0.464063896211
0.380669675453  0.442778467487
0.542283716648  0.406505492928
0.474926727092  0.3905755898
0.429196546381  0.445785215228
0.679933555943  0.348046000333
0.542743179034  0.43027395425
0.404134011098  0.446186358222
0.573858280225  0.413353018106
0.488447421395  0.351113683616
0.516727194509  0.546873083097
0.488153045986  0.55138047316
0.359816314301  0.508726435538
0.36921519816  0.411351653024
0.422301277071  0.531908504496
0.499498073998  0.346204103001
0.47135331252  0.444699081369
0.558308127317  0.44582606546
0.44847004775  0.412635897674
0.3930715124  0.348957301282
0.59733336775  0.597806402913
0.593897896384  0.624707776796
0.394824571167  0.490018107579
0.34665585861  0.444270254849
0.526158443494  0.385094624916
0.359477694498  0.471820184217
0.594329398079  0.539154253614
0.425795009044  0.423246661001
0.353501806411  0.507179561417
0.357248770539  0.423514772372
0.403036271607  0.460822750396
0.527068337003  0.458074835124
0.516687563607  0.368398582435
0.623307756474  0.509565290691
0.54534315872  0.209340837008
0.413868558035  0.473380763844
0.505877378091  0.426931405854
0.534535210711  0.643904624173
0.442128909563  0.425293354469
0.387842612084  0.347182117798
0.567876339278  0.333074374918
0.448828846066  0.443440628158
0.372776051162  0.551385118888
0.449179586119  0.400155594348
0.33374174446  0.392224893187
0.318533831737  0.46145850737
0.593276390219  0.292966796979
0.521847839493  0.42664702497
0.503476467599  0.547611288326
0.442043388045  0.496615617543
0.513043583407  0.392753389969
0.310528575763  0.33492168237
0.376575308862  0.452382840407
0.525363331853  0.330141489569
0.467454237176  0.360575617981
0.530813668757  0.456761422164
0.399538973567  0.4457017812
0.514246612384  0.392695171618
0.260527946592  0.510844997322
0.588528626731  0.518346601975
0.529818450074  0.275268397923
0.380980339049  0.503882831074
0.500388071357  0.329147561238
0.35164098208  0.343774928564
0.227769409344  0.358447819288
0.557334188679  0.683197018777
0.351303498  0.203515458428
0.632262467445  0.46737467683
0.571121701721  0.519830039584
0.517950196236  0.442422376761
0.549792755713  0.447864873427
0.519375943685  0.417739168956
0.211643510911  0.504757521309
0.658782419646  0.473165791963
0.390115817428  0.598436587801
0.562408639147  0.522473685211
0.498053919134  0.404672330131
0.580849792934  0.449410087273
0.546158699177  0.432201408068
0.558812792235  0.323274921278
0.537853121657  0.538640415475
0.406146454371  0.400373778
0.601631960298  0.390893470743
0.464943272791  0.479079986598
0.306454073624  0.41514253096
0.435001815069  0.198986356165
