0.471684697088  0.60216925701
0.582464822199  0.57521637948
0.560135119463  0.601574425184
0.417154488173  0.435794967668
0.385789485596  0.403355806025
0.58282690827  0.575133117767
0.284681398491  0.421236941993
0.625340617825  0.192728362658
0.558066347644  0.385163286562
0.473269619103  0.317453703479
0.446902631085  0.553370053896
0.417282197449  0.464691265818
0.544350625346  0.439807950718
0.379605298225  0.189913032849
0.511685554823  0.476404420673
0.377965036857  0.496996892771
0.413646146454  0.719919189464
0.402366730574  0.581944066986
0.743558052787  0.589011910181
0.653663422501  0.553935465829
0.225489246461  0.359434313518
0.5413476622  0.604883701598
0.60286326688  0.351592125809
0.521295679113  0.420227164974
0.431697376166  0.594419973951
0.46787508782  0.437571739003
0.578323313454  0.426391516864
0.542398267932  0.3124946204
0.596134446004  0.381517222666
0.698398721491  0.67839756347
0.632164019322  0.440157464527
0.488683585552  0.557894149704
0.641915839079  0.573804754064
0.635027386857  0.465359914115
0.664862874514  0.477750638234
0.397558968037  0.54151067123
0.403741617625  0.578031676205
0.472389548113  0.400274071035
0.501561413063  0.36282277766
0.349117404302  0.460649127102
0.44100575149  0.284036590394
0.370872759199  0.542265462291
0.403649382165  0.464187773258
0.583723448962  0.398199096179
0.496988981597  0.45666405827
0.443597335753  0.590575214927
0.548702267706  0.468014108418
0.613887634391  0.548355364574
0.217801447777  0.664988791084
0.593214027025  0.592195778545
0.293250957771  0.640323215863
0.405751947911  0.474255104459
0.638983004842  0.437145347339
0.524442175213  0.467244212968
0.547244885117  0.431405269412
0.641136658164  0.424821491797
0.467265984854  0.411763567153
0.305592603294  0.369639373786
0.438334256466  0.460998102763
0.580349974225  0.515471868938
0.501906772262  0.485616996249
0.260457437075  0.654115648382
0.591924274477  0.596081878595
0.501363998927  0.264098756222
0.570080539131  0.397834181186
0.365012291736  0.514706572808
0.576097898714  0.318039310387
0.418009196669  0.665748267431
0.439793719254  0.481790423139
0.505207026011  0.404666856467
0.559792032562  0.640386577014
0.448505091439  0.410137009074
0.397777972492  0.481289306688
0.482462617757  0.358764577914
0.510466738891  0.618119668393
0.343737576658  0.349442837569
0.602298325145  0.31280688968
0.505064672556  0.289134964789
0.524360778129  0.497485417972
0.538766225366  0.57591994715
0.578299977339  0.616587165894
0.527464959756  0.547954883801
0.450919855313  0.156890547861
0.358058364534  0.680179115044
0.528394495404  0.519836742777
0.421152872354  0.457696689089
0.387150871744  0.58553148138
0.427083266777  0.600329687696
0.353272715522  0.342843213716
0.423757651197  0.47810566366
0.485293915125  0.478522011393
0.380199868975  0.471357915739
0.336797811677  0.499634713296
0.539855741212  0.457669507344
0.407921157743  0.696479345594
0.57014439125  0.471517785532
0.406705607547  0.534480857837
0.502729734494  0.520554415376
0.428127790599  0.156991285419
0.490619935378  0.56658315342
0.460980850624  0.622684996981
0.404391441536  0.519402350264
0.491542179325  0.390506471814
0.540643254229  0.615060357708
0.392784235556  0.497621616448
0.550624351312  0.375175864393
0.661329567699  0.416432552391
0.590968722907  0.549897471429
0.495324244396  0.605254178911
0.466281487313  0.494259077266
0.512212024561  0.434921654743
0.655391595924  0.519657452173
0.579989323328  0.624041006444
0.650711773897  0.368848396762
0.449835929238  0.628800198048
0.535931169118  0.474536740974
0.601210991251  0.41882812996
0.440530731297  0.443873169329
0.384449132743  0.58934663155
0.412510880009  0.387133210407
0.356453409564  0.256237731381
0.503613185007  0.560864449852
0.477278134361  0.449123324288
0.540959971161  0.501542752106
0.357415437346  0.423427216444
0.595668204534  0.588347428369
0.536842834316  0.539703559723
0.561074615747  0.477854893565
0.640871823703  0.527092544971
0.404860528679  0.487251995507
0.312776236524  0.384511119319
0.389153191306  0.343565030355
0.429497046459  0.5446540504
0.403822231255  0.529761932223
0.384262584408  0.541815482476
0.552684745775  0.452468105562
0.460474239118  0.691790479342
0.65738969163  0.498533598009
0.717294222438  0.445074424191
0.673531393654  0.459454736493
0.372233632649  0.560604123235
0.464414766563  0.693175549252
0.372495850536  0.33946115807
0.53375218648  0.508643849699
0.673250691973  0.449728238796
0.521909287925  0.466836021455
0.506659156428  0.448122898006
0.486862209025  0.36474567445
0.569564018396  0.564254991399
0.512068761194  0.576236645621
0.467547200627  0.442951169114
0.491007553837  0.36559181102
0.443956939725  0.412184926942
0.499399979622  0.459969162511
0.575707501801  0.373174614587
0.579301405697  0.376816190076
0.330357849502  0.551295022032
0.396442877786  0.463836632047
0.621638824458  0.329719067939
0.557356471781  0.552907403614
0.37380286625  0.245733265227
0.727311833377  0.513939545635
0.544531190287  0.486120658252
0.467544130088  0.51663017713
0.506324256744  0.456149740521
0.564432147447  0.442953521751
0.654473546568  0.498862451956
0.426533186047  0.509122622328
0.403101651768  0.402010415673
0.531056955728  0.480354699297
0.353194676829  0.456586520888
0.4229385114  0.50210012431
0.439591725014  0.597907416971
0.509162009658  0.500913291495
0.582645116897  0.351632005322
0.548589043778  0.416989331427
0.473225881527  0.606566850105
0.503887554616  0.605644110143
0.499855696948  0.39332784985
0.482863543622  0.564321845457
0.536690282935  0.431940950783
0.403264106177  0.556067069204
0.636412701956  0.439744153001
0.41006071221  0.54107025643
0.401481678117  0.427592002774
0.504453857409  0.454957831916
0.568286928808  0.501367306557
0.593558005166  0.289278931179
0.473371977077  0.639659270727
0.489992931522  0.490254601877
0.678988674516  0.638104091523
0.612947496213  0.38262242592
0.532690241831  0.413038358267
0.54120646853  0.402750373838
0.246819154989  0.535319152092
0.327757760406  0.538137265027
0.605566457885  0.515796706968
0.281259594643  0.388257807603
0.493071038504  0.635318471985
0.553578845659  0.476569367531
0.462412423767  0.647422951758
0.470626896577  0.744942420448
0.541758606368  0.584420696181
0.429556571575  0.489303036683
0.51053583245  0.594465829606
0.633073134206  0.266823735217
0.546098385493  0.626920160716
0.427076285196  0.531908148607
0.444493013392  0.369633765176
0.569807941066  0.47559445185
0.432304134971  0.405465886036
0.476042637515  0.477090688724
0.375681960343  0.361433478881
0.523504102321  0.327941688781
0.553243049054  0.492904235799
0.221524118475  0.503526835992
0.566875060636  0.438148762287
0.756004866354  0.508578145594
0.631655086138  0.62158936703
0.421571991543  0.510455856589
0.508939442773  0.356602219728
0.467106886672  0.495654653164
0.47278430875  0.40637352668
0.438393522365  0.667844447098
0.61351852358  0.523109422301
0.411916058992  0.484939282841
0.398680753936  0.498471675001
0.421851838552  0.400013566841
0.54463658846  0.532684491023
0.454101846187  0.400378173187
0.487942134507  0.456199017403
0.566763176042  0.370237523645
0.620808750159  0.415060679763
0.466313452458  0.681486322617
0.351615323112  0.176550677618
0.293765635739  0.441989304677
0.436878256407  0.456017240157
0.435384457185  0.554689662698
0.684901860632  0.441633980008
0.55255979752  0.393676819326
0.509006270566  0.378589355936
0.31765782904  0.548623249441
0.490981987351  0.590199027761
0.521907683343  0.335307947646
0.64203602515  0.637972354042
0.572783433809  0.348300625546
0.556805353072  0.435245093214
0.489927485018  0.256134531635
0.562344121375  0.494499313839
0.515096497383  0.480108553618
0.556986012059  0.371997636687
0.592092718079  0.452342188852
0.614413430598  0.472423903176
0.455255189449  0.512704174695
0.573157159826  0.40820602083
0.62248800531  0.485712706042
0.465980395373  0.495486392325
0.444965863432  0.268851771506
0.57408230464  0.492278962871
0.631265995783  0.577091788395
0.552090130694  0.24948890737
0.441705542772  0.531121993751
0.440581456947  0.344179338732
0.414324147296  0.457019035362
0.577178851669  0.582142759488
0.539347973052  0.54149185292
0.478066006218  0.49897216391
0.695937690138  0.424077097412
0.616477348196  0.713658616063
0.501188977522  0.315899685229
0.450853178331  0.537743958656
0.431829699435  0.567805045061
0.451244076986  0.561930532813
0.455559159931  0.591239765315
0.588454724119  0.556121251003
0.56256685867  0.507041961635
0.455998974049  0.516648422712
0.372219898736  0.436198860323
0.398300636141  0.498365717821
0.459709983526  0.501610199704
0.486174757055  0.501427454092
0.576856697751  0.261378167425
0.603225163091  0.47543676488
0.591155960721  0.523169954379
0.428184331964  0.404173416692
0.573089845633  0.591742519011
0.225249596013  0.360089002432
0.619133427622  0.451601864858
0.629281956321  0.68958807263
0.583324227653  0.689917234785
0.473028748268  0.497994896689
0.512010284544  0.368590277117
0.383536002536  0.498148987395
0.427674866698  0.536597765068
0.494697497746  0.394673734577
0.420520609369  0.616725151611
0.443756661071  0.471912206674
0.532690727784  0.623712954499
0.483067564034  0.526677721711
0.551160445184  0.53256178364
0.354166887517  0.39922240158
0.448238885371  0.420304540118
0.617959232453  0.533093148678
0.334673605404  0.451914174852
0.523551482524  0.632768979424
0.331490995415  0.517137413431
0.397645647637  0.442967217165
0.430083343249  0.536103452216
0.530902286414  0.337212034843
0.454454821051  0.448146310477
0.579359950304  0.389014079084
0.6426163679  0.623941123354
0.550285146757  0.476623297941
0.534009476173  0.448890847299
0.454335262917  0.444861315852
0.420413481253  0.452839244069
0.419612853795  0.458646396267
0.42570926357  0.423108148548
0.499209672189  0.518370922491
0.365175561807  0.526364839879
0.510005510133  0.509337506325
0.69652200071  0.485374775688
0.461124804049  0.445980236955
0.484226962748  0.567875746098
0.628129081512  0.551883098135
0.455882627729  0.492019347585
0.416455386944  0.518752306743
0.42015028281  0.436380442885
0.636857008592  0.358832939928
0.301669642937  0.491683111996
0.511315691685  0.539749252662
0.619104051535  0.474031465626
0.508331617832  0.617269446367
0.581800797393  0.488988823033
0.400370196208  0.548374804898
0.480941429066  0.657510585386
0.60541123911  0.382329671586
0.490949167504  0.471445309183
0.422655014359  0.445213676084
0.38976695669  0.639438457404
0.605157770545  0.385321541684
0.310670954145  0.50757273191
0.315972533587  0.324528197244
0.366690216389  0.598964030862
0.450408943862  0.648196215134
0.532868853976  0.500592002275
0.495799925167  0.473526598232
0.314049271527  0.644817051339
0.425343675381  0.650031611435
0.524331759915  0.49183562657
0.588100743476  0.640234991731
0.572088988786  0.51140673184
0.448563601998  0.552589760058
0.56880728766  0.385009443937
0.422040917552  0.462403623044
0.520236039766  0.367790466517
0.511431884273  0.423195453383
0.486206322646  0.509002423631
0.439622312545  0.462199839456
0.326117759539  0.385954602793
0.552699150734  0.489769635281
0.298232363362  0.481478156205
0.504607060543  0.514587484216
0.602246126162  0.530211570145
0.339965724852  0.548640748712
0.470166028392  0.450785071268
0.519826163336  0.649353570714
0.544296933144  0.420702267506
0.511533746791  0.53042494788
0.621369132401  0.393647102556
0.414468759088  0.465651973064
0.356741855465  0.382336297081
0.371112114574  0.584497608799
0.53690888131  0.654186626637
0.483658529181  0.491356216234
0.563316751356  0.442417582158
0.440678460117  0.559788520109
0.466710081473  0.496090169273
0.617555063247  0.303161951632
0.594135367871  0.582910441052
0.508286780169  0.53236312304
0.204910860901  0.560531217715
0.51825689795  0.528096014975
0.57194630284  0.408100563706
0.415842530889  0.591719418733
0.618236734119  0.475491533051
0.565180833116  0.561070132674
0.395845123913  0.386140751485
0.50877217377  0.427685644702
0.597214065412  0.401796910854
0.469097434029  0.406519859332
0.369077784861  0.405769811299
0.654954422972  0.388549314429
0.265135224856  0.462669046036
0.280502571613  0.574256457661
0.675296424063  0.709423910782
0.403043982591  0.371888750964
0.481498703575  0.355977875237
0.740994538888  0.476304101698
0.520069059275  0.487611516142
0.458293711582  0.512208819461
0.633149448884  0.584270407953
0.45659475407  0.455446236386
0.444275330639  0.409176160012
0.512172281743  0.576823334886
0.549603066965  0.489828326392
0.469559739276  0.531094480587
0.577136039524  0.197110028632
0.483648440001  0.394301204255
0.452514414836  0.509907442243
0.502321988198  0.539909472426
0.345929616293  0.456160651931
0.515869909342  0.755651159344
0.557456915789  0.505687065104
0.452652998015  0.428655226653
0.617623278001  0.525233748802
0.293803321836  0.464722379841
0.501523350399  0.607136320426
0.451774358414  0.53408806724
0.537336901967  0.565052502567
0.444523724262  0.612985800887
0.496074546269  0.559443202429
0.450726726337  0.557167419716
0.409844846127  0.572500479849
0.692975935195  0.633013708564
0.471793681116  0.45881981609
0.470793205486  0.393471046543
0.470999058283  0.597004287803
0.499358481051  0.490976241838
0.540297868551  0.514629277773
0.383948370922  0.512644727385
0.58431591713  0.481846910578
0.438587492724  0.671080859966
0.381215214423  0.205284382923
0.551796550427  0.595210715026
0.544908178001  0.376495766958
0.568066343744  0.387701657065
0.630169525858  0.499405138953
0.594440305954  0.563211890188
0.491988165023  0.627392070955
0.652503671166  0.234699971716
0.559180772507  0.434770876494
0.637994110291  0.481432751198
0.623873315384  0.48920584279
0.504819346454  0.625605325224
0.528027688712  0.494341434572
0.51293971291  0.511576838639
0.613978479402  0.3484787625
0.564613731517  0.373851466608
0.60550468084  0.383603364144
0.242010141553  0.432103980701
0.553256541029  0.419978034887
0.633250281927  0.41982016553
0.50909321816  0.438044523599
0.343074598027  0.36228427461
0.426786516103  0.321003271158
0.561610614656  0.496967323148
0.391950406499  0.577953716456
0.436219710314  0.420135899302
0.451045249294  0.471518455699
0.557111486788  0.328870361484
0.631300130551  0.459392588987
0.534447608038  0.63908088087
0.543019697495  0.445739764407
0.496308902697  0.456918739165
0.504217579939  0.594199549757
0.42507697316  0.410675826753
0.383461345295  0.51254097728
0.688682355653  0.348759131805
0.622741084131  0.403850100373
0.588292570044  0.368553909637
0.485571909  0.58709187002
0.271671119891  0.567439099921
0.683424567638  0.564882502598
0.477743238543  0.487081044826
0.237953213768  0.330905324574
0.536896683007  0.438398754352
0.520863000479  0.542093633975
0.677987670285  0.716798705065
0.640192811514  0.553872617536
0.293910854507  0.459328438182
0.307840351657  0.500756880393
0.379297190448  0.46549886845
0.686809163812  0.552677480166
0.328686131642  0.364349919586
0.564743484455  0.432376578668
0.621234579776  0.4454074062
0.485678097225  0.523859988472
0.430682352741  0.498414500724
0.402619580504  0.537909989423
0.446096436973  0.475267029685
0.57597116275  0.431044184832
0.477094440396  0.418937861475
0.351305054013  0.340986053748
0.431625531916  0.530736773697
0.397636356117  0.655135672028
0.476876720872  0.419574319491
0.448780569694  0.446442685017
0.341844467345  0.48582023436
0.630781642644  0.613075683996
0.480630282785  0.306617754753
0.431092985568  0.496020702503
0.506705151272  0.491869739227
0.506301592289  0.857861203814
0.316809427311  0.528913182164
0.620782588703  0.487652275161
0.482184074984  0.502118414137
0.447595005179  0.528521956148
0.579603529735  0.538255608917
0.52523239073  0.580868487048
0.492091741116  0.609253564473
0.453731172343  0.554420795863
0.549843104381  0.683647226898
0.632378936104  0.308709880577
0.666188830047  0.514372455847
0.603205281715  0.438775099757
0.47087787282  0.378525258615
0.692387576758  0.580003847913
0.55811538545  0.200856444866
0.531248697751  0.472784759041
0.545712092455  0.548488044651
0.321187892088  0.344027895073
0.404444108074  0.626079608426
0.416402022555  0.182161401856
0.39773733303  0.565425259667
0.625425609915  0.443876921925
0.644162494135  0.368729200043
0.472553422583  0.362073090666
0.669259686742  0.394301061976
0.308802137025  0.54659585038
0.497009352806  0.53998623722
0.322464703643  0.59000991598
0.522105988591  0.506653714169
0.657309124972  0.5531792504
0.488005551573  0.231616345031
0.573469468972  0.571098287936
0.639563077108  0.577146908044
0.458519185703  0.590040358376
0.453899974305  0.570616084291
0.580194532808  0.413530553952
0.468913993132  0.628473252269
0.490788470271  0.467267282423
0.418272473533  0.363100459857
0.626166650776  0.396978287071
0.377206888077  0.50608164182
0.45468974052  0.387299949084
0.36164210994  0.680712186232
0.513903924039  0.507755648837
0.486319048017  0.545090977077
0.437552136744  0.605630720317
0.461211019529  0.58878366783
0.624759421288  0.589369283712
0.579481405977  0.406140272033
0.657228666405  0.398553463743
0.41909447356  0.472406663324
0.565359285612  0.414465074985
0.592390256543  0.461764460501
0.547430766706  0.471155954108
0.325984332366  0.517783997189
0.551716060931  0.458354814097
0.39377094975  0.3178943297
0.453852570227  0.636057719078
0.306660878821  0.509161165052
0.395321633497  0.393891363005
0.445611236227  0.5438793428
0.558489270918  0.453743657376
0.492729705704  0.430318802172
0.291241384784  0.410166455142
0.568383779563  0.393384426694
0.476084273992  0.695442619667
0.609177982483  0.367603092511
0.468486043761  0.454421226567
0.360082674049  0.650406340217
0.420488227183  0.432032977347
0.305499529228  0.44809945625
0.520957519984  0.414675483464
0.419108659193  0.690257516222
0.397989990293  0.407555047677
0.435917620288  0.340050732307
0.597450423066  0.539631314663
0.317276391211  0.377959200947
0.452277208012  0.613099225756
0.578742711205  0.661583516842
0.913190363723  0.57006907143
0.461242489741  0.586142816982
0.451487679837  0.425716727544
0.564372870837  0.528259308457
0.300202869578  0.516680231214
0.390246204468  0.66638106372
0.6043142132  0.493173125797
0.414787805471  0.504141922122
0.471808491692  0.596561580249
0.229739574356  0.423344117422
0.561137998379  0.40064237922
0.599939365673  0.471216379963
0.412010720123  0.557153784607
0.54719350803  0.527939286607
0.554905437635  0.49933203524
0.479892522735  0.536437029884
0.429086452769  0.574918467546
0.495923396242  0.432776375776
0.425159966909  0.48178823906
0.384653488469  0.548789344213
0.487988091919  0.440186427592
0.631751591512  0.482285032691
0.539668518952  0.457411286019
0.636864776052  0.613597334928
0.303757651996  0.427914551486
0.283290350455  0.266057453037
0.502237347988  0.550251268738
0.67794521979  0.322098059165
0.571187410734  0.419937752933
0.402156484537  0.419316287147
0.480483219162  0.380046797541
0.561083479916  0.681656415347
0.453624710041  0.591538403447
0.332446425915  0.637487143704
0.491199675265  0.520356019254
0.348781730355  0.467826464839
0.394787338982  0.411034620956
0.47327316474  0.414812826642
0.628765276685  0.542801334176
0.484043184251  0.389618664961
0.529467050644  0.499197617966
0.536976557508  0.51423187149
0.496724669267  0.373129752659
0.373642706651  0.759926250279
0.429747428263  0.256575832516
0.399280174941  0.522513553429
0.552054203298  0.425676719179
0.444073260939  0.434974514547
0.549669871406  0.390383888653
0.351973633655  0.494743490145
0.490833151878  0.318482875799
0.572304971889  0.568999975455
0.536847751624  0.520253165984
0.342246838595  0.423661583792
0.391195463167  0.488286812695
0.660337334135  0.687538926046
0.603030054736  0.531728507615
0.548309559187  0.269118365947
0.441515902513  0.541938675969
0.675504785838  0.490512579821
0.425764155156  0.52267646503
0.529861236992  0.21386279276
0.597392770646  0.510582490914
0.479822132259  0.628639229322
0.404987237244  0.434432087988
0.4115699353  0.41619032051
0.525178546931  0.558452975303
0.399519362051  0.460147862497
0.743489845707  0.569622212205
0.563034207046  0.380498209724
0.441126207453  0.512187077445
0.478179891394  0.322193961619
0.354241190715  0.39005267506
0.55372347082  0.39771985866
0.449779960567  0.498513607934
0.44848332663  0.335703987994
0.516479736492  0.740860622571
0.448994897909  0.630440741965
0.524039525479  0.442101321851
0.657885928894  0.496595187511
0.372374709708  0.494965103432
0.40397824095  0.369006970423
0.542458138104  0.491744661125
0.525729319105  0.332357173961
0.617161362892  0.557343173503
0.637459979945  0.379479282678
0.548843912468  0.44129601152
0.615098608225  0.605825045728
0.529935042042  0.407125274018
0.55518779457  0.559866407782
0.528650970098  0.559479318288
0.470678662406  0.412943592428
0.457771061737  0.403425502973
0.522222920742  0.347477235605
0.494436921946  0.536811019197
0.592078098999  0.439634875879
0.346797283771  0.508359433007
0.544917207606  0.436827590667
0.377163347773  0.633512901968
0.543582991028  0.443901581553
0.454455730146  0.503652874588
0.484854124979  0.377080852381
0.48726436773  0.414831730625
0.479132950884  0.553350853139
0.43368102993  0.528822689221
0.439413337039  0.410678496632
0.431101827552  0.482226681729
0.476748575936  0.25470151567
0.53611800189  0.629907241175
0.616436787749  0.380293916553
0.581117581331  0.348822691613
0.521698422926  0.268521342354
0.493654591548  0.480519911642
0.371205920795  0.474736597946
0.38327038031  0.303882905737
0.602628154094  0.446887078027
0.190707156946  0.515817254042
0.541576945764  0.470993776301
0.63492789517  0.636955075514
0.2413050986  0.556507671028
0.547991289786  0.337623918311
0.552237835565  0.484372940527
0.5187274983  0.488098190076
0.558542405573  0.609866945206
0.43814948136  0.544013565288
0.47304145468  0.396779066172
0.668656967991  0.522403271627
0.535232665128  0.445634986788
0.407330083023  0.399657540613
0.456677990138  0.36401584689
0.67908746667  0.626523061435
0.596905630529  0.52122705657
0.553924727161  0.422008666416
0.405367679802  0.417114600463
0.448439166128  0.391343896879
0.520358347258  0.564955095086
0.22229371501  0.442270980777
0.352230089654  0.465936016367
0.534068541465  0.559354674645
0.498576653078  0.519678590208
0.566071396354  0.489945879668
0.213800859425  0.407426915322
0.516700417929  0.467922495595
0.436366866486  0.441909824718
0.332459663837  0.427901187237
0.445961365957  0.485062665724
0.491776205562  0.443381771872
0.42482663359  0.404344182741
0.427050748361  0.443652744869
0.387197728288  0.579151505281
0.594898347062  0.326326363066
0.303442719683  0.456995429426
0.67122364269  0.545263717738
0.61461871107  0.491851482438
0.32761887222  0.442003137067
0.532381644091  0.522337116886
0.464760674393  0.460500811248
0.379429945799  0.452129345723
0.553168272539  0.428853506431
0.378871684889  0.609499700102
0.55535714625  0.480080953944
0.548510743946  0.622727563275
0.363278424681  0.441960985143
0.43613800699  0.508044453757
0.433122667666  0.411122061649
0.488216180738  0.373660482566
0.533993150595  0.643594552965
0.396379881992  0.481888764014
0.436123528698  0.654265084722
0.338190436655  0.524471527679
0.490210781181  0.439558917096
0.547202285862  0.626382219622
0.351977126501  0.56123153663
0.489625060312  0.381433949762
0.624896873959  0.403074821429
0.577488799158  0.485495519546
0.461544134343  0.525809876001
0.447415589674  0.413266093261
0.259700506044  0.509359892003
0.498786143785  0.684972502738
0.395528190412  0.40721542518
0.34580006678  0.524850125698
0.607747299313  0.487309299101
0.468510325561  0.500610676684
0.596646026831  0.451082209898
0.51384899154  0.345960025845
0.575305259175  0.422686970371
0.427237199943  0.329910268386
0.57594810142  0.407252476456
0.515095771145  0.598379070334
0.418767014602  0.435205603081
0.487686287347  0.474155327902
0.59816340945  0.543625751023
0.509768341687  0.500801917109
0.32965847736  0.584940545014
0.4795203771  0.462823606603
0.532340681223  0.608937053105
0.462114370922  0.61610777935
0.61812323333  0.473749069476
0.372313661851  0.427813828162
0.351896985028  0.524317032894
0.446916163844  0.313666645595
0.605667460231  0.736753073789
0.293813735281  0.615809714623
0.535029694428  0.516650703592
0.182297150444  0.516213833423
0.462122168706  0.465851613067
0.433959309128  0.286908127971
0.499880467436  0.530063624693
0.433336223763  0.57737251951
0.561574991586  0.432178417585
0.535764021002  0.654764997195
0.621988180581  0.359706993018
0.306697596505  0.218885435754
0.592819935222  0.59428811935
0.48697730357  0.512441396363
0.571223017431  0.431209743496
0.496309523475  0.567637437078
0.624289944668  0.484908839896
0.485413076645  0.301169188232
0.420781267875  0.351756463204
0.27949319023  0.55034514577
0.497493100908  0.487092137146
0.459671503454  0.370074287617
0.587539240545  0.323713030479
0.604845868537  0.521429807365
0.607458553764  0.461963616615
0.551835231449  0.561076142736
0.499738483229  0.526821787181
0.55445151145  0.387356252393
0.616196810253  0.57388135695
0.469627895329  0.540882291376
0.49527984635  0.429734359765
0.472450942396  0.593603277496
0.533839495025  0.470093901731
0.578971980527  0.675872366891
0.558233915009  0.256319356713
0.672439936164  0.478806304734
0.525893600104  0.478165970508
0.318256868581  0.357793007569
0.577600001578  0.402754835343
0.489478473043  0.407780850076
0.511947384902  0.423930584216
0.550055187981  0.421427025647
0.393993491063  0.45864775939
0.368521024308  0.62487842844
0.585605497219  0.517542710401
0.462177217694  0.526433082316
0.521454460232  0.406850017162
0.438389839142  0.462609667591
0.543493199386  0.468108314117
0.45776819467  0.511347973259
0.39244768451  0.495520460118
0.500468182951  0.606542886742
0.504093231108  0.336616468589
0.577157726818  0.587056129861
0.42576157234  0.515686745428
0.6252215567  0.442680312032
0.600027154299  0.36819223109
0.299814953894  0.698840350523
0.55311466598  0.614051154925
0.527732652796  0.307169266584
0.532090771959  0.325629505943
0.560749248072  0.428252292117
0.501700405734  0.454700753433
0.638823485809  0.38403516723
0.395654017886  0.418368003196
0.492387661849  0.470825620678
0.362689764031  0.504948526905
0.405381685972  0.420469965897
0.468585883607  0.458898102814
0.45204128023  0.355036326936
0.368340984334  0.456094691818
0.474862242839  0.494057670844
0.630648180791  0.574154886129
0.484763007881  0.591520570415
0.647029930659  0.401912932232
0.38361898057  0.432110985145
0.503768474491  0.42626827956
0.553532168054  0.551330121716
0.56015383229  0.421471550963
0.47405039568  0.364889222311
0.665571105636  0.575314745807
0.594153512492  0.65580787675
0.52116117752  0.511702898131
0.536542952904  0.522929422006
0.427211987795  0.408512244447
0.487437273783  0.368588609496
0.505722830781  0.440582323166
0.293547335274  0.497237737014
0.494363501508  0.367385600389
0.697670288959  0.594960584895
0.419371542613  0.544552968094
0.460797058392  0.361167651735
0.408786463656  0.395577192335
0.654291419119  0.597827010577
0.374544518258  0.517326877487
0.463250449741  0.572848749072
0.556806221738  0.513605276414
0.540139309912  0.675058210885
0.473175600378  0.601498403863
0.391624843633  0.395202720292
0.505970146924  0.391018165415
0.511481377977  0.506321818717
0.486254119324  0.737199003269
0.38750052723  0.486793919226
0.521800637863  0.507260883468
0.500692737055  0.595170800055
0.452906224206  0.253521054758
0.438930475185  0.38256570309
0.321515986816  0.395857937558
0.489024273862  0.428763958949
0.326141237257  0.553975490003
0.508911644556  0.539916512739
0.485233894903  0.524050471421
0.598940268398  0.445076903963
0.592164517622  0.5448219864
0.500047623738  0.616901409131
0.481637351364  0.477447073809
0.437720152283  0.284287823912
0.637390632918  0.540148758507
0.635192296577  0.487989402498
0.432860324654  0.412330753494
0.570210155263  0.518739860113
0.56213385991  0.641021211194
0.396046809865  0.386587937944
0.476491135757  0.508922963964
0.520931123178  0.507227616515
0.593584436822  0.350982103484
0.46469690324  0.541308933691
0.534617943412  0.447880155865
0.659615602077  0.313244922733
0.447229044907  0.374069719572
0.594888118539  0.608155636534
0.609836496823  0.590980153229
0.445955077305  0.466310988315
0.616055559769  0.539669837224
0.485698340531  0.399272813377
0.466200255209  0.36149099971
0.371139565912  0.611952464264
0.51239859965  0.418181547869
0.534910591251  0.414381281455
0.475952921695  0.452103062395
0.506001562902  0.458256784498
0.688914028275  0.423861847901
0.444714908444  0.50709616451
0.522974882662  0.365561341159
0.467183695869  0.532103017717
0.561524720674  0.540184517812
0.601140232176  0.563158815047
0.495415773568  0.547749635034
0.238159008557  0.625679128176
0.575494038147  0.429401727527
0.633517643361  0.592693502245
0.53904348644  0.717678803185
0.552835433195  0.61594608208
0.614111666838  0.512869537591
0.470458817712  0.427214769019
0.672300156326  0.594962660421
0.412443258388  0.52738733639
0.422425579813  0.418737540583
0.40548688236  0.424643315217
0.463619688459  0.370760454699
0.509943039688  0.647648319139
0.332861318075  0.543725888839
0.506201528719  0.488547283005
0.47072036147  0.427099338834
0.420675491065  0.296801087875
0.386577607603  0.377861028433
0.4541003056  0.503638876407
0.43087064984  0.600627346711
0.660053819856  0.514352847085
0.476158390757  0.407295430627
0.67131394644  0.397598229937
0.488707839072  0.547907814461
0.530533666792  0.277197331224
0.626300609259  0.534898974265
0.517121864109  0.361543738098
0.479385991177  0.451537904951
0.541121140479  0.37052290526
0.503573164175  0.441852194806
0.382239931081  0.432625788818
0.52166574136  0.579328964364
0.463944231513  0.542940510956
0.402306737922  0.556843762319
0.416282813074  0.543891451999
0.506947668839  0.466578837346
0.631090789565  0.57530385183
0.436003459996  0.513426848695
0.448181302786  0.484373517991
0.554387753578  0.404419202277
0.484210732095  0.497537116802
0.45148188435  0.400119993329
0.62500002123  0.495207337066
0.446739953106  0.550099085119
0.471673170931  0.601587319754
0.452938137211  0.438866935886
0.433670183074  0.491001912665
0.565073949273  0.506824208921
0.384623829414  0.491540442498
0.521556843258  0.451407737201
0.429740361496  0.55952889655
0.279751823857  0.546052818515
0.467663310684  0.504090817649
0.303663131819  0.431307223404
0.629422861091  0.43748070297
0.502901472519  0.478958241348
0.601074760115  0.459300699323
0.387218458895  0.413512778124
0.443465886763  0.561860746864
0.766068366883  0.459227461319
0.328372638079  0.485731631017
0.566177994717  0.3504582052
0.515637845604  0.473795570106
0.473197454681  0.267016728917
0.556653934994  0.407944712094
0.467590771655  0.477018199379
