0.562515971195  0.49385425802
0.617847604819  0.426296367818
0.374390441803  0.440316775354
0.722815195107  0.563002076297
0.443353100765  0.435665468081
0.582476005505  0.455467013033
0.592987315409  0.447759560472
0.435778154244  0.507283255917
0.527914350906  0.481200920277
0.483420818313  0.335950870119
0.592394699262  0.285940288454
0.517815048033  0.568444917268
0.470275613114  0.532242522121
0.437467689786  0.565045255215
0.470024306843  0.426144630087
0.554678823923  0.684144921766
0.45621510284  0.597123883668
0.440806049336  0.367448883178
0.532251066441  0.465514810527
0.526914457683  0.500149408886
0.572256640851  0.684691409045
0.508470060906  0.378042483252
0.389584689783  0.455399227776
0.390157386389  0.442964896396
0.423874145091  0.256785201168
0.503855194864  0.362612092205
0.420099339462  0.531657848477
0.544919704672  0.491545880329
0.437734356891  0.619606770087
0.571114821157  0.560906407612
0.404925584406  0.489430197712
0.497965598733  0.499753363075
0.575022362507  0.588186804952
0.433410395565  0.542223610435
0.552281539156  0.556236759623
0.470026939442  0.32260132504
0.623688016074  0.551337079024
0.657871270144  0.244899550197
0.341951691835  0.478847034575
0.337532775941  0.596243294445
0.639758529373  0.322080272907
0.59373816147  0.337770573332
0.470078895961  0.520038748117
0.522287487291  0.419060639832
0.435077662031  0.572961162419
0.38207816881  0.437113505574
0.434439417235  0.473841163906
0.566161103795  0.49806904448
0.563220196534  0.318789101647
0.54698928959  0.363010695216
0.580380432532  0.437293688778
0.487911387041  0.644710345982
0.456787571476  0.263932371788
0.528511967342  0.596412364522
0.430587865091  0.48846946533
0.615880860307  0.343679238249
0.541940140996  0.267830716469
0.456647832713  0.546681754995
0.38896523425  0.524860942778
0.506304420832  0.37996349089
0.609485490102  0.43373154688
0.386046082403  0.509559698231
0.513874628045  0.350354929615
0.583811177444  0.508823536584
0.360698898991  0.273460807075
0.542112717169  0.532649746634
0.583040146763  0.374406812071
0.434687168179  0.356806890617
0.354027501592  0.541610427765
0.555950107571  0.4022759005
0.549580708428  0.275042824743
0.564187125786  0.451356363308
0.391237563516  0.426050695553
0.541426942727  0.70436270326
0.462083739425  0.472119380756
0.57797746141  0.546934634702
0.542198754825  0.650389570332
0.531570873888  0.451511985975
0.38757270928  0.330692745261
0.395566501301  0.529248901772
0.461248177891  0.398931833675
0.426501123555  0.641081844021
0.526322130042  0.601701253033
0.468707431723  0.494036501984
0.600718561481  0.522642528159
0.721859161555  0.335856487523
0.380046996336  0.444552799591
0.444797799589  0.59926060014
0.533472518789  0.469551257379
0.564836830579  0.368586811127
0.458351113078  0.469450650111
0.564389268011  0.402888321635
0.502290016827  0.441153722409
0.599522608107  0.441542080427
0.446463821619  0.599590078878
0.533006167538  0.646162663192
0.555790073218  0.6177691375
0.630404558247  0.396757696258
0.531146763794  0.527485369375
0.457840974167  0.507971662863
0.505058363686  0.425744321091
0.341633446314  0.459371093904
0.428387288414  0.537024059861
0.468162247025  0.519224676043
0.441747683328  0.684806482334
0.455097914209  0.489401378417
0.513259493308  0.483615288552
0.70154043241  0.713241211943
0.509669724653  0.601381431425
0.445338094979  0.606020569745
0.484280945928  0.409231969181
0.454612837883  0.46996915998
0.373257148641  0.269630190076
0.523825288427  0.583987270576
0.490011661187  0.515030922878
0.494207541804  0.563027858865
0.452934679563  0.467261656785
0.464512765195  0.61862321198
0.608400592584  0.357982195822
0.496531236987  0.278144228654
0.298331303084  0.541253076334
0.351686680609  0.394023998445
0.559672948902  0.554576500745
0.620813977723  0.235762221974
0.429923302341  0.504349061785
0.480747921077  0.429230139138
0.543599305282  0.535254714054
0.426748818693  0.456482682496
0.270863366103  0.414113244179
0.602699202864  0.459150111726
0.559365425177  0.408144404886
0.525100074022  0.501420771166
0.474125063968  0.341860026818
0.461952602627  0.449242021819
0.369197615531  0.564713923653
0.353864251005  0.464091675012
0.412772770138  0.340617304334
0.446706652344  0.432878709371
0.33627121008  0.372465399738
0.58768543379  0.558885670203
0.478683884902  0.518402948233
0.619947284655  0.532581595571
0.328901384843  0.498381464247
0.489975533947  0.398817884226
0.516120699051  0.445513225535
0.615119480244  0.608173646629
0.531482407768  0.48382518026
0.466704158217  0.542738096897
0.619488774087  0.250940002512
0.537147957035  0.367458231369
0.437989126264  0.358177879025
0.647051739897  0.582524171227
0.445121215232  0.641002872308
0.578158884451  0.563548904784
0.32825608522  0.564558046574
0.454126982501  0.432981459467
0.477144739731  0.53200496199
0.510778471335  0.468933107002
0.629096013682  0.518813011314
0.397252865051  0.41925657507
0.384515421779  0.556939982967
0.386262582079  0.484640784082
0.391772892922  0.581389672145
0.408965770163  0.563899545852
0.571948020939  0.515735498275
0.450940000312  0.47314222663
0.658245881538  0.683526396939
0.490711719411  0.41092152235
0.648998812174  0.369292829473
0.539387256624  0.332176789183
0.305187408008  0.422395853562
0.549452921552  0.489650128165
0.595787425737  0.436993594459
0.683993024437  0.489178599844
0.343584251785  0.640737788324
0.43615366852  0.491520039185
0.478969738048  0.508328407191
0.421099562986  0.561207835548
0.403641252931  0.464003121025
0.433202780681  0.45685517145
0.505355935332  0.527094814879
0.332227996133  0.417849060865
0.481854393027  0.417991701394
0.675387350265  0.608312080718
0.514773538933  0.332029059838
0.570205622441  0.541185684443
0.428203632409  0.39321288486
0.507796148895  0.545420574313
0.43333749217  0.373102168877
0.438140167013  0.428173956482
0.488599262882  0.336031470876
0.445360378624  0.351214650453
0.215900632407  0.387085366341
0.427441860868  0.389363144912
0.317985435889  0.506237837183
0.510231216839  0.504168049465
0.507630514266  0.393560432842
0.69419102547  0.582271210688
0.523046781615  0.43439493193
0.536395483088  0.376339611968
0.45611512973  0.546972381287
0.583004819943  0.300922822432
0.378536548674  0.55037771159
0.612875884706  0.663608386808
0.443765908693  0.474579677094
0.659755958972  0.585790677127
0.505510635431  0.626448789588
0.470223428408  0.549448782644
0.5153420175  0.570584483276
0.431130810763  0.707311063123
0.436520880403  0.423035500256
0.505894740824  0.616512279908
0.521931549597  0.398347128363
0.527454697896  0.381209659153
0.489135476586  0.540800106695
0.61096969985  0.411116458216
0.515462026898  0.448793601767
0.387237132327  0.466498117306
0.596519646757  0.399188099021
0.3298484337  0.517478778862
0.535385911107  0.634172962443
0.516961684356  0.483877584416
0.543632670992  0.630410425195
0.419583670219  0.375345631881
0.525176983613  0.563395377215
0.395101967624  0.541686364646
0.613158172831  0.346450443625
0.696080320562  0.472487287596
0.655059789036  0.520093835945
0.228586154303  0.502993461232
0.48103474251  0.383955690215
0.433506209447  0.585765228075
0.563938061564  0.592110197212
0.650564448615  0.455462184693
0.301018761222  0.464517515336
0.436086472716  0.46135446681
0.601260418081  0.3350100264
0.315738529011  0.423249261703
0.639377507554  0.533272354685
0.39291947805  0.490284652027
0.468244437391  0.51638649234
0.547022965847  0.523833272554
0.465911172764  0.33664254804
0.502079415197  0.479400585185
0.602979856439  0.494747964294
0.336478839402  0.403760736095
0.524523898809  0.499097632205
0.482035965123  0.415080820194
0.578459988519  0.350461043541
0.614893302689  0.563706130147
0.492484560399  0.642380680486
0.523547261351  0.646791806523
0.673300207328  0.398551668319
0.56823882566  0.545618581666
0.465932796117  0.555675634065
0.467457388942  0.263021587845
0.688587794871  0.501142347357
0.336631876338  0.446193882775
0.353900294156  0.579830280222
0.4838218227  0.625754071189
0.489242709141  0.54820568896
0.42963090104  0.559066758961
0.668129076601  0.292421015816
0.497676315186  0.567756212593
0.600486051489  0.36559867814
0.418884102381  0.462627079192
0.466404416481  0.51358707543
0.409705718245  0.669593618099
0.501102950051  0.456775087599
0.470497742536  0.448784413976
0.402503543645  0.316849933236
0.604645377415  0.381113359494
0.521880036435  0.513238735315
0.457786138094  0.571465308241
0.441404027922  0.386807911501
0.496783533074  0.441827719295
0.387641979879  0.752890554263
0.381441854248  0.418230071528
0.511382831257  0.305807232713
0.443610493851  0.661755617018
0.501569763345  0.332923018662
0.406302201784  0.48532935683
0.518728494832  0.518611379015
0.67507203479  0.608329746567
0.447005324144  0.559450473009
0.497676186753  0.447623082066
0.584298288376  0.716138177852
0.578908235911  0.42984002406
0.462539513801  0.394505396777
0.546611811686  0.483100079357
0.365058549752  0.508610970976
0.30827553944  0.52140747648
0.471354241368  0.494454577458
0.49016132641  0.408731599707
0.306544687601  0.464228764323
0.520336018149  0.265183091965
0.390695156965  0.473210374346
0.39109419486  0.551225035887
0.56950923111  0.60552991938
0.519165165446  0.463915083982
0.36829975493  0.580780421875
0.457453882676  0.570402263357
0.438347199087  0.53014073129
0.552469037542  0.493270912186
0.476920029397  0.41330626284
0.671314059412  0.304320102026
0.349344146356  0.389521853935
0.234979984662  0.487127880103
0.404173755034  0.365546438401
0.446764613717  0.541411556201
0.559523874055  0.356292400799
0.224782840917  0.510381688758
0.64910031509  0.393036456303
0.39809212136  0.516659727955
0.514765804635  0.654114179926
0.565275931283  0.435349963676
0.574470196927  0.347168582441
0.498930798775  0.599592245151
0.227194699354  0.485356110714
0.463239560205  0.558445403848
0.552938724444  0.42195532425
0.420644118421  0.432202695441
0.712373366905  0.471330401292
0.451000695674  0.490303784884
0.455525296058  0.428019109081
0.628165270234  0.496374906768
0.544057664176  0.43330573681
0.426291093696  0.452525772909
0.592811303755  0.289025375923
0.536377512352  0.37785760204
0.429407882177  0.501590402163
0.465684439994  0.652896146892
0.529522933405  0.59563763397
0.362513086802  0.4982148298
0.563817645317  0.537684025022
0.387793534942  0.414267490121
0.497664771674  0.52502592702
0.601446510518  0.610147210537
0.493285751092  0.496333359495
0.595066839465  0.517413381562
0.546812473973  0.456790837223
0.559557859906  0.573652685836
0.554092720229  0.577699871821
0.363458369426  0.49939767383
0.450521731445  0.514234237515
0.572192138213  0.648138114059
0.469649796659  0.423974477127
0.441716255567  0.373865906143
0.421333261697  0.468640092642
0.549033940826  0.478109740956
0.635587779715  0.506109707779
0.547237346986  0.457937819461
0.461492085401  0.479906444016
0.457021406932  0.509405875256
0.606001877275  0.554521746946
0.395849617883  0.526354200107
0.491780586511  0.439559628528
0.343197314123  0.635046329128
0.449832459356  0.354278619279
0.491617487338  0.520358860969
0.546464754848  0.530296733619
0.677748713773  0.521802458029
0.620506766802  0.475284392083
0.587616213445  0.427549908366
0.346545282174  0.626025137223
0.357221075859  0.467042314293
0.452235305225  0.438106774897
0.504061747212  0.580861228306
0.384956996112  0.620057715687
0.31775851585  0.381078181033
0.414087725236  0.278926077905
0.431192296256  0.34443305123
0.50374952807  0.324741640144
0.590314984464  0.633782720069
0.358185529531  0.609477969547
0.451397069633  0.481768089251
0.368909658598  0.389779405932
0.445090562395  0.434973476128
0.444962297941  0.254902966612
0.460779600258  0.43677317608
0.26259615421  0.358706206025
0.512115782966  0.386158253351
0.474711340287  0.499060220137
0.500364853348  0.447348086716
0.509312617529  0.434300079932
0.471516936856  0.507762949536
0.36841758374  0.570235558975
0.464631016526  0.407612726664
0.551101393883  0.542565308279
0.448692803048  0.429558332027
0.494223887413  0.494856199524
0.592234092593  0.485282633304
0.62173169584  0.429371540485
0.341068627433  0.54685625913
0.59357045165  0.439371096322
0.497671647843  0.406881958175
0.52666738845  0.394345728955
0.710372809026  0.636209924787
0.39406539344  0.635903675435
0.327338367946  0.300022239279
0.469260467284  0.592611684488
0.627276287671  0.35558956034
0.39265430175  0.45795857924
0.549827459375  0.51624547612
0.498731376726  0.46864409615
0.583418253803  0.689563980157
0.46038702564  0.209177816137
0.390559536434  0.467519750395
0.485013885434  0.472557890611
0.449735371731  0.370495860161
0.444649592824  0.305507873435
0.293851557678  0.422695724195
0.569845319724  0.437510505922
0.465620671701  0.598782343998
0.457597310522  0.377625380318
0.712219188287  0.434222355094
0.58217145418  0.509303205977
0.396290142152  0.515385710738
0.730518002106  0.398667551326
0.380936067321  0.424513752535
0.565392939742  0.462437469083
0.431212929359  0.400077483594
0.568493352317  0.487389613064
0.374484989877  0.616355179604
0.502110454512  0.398690508892
0.33059935596  0.391673845412
0.516289404632  0.637166780778
0.370613407369  0.611466299763
0.442117393308  0.461826116502
0.569385481279  0.387045694711
0.538456702133  0.433713092773
0.47520707111  0.728195586033
0.434182302505  0.580831158145
0.510398265389  0.548877782994
0.479324870168  0.506183402969
0.455718749313  0.301716026527
0.352254524964  0.426257541551
0.480109304815  0.565504535929
0.502617747555  0.417916745823
0.388068899064  0.409472324939
0.296916113679  0.46202032057
0.473174827773  0.32041877724
0.561339569797  0.303076397709
0.509516675141  0.390126208528
0.434317217559  0.410141540076
0.47372144287  0.527551358676
0.572200836807  0.523534314071
0.535268269577  0.312239462514
0.33517219181  0.512512170228
0.422205393513  0.431609808005
0.426777341565  0.449135501543
0.347235075307  0.595739098216
0.436146343242  0.535535470303
0.481912909311  0.557949416659
0.476268402146  0.622334208205
0.427698883309  0.444102019951
0.325403114203  0.441446224722
0.370817650017  0.452494649699
0.553290726872  0.431948743634
0.537162313701  0.460775877171
0.649579550812  0.495316964697
0.511097072611  0.41340551684
0.499251920912  0.49655567089
0.659789541353  0.468525998914
0.4763310757  0.498698630467
0.59665807465  0.442462584907
0.379698235899  0.416015723994
0.530234685042  0.658617268145
0.520631768609  0.330053084742
0.619559222712  0.436709566572
0.421383242289  0.399735078188
0.562422134059  0.600665868513
0.431891580759  0.467343795718
0.542492769315  0.53586014006
0.524514131732  0.463537687412
0.624793816797  0.446757063933
0.447206643978  0.437095279951
0.391935412111  0.385872234774
0.501569171153  0.535845905714
0.44171631483  0.476377758611
0.326994736603  0.418853453181
0.450321303275  0.567177911596
0.331018056529  0.304559879175
0.716470370361  0.449403086587
0.32704081965  0.412772152225
0.422233961219  0.621290844543
0.41060758756  0.233855638507
0.467268973947  0.56339147358
0.594317435724  0.360505832821
0.534815633822  0.586614670398
0.38615207587  0.338197686576
0.579884646291  0.445200408697
0.461715422418  0.413711455297
0.378467512185  0.630500362921
0.297437583983  0.589707541355
0.515214365464  0.525705476809
0.408417390835  0.570496459391
0.415985953338  0.538405676752
0.407713916405  0.628259324256
0.557820719963  0.382981339511
0.540779751165  0.369404380957
0.567523961265  0.290145202464
0.556560325206  0.482688494872
0.454269250228  0.499133943172
0.424395662369  0.740942939642
0.591362079383  0.29586886456
0.367798046184  0.537593818216
0.471984406262  0.398331436728
0.45269354299  0.501281361348
0.501367195367  0.460549012289
0.390480682636  0.377883709479
0.4055515326  0.289009546457
0.426364435423  0.422589105562
0.473033246085  0.344012914221
0.469135553489  0.542637491968
0.56532164708  0.523660896841
0.485860930012  0.672799175649
0.362472155845  0.568344968718
0.395180909068  0.431442665801
0.401172629881  0.452869383923
0.387284394318  0.341217328186
0.464278587591  0.24585249434
0.573893995328  0.429241262977
0.652652427871  0.283438380597
0.37551655814  0.264642895667
0.403886214167  0.485436902682
0.423822272499  0.419616987356
0.345959330254  0.413468349669
0.403336978888  0.649160934271
0.465107499484  0.391322803327
0.376195814699  0.563354693526
0.419450532337  0.423013333772
0.445975284495  0.375797856236
0.604603593265  0.449458424175
0.518384722326  0.438744176568
0.402885585663  0.633022507057
0.539237733786  0.492443723036
0.433756942626  0.388889938577
0.539330423676  0.548068278907
0.348788417785  0.600290520147
0.512193357829  0.534254912704
0.58338943567  0.493633170566
0.264953584821  0.463282381446
0.554297992646  0.691019858792
0.711197816528  0.329604335328
0.469821536574  0.425510341078
0.355516000019  0.406776777479
0.470637584626  0.788986940225
0.429834363974  0.523889173982
0.511874708356  0.524622461658
0.639478268424  0.572853543696
0.332112520948  0.389617474591
0.242302190043  0.331700461779
0.376033843879  0.487707173077
0.377437038974  0.502166166989
0.336021526189  0.558200725965
0.547182021561  0.453227572657
0.444645599372  0.367648824205
0.536599456871  0.675350140911
0.40884178868  0.558085644719
0.517506765813  0.392340721108
0.585453586388  0.424548549108
0.459722667821  0.389090430401
0.488705439862  0.623859910157
0.350169571901  0.522940566746
0.617322314377  0.502408176922
0.458290020127  0.371057271224
0.545533204414  0.412794995079
0.44216088106  0.494448332912
0.344889598474  0.560477371167
0.53682819296  0.448114840412
0.473109965813  0.528399246616
0.64654603402  0.310600098745
0.447912304114  0.359616257169
0.353924719341  0.591936667581
0.360562076959  0.508167744162
0.407533188507  0.438820981214
0.50259867051  0.571573002802
0.45044708279  0.403392457061
0.499040200516  0.528293075029
0.245638256378  0.404119910909
0.521085700785  0.43478425204
0.505131789454  0.395964509782
0.491462513329  0.644435266372
0.549326349023  0.596511840989
0.435879251188  0.637192912317
0.298034349194  0.574264891086
0.462951415725  0.541559776472
0.577360738585  0.392247123542
0.736404074409  0.594875917434
0.438025310775  0.574857359507
0.393093762999  0.469707297153
0.615707894386  0.453787032762
0.743319282309  0.464607715381
0.487208515243  0.537171287198
0.4625919971  0.445097654023
0.459541286874  0.756048327761
0.476212567046  0.545039217245
0.328330872506  0.314020011986
0.419106131384  0.626177819258
0.477256363302  0.439025549988
0.498969981594  0.678831885099
0.611459486926  0.226874344327
0.472747044569  0.407299509226
0.454362354024  0.407983714209
0.511847865417  0.496612736962
0.343032648506  0.492293620596
0.266570317642  0.587248060285
0.37107880193  0.529894145943
0.371191681992  0.581060828836
0.374659804856  0.504305746935
0.454124638991  0.449969796591
0.54036192394  0.725264105711
0.662989748132  0.510744925693
0.551627861836  0.532093613387
0.431108669136  0.684927832984
0.350392746213  0.197293372025
0.481931064071  0.454525129489
0.270736115108  0.393405945024
0.298888203681  0.441268719204
0.565513141735  0.447937483145
0.491842848135  0.514636357342
0.587404741022  0.380284090247
0.466333700165  0.455322663721
0.484173541307  0.491421080332
0.496183704343  0.425790755192
0.506903613893  0.441315202007
0.457214709079  0.33191039568
0.445645266281  0.470539781267
0.3071609409  0.603351465987
0.515777416978  0.554434555316
0.515082010917  0.714979598929
0.502380346867  0.324544668808
0.445066412321  0.521278768007
0.44632128974  0.398178210452
0.564357790883  0.488165698107
0.648654217382  0.543303015643
0.483075881101  0.420482955214
0.402596101939  0.2617740449
0.47496057566  0.54456538117
0.244649679592  0.651244177434
0.545052796102  0.48136778788
0.49319099266  0.604915079541
0.509234212012  0.382386329057
0.594597067734  0.63402487989
0.3258228988  0.603063229878
0.297383686957  0.526155611582
0.39131775919  0.54717563682
0.415491529471  0.561798256653
0.502860124416  0.591656973559
0.615058980167  0.53294408166
0.532342719339  0.482716219796
0.425206742556  0.396927144803
0.511301529539  0.4646746692
0.533038961707  0.400430164299
0.474888300628  0.536348569853
0.537213798128  0.292316896717
0.433741232975  0.522210989072
0.47495263941  0.542647579999
0.566587770306  0.527525909543
0.334756430123  0.41803433724
0.362938583499  0.457077265712
0.317644263415  0.540363553418
0.471651155172  0.510914659357
0.41437242755  0.619847577165
0.412423386466  0.47625736956
0.380047480158  0.49059938539
0.50688588763  0.356257393948
0.530258707875  0.34841321572
0.479036431513  0.623117115588
0.398905767178  0.559546028194
0.410389630302  0.608286314531
0.603825252533  0.564401821879
0.480237297547  0.18093684411
0.570411479767  0.421710634403
0.444270413618  0.610754301864
0.596396682353  0.671454292446
0.327945690645  0.508698363888
0.730629086249  0.409299715285
0.606312477494  0.559942133141
0.504750189409  0.45637356875
0.413434680941  0.56206435778
0.458041264005  0.503092645496
0.351505606491  0.570610680577
0.445731791815  0.231040295645
0.292581022883  0.526631534328
0.642231633608  0.624628645966
0.426571985954  0.511108824216
0.458262976876  0.445747097499
0.380693086773  0.426149111028
0.542158335588  0.357069711333
0.314610548749  0.618815513017
0.601210643671  0.427405481589
0.588631077632  0.480731405944
0.508189033828  0.479567016969
0.604879347855  0.404507724025
0.349870684309  0.50560922272
0.443166522637  0.518658465384
0.554649719769  0.622098012385
0.388278064131  0.291013481614
0.447489071877  0.453604040393
0.464083576675  0.4713519073
0.275966795485  0.545652902709
0.447041878593  0.342907530332
0.374922124242  0.408419359109
0.606668938838  0.535489331111
0.529669893321  0.561312682101
0.406150916443  0.445279815041
0.54246995309  0.561782782132
0.586003229485  0.577966422923
0.605372534582  0.719830442438
0.568989280464  0.495827744802
0.546324474384  0.549554519725
0.426889569952  0.408094839735
0.551667720503  0.485893093538
0.433132750185  0.454094065371
0.584099636284  0.491532113963
0.510950235346  0.671271514355
0.34038756236  0.419418855847
0.513578296731  0.357057944737
0.425602186188  0.553874142948
0.436121119819  0.40333100534
0.466329121281  0.582765906424
0.470362593087  0.425944290953
0.46276352846  0.406135692315
0.546662496636  0.431390985531
0.634586686305  0.479165233997
0.376408818975  0.312692254478
0.399264388171  0.398759003024
0.579323106447  0.576270735734
0.365971442021  0.45328387559
0.636392380087  0.430766700175
0.439302140075  0.534299270232
0.42617206263  0.202589756195
0.65124977595  0.460826255583
0.356892999287  0.450882855545
0.440791746784  0.649170919097
0.368145406138  0.40478790996
0.441853241167  0.553228726995
0.426339347296  0.520268390866
0.50276498722  0.522783101349
0.511890122812  0.752644893746
0.575246140804  0.496204402325
0.581627522602  0.349325992408
0.42288045227  0.378211798369
0.400341909971  0.573752290563
0.407871815201  0.446240679468
0.468324991428  0.404527975278
0.398486330757  0.54326591898
0.358675244948  0.467823027693
0.586153207856  0.628959835245
0.451883560391  0.399042975071
0.4256792248  0.537750944269
0.506955342369  0.403947529914
0.314836673026  0.444611120849
0.610775871438  0.404942918981
0.358714350665  0.446660062616
0.445819416667  0.420246075033
0.574286745378  0.518383129002
0.344330031491  0.441246103769
0.415752499642  0.489403463638
0.319009729772  0.471309186755
0.3931168066  0.435236785822
0.541007490871  0.329183588716
0.377599718767  0.497375576346
0.450452152233  0.387364200193
0.518814659883  0.484919492067
0.474478769784  0.645396454631
0.467927799378  0.352096388305
0.171505244646  0.474151996163
0.488856889023  0.340303535266
0.549775016453  0.443442600622
0.402761397843  0.581267937539
0.566394742599  0.349398451204
0.606262232621  0.569255190612
0.411665398151  0.5502083739
0.390458665335  0.582488383166
0.542714879912  0.43779650027
0.58889212174  0.530031908374
0.426654641757  0.505841225567
0.453200162222  0.479138977733
0.480414831813  0.454718132712
0.433151712348  0.383133642766
0.738782458099  0.243488878252
0.488024397826  0.599614885125
0.364914160562  0.575000833057
0.468400841196  0.569243802617
0.552572752467  0.287796190061
0.608791917583  0.62799348351
0.45886149467  0.490352874815
0.362001404734  0.401668213972
0.431189282807  0.347515629507
0.472903055886  0.408076594424
0.441220623123  0.415289195287
0.431687983382  0.438881080179
0.383395069451  0.570417970049
0.73426091111  0.543987930021
0.433398030378  0.29000311629
0.480017128315  0.510575584406
0.434656394217  0.613002010079
0.401897943937  0.522251084273
0.582668154307  0.331586522706
0.485423231401  0.398280006445
0.557472471678  0.306061333981
0.478745671049  0.607978748256
0.513019302484  0.657737750442
0.43765371693  0.464470236698
0.611454227472  0.531833086229
0.590252315159  0.560967272679
0.425685235701  0.414549790627
0.470019142262  0.482500084517
0.615402022726  0.460267052592
0.578395153581  0.528984354311
0.421473872452  0.656398959749
0.32915871419  0.362417659474
0.555615526248  0.486450761865
0.345983812082  0.457278626332
0.496282971748  0.590286126652
0.547519222206  0.402167703675
0.481591858061  0.326619835125
0.284308306076  0.578487428896
0.279608805559  0.470034221317
0.635154533727  0.421609398764
0.425846332351  0.517576331001
0.313224341382  0.394253454769
0.57821699923  0.346405311351
0.527715867422  0.509910598028
0.518984104983  0.529765902542
0.373591869939  0.481595242589
0.524086906316  0.578929177315
0.31301365299  0.567645195729
0.325177523995  0.533045728157
0.572048038636  0.676240684277
0.409831109346  0.599560075259
0.362007789259  0.415364432332
0.446861965721  0.385809947726
0.541346027051  0.313501943776
0.535214555483  0.476728733964
0.480182898818  0.400929031506
0.464839357343  0.467263941159
0.462841821342  0.424137126171
0.467380249193  0.612432037299
0.586269110467  0.416729208387
0.518910794391  0.545487278343
0.567248031999  0.513162410619
0.362237765061  0.426040634668
0.556663791812  0.467848138466
0.496354746591  0.399189440683
0.398232540169  0.408162372335
0.463621198374  0.227478502611
0.370249649079  0.445290606897
0.458190181077  0.368710387284
0.521786422588  0.576289183902
0.697907842509  0.426434093866
0.573652884416  0.531301505908
0.3045352125  0.474182351899
0.400987775246  0.460598688701
0.405973053258  0.485036741398
0.411178015335  0.476551244339
0.580995155705  0.422596563351
0.438070058102  0.410005876612
0.525141281759  0.456992710429
0.389744656862  0.619976273205
0.526992472612  0.535836929807
0.637766760808  0.548088118789
0.435059967731  0.594356152907
0.492643927728  0.59514450592
0.636340602172  0.442391364698
0.417212662071  0.472046596965
0.505300724766  0.608820651677
0.493636746608  0.568627800396
0.642661530869  0.457180462879
0.504553453889  0.391301569325
0.64458198131  0.499939451919
0.412725273956  0.404660835324
0.490523586058  0.286634026105
0.67081575911  0.406429656645
0.55063200109  0.418556189381
0.494865367935  0.498533969062
0.452911002754  0.549964598213
0.579282491362  0.449449873327
0.645707852393  0.506681106742
0.612535992663  0.544913967491
0.436234922944  0.398632059277
0.434687324278  0.463204331427
0.204584642945  0.497088160518
0.428285738138  0.567717377532
0.457991023767  0.475355241974
0.461441393988  0.498883294973
0.477850133833  0.497613906605
0.501078821516  0.520469597979
0.458530296049  0.556903331144
0.440091959454  0.561827207878
0.591693779392  0.665156017525
0.475864609637  0.45822094621
0.569655166797  0.468507886635
0.485854689937  0.507678997059
0.484998765762  0.365171908867
0.434593379727  0.548352983014
0.480384834724  0.439126953102
0.548026760716  0.492046778298
0.485494411986  0.421328335769
0.511931176891  0.47558627331
0.435120432711  0.451699228307
0.390497189817  0.560966724094
0.330407027185  0.560475616417
0.605525845779  0.419398431897
0.442281063346  0.544346211132
0.551089184547  0.429355716691
0.357997896638  0.510395557179
0.503863698278  0.434910043499
0.609267495048  0.492431432529
0.502412135772  0.494002909938
0.424450942478  0.439188991339
0.280201225907  0.401105667956
0.452165691563  0.351843280206
0.446279369607  0.573337084175
0.409289864427  0.438272039384
0.459908018439  0.422297738586
0.410789893551  0.42144758157
0.493081206202  0.501455312587
0.360412113633  0.684607341284
0.447562658718  0.394438900412
0.430416689154  0.528871935246
0.411691933596  0.463866259651
0.593720239522  0.436998606552
0.484694866799  0.523862819203
0.490755047482  0.431873184336
0.41854623901  0.396246786514
0.529216973614  0.615830915354
0.591976310929  0.392729690822
0.430427255267  0.57305131915
0.517581734062  0.355253477505
0.605268004897  0.426030416809
0.449119327416  0.540563660447
0.512651813721  0.27129690671
0.515163280593  0.534503350586
0.275248508139  0.511322099422
0.442454549044  0.496495768104
0.500191819994  0.461520377556
0.48946243915  0.565567370848
0.550649626179  0.395659107612
0.602188912696  0.417335759445
0.292058388169  0.349089055173
0.439214161031  0.397136836518
0.450163778743  0.393184995764
0.410959131404  0.541932231867
0.523848376294  0.513751909677
0.695560125208  0.574313552027
0.60419380862  0.510147814554
0.702201861635  0.400584669254
0.459452576138  0.581786562718
0.597858314553  0.484783999121
0.444335915535  0.44638649956
0.413501095794  0.397800583181
0.390351749414  0.37999533778
0.648237382055  0.435490554319
0.463961908162  0.34449182101
0.402834370772  0.647595240257
0.516952744377  0.307744431537
0.573374008629  0.643755328147
0.481535990493  0.406976988525
0.573587069197  0.532189820318
0.542342098462  0.487005990345
0.365990776746  0.509190618042
0.415980180411  0.291061756893
0.585224209503  0.370233497354
0.65405348165  0.50472491523
0.525122134177  0.423447099588
0.54547915087  0.497477786626
0.42841276757  0.511870711029
0.361822316441  0.58397985145
0.362596711447  0.468842529051
0.368506560939  0.52362506792
0.443566448584  0.416450678755
0.595089846489  0.408552033903
0.464369700633  0.674947406715
0.376592575386  0.551674499226
0.547082072846  0.570382735691
0.769131179645  0.407685581259
0.51932796409  0.645125816778
0.480756518736  0.425880994169
0.473860771774  0.506590517886
0.6773266259  0.417595140155
0.367032650216  0.447511984641
0.443887867213  0.496417692458
0.494789335278  0.353523623188
0.46394226361  0.574019053509
0.598082308315  0.470079496561
0.447396232064  0.510804928978
0.529976500282  0.500423746791
0.476650636805  0.616512442093
0.520924515158  0.505838064511
0.501540929123  0.414975526732
0.406979843587  0.477543848153
0.512400548815  0.436503357336
0.577873322478  0.566183876625
0.557389819976  0.342771780231
0.440101652927  0.641034902443
0.631532464027  0.487893210174
