0.474265530391  0.489264367884
0.5052158976  0.37181123218
0.502568624825  0.480759312266
0.544099870639  0.249772004765
0.53089131105  0.46982006711
0.593449071537  0.477221176719
0.613072625297  0.533156063934
0.438242330199  0.67322988768
0.495072784499  0.612972591438
0.473687122229  0.562066237228
0.490666775546  0.468471807251
0.502250804047  0.482192715435
0.45171121286  0.414867957579
0.578157614406  0.463807061984
0.349415899873  0.468027399016
0.419340065197  0.538164331083
0.306562409632  0.49356319951
0.403253486629  0.543437697778
0.34723489802  0.454566694949
0.509785637453  0.540525520404
0.599825046089  0.411618788346
0.431836150962  0.46629941643
0.621838890981  0.555644611832
0.376695102589  0.571349581806
0.455581458251  0.724232017589
0.451264458757  0.39758084473
0.658637625468  0.442507509088
0.464968203552  0.598462697231
0.619644077044  0.192849661879
0.398318470216  0.506590608201
0.481197456768  0.482077914123
0.537827148007  0.470196713124
0.534605356421  0.463642090558
0.717203549037  0.447929598611
0.41524482892  0.472595316929
0.506722213398  0.590253749447
0.399721327497  0.463717768156
0.498588111076  0.510890346949
0.555592649255  0.274609112082
0.64228149599  0.34344720863
0.642164143474  0.466846390224
0.506779151676  0.565259682976
0.458691038436  0.682471487929
0.531221166004  0.540689352685
0.46583664559  0.718745163507
0.559922389713  0.607644455992
0.621002322208  0.385509770151
0.695840070219  0.494302797344
0.359823204671  0.508059672785
0.608516965922  0.606170801213
0.554519117229  0.609179540852
0.363520934874  0.379043753478
0.459221956526  0.504079071282
0.528635205885  0.587451591762
0.554531528633  0.371984136433
0.4769077614  0.654795059544
0.447499417498  0.35218953578
0.464380246187  0.616564155591
0.313105170981  0.451820784188
0.573198319779  0.437131952372
0.620629387786  0.510273971641
0.473898375356  0.34486699221
0.449185718794  0.479088121495
0.357923555484  0.451814575057
0.527963751083  0.500168742083
0.388734487743  0.315254820383
0.526863003268  0.444869730526
0.527719413825  0.541922786917
0.516959406764  0.455986017443
0.443961325626  0.507517087342
0.348820430306  0.477315304727
0.586364639883  0.629688226257
0.392866129358  0.476634781101
0.661317817066  0.464992146585
0.506154531528  0.392916844497
0.524025499825  0.329443345003
0.517454026675  0.644643627207
0.342771751005  0.502887433929
0.440164887862  0.415332816312
0.306426148455  0.566346939371
0.427285808882  0.501529396224
0.446143054074  0.567265239593
0.605913982727  0.363759061687
0.636887086002  0.471753602801
0.478681433195  0.386215899254
0.516268813364  0.421257566651
0.314290163442  0.572565599734
0.352160165995  0.798557529076
0.454788694765  0.387333804062
0.499640660221  0.387254756791
0.543021251165  0.449810988375
0.532223378271  0.490123224399
0.316906557185  0.546603391124
0.458156952284  0.479553668057
0.443726054084  0.573368985659
0.51088763572  0.327479927012
0.239319311214  0.525647301009
0.418459252493  0.43706337163
0.533999815954  0.465017300181
0.578132388672  0.485794822162
0.429193309808  0.571725969315
0.681007901559  0.316424121249
0.373835745135  0.357627704804
0.410093993363  0.642932763079
0.558785945712  0.331142994849
0.46678531589  0.629315082186
0.554869353453  0.703057862487
0.500408302428  0.45725893888
0.59990142379  0.511127186071
0.498311986538  0.559870949126
0.513721805793  0.311187219816
0.552459839836  0.60373084874
0.389513030835  0.392903158889
0.517655231874  0.502261508696
0.523930701818  0.465752952955
0.414314517903  0.371773854022
0.500039876442  0.442580918694
0.50114168831  0.542798535569
0.492097460279  0.517348842946
0.334079767605  0.569166459092
0.721887804293  0.484831156084
0.566959532321  0.435788492531
0.47354129581  0.418666775874
0.665134216034  0.548271557056
0.462105790453  0.462834263881
0.551514386054  0.647168565213
0.500858015941  0.480068075558
0.355196476075  0.588743755368
0.357705346428  0.562173751501
0.408612961976  0.276729528286
0.417826697808  0.351860764878
0.426792738755  0.365617520095
0.480969835056  0.453817938674
0.292516788415  0.518686058559
0.687430451349  0.578675207157
0.516050558118  0.649722784801
0.534257675488  0.355842619353
0.490718736013  0.600611007048
0.467274994067  0.358419113332
0.482082031541  0.608496522448
0.584680956316  0.362275049442
0.541225788606  0.756099980639
0.171501421911  0.573369950453
0.455999519328  0.485750421404
0.620523230795  0.556719698653
0.417656187529  0.490958912203
0.513873332301  0.603269031626
0.351699800973  0.509189805348
0.489444560957  0.477672864715
0.599744702469  0.577005404126
0.480069260548  0.566315463215
0.581171095327  0.488374570182
0.39430496428  0.516770467183
0.485798420909  0.303489013882
0.445152682506  0.466046979495
0.317704510815  0.47626428485
0.39222419175  0.378370913609
0.471160105049  0.491158883013
0.411173628271  0.422612762903
0.582810357331  0.380776405912
0.655802150213  0.481916918904
0.558003767384  0.473521969515
0.517114168522  0.555168107892
0.53528790526  0.551847849645
0.432098878851  0.445395028429
0.518020435936  0.571976167252
0.547357899189  0.475810453809
0.350887984652  0.547831841297
0.631065233188  0.504720634782
0.460843287474  0.508495606594
0.55965510153  0.592680258827
0.44113991546  0.417867918374
0.535489162543  0.602230201487
0.674702661588  0.492746587768
0.584500834893  0.478519171764
0.404070394758  0.580061016446
0.38080937545  0.454921137812
0.517560405175  0.584418171817
0.479608123398  0.585549509756
0.638572589618  0.454781675171
0.623339669143  0.566976414336
0.515303480034  0.48736380955
0.617255803717  0.5404931845
0.450159683778  0.390700835939
0.360053620801  0.586852246691
0.616897193524  0.560115617478
0.52590655261  0.470354950703
0.357470628925  0.474155326284
0.592793391968  0.596339078297
0.388301123666  0.410850529392
0.52335488848  0.461812164726
0.296302544811  0.402440878754
0.380575603243  0.466489963884
0.352903898017  0.749770634187
0.264436623775  0.641975027772
0.407675603189  0.548368563964
0.501472495517  0.70164114753
0.363105977494  0.490404169076
0.53606192313  0.571808915003
0.380480251522  0.354621450125
0.430311583258  0.588359026144
0.498989175513  0.515195613753
0.834195092439  0.532345582384
0.427909247017  0.434756887266
0.43894480896  0.569331506072
0.535049621956  0.584940259442
0.545370577623  0.495029950154
0.544540892947  0.707522058685
0.603416734082  0.524494658645
0.386494280766  0.532682535651
0.330654728404  0.639747384745
0.554406733282  0.772372998744
0.486699723575  0.711019021584
0.5926673652  0.292276724772
0.620788875148  0.466548342614
0.519669689062  0.533202279669
0.579630831354  0.473343209987
0.57803916232  0.470354608707
0.33068994695  0.457188005088
0.61093855375  0.344413309024
0.459096240922  0.631640728862
0.414351179659  0.713587490081
0.464978328068  0.665953725769
0.568054197068  0.61451822257
0.592889497737  0.569490113322
0.603557763299  0.415322353279
0.435196087308  0.52798312866
0.418343723358  0.587322649883
0.393473179474  0.437751212712
0.576444679209  0.721389510701
0.435392542045  0.633640093153
0.250546430461  0.641472579589
0.5657993092  0.617744914289
0.654015169432  0.585382467638
0.595853954591  0.522072779163
0.501492121053  0.452559343676
0.59989951175  0.497308597751
0.698426050733  0.599570033375
0.353260339087  0.709127031482
0.421913536284  0.533908252292
0.519906701935  0.522711338774
0.546441825784  0.429408065292
0.434744516052  0.517285395337
0.346030704465  0.696000139589
0.565319012722  0.356839062446
0.66420908276  0.628297121434
0.57193883096  0.533683314165
0.363564988548  0.470252699305
0.425712695058  0.660802746746
0.474323462978  0.695273869815
0.449404136713  0.414169299834
0.348436088237  0.483697846374
0.472502453421  0.414960086304
0.610551590966  0.573978223026
0.434268809652  0.649890804027
0.495411556188  0.388388822372
0.395682459521  0.627622021775
0.383934672409  0.503378533293
0.52643425926  0.450786410695
0.501883099056  0.532257670214
0.494897110673  0.567108645027
0.391925955151  0.732103259042
0.439019280479  0.473910853322
0.50581673041  0.48977108371
0.301213693636  0.389009728005
0.604921568407  0.517264666646
0.559982436178  0.583448827779
0.311598918772  0.542105958474
0.387637829694  0.438905720155
0.476758132525  0.496057494021
0.509720999876  0.670844981992
0.392084544213  0.502528314073
0.557147137314  0.418818506051
0.52787131713  0.531380903122
0.56928396014  0.582233087361
0.732691408591  0.575181610663
0.432123932344  0.467163134907
0.429756573359  0.392724727707
0.494151813573  0.402899873079
0.510260030231  0.517980127493
0.685642493937  0.436686166162
0.608975297561  0.46485367031
0.492684180828  0.437708133962
0.603675088933  0.427505365505
0.352903685208  0.38826738356
0.489362743948  0.344690981549
0.264165484383  0.431272280933
0.780279476763  0.761866302568
0.504870602613  0.367821042263
0.499326250792  0.613444708557
0.647710864989  0.398378251857
0.468858458733  0.534878866594
0.503945709786  0.577615593932
0.584146066488  0.764018527885
0.391453222816  0.405896434453
0.533048412401  0.547207097819
0.693966933934  0.420778693329
0.258398883189  0.642012470222
0.5247735778  0.518935492269
0.607055552816  0.418845774033
0.434235522393  0.294884689928
0.544931317798  0.525852279691
0.680008709317  0.442021793306
0.531693538659  0.533893649842
0.550381214373  0.56166127235
0.317625860341  0.381026203067
0.546470474844  0.512872995679
0.620768416728  0.478166534055
0.637655237993  0.685026970858
0.407212757013  0.523258536427
0.689924524488  0.606865068523
0.592578153191  0.543572420692
0.334994215448  0.378826569346
0.442127819817  0.515838407885
0.54375562736  0.552615107563
0.451552131753  0.481904862342
0.723879306338  0.311055750506
0.417446328173  0.540001095912
0.447638343364  0.65322762598
0.443925541297  0.3998928886
0.52153843955  0.582172133025
0.498825784313  0.507863839251
0.526609222448  0.505094787773
0.7937607287  0.450420414739
0.38297062089  0.68648279487
0.379176872091  0.348515365003
0.606204246972  0.374011282459
0.669362880543  0.561968491421
0.53488297525  0.501665187993
0.406691950013  0.507516746631
0.597911667076  0.700363647222
0.355159406801  0.503576008211
0.437191243052  0.440910485715
0.462028656486  0.385724130443
0.456341735272  0.564023672243
0.456601704084  0.505983785788
0.492612752624  0.527724148134
0.516678990972  0.442327329621
0.456898870368  0.457294232901
0.429231579263  0.264036521035
0.299890736928  0.438970976045
0.63884040839  0.475294603083
0.445345603631  0.645373141388
0.480918747519  0.49801767658
0.378240664004  0.572326244426
0.50331871054  0.361368356978
0.444207548868  0.408994221787
0.477928245509  0.439349989214
0.534672382102  0.676918282962
0.498533898624  0.546916998349
0.403216377903  0.613733690195
0.6508188338  0.467603295571
0.471418405578  0.519141913116
0.467484366709  0.530488483466
0.610029408  0.505505153662
0.543411221331  0.40786905113
0.507189002735  0.440416855741
0.376076061088  0.53879302117
0.408597739611  0.516345009604
0.564771175988  0.307408187347
0.407774361607  0.597408011898
0.57190494749  0.571117444769
0.419803005003  0.522756580276
0.609834642133  0.571486563219
0.403776194185  0.338795286001
0.566344215989  0.505587893207
0.465449279217  0.555178146354
0.619493460516  0.454915958188
0.558634389537  0.447755872935
0.445674487865  0.325572297067
0.481390130118  0.351347467173
0.558655184752  0.51287619865
0.395600550568  0.319274133129
0.521295544511  0.489591940834
0.531701326446  0.424329490905
0.466687944321  0.430825170036
0.328733534727  0.462873884782
0.501528807806  0.375359216108
0.54475336508  0.48088023862
0.539896090726  0.591126680655
0.45626225707  0.429649486559
0.465969226888  0.493493307357
0.785386397996  0.597768456253
0.478319595417  0.568175461352
0.450319043783  0.463357633166
0.505334254333  0.408109993639
0.431957759753  0.347040923644
0.400036240648  0.56745312301
0.439366580186  0.421486071031
0.53796471084  0.562674768212
0.417020627823  0.488951669133
0.544482723385  0.496345820808
0.519922614463  0.578319893594
0.405794027112  0.360728409081
0.566671237081  0.66886221071
0.500060544836  0.280897192337
0.451211519273  0.407408570883
0.565157141465  0.559231229635
0.530073100349  0.639862612657
0.352822256153  0.446536066229
0.658243526143  0.532907296211
0.432581634806  0.396700337294
0.364609978172  0.479368280403
0.341419591271  0.54177857174
0.526032370423  0.445267773783
0.559526850793  0.600933135314
0.628678739431  0.560483630679
0.495600722706  0.514763601488
0.416194397089  0.538982066674
0.28508155987  0.293988104361
0.583876713365  0.507288847709
0.601396975646  0.497572653884
0.36846707146  0.529381409942
0.508728021624  0.558423323015
0.501630916176  0.434792093972
0.372661225171  0.493647181815
0.707453281429  0.506822459023
0.331121856463  0.434659224159
0.527580682657  0.323931512851
0.517001104843  0.615233513575
0.46084743583  0.599633198084
0.471400750121  0.478534023194
0.554561301295  0.608255327354
0.484020494322  0.431826230549
0.662937100924  0.405451687297
0.603746794515  0.651927825839
0.377308108414  0.419572467531
0.379813882565  0.430382897756
0.607468051708  0.623359332246
0.40558667504  0.346549996762
0.528282380287  0.634466362261
0.465550888049  0.612588601221
0.47475379036  0.519143536399
0.426833175025  0.416556251078
0.540755251668  0.604062970622
0.532908939032  0.441999547918
0.490755651423  0.420281333957
0.607160569587  0.647883540306
0.40720395154  0.374912343016
0.504082163913  0.420741866449
0.44699625266  0.538547664757
0.40434499701  0.620048927684
0.489485625881  0.317766503129
0.534990062449  0.549686759193
0.473413983492  0.451623656322
0.534133548297  0.503433964423
0.357692119181  0.368997911059
0.410325294362  0.453273242129
0.410950261684  0.569844204792
0.604483617617  0.433119883169
0.472716257828  0.35866502372
0.46942684202  0.513515116943
0.426857485148  0.481355399717
0.679474150065  0.582471914871
0.611866027653  0.409562841086
0.528343501103  0.492453575699
0.379741808623  0.540637190328
0.47729847113  0.610825416888
0.542907196286  0.499049366345
0.485140875736  0.626780148204
0.493011059562  0.396730655189
0.435396509486  0.424183334125
0.47671799709  0.44067596898
0.461213797112  0.440936063536
0.496241249202  0.530160320498
0.659684504747  0.589669220632
0.659491950959  0.505379809494
0.349131091943  0.667104789542
0.46398445564  0.421332341904
0.583894813803  0.646204497153
0.462122576402  0.578994529736
0.427353590998  0.389648348585
0.478884818057  0.389407562495
0.581509067911  0.553217011976
0.493801382991  0.477281164405
0.506308235771  0.405390315537
0.606208502022  0.629994373806
0.435306867376  0.53983253173
0.572188296948  0.371077474284
0.650032547369  0.646565129261
0.600175651372  0.428509307318
0.479007516019  0.433271730099
0.512052690517  0.559742433101
0.372985886547  0.549546148494
0.276375421343  0.50136552861
0.668631109383  0.514918739031
0.441337485267  0.350067991863
0.318562625881  0.434697218722
0.68095702341  0.382712601831
0.560065356395  0.409783325191
0.468518165002  0.550650694672
0.453190906864  0.515165324793
0.45393163679  0.510593166602
0.419294559642  0.477114850278
0.611292044616  0.305940026752
0.493821035521  0.489085039367
0.368427159034  0.436039165602
0.436989385988  0.557742170063
0.514133678149  0.589495538189
0.644357321522  0.394661976725
0.530287273772  0.323333455376
0.53167537043  0.40531775298
0.252155097792  0.638114296224
0.432068965985  0.469097735392
0.270123229803  0.539721297364
0.321290345831  0.654946214929
0.621809550603  0.501916550199
0.728508799146  0.580671312278
0.562482761715  0.313588699327
0.627791782975  0.451113196354
0.420625622389  0.470107244818
0.505968452595  0.391063205115
0.534148843902  0.443624554838
0.431455779289  0.580809882812
0.436726093017  0.627185469821
0.441507399905  0.460811044624
0.360814010825  0.476854632364
0.529684939599  0.333444096682
0.478935930437  0.501893011533
0.589712736975  0.620258402021
0.499297887549  0.476762369143
0.552775656945  0.33048203076
0.64297507817  0.547798844041
0.335749747852  0.540968357034
0.491914575132  0.72545931552
0.481879352526  0.460478534199
0.469126300126  0.357962108438
0.492767793195  0.446253873335
0.698242740084  0.482717387
0.569260844633  0.442684178887
0.426286442115  0.495257316107
0.540203208941  0.590187407678
0.719276153375  0.673255141243
0.584250441072  0.432999246845
0.561856990725  0.591817160029
0.379767079928  0.506360148842
0.422967998343  0.538630836081
0.72992140917  0.351200369529
0.541942176499  0.661936959881
0.640829862383  0.466514465429
0.418067621345  0.427597087569
0.596237298471  0.45637032537
0.538188227746  0.609101781008
0.544178324978  0.513012351545
0.400023663925  0.326235019453
0.500364811146  0.454217962251
0.482481842699  0.600890443881
0.494745731598  0.487870105266
0.539502550585  0.540766876631
0.499211141491  0.494593474854
0.453441765009  0.504146213034
0.518050229119  0.311092692866
0.546608759711  0.592254018193
0.5299465701  0.596646609055
0.599850615474  0.568737315696
0.330408109726  0.303900562095
0.49288743044  0.419421099499
0.612591688468  0.450746121056
0.579676900564  0.368058874234
0.471253511639  0.393447086296
0.736247825694  0.575717160749
0.510453667997  0.437126092786
0.5327910425  0.504748286129
0.616523697992  0.483797105199
0.456481680232  0.655912274935
0.637270349119  0.510748670159
0.477695307799  0.388323866596
0.477900442258  0.575759599431
0.552737049273  0.425741771233
0.566090702575  0.561418213535
0.612335320256  0.260902634426
0.658058751967  0.302846122649
0.529673927732  0.592906531585
0.502844357222  0.438632660701
0.434125474676  0.479422992136
0.537391079665  0.568988308426
0.59359636485  0.44895439158
0.45065099677  0.461776654158
0.478983872298  0.464956869186
0.509109117561  0.457121398454
0.476918568631  0.56929231684
0.516547078949  0.39304600365
0.520250426168  0.415334341644
0.484083124193  0.528605595126
0.570716658627  0.374601492339
0.365922419747  0.36390748423
0.712716272231  0.439218336623
0.450060763239  0.607724901672
0.541383662832  0.491773989536
0.686415037184  0.366214199115
0.643419481783  0.430484531347
0.615233173618  0.453893786713
0.466679287035  0.473208077291
0.407099834841  0.416637604006
0.322546548909  0.487706987749
0.519054015805  0.661533684456
0.515848094862  0.512261835874
0.54897302583  0.404068414746
0.47665804182  0.424850460038
0.536793713886  0.418771804319
0.46462435874  0.412244636888
0.631029559717  0.603165909214
0.495832332872  0.461253417767
0.365225251247  0.565964273404
0.587170616827  0.501941725185
0.483736541947  0.462610817812
0.464585291659  0.655605926504
0.427817462274  0.513594062222
0.615983241541  0.438852825459
0.54213565082  0.305900815328
0.489332584812  0.503851348685
0.560762900603  0.501720479807
0.505907111271  0.473276314498
0.618598204219  0.382748044932
0.444898976387  0.525628004467
0.458013175544  0.611306776169
0.63760299256  0.446513958879
0.427002328424  0.440970252717
0.449464319086  0.262502011338
0.552390216763  0.387678778073
0.325544900773  0.396414799667
0.335394995264  0.412886941076
0.577718049191  0.522825243152
0.588096887011  0.452618111569
0.532244909167  0.476822409971
0.506129944363  0.408790660553
0.418238089755  0.50084377717
0.435349117158  0.635924187518
0.609899032139  0.590004458087
0.362727693767  0.472500219108
0.328080617653  0.565526107095
0.42109660016  0.646162320889
0.52721464549  0.550804757084
0.336291254982  0.356089013675
0.463753546501  0.593461762297
0.407140219466  0.60147406008
0.432824491066  0.600447776326
0.5771145455  0.32251120823
0.404409892894  0.661645049254
0.533444315982  0.508607108338
0.5941146137  0.56228887375
0.452329724745  0.56793246657
0.50959740947  0.63059738617
0.421245512866  0.585613364001
0.353412022127  0.472910011093
0.463974665352  0.578355392098
0.565213762381  0.42350920592
0.510701223179  0.393931309773
0.272582739707  0.426322470662
0.730511116577  0.598807048912
0.458692455175  0.346049852741
0.512618487542  0.659698811653
0.568280516779  0.668762194732
0.471864783645  0.439549908628
0.532793161369  0.470670843345
0.511585223461  0.546203665252
0.352724145055  0.458757669577
0.494962512514  0.683826607515
0.234001396936  0.42604981316
0.436087523378  0.563799464557
0.644513424302  0.622122912983
0.626238071718  0.555424079936
0.466767968283  0.634324964408
0.5735589105  0.482444632975
0.461401325017  0.344558523935
0.406448642009  0.446109843538
0.402462272992  0.613775720731
0.230550734761  0.428250620452
0.672613718319  0.572895526323
0.624567707286  0.554029735799
0.486073609976  0.437060724932
0.623696103911  0.661729689648
0.433692872328  0.400575570356
0.391482525314  0.547575793318
0.525015053566  0.57733765597
0.488195945528  0.632281407302
0.484921764411  0.444197485219
0.405055085677  0.448584902915
0.49604259419  0.558848454578
0.442449597587  0.418712820383
0.366730101596  0.621546153463
0.533478752016  0.494603338736
0.509943980634  0.541636625933
0.696399419779  0.454598793449
0.677908393326  0.323188185083
0.5343893229  0.469746556126
0.545895350709  0.621023498924
0.503668306966  0.413718078197
0.456726323118  0.521415156878
0.516467734995  0.387441922702
0.690175808707  0.567824928568
0.539317027815  0.570494093038
0.559051265485  0.50361440051
0.570809549147  0.464696569397
0.49308612422  0.499497726642
0.531961116679  0.596047765036
0.661086315325  0.45409302713
0.376814650602  0.416793153033
0.713102954476  0.522527431261
0.296092853953  0.467951334955
0.466249378821  0.596043998277
0.605449621417  0.586861427777
0.608063716437  0.535801024936
0.440705160704  0.569076668537
0.482608267821  0.52335623214
0.491637934241  0.554384771276
0.458819512165  0.427868805217
0.42363602959  0.435627895362
0.485132777218  0.301790677656
0.498033180408  0.574166970469
0.547385991647  0.479586488753
0.631781416938  0.506298101572
0.454958451549  0.43936161686
0.525068739806  0.550353364624
0.384353673788  0.577016677573
0.483406934424  0.463588879094
0.412259080901  0.490035404045
0.539362750178  0.408801699085
0.653895441111  0.330926914453
0.405893357062  0.456036676337
0.333036599871  0.560019888942
0.437012515225  0.563092521209
0.611711639195  0.638764154718
0.602658811114  0.448708990736
0.451297180889  0.445695694682
0.430702345101  0.460665525979
0.500879723532  0.332496520752
0.55345964759  0.413111450074
0.435375873305  0.420236188661
0.46512622704  0.536030240214
0.507866347562  0.412322726197
0.566569295874  0.562498870025
0.610864525527  0.510809910332
0.474080703954  0.324095526251
0.532089035452  0.431464373409
0.449301014261  0.466383312571
0.718504791014  0.611967566085
0.498725595309  0.458449706911
0.484727970183  0.529912515538
0.4426489657  0.58528425582
0.443129193976  0.44553241094
0.410812221888  0.524845076686
0.602091928166  0.637316541064
0.514248804881  0.618787704113
0.477701830881  0.357753404177
0.708475313093  0.442820238037
0.644815069691  0.565608694787
0.472511164383  0.458104642223
0.68961885289  0.542523760659
0.587453093146  0.57507868337
0.457923275654  0.391253747431
0.496377834536  0.405318906934
0.461294094181  0.637497942457
0.418498945922  0.639888581293
0.574464453549  0.425916352606
0.274585375375  0.568622176826
0.54221466493  0.392997942943
0.440093924802  0.585512386719
0.25893784282  0.561583247369
0.522049748958  0.481498194082
0.53999299757  0.559020627448
0.489577366323  0.426600307987
0.610952502373  0.444829130665
0.457059564847  0.475633797609
0.411399377035  0.474974294361
0.592881210585  0.542899139649
0.320633642583  0.520321338016
0.578350258798  0.379350816691
0.55503033211  0.324623447285
0.630589939273  0.454580490887
0.455371810213  0.420254940721
0.536597038024  0.399851227461
0.515685097851  0.460767831101
0.662619772042  0.79586881224
0.696069377706  0.648064734263
0.618927412841  0.547803952011
0.423583671374  0.738041718703
0.392193661843  0.561073394912
0.581057625209  0.487468861829
0.460276805339  0.502218269152
0.604028972101  0.440202029076
0.413895213003  0.526798648183
0.671361997727  0.638898405686
0.67007427419  0.425610233028
0.497817163688  0.519048742448
0.430684474079  0.481914599049
0.535035142162  0.505361659034
0.496474667754  0.496434342434
0.576315152723  0.566145106962
0.623827330869  0.557291836414
0.48254692396  0.559833576762
0.657067412691  0.541220318795
0.574589276921  0.597112947854
0.523380644017  0.396608823362
0.457515709623  0.424549818948
0.404997581714  0.497561536634
0.453448218457  0.567188746081
0.724762059888  0.459227774747
0.540763625873  0.521148364535
0.515865589612  0.528471149801
0.466918814975  0.540462557102
0.609801981922  0.379694200746
0.604810657542  0.469685192359
0.431038037464  0.490949159137
0.480467507289  0.44337526281
0.4045488739  0.451980651738
0.601740560451  0.513091148667
0.613240802486  0.294338079146
0.573197642082  0.457771715331
0.55843391565  0.426312653129
0.484359251887  0.55202592416
0.524268411163  0.550349951146
0.527523239173  0.457363632295
0.737934356534  0.552962694487
0.652695199478  0.444086561894
0.651110505287  0.50306141721
0.60327523425  0.601700576237
0.670807726582  0.442277360192
0.281838303189  0.392285109952
0.653074352952  0.499417704831
0.606617583294  0.563574376044
0.434894408644  0.565695613146
0.573608501957  0.561485304119
0.657275176438  0.584999527522
0.583075590749  0.276777030989
0.452500430868  0.560002814975
0.454404640301  0.494962197528
0.664378709393  0.440407395904
0.465436018288  0.353630023345
0.376733507488  0.348569151415
0.564228146672  0.486375315201
0.499438036002  0.540941338305
0.468009157809  0.457989768189
0.398580261606  0.42237756839
0.434693786696  0.459844090485
0.553079763822  0.552106909682
0.495572247603  0.321167686117
0.360366719424  0.486532572009
0.568475311338  0.73705915302
0.575643739354  0.428602488088
0.5479034023  0.510345604352
0.448476062098  0.407244722747
0.451754363723  0.558686860519
0.553126268985  0.617431014035
0.616411274754  0.507933035733
0.570783694152  0.493455224409
0.488777912643  0.349369075035
0.349805834195  0.568121623939
0.513363177892  0.493991290548
0.682892477766  0.455536979623
0.568807340068  0.487873984857
0.6008087175  0.5825586241
0.518843355498  0.333217418857
0.455513381582  0.734521948179
0.499831215587  0.389486831815
0.31076809842  0.289184983675
0.409290408522  0.505245662064
0.423858300036  0.504947925047
0.449301647658  0.354694192594
0.591024279101  0.300125292591
0.548819633214  0.536564625076
0.500917033535  0.640638902846
0.49131336459  0.531495773996
0.345595636132  0.568721425307
0.54480565467  0.601932529927
0.671592049889  0.524930346307
0.559825461137  0.352633812739
0.558484294674  0.520855918837
0.483227919399  0.363412103033
0.496848017467  0.574149955401
0.468759506622  0.64109606953
0.51125235672  0.535078954974
0.481880258149  0.495228561223
0.391727431172  0.565227047425
0.582770102657  0.467557377208
0.537019672153  0.458609186697
0.590553052787  0.445136363946
0.306119488481  0.522616377293
0.352387691842  0.509465989355
0.37490009589  0.337520401951
0.454344173067  0.457045317668
0.440760059715  0.51825206983
0.523856476371  0.393529028128
0.254343612943  0.291794315882
0.362388912456  0.59394636923
0.472149867151  0.523745626694
0.527339707946  0.416236789095
0.224271281494  0.370038799244
0.645166347249  0.405958412266
0.429786381405  0.613217231074
0.559469007876  0.481518586971
0.477306729869  0.343509056132
0.435128110485  0.438276447207
0.524309182068  0.593864024135
0.510405130806  0.576613758703
0.535927972957  0.542708287986
0.548179340282  0.402403989137
0.559045752296  0.274290824468
0.653213993103  0.455083055775
0.35700415489  0.45937669195
0.524401410329  0.474320186412
0.373160337165  0.636562186024
0.439457635629  0.560985495052
0.446872652427  0.455958138253
0.459130541674  0.594474447485
0.39143732894  0.481872980424
0.442663007423  0.44589963385
0.570376535576  0.546529067913
0.603130417757  0.354412570942
0.566645188394  0.442254002805
0.778291115418  0.498683105042
0.419058532677  0.644768857062
0.393920885921  0.532705576205
0.440400964029  0.352269981167
0.569338901948  0.545207548734
0.355493864878  0.496368513446
0.502731014081  0.516809079342
0.652246047983  0.465177726696
0.352437625964  0.593940185708
0.627165782533  0.491903521966
0.500579159877  0.418831092596
0.535935328515  0.436055568841
0.420941264701  0.457080454991
0.480447687185  0.537000957769
0.346856960907  0.295847127254
0.616506940179  0.548952183456
0.528952875327  0.298562043033
0.392409441938  0.487697733917
0.507766742394  0.612580850134
0.620353688238  0.669639847729
0.306587987836  0.563309045959
0.651564614186  0.55274677816
0.430134909425  0.40279238505
0.572164576482  0.522778619598
0.430075865304  0.508086775652
0.549683654851  0.464573219508
0.500981247585  0.456910149768
0.445018035508  0.492549529892
0.499099373883  0.527499851323
0.53708992278  0.396158659972
0.471661515331  0.48160846202
0.356396218732  0.525064782326
0.539715181661  0.421892450709
0.36010335033  0.622077750871
0.454371791111  0.466957004532
0.463438239417  0.337926843932
0.404025680246  0.448274508762
0.420035873508  0.411920178744
0.417756206914  0.367684464445
0.421649757091  0.337231261676
0.470572781906  0.602517709618
0.413987294647  0.493324880655
0.435592085632  0.26714998475
0.403932603174  0.409373353895
0.706876827555  0.63015196918
0.35775973048  0.457683328593
0.380584474379  0.516974350835
0.54295038845  0.331551207658
0.498338024385  0.359805657322
0.53423985159  0.644926548706
0.569439424966  0.59849640301
0.522184564415  0.653499778678
0.515603563364  0.766190160488
0.576883743809  0.50265893453
0.540279638753  0.528750253623
0.505326577635  0.571173135737
0.574401439334  0.508565936668
0.390874620152  0.468231525396
0.599663743748  0.748440886133
0.594643322983  0.374967707251
0.486217099338  0.475724550152
0.466130807897  0.615418387094
0.460704231398  0.528546090898
0.490764648714  0.465954414532
0.638716980046  0.651491746394
0.596859551505  0.50006025431
0.530164044395  0.349957955635
0.457029549781  0.541288732523
0.596435339017  0.581216050398
0.623472165465  0.486508911297
0.37552780629  0.562579966194
0.490452421943  0.458116812215
0.508256413488  0.583210103508
0.401265733163  0.586571474247
0.372852997611  0.519998027122
0.494060539901  0.503066927994
0.513965863429  0.49795496926
0.574083996901  0.544458075009
0.622244626766  0.339213270218
0.686397157612  0.552602938531
0.464182136018  0.514038080233
0.550071160667  0.477196827734
0.544486727556  0.697428269579
0.458101558821  0.58086936778
0.508275967965  0.591604489839
0.501280175942  0.426963727334
0.593296533578  0.656122594115
0.408101160075  0.484338430048
0.549935951843  0.62042379721
0.454253047681  0.335944264873
