0.470977575356  0.503635655417
0.466883035079  0.621585879767
0.548266520736  0.520839863678
0.594170974612  0.602060461947
0.50502332679  0.527068026234
0.579472853862  0.546188325732
0.448999980136  0.657713510974
0.493947620629  0.509557391781
0.32690459168  0.543387647409
0.642757046377  0.627100014497
0.438645204619  0.48805362777
0.52410101425  0.455479592653
0.513675832544  0.681515092049
0.53765404377  0.529547991248
0.663460650855  0.485387937083
0.495266137678  0.452634527773
0.523487165442  0.59434843753
0.601840900564  0.321065923201
0.371395723719  0.409973071012
0.347398495955  0.56353769812
0.525657289582  0.649624591017
0.402981348052  0.540783649358
0.455445914433  0.502383718309
0.503924436016  0.501877717985
0.65172065668  0.446048725166
0.537310177472  0.459214823059
0.29874307636  0.349345549958
0.697710998345  0.514024141943
0.47316574836  0.707547408896
0.413977160511  0.61257500187
0.517454571696  0.361817158006
0.562570305852  0.514512504522
0.454032626106  0.495294037733
0.589555818463  0.478073788423
0.431614789204  0.433594559294
0.465340026455  0.648365780758
0.565013971104  0.502838632812
0.422030266667  0.63993995077
0.801360489333  0.315591505125
0.632135224287  0.372555245011
0.432155401626  0.383969130436
0.474349832238  0.656621607405
0.353853192016  0.412194849717
0.399306480561  0.620273019534
0.353270527589  0.437748058424
0.554119287647  0.531407544766
0.357954401584  0.488347290941
0.460848894273  0.457012282031
0.460173932849  0.357487004339
0.421242854077  0.519119484717
0.573794372431  0.423172624522
0.56332556207  0.66687471091
0.474276719967  0.46663915661
0.578732305103  0.48802316795
0.625286820676  0.544855327802
0.378667480153  0.565556292825
0.693493796592  0.525882065397
0.361319783686  0.440738975994
0.611968501605  0.382828796702
0.429793303163  0.403889136782
0.397329666399  0.445713783893
0.502409086603  0.365314681335
0.519291775005  0.493020903534
0.754004524571  0.473608588599
0.60227743101  0.279827318446
0.413219510822  0.575642987774
0.536543202128  0.528286822174
0.378358614816  0.44261387619
0.413986419935  0.402039584532
0.662910345739  0.718649065938
0.408060933754  0.47795656298
0.438156269651  0.571932125075
0.481433777829  0.54207050947
0.581655360137  0.493193476396
0.509531535328  0.613872248624
0.479175870508  0.508026933944
0.573075515089  0.531872478506
0.58800236904  0.656144476586
0.330722254756  0.697019214122
0.384547367427  0.344444639108
0.488747343409  0.498842894373
0.733383151338  0.338214374617
0.503052950696  0.518931184928
0.500702469182  0.410646836323
0.511008891694  0.542142992123
0.467234503285  0.676647265727
0.314354738734  0.591042775259
0.429234264637  0.411676992911
0.444824557672  0.455413597265
0.535939577303  0.536961897175
0.467515212155  0.56704127131
0.269514935909  0.648834993107
0.339154951134  0.449062196927
0.584582496043  0.504054967929
0.609119031524  0.507263368089
0.561073384742  0.518265181699
0.408571050123  0.375831816978
0.425984155467  0.530481081622
0.473225035023  0.583591775954
0.565900770309  0.424382317524
0.456300941851  0.569534193563
0.581201165755  0.469176739296
0.514710394842  0.487316795518
0.44182156249  0.395588138403
0.659005540694  0.480724901352
0.566386434035  0.471348755299
0.487995980706  0.336814921448
0.447168359238  0.293238412805
0.458058387093  0.483321479568
0.510010743478  0.465024261663
0.559710833251  0.445534094344
0.569307452838  0.425331216105
0.676517097348  0.551138850561
0.355568345978  0.507225755955
0.298555495643  0.561847023369
0.593134754977  0.511965993502
0.592914669124  0.261635780288
0.431951737743  0.500863650133
0.274683103939  0.529033020763
0.527389720381  0.351759658495
0.552290855747  0.530659877095
0.413069078692  0.648393164251
0.46746808758  0.500269019132
0.599489543763  0.504553929714
0.574956983102  0.368730844359
0.464990141814  0.50759100488
0.481955010207  0.429755868582
0.384234634176  0.514277998999
0.505620188012  0.622693198096
0.618887909419  0.554792527662
0.493043268693  0.434755609669
0.506867098444  0.464336345188
0.539079261695  0.61973920151
0.262035748329  0.504061919295
0.459289799116  0.266470463152
0.600356431679  0.663782566553
0.693452149669  0.362170311913
0.578988397222  0.494820991867
0.492691858248  0.404749698686
0.487769786281  0.443304556767
0.313090045957  0.676654704511
0.550029446448  0.512533666353
0.531847289534  0.357503664198
0.436150463495  0.621989914064
0.451106155638  0.524646710772
0.609544112238  0.42430429199
0.378498201955  0.396623367793
0.556647413499  0.523219588017
0.587527625186  0.470942149004
0.573458863431  0.611786466656
0.545336409809  0.466308208713
0.552549179277  0.308873611635
0.662212606995  0.242057150778
0.520839334999  0.440265285943
0.586304670964  0.577582071803
0.656127082217  0.294169908965
0.480971710285  0.576229715138
0.455797909525  0.499396677642
0.390956055843  0.467653189585
0.630094093153  0.567308494997
0.498664127618  0.473274917951
0.667884363437  0.681978442014
0.571915623804  0.583981095846
0.480120002987  0.61879684258
0.555214191092  0.65562167051
0.611615219201  0.480274009455
0.621561544347  0.526351870859
0.409865613251  0.460260596586
0.688369290401  0.544505458989
0.38177603868  0.5977371976
0.574015670002  0.441281866696
0.50071541653  0.502611551953
0.492939578581  0.319291519502
0.523488774964  0.551106921789
0.427350935964  0.643306820928
0.452711425621  0.584052676475
0.445303699517  0.613016486818
0.431458972717  0.623781968173
0.553343949029  0.559923177943
0.516045385483  0.410965436462
0.424294223903  0.405164105307
0.561321190091  0.37562332546
0.60343365304  0.534958223093
0.622393823229  0.562270187637
0.462530269465  0.506516838452
0.493608527558  0.465239191423
0.567286322373  0.461916933018
0.418703628308  0.531318222836
0.462964773407  0.360283100959
0.68039011208  0.511948835245
0.516007934942  0.501960241718
0.532043237594  0.596663654902
0.468171509152  0.418809665232
0.584006138275  0.475757250733
0.518651091781  0.535405075367
0.527887573859  0.284547815847
0.535966180815  0.381523234609
0.564717271394  0.488721289101
0.438933777328  0.531277385865
0.342883540927  0.372593964645
0.41212502985  0.615980446744
0.58780019925  0.446155367141
0.664434542331  0.686151911357
0.508303613439  0.702519583362
0.61344123898  0.490283898303
0.445665630814  0.365359386593
0.499796818951  0.307806886004
0.613470716576  0.633462082558
0.462638506757  0.577981419359
0.493504447996  0.500291490044
0.525223859816  0.4176240903
0.568649034224  0.571995681581
0.479967453969  0.399624800757
0.544439596501  0.471856627213
0.621988009563  0.461404107719
0.376084047387  0.370482317643
0.63694764087  0.395178279626
0.487759566219  0.60439530054
0.619963301394  0.503736717543
0.462390918715  0.607276144823
0.603411765218  0.561786795815
0.520076551744  0.389875085696
0.426739798744  0.387517387992
0.468831876479  0.549332632272
0.517322348842  0.431496240297
0.483933447758  0.74247664852
0.468382141897  0.614141469699
0.418008539641  0.522011536431
0.557820144129  0.463674460292
0.582325468547  0.439775519693
0.56801932027  0.620863887104
0.620632339673  0.538842814102
0.504316624746  0.340128239866
0.5705609313  0.405224497855
0.516996416398  0.559038361171
0.46934965746  0.426680491485
0.375504771145  0.372601575897
0.488772720996  0.443181761465
0.473751879065  0.471545395197
0.513904991377  0.393122883793
0.526912542278  0.466740630159
0.596320393372  0.396425280868
0.419563779276  0.39574139787
0.295846316905  0.418970672831
0.329806141563  0.438998483471
0.561170062331  0.474182971275
0.468884035877  0.405261901292
0.435885868279  0.330911904034
0.475267245052  0.545716691782
0.457276898241  0.766205512071
0.483910278627  0.339244999877
0.521262960668  0.520547468566
0.501249993218  0.543280450649
0.528047163396  0.615448344986
0.596283587062  0.741473873276
0.621950931236  0.380623820948
0.620755470863  0.542702208627
0.512703467782  0.468967356156
0.714991494277  0.451260637808
0.557264581825  0.477216717926
0.45697756602  0.293613096736
0.441406715418  0.39152524303
0.497532507957  0.443784038418
0.470974057125  0.405595107241
0.463573708806  0.594811166668
0.659459333529  0.582284020769
0.648433756656  0.498101869024
0.461001825325  0.611461056089
0.493085433605  0.472029890805
0.504476560584  0.486287394385
0.628999737654  0.653180998145
0.349163874295  0.388471466378
0.546625219446  0.552847354016
0.442639905886  0.424432099858
0.600521980646  0.431228694968
0.53075237091  0.452632334545
0.452931810068  0.639353387763
0.517861095139  0.49686118672
0.375962119991  0.566815051332
0.584992391208  0.449074135613
0.354697302695  0.515293340602
0.642018652492  0.460666578776
0.302627369121  0.465120134452
0.330475828561  0.516534814383
0.547367757237  0.553277495249
0.33611397781  0.391074208642
0.444158147003  0.536457307265
0.456900271477  0.616840040661
0.605440786065  0.699130500196
0.428744252943  0.447672839351
0.44673797776  0.582415331602
0.369230109994  0.515619350027
0.303325031722  0.408631973367
0.429968161886  0.503212545904
0.650593447361  0.492176253894
0.351137694146  0.38717214358
0.565788133559  0.591482428082
0.415530785731  0.386112037423
0.235270108517  0.583384876398
0.455773004496  0.346135119086
0.441811439544  0.366068779887
0.401244510445  0.382411759851
0.491101442139  0.50072953676
0.365175003633  0.551640076262
0.621266002534  0.613755978832
0.529785548747  0.5231987079
0.47165646663  0.462798748987
0.511209776062  0.583766468963
0.577626521492  0.439810432909
0.414737182328  0.362769573677
0.396618490406  0.36033717538
0.661217911875  0.510135693187
0.389120017894  0.382903459571
0.442611065661  0.564258584637
0.543063769786  0.53847525363
0.485597978124  0.254478168027
0.445026489767  0.589302674494
0.428573883827  0.544747232237
0.452610252689  0.48668689462
0.43339685952  0.490978848891
0.652805295892  0.587922518068
0.43220339774  0.696581612318
0.469844488949  0.596481269281
0.555733885521  0.608536531578
0.683505813453  0.453201306437
0.482353824084  0.682621000917
0.385792532294  0.669124035433
0.387255611658  0.591276747804
0.400527673386  0.618774729786
0.644821839424  0.502840937725
0.487777134873  0.351259919206
0.447593045461  0.281028689318
0.550741578316  0.358306007766
0.566445448654  0.431776838693
0.611690433243  0.496572317622
0.582835869913  0.587215970676
0.504444869994  0.51538031853
0.485312137446  0.571765926674
0.518977999936  0.524343785376
0.526652236601  0.568362404212
0.664856754048  0.67125737219
0.562676513645  0.460139472677
0.412099985631  0.531249346924
0.607934931156  0.435620267376
0.305323771593  0.487493548264
0.529120127325  0.453483735574
0.541251149339  0.572659739111
0.553997995269  0.617584946118
0.535716457709  0.42357441833
0.463775946504  0.32951128912
0.617857906667  0.39284537174
0.537959737518  0.578947195818
0.593523702864  0.434632226114
0.409553519872  0.491329119179
0.492515644552  0.431466097886
0.517461531107  0.519573802947
0.483771452607  0.540881098174
0.417540436679  0.269084060872
0.51874473713  0.565708423121
0.534182162339  0.657450489967
0.225737583089  0.69027735334
0.517315125491  0.529994191239
0.602961296706  0.546639037221
0.554503236862  0.48277588028
0.656717284257  0.640132832537
0.583483434276  0.443339678097
0.510833691371  0.45580750695
0.523640356546  0.46826200694
0.722734913443  0.656940352064
0.554921356305  0.445091880398
0.370051939313  0.5681399978
0.469694300091  0.457687788338
0.492327001152  0.555501303525
0.520578109596  0.454200522436
0.570593839  0.326523387216
0.484543081631  0.638185680023
0.494370829739  0.536900054952
0.479510165122  0.644124098004
0.544736601571  0.531319603502
0.469526635975  0.453691315909
0.573627802269  0.414338987057
0.558498287877  0.401848035381
0.620773396646  0.482595196582
0.585137615325  0.508756835896
0.43257464381  0.565368815841
0.48390039762  0.777350653904
0.603433842739  0.424447231929
0.398496320145  0.514303348357
0.506562253013  0.485544875857
0.592384821576  0.63885671611
0.535669211079  0.389978822508
0.421945508665  0.449091067925
0.281679729753  0.560961516284
0.30877418696  0.653678662315
0.482127785985  0.58479483457
0.453109436348  0.57923376468
0.524845735076  0.498928006187
0.475013127811  0.490679662968
0.581396419083  0.547258800693
0.463776604543  0.612876887334
0.498253313549  0.471288983535
0.495185468084  0.441423352372
0.824755182165  0.430236204064
0.56240244344  0.369935961576
0.540850902075  0.605842258281
0.482229190656  0.534317187705
0.326279599963  0.521020594087
0.331885543132  0.668194115911
0.580716703023  0.306520172654
0.463112103866  0.428060136554
0.558214976844  0.433624133494
0.534297333399  0.512583077326
0.566964828251  0.573466179909
0.551453217328  0.475687858226
0.415398701619  0.618039710597
0.589200697244  0.650922606337
0.491279667208  0.340658115793
0.735175789624  0.590758717913
0.471262378067  0.474127814968
0.529561196495  0.495686701938
0.478362885567  0.58207940662
0.573736394149  0.486239590181
0.383098649142  0.700574548143
0.440509671272  0.497022117591
0.489287414843  0.595837463317
0.566999078494  0.360110382778
0.416576501761  0.693467069643
0.591964971877  0.44752086396
0.562417701836  0.366781262844
0.624530411281  0.716794679053
0.562589071954  0.528033714322
0.629911886938  0.636591932447
0.599334677388  0.625958799033
0.495191929166  0.465263613297
0.551777453872  0.587421933904
0.498424437697  0.586688182447
0.551936858368  0.602290676074
0.360974970046  0.371210565338
0.474206477515  0.510531461255
0.495656457815  0.62731846297
0.445964868375  0.309148237066
0.353113859052  0.613555361642
0.532836085784  0.497314844135
0.413326108354  0.461805197412
0.632805406092  0.671948949951
0.432714635791  0.357373053179
0.513472712266  0.541496864023
0.457237316507  0.466889609391
0.497053031136  0.458143294096
0.410263071051  0.517172201608
0.547842989152  0.547940966212
0.402677727494  0.628651676457
0.383579898894  0.574599136933
0.536209534888  0.335508592717
0.675282046984  0.313283153149
0.568775962008  0.49759859595
0.410916089919  0.491200385506
0.458822948224  0.275124402744
0.448335458919  0.37119177873
0.584679644992  0.473406366363
0.682740587725  0.603918057514
0.514610906079  0.417504310829
0.467028450174  0.595704134731
0.446429082836  0.474952341424
0.595936053595  0.41484731943
0.463820736964  0.313970681149
0.26537526417  0.443345111263
0.392402558235  0.4937089044
0.419809253931  0.512925697719
0.539353574966  0.512232290173
0.489507276593  0.444002769717
0.53554878047  0.498584301596
0.374223931442  0.746065780137
0.490423533422  0.469913628508
0.488526657496  0.553557731685
0.510422694264  0.45635523335
0.550345552952  0.560211765627
0.358945204443  0.380554973596
0.365566196801  0.344584741921
0.584604037076  0.595550868279
0.437965220325  0.512189911325
0.445722806643  0.448275095183
0.35107724236  0.477664177793
0.58751690343  0.457007316993
0.619523496708  0.613582383335
0.699961892032  0.495715782998
0.538231699324  0.500564373042
0.462211816232  0.335333027418
0.490568321969  0.487126751164
0.383624534748  0.523691966659
0.272235871845  0.494671658077
0.516603641486  0.427245579512
0.481383607763  0.587764770979
0.698827426479  0.318673454572
0.498390088978  0.46247073254
0.341189630278  0.413120664873
0.411240709266  0.669310129972
0.431789820857  0.404230838183
0.611355044831  0.510794494894
0.252349218552  0.404806318929
0.570110177056  0.494893034406
0.418702648616  0.435427420812
0.427783025458  0.525436610283
0.390033262442  0.569007195714
0.577813278465  0.291655527013
0.586115450289  0.526308595017
0.562763242373  0.447491134101
0.165729805543  0.611407808419
0.500211935993  0.484273175082
0.496281710071  0.497710373181
0.548031281842  0.444277355203
0.427992809851  0.611196888263
0.382628926324  0.300736447131
0.550495192792  0.551518707676
0.490519769933  0.549887111793
0.610945115294  0.412570683463
0.686726924616  0.571329054153
0.609447258206  0.377742804895
0.48587193117  0.519831156935
0.457113573886  0.682688352203
0.596812417125  0.638247733384
0.513482305125  0.389620965112
0.506369630786  0.436117793718
0.697804248808  0.568932538077
0.495703511377  0.700180316742
0.363033738895  0.382917427168
0.499566337075  0.495930897426
0.572155908193  0.451916742111
0.249584178362  0.42159782584
0.605439157046  0.574073107243
0.521478260712  0.480095197063
0.590012358379  0.467870709567
0.613320078553  0.500417992841
0.496861448714  0.508522358764
0.675223396434  0.465098777093
0.606529153575  0.374316884415
0.469493885622  0.324507078867
0.469701600903  0.558559523772
0.649564934888  0.628714220777
0.636205205812  0.488849814014
0.448237653342  0.407674062034
0.553423053153  0.384894435319
0.429171129603  0.758203808192
0.527889703392  0.326434178698
0.468318915945  0.648305183162
0.354004221314  0.335120587417
0.561655797196  0.643730585636
0.574740132872  0.481974476739
0.501019412626  0.512580607331
0.573006930773  0.607386921496
0.585511820654  0.653386100648
0.545476248972  0.524114970912
0.532643453107  0.601238383145
0.38794201603  0.528315585842
0.351202395378  0.592437136669
0.556171058582  0.535496732071
0.428418470382  0.523740850055
0.589586421172  0.674379502171
0.457081061282  0.522995683685
0.386351631359  0.336206530336
0.481749528511  0.313021732973
0.398495440894  0.508258356676
0.490388093889  0.68606380836
0.57015504106  0.447138149542
0.493002490784  0.50497821051
0.547689720445  0.465508856759
0.455848057251  0.514032997775
0.382969839698  0.427198335552
0.401625277266  0.578132003501
0.442828563717  0.576729963456
0.514083049115  0.648762766098
0.533340280821  0.351273718371
0.519531532686  0.398482736558
0.609728013837  0.744337119216
0.467338297582  0.458108815976
0.590331529989  0.510437911353
0.416624588506  0.48381960562
0.556399163299  0.625249156529
0.497178764619  0.667436836418
0.437076186556  0.505702491221
0.507572607389  0.604142200947
0.449540457576  0.755605546429
0.586823874338  0.340368981689
0.498701251271  0.495288828208
0.490501555341  0.455011159545
0.501253474016  0.490083161619
0.441105793154  0.384164952809
0.635939902775  0.524746780966
0.548374985934  0.569363536521
0.267258531835  0.413162585495
0.584707817694  0.421887585345
0.657348392924  0.409380645003
0.648602966073  0.503118886559
0.52412836685  0.499839005648
0.485728766565  0.534992353706
0.614887229806  0.490611015406
0.60825199754  0.686752888615
0.544871413648  0.35528567361
0.491699853163  0.478365149761
0.435220313688  0.399871577606
0.354113435943  0.449492826418
0.570305007878  0.426409011681
0.442293082012  0.382864102071
0.402052588966  0.444856139751
0.440555170038  0.455292607513
0.553914304741  0.538112590815
0.514247022089  0.347602288532
0.391096531156  0.46627758055
0.522167602105  0.409868799489
0.464018781494  0.549644127559
0.632893446485  0.675834881186
0.348102126399  0.497404647762
0.539450691461  0.683944534595
0.445541897818  0.664109874357
0.259203285707  0.556581690379
0.620382815059  0.427190647364
0.631438024712  0.447319232443
0.41480924393  0.49358621915
0.453492797213  0.613059421181
0.450147328357  0.395618892389
0.359879538156  0.479820346025
0.517702759674  0.449838291633
0.376188707561  0.613335021863
0.592637924373  0.356702568838
0.465245289297  0.653955916768
0.564702696801  0.616731168725
0.605422442551  0.444736308671
0.403985718016  0.534995114287
0.394072416112  0.375949523321
0.530828218862  0.368627928316
0.546894514795  0.405304822552
0.577774376408  0.340566736962
0.553540949391  0.371037214892
0.589904686782  0.500470948795
0.686989456699  0.50720071996
0.242936248367  0.400254435197
0.494971371709  0.469159680733
0.420292848422  0.538047908704
0.430832196343  0.560603878832
0.652079240398  0.467445301628
0.6041769202  0.501694027149
0.449437417299  0.579848499987
0.317056616777  0.524813242656
0.617498766119  0.188770591657
0.486690094712  0.406927743539
0.433568680895  0.414756665733
0.522539553692  0.450278008004
0.511169749637  0.611432163521
0.478515825669  0.510311072706
0.384636375135  0.570272786382
0.598073914748  0.482906888348
0.552565568218  0.536284640064
0.559457866335  0.756928345829
0.347988312479  0.423289880071
0.565047439268  0.431950106583
0.704532251576  0.682362186065
0.542940939927  0.586978577476
0.49261202363  0.640297488934
0.33033839888  0.628281207497
0.45344467018  0.451978130426
0.625426774665  0.603526756736
0.515367869552  0.607116514809
0.692911755146  0.485009366845
0.682563164322  0.451601332859
0.468531010664  0.542122075728
0.531185646217  0.37808464956
0.510476642593  0.429578836265
0.63041293668  0.409594099517
0.656384511022  0.262490663285
0.409634412477  0.360407291377
0.476279969722  0.514694421079
0.416035278676  0.540656206326
0.571906226961  0.524067746352
0.294727887518  0.554561119425
0.515207943791  0.396487295272
0.439315728919  0.510348390301
0.428851157998  0.522889699706
0.407545159097  0.334561192488
0.236382851382  0.428696287174
0.653722627521  0.481723850982
0.488356809693  0.57996723266
0.531833831951  0.733383317063
0.388038152954  0.475780660933
0.554418525829  0.633716178985
0.549540204033  0.462928371581
0.393750822377  0.495290468087
0.482849317004  0.412178340076
0.448605734631  0.643926916565
0.368437890066  0.52542456294
0.612560414614  0.561405202835
0.561051102627  0.424786873132
0.521567253149  0.411449552924
0.449444375791  0.435284286676
0.436863035544  0.437907170389
0.429985954779  0.528206939838
0.526706459398  0.577882482127
0.435494211732  0.541386531336
0.38169945099  0.575736717206
0.444167359757  0.686528380664
0.373891991229  0.527967107446
0.669068396712  0.387099708474
0.563497797552  0.332199991901
0.626463650936  0.600326325038
0.63347624848  0.372017758487
0.511392438019  0.44678273733
0.613344137394  0.585608923647
0.49118586649  0.428591397912
0.305309232027  0.587486650489
0.489475720046  0.581712747938
0.624673496021  0.480827060184
0.687969098656  0.407440096186
0.564550763448  0.565085979612
0.46691415887  0.543381853583
0.525776524719  0.410875508503
0.478661046801  0.587140181283
0.462941398168  0.508892057967
0.425925558256  0.416670665473
0.454771609995  0.367243456806
0.478637109348  0.484858362882
0.498976009849  0.445966921436
0.574188780866  0.570350480445
0.518288652308  0.42514808715
0.633678401011  0.297816758244
0.369760403252  0.458067142475
0.414556133685  0.492900483104
0.453243605933  0.35111999946
0.54687258377  0.593381290962
0.381853074597  0.423683375883
0.270674258584  0.41996974966
0.547662306597  0.722634269994
0.580812684272  0.668227393661
0.477832551053  0.700304909712
0.526926562095  0.502469405225
0.456126571095  0.68968506333
0.529463896024  0.563158875065
0.593060401204  0.576202341418
0.481437530889  0.730766473167
0.672889501046  0.369673245258
0.437284340104  0.433471953334
0.578810172735  0.620789751223
0.603504504047  0.40037298488
0.462163111706  0.556912856632
0.60148459882  0.478309714436
0.502177407406  0.474755108131
0.298063089206  0.503504707148
0.598492979479  0.535519736649
0.394451510933  0.342831679221
0.421779561336  0.365186006959
0.578147888322  0.439676496521
0.532885916764  0.538308833989
0.346375065888  0.446436747027
0.348354071966  0.709062889168
0.626900010158  0.37412760577
0.525244933578  0.309659165473
0.60831373181  0.54873731763
0.452850311163  0.419405818659
0.425969802561  0.532215771675
0.505392144386  0.573635762488
0.593830204745  0.513007192054
0.467207840889  0.594567038169
0.439091641371  0.600191318095
0.770753539398  0.585230767632
0.607173262719  0.463188697777
0.577015173588  0.454099128375
0.497255718825  0.494054637867
0.40979372685  0.534146401231
0.614349886963  0.660792913612
0.436507876334  0.723966126344
0.624301256787  0.415398669198
0.45991562737  0.482363802741
0.317318500631  0.489965529379
0.28145627382  0.760236397031
0.510638344286  0.534804902789
0.464385221962  0.434182058548
0.318325483432  0.586934083886
0.507931282565  0.600051594195
0.557647468453  0.399167127036
0.325463393726  0.386189912562
0.487483155671  0.472012431674
0.576120592201  0.514137812545
0.51275933286  0.461483774896
0.600681959113  0.446830552859
0.528327361057  0.486484135715
0.487550042048  0.38548786014
0.554025730068  0.564005078415
0.464269414545  0.456381709252
0.513020866391  0.640386071943
0.31882643281  0.34508822185
0.591007190683  0.425031904461
0.492987909861  0.353491412779
0.322557087821  0.466630123523
0.436634997103  0.447009629984
0.618780911231  0.434441845234
0.439798888474  0.45191165901
0.566219964963  0.428332358307
0.502456936625  0.447986077153
0.580054325512  0.346168721958
0.662275992093  0.760648838595
0.405578544399  0.476086223345
0.572494496607  0.600798683185
0.522389053773  0.384977220278
0.453776746848  0.584957533428
0.460860853904  0.300215939231
0.481556907074  0.306848538546
0.375206039791  0.38610543894
0.395480273316  0.255545571847
0.572519156767  0.48104239884
0.421670687802  0.554123042006
0.467887026899  0.357010729085
0.386209535282  0.615595012276
0.465652241286  0.543856795987
0.400468725032  0.648527439841
0.484389829355  0.492521659748
0.435896867589  0.544592237168
0.309578812737  0.524847805462
0.403960381235  0.386533835728
0.442213818567  0.578828035289
0.650500576642  0.501915323811
0.49765084834  0.465290622348
0.578432907143  0.443312238217
0.396855323437  0.568505922151
0.497920172052  0.365727215391
0.474912776795  0.624637594684
0.443821128593  0.551731724424
0.369870824898  0.481153117253
0.588921237126  0.5054407383
0.552830395358  0.703682324736
0.437692912773  0.462528052111
0.502985919804  0.428345371704
0.398769599395  0.491652062004
0.617404874198  0.432794595329
0.463845433316  0.569566376072
0.718716600976  0.452724085747
0.60224302158  0.465493988843
0.474421158355  0.562285686112
0.580828246058  0.56568844758
0.483528634144  0.387325378412
0.400649260677  0.416965902964
0.495909180517  0.584749590014
0.467985540226  0.448405033938
0.378201542004  0.374428822271
0.416064780053  0.716699434125
0.5036757011  0.382363268746
0.460894709159  0.475852387581
0.495977872109  0.375547050101
0.377302288323  0.394264881909
0.233203003865  0.505317798725
0.526135667912  0.547339972204
0.546661174596  0.512677186694
0.356540058986  0.407114991537
0.590977370167  0.652366315435
0.332612404021  0.704189965249
0.562348003859  0.428209900456
0.56642020813  0.602848257499
0.504735772154  0.652201394621
0.669238299695  0.439165396128
0.475126922117  0.524178407483
0.520885785156  0.52672562867
0.637388637231  0.254833998364
0.511079360941  0.541999435466
0.547368056849  0.536988489378
0.436261390919  0.480182218011
0.430197517369  0.543204422801
0.508639436032  0.33366673225
0.367820371283  0.609901912482
0.635330723948  0.523888192857
0.366265565515  0.61285879585
0.558435158439  0.486574420534
0.841424835715  0.545215745572
0.374297291531  0.474285700141
0.529644260811  0.4629731136
0.625936899266  0.625550893167
0.383406479281  0.522719980392
0.41088006268  0.551058496739
0.363329517464  0.539798024226
0.4993568187  0.42797738517
0.433347267331  0.523966240346
0.455585016967  0.525044294207
0.623835113296  0.515841937829
0.392370519122  0.499243230087
0.591205907176  0.536552152907
0.628822530569  0.655631697269
0.531230383537  0.377386608333
0.662815785437  0.600225222084
0.50868511171  0.437512957976
0.464961696686  0.452919446575
0.494788432742  0.521690739416
0.46321606431  0.556969826475
0.426277349647  0.491361826822
0.408842055389  0.536390826452
0.450943416308  0.35051286943
0.365820663239  0.585702789364
0.381724923433  0.637492385963
0.45522090656  0.72486273392
0.73115667382  0.57384121945
0.348079591112  0.468512714728
0.363281954537  0.460422525075
0.568410882884  0.480789184758
0.35865830285  0.505457084075
0.614728229909  0.486728333147
0.383858770157  0.631388904437
0.290309129968  0.546409346438
0.379916217494  0.467481176235
0.537936875415  0.471466352174
0.47121417638  0.44400709889
0.417829784087  0.466641788921
0.405091127644  0.47432055287
0.557547323905  0.456207867391
0.460929932447  0.512895784798
0.580208069004  0.452667210479
0.646431493414  0.592780979073
0.33527992891  0.557740120663
0.622728693272  0.413370507396
0.499223813058  0.561102815113
0.515655569698  0.487500178244
0.546560137351  0.572564059003
0.492138980746  0.723725079927
0.475425901227  0.490435825291
0.691427335326  0.634740696454
0.425864068577  0.492040719145
0.420611147502  0.476201445023
0.479792496212  0.467137157383
0.403828927687  0.554320044324
0.383499644455  0.654888830507
0.563179206324  0.449242143479
0.457679815793  0.54213260688
0.649479787539  0.436513551933
0.594731588471  0.376180854255
0.295135994448  0.448000310734
0.642820806174  0.466290394139
0.748931477547  0.366855852708
0.374228437215  0.672755728894
0.536219137602  0.610307643031
0.453648533856  0.331617044531
0.586542992954  0.592898896188
0.440862522998  0.530994617329
0.498109201327  0.419707979886
0.486484969465  0.473386970189
0.379654430235  0.587229244991
0.454892881516  0.61936760142
0.387544127632  0.557086972922
0.614855117168  0.535296243856
0.593910789164  0.593455185415
0.38872655674  0.464560013111
0.396143348652  0.660053950661
0.531567857757  0.560145376559
0.584857463442  0.596286092721
0.471642492921  0.534863530635
0.570233121785  0.268165416306
0.737663321962  0.429235058236
0.608026968097  0.43539807887
0.477019634763  0.644488958527
0.372406823044  0.609886104645
0.40882132957  0.561062142602
0.587566330198  0.43069057359
0.487057201191  0.458555702513
0.494482632584  0.600997270256
0.607596449631  0.487283057546
0.558992708729  0.518086108005
0.432891575846  0.649925980707
0.564047127378  0.460951501032
0.423521256059  0.597579932037
0.586591181653  0.603789097872
0.525386492646  0.347863002
0.436589917837  0.600066147193
0.489555750007  0.497083309018
0.56412743338  0.535010926082
0.515063627519  0.465331276233
0.630108586878  0.644752904734
0.581380332531  0.60994669626
0.468829829972  0.497787500933
0.685314392345  0.580791122936
0.405413712217  0.441386044726
0.411307970538  0.393261927732
0.453933680011  0.403486709539
0.464175045256  0.553397031032
0.604279568525  0.448341529057
0.667344787426  0.563821139781
0.536305445706  0.363133487649
0.429345834128  0.494413184321
0.463551254545  0.614758989046
0.540573264326  0.405911883478
0.501731093887  0.480669456746
0.405750099353  0.391013660708
0.542813036347  0.498196563062
0.384747496755  0.446921703731
0.572057145312  0.644176762226
0.471828549596  0.566907819334
0.642401696252  0.625339433432
0.691895537673  0.488749614733
0.465866179768  0.494139091681
0.645258979345  0.546897200402
0.638198693434  0.560327255821
0.530709412196  0.652638937261
0.530435605674  0.369566794331
0.359781487418  0.50388523286
0.425310691829  0.579080248256
0.520843258037  0.610204116413
0.44829978102  0.498895332242
0.502855005519  0.44721318679
