0.594496737953  0.456779066896
0.529506538003  0.502171184346
0.625629479088  0.64254634364
0.440490400961  0.573728103587
0.300022253864  0.367053905283
0.333122266635  0.417487285135
0.611023311519  0.512618187914
0.520753436625  0.490198115542
0.488871415533  0.45897437259
0.387974330838  0.576324994847
0.437730437028  0.525470613866
0.562701447515  0.537775534045
0.536125359055  0.489412179233
0.521251636474  0.463822992448
0.518189321921  0.289444317442
0.430324186063  0.617641953702
0.39771489833  0.567026337044
0.473428067309  0.471147655668
0.377838836062  0.518626147958
0.668286535922  0.52337652591
0.410861463132  0.566150566995
0.426720692883  0.514591852326
0.542381417283  0.685534253618
0.442322085429  0.531870956269
0.517739972697  0.640737835156
0.320534018665  0.340165575584
0.408278632083  0.216797293244
0.473780844989  0.48440330467
0.45403829843  0.48382001804
0.536089948817  0.555087719161
0.379966674311  0.516125349539
0.462180796749  0.454859918636
0.389401721143  0.541861557638
0.498150470996  0.53711340612
0.628404157565  0.222925418059
0.417521144486  0.387394601247
0.540401961079  0.482601145215
0.473226879023  0.633168201483
0.583960363856  0.574651424772
0.536030744737  0.615299148474
0.494377083882  0.292815405312
0.454491336056  0.565824477649
0.428961534541  0.556154493283
0.626486919755  0.425946698666
0.548464622133  0.433801115386
0.413207914448  0.516218444629
0.447738737492  0.430641427097
0.559458945305  0.512339455506
0.412657577066  0.525397729364
0.392021585574  0.338397636308
0.631234867316  0.503019247934
0.577235248081  0.622072517542
0.40399479863  0.519033595325
0.633639449258  0.47825672562
0.507318597211  0.367103131897
0.783060960702  0.415263544015
0.568881901409  0.210029215097
0.491691469638  0.506151213349
0.522485044241  0.530918492219
0.570160556685  0.375586825532
0.55710168376  0.55555645681
0.430696455658  0.500527078069
0.473834761712  0.465703739092
0.461873361128  0.601536435465
0.523362688581  0.485367834981
0.334563491043  0.490390279555
0.493077144558  0.352681480251
0.534677634318  0.534274647429
0.532001374762  0.324833003222
0.653711962838  0.509955483565
0.48167400375  0.438839652092
0.388565929519  0.573737741525
0.540765976271  0.453730390004
0.412544288672  0.36360115641
0.652786307578  0.606707002377
0.432699977033  0.428917393315
0.740567693264  0.677834711213
0.671039352616  0.49096235257
0.424522048744  0.521105102936
0.550695678671  0.473500494512
0.545647250953  0.358761073086
0.536354711796  0.433173758916
0.489705921507  0.514324303886
0.548497800217  0.574331704745
0.523061166591  0.686117069069
0.418238446882  0.339319824243
0.384314244183  0.6348570698
0.521802513868  0.58285398962
0.565773104977  0.477864390333
0.45386295139  0.450373427198
0.289922809287  0.702617181834
0.513488188434  0.56656815259
0.500650421588  0.48260520621
0.609588032229  0.367598465262
0.432025721084  0.402378028208
0.375401599022  0.397682677593
0.454515005374  0.597616225684
0.599167581894  0.542635855427
0.415963706888  0.436958205598
0.516362190676  0.423529331309
0.637068542931  0.382849160302
0.629611512515  0.324965662592
0.531491619854  0.483433346264
0.638802339347  0.41128686549
0.515255048091  0.508599829634
0.256625008333  0.482659898441
0.592730382475  0.575386539589
0.353248953698  0.579383634637
0.480895470262  0.383797685362
0.496970670387  0.541805388401
0.535663097088  0.462204421085
0.387929996599  0.636062860295
0.482225998315  0.676550117557
0.639626986084  0.494578912482
0.446872917061  0.533838150555
0.44326661976  0.643320763594
0.510451826877  0.341188018285
0.23645130256  0.592797691215
0.545179982868  0.609573905371
0.55172372934  0.442291676748
0.468869320568  0.612301802538
0.570408355696  0.505172762675
0.355278221429  0.49523094454
0.520695153957  0.543120410802
0.817945304201  0.577530285621
0.667210342467  0.227568222948
0.546545131112  0.486196841413
0.420625627668  0.29236859607
0.444027824548  0.562171264897
0.46684519415  0.442841683261
0.556494614683  0.600838670214
0.318715507707  0.536317127394
0.374038725471  0.576332142979
0.703956168976  0.539355997787
0.692698798931  0.684118064216
0.376363365775  0.527729875755
0.461752631007  0.589989902014
0.460367908075  0.426395371354
0.408862519116  0.608273603097
0.461181351068  0.529069522429
0.422737342276  0.602048574571
0.615238543381  0.334642323232
0.384476950211  0.603840853125
0.429164778562  0.372064417131
0.440107133406  0.367812144884
0.488916145574  0.408328168873
0.461196767608  0.499496650463
0.448972692356  0.707283343841
0.631396602599  0.518331083333
0.417848301112  0.45283467742
0.596398592744  0.398261078466
0.430753238699  0.410098633011
0.485571180444  0.667232677388
0.473063831979  0.543683221247
0.290096700175  0.51241836854
0.617620810683  0.590458142813
0.573887683678  0.437128242842
0.625140485111  0.505682012727
0.628940055417  0.586823924974
0.545938137984  0.430324745004
0.443725067759  0.579156585452
0.529414538183  0.608088930731
0.555140299596  0.616395853375
0.499502188475  0.549754279347
0.558066890872  0.433169411888
0.425013814847  0.511187774766
0.527828448212  0.498580586807
0.574936490663  0.357037174344
0.577192621518  0.546688735724
0.545857975828  0.554917558927
0.67093945555  0.467490786395
0.510775974282  0.564738269251
0.705324491035  0.645383424486
0.269067193961  0.235303439457
0.430322368362  0.328011170253
0.425287827994  0.578977326854
0.448185488665  0.382666473251
0.63763100586  0.425040016738
0.599024433106  0.534051838611
0.390932223869  0.528377574337
0.476470324345  0.534261081259
0.644673219066  0.391688080101
0.429740229526  0.501740627579
0.423882585373  0.508709844186
0.594001992291  0.644593781839
0.47012687447  0.354271844808
0.244948732522  0.639610228544
0.574611551514  0.346437055514
0.651524643019  0.392281074173
0.659815393434  0.404796572885
0.375410224289  0.46581015199
0.599846754839  0.461901579449
0.56651743799  0.463008983386
0.559593448147  0.416035982072
0.324905773982  0.555194596906
0.497815971014  0.537240805388
0.426479831382  0.437886808758
0.401836342744  0.547143201242
0.435440896859  0.49678164038
0.470878733467  0.515272138787
0.749129215122  0.610391325832
0.489449167436  0.444271050625
0.573534177465  0.604241461527
0.63165614779  0.31588943323
0.436974194337  0.59562646922
0.385039402596  0.529460495925
0.628448752137  0.337248403168
0.481575989435  0.397028921458
0.419975127294  0.300274116725
0.726859288944  0.315915219553
0.604057364479  0.522518907838
0.571432026942  0.598052995155
0.549545409255  0.369879489071
0.390688579161  0.392201478748
0.453693298486  0.372249818404
0.488418727263  0.453826117353
0.420656672826  0.345771395652
0.395097307726  0.550337737698
0.598882370041  0.454999959145
0.43927524198  0.47765140178
0.418706651223  0.424147839351
0.466498465677  0.383762961005
0.224810485566  0.480618885198
0.619131001727  0.537516725512
0.469533324504  0.525294354904
0.611170925405  0.242774068482
0.536490274408  0.351280794862
0.398018674134  0.698747240741
0.558875051415  0.635596663188
0.497083620669  0.320314630572
0.508662766129  0.548087063859
0.50703852465  0.480066936953
0.465202747512  0.561780025488
0.376177924773  0.592100895481
0.401284377697  0.554611422876
0.666641295555  0.65353815782
0.388355857271  0.612337051001
0.571791175122  0.626848257535
0.427707058836  0.367384808007
0.348021647144  0.549982458128
0.546840013872  0.586893220007
0.482994284768  0.560107930659
0.435145829886  0.406465865209
0.511590777609  0.453028710297
0.425890789832  0.65353732797
0.550668110162  0.597683619778
0.528365115603  0.548099433796
0.534176061641  0.640432412807
0.455575233117  0.549637971633
0.458147774834  0.472205063277
0.504706069191  0.532425359944
0.502824995774  0.425063600331
0.481963121876  0.350999809423
0.370748995134  0.591545208821
0.620989721155  0.395033704379
0.431651994103  0.46029199263
0.381438220568  0.574347465907
0.383092760264  0.385357665767
0.535018770693  0.360048533614
0.643233567202  0.407529659776
0.440531321394  0.470420540865
0.677709223503  0.454513374584
0.519615151182  0.481738972169
0.648512072483  0.593449628716
0.416103974854  0.529153992249
0.374565366065  0.381396949847
0.629916654619  0.374414666543
0.453791146665  0.674744732346
0.404500126673  0.529381120577
0.503436130654  0.504590361481
0.467878283473  0.530978121779
0.309515647272  0.509564077579
0.600458621272  0.539811470755
0.725201366002  0.533907594876
0.511000944838  0.379557604967
0.573450295498  0.633534392345
0.490217765096  0.427052959471
0.3541578624  0.326462716655
0.444655888221  0.329288454785
0.377297451301  0.613401798751
0.412299107875  0.514626721044
0.59811706162  0.387165064864
0.534936642299  0.438077746064
0.52865282982  0.526750192614
0.337456834838  0.530975746847
0.531933554787  0.444151977555
0.455961707712  0.561778207694
0.50994986903  0.372633398225
0.393196344189  0.700533258562
0.457583570999  0.504623607813
0.450584442312  0.520012340459
0.467940037623  0.405836662159
0.576518480699  0.612460112002
0.393522162282  0.44897812172
0.54238075961  0.48378784313
0.531702345175  0.619647879004
0.298330648398  0.400475722486
0.521074919333  0.655709622414
0.358310577995  0.486901128867
0.620205958788  0.464923343131
0.544970054614  0.369510180122
0.520282096074  0.390386221078
0.575335318584  0.341845226004
0.51495095148  0.45734893143
0.460350786655  0.673539817178
0.650434378183  0.379037342596
0.711783537125  0.50684249706
0.324957186351  0.634911897953
0.730389885641  0.504563969865
0.329996254632  0.390976559489
0.357254404904  0.516909961756
0.554384686799  0.541014012837
0.633917128115  0.494482121447
0.54984882408  0.378718521728
0.550348524209  0.611736619556
0.511219731466  0.600319165706
0.729679898139  0.641249522097
0.387307280933  0.578961699186
0.628045496783  0.404705830232
0.456038341721  0.202207480426
0.531788633105  0.62825875169
0.587543578953  0.384967216016
0.38149429534  0.607396988095
0.470471184484  0.557743614676
0.640432939618  0.490660349857
0.672206981894  0.529324026059
0.371655015249  0.564152171042
0.691956066125  0.5517536171
0.486424022974  0.450171543438
0.53600196144  0.317205388107
0.574171340674  0.436208395949
0.470009973261  0.289436279694
0.626879508039  0.486826628046
0.505703774759  0.349978085341
0.52822765917  0.61144598081
0.580800099328  0.498507562668
0.647643495908  0.517058754963
0.356291076417  0.592069423574
0.431918812149  0.461700378755
0.536344219347  0.502939599346
0.647556788912  0.374229172677
0.366453538968  0.419869361854
0.360059167251  0.458120443615
0.590012376335  0.437279128279
0.389809457693  0.546820765919
0.46885980858  0.738566921315
0.487444997016  0.491957672844
0.597653420934  0.393884517196
0.612167080594  0.718040722023
0.361269141504  0.439057332766
0.523373463946  0.537422623023
0.675544618764  0.610894230306
0.517811543706  0.600079759176
0.365031343329  0.36269806851
0.715518136506  0.549907802306
0.522471224181  0.53213777873
0.54674244112  0.474855761393
0.466684194769  0.389066741715
0.604118196768  0.507282608941
0.421354035098  0.418781305563
0.582127998745  0.524584506907
0.436353093485  0.664913027407
0.382623754191  0.495378182791
0.645849761252  0.563277417498
0.379003409209  0.516815010198
0.531201743474  0.639967476085
0.450013394116  0.584080339165
0.441776122741  0.465650437466
0.307439151295  0.503193842691
0.454442594218  0.544636801359
0.628473417589  0.412868563364
0.608913361213  0.504933408894
0.637679278779  0.339963571377
0.395801806111  0.50426685731
0.507582705142  0.504138867093
0.51329003649  0.403523004604
0.534064976936  0.521756743294
0.583275767395  0.529151849896
0.468149676616  0.484315219472
0.484766264974  0.417216194522
0.43772243459  0.471102257036
0.487501944281  0.420651354875
0.719318970576  0.371126559839
0.441996850275  0.596784305919
0.572261669362  0.488931630916
0.556586328225  0.26995501583
0.569708783044  0.377641771704
0.601954022852  0.391403427214
0.47757016635  0.564713802142
0.430123742128  0.668767938361
0.446170132285  0.477659227497
0.414299536822  0.44800400733
0.68722739364  0.786260385862
0.36541584949  0.480346940046
0.376219967278  0.680437967519
0.53035653576  0.388234664372
0.243820145917  0.43416376711
0.387938906017  0.478294062883
0.513507744431  0.414173366619
0.17629050866  0.494276153505
0.324752689937  0.355612972219
0.583720142897  0.370775096076
0.64469550371  0.52828305285
0.558568550544  0.48497667323
0.48871955748  0.461298506566
0.493760789704  0.671564201699
0.373122628541  0.586532243163
0.461230419011  0.421836572171
0.545134922857  0.521892712371
0.38882415537  0.329874596194
0.519866313769  0.602212577716
0.551629560856  0.465185014319
0.560783001552  0.550811214375
0.489354911818  0.626322420317
0.461958588981  0.532327847918
0.484790804116  0.507737720612
0.432452917867  0.543223127146
0.513295783312  0.526274860795
0.682473321492  0.361666700857
0.524371224418  0.44643088469
0.497004598421  0.611441382758
0.564943799152  0.557689996356
0.563544830573  0.481225144759
0.596015214086  0.527242272062
0.571554752561  0.604344535435
0.571906684573  0.506057113392
0.527342023647  0.629118257782
0.349942326923  0.628149009001
0.524986679518  0.662227176013
0.334269825514  0.471674309894
0.551232201802  0.402946375035
0.455837838832  0.323067184515
0.331624685874  0.333645930628
0.627653270716  0.462145833452
0.615139813655  0.524259729196
0.462390003298  0.319236472009
0.604066528751  0.558307231141
0.355355327022  0.465853381735
0.56350204486  0.510066071102
0.596809086361  0.398497910286
0.669048265552  0.624107851133
0.479748570893  0.229213798093
0.574628907203  0.524344795006
0.46918086799  0.559882983314
0.413467696688  0.503332778438
0.515592725107  0.486869754735
0.627634082361  0.619386154265
0.395053520132  0.466536106846
0.494883943781  0.445809156252
0.394216051357  0.642934910666
0.502061697949  0.537233710692
0.310321433409  0.483941703684
0.486234040803  0.368159800282
0.500161726909  0.54441756529
0.450828269723  0.393118564452
0.470879779262  0.354703906193
0.537299816484  0.392833196364
0.40152103289  0.572338327189
0.669712064832  0.622692806861
0.351743541188  0.395080655592
0.520626274207  0.468621536448
0.416863353054  0.737397484469
0.308819626439  0.352521364221
0.462376361226  0.472173643818
0.649678014543  0.464382020484
0.670140463312  0.464044741733
0.4069280696  0.308130588123
0.438823290531  0.685351692749
0.50035291706  0.450186916296
0.450415926552  0.544149690539
0.507740783703  0.601693940363
0.461770917837  0.592018114254
0.628126684942  0.560860190727
0.705421423877  0.629926968243
0.452041651646  0.421433778985
0.479716881759  0.505891563725
0.550999770219  0.374376122076
0.541303113797  0.368399088203
0.42808701544  0.4694995723
0.49154612074  0.550838559668
0.48541279221  0.358876065672
0.382429223526  0.627622031347
0.381449482193  0.56456122666
0.446900212323  0.584609748137
0.627600356181  0.507992351772
0.58687485596  0.428719646379
0.581697019824  0.782459112428
0.319427285332  0.569890235652
0.609530248959  0.584682427733
0.70828531393  0.446142394372
0.447317537225  0.524048988576
0.52961114503  0.545835824121
0.41248480707  0.204818763903
0.46289663074  0.560754902946
0.502526044155  0.635500876495
0.518003864164  0.537547479918
0.448008071406  0.546802519836
0.645346697205  0.377973346714
0.59668148183  0.503398793073
0.433402793763  0.570654592056
0.555187372555  0.334681451603
0.406922773202  0.480268386296
0.564022270249  0.410962528089
0.532482557808  0.334601219001
0.555369585173  0.662314940444
0.384613716772  0.445022145488
0.614224197935  0.659146186046
0.561152068897  0.403644913644
0.33236644116  0.54568971268
0.378301234825  0.60693851804
0.547256030967  0.599641819028
0.362537935094  0.574660866329
0.56938047843  0.373438227988
0.315884500373  0.697742599792
0.579522155839  0.528425796275
0.568626658827  0.63876070019
0.558157491825  0.427337991475
0.508199616748  0.51631554518
0.472485973203  0.453832597742
0.598575912966  0.483687653853
0.32382736762  0.571743345163
0.60939767479  0.360057874337
0.435574465518  0.343693978335
0.625796848751  0.469771507453
0.476493304006  0.362221963167
0.554733572148  0.623910103995
0.412448306959  0.664338480437
0.330177952216  0.406419984734
0.489422432529  0.503003892005
0.39981932362  0.474447378614
0.445301696281  0.448325411695
0.38816659322  0.431689550006
0.508289197442  0.529083530238
0.475233367308  0.414860044891
0.463955265402  0.441913703653
0.330979865423  0.582748258466
0.560411759057  0.637004851923
0.372945168813  0.456619273177
0.674552768858  0.468997107613
0.459674146999  0.455034353693
0.372228759025  0.552013635708
0.441505329244  0.539318750318
0.504793003314  0.541770973957
0.517203362312  0.446719144456
0.517569811602  0.649041357912
0.624613728524  0.57810630712
0.298514394035  0.557584374226
0.382601878612  0.390058051518
0.533870975953  0.513437289952
0.375968034789  0.569727136937
0.342992740176  0.481867305784
0.536027920965  0.674152085042
0.642870930861  0.353869816445
0.537722178677  0.637082804108
0.412070090302  0.357141196112
0.593893824372  0.59713028885
0.465896234559  0.674398711611
0.588494507058  0.488743810153
0.628553595706  0.505449907475
0.298517234693  0.60940695874
0.373498209367  0.368923535869
0.454543563681  0.509768695148
0.353890433429  0.461762466093
0.573772310292  0.597629947173
0.618578190446  0.496804769088
0.430059109519  0.666424040313
0.268109954225  0.412467160177
0.464460847268  0.317022050332
0.453566357401  0.573663368934
0.5791460707  0.621777124694
0.453812297266  0.554803216803
0.274358677817  0.651258259348
0.517895485582  0.559831716057
0.580130533263  0.318135653795
0.517991568847  0.540339845702
0.737040071536  0.45916645344
0.506158689072  0.4085352884
0.468707071422  0.611839444033
0.507558888161  0.490443179754
0.474681615167  0.412231239322
0.466143147428  0.32302670456
0.381801218249  0.414102065041
0.503415945341  0.677017288834
0.341435103196  0.515232335077
0.525095837816  0.520480278645
0.630596277463  0.61074450789
0.708946906627  0.424068884778
0.52053133406  0.352482278936
0.482644002747  0.328738963827
0.499755486405  0.485073268809
0.416879661369  0.540403306524
0.299218381263  0.536894287083
0.22337275451  0.286062004011
0.610375606885  0.426522401647
0.534423687203  0.303158908143
0.652173964985  0.467642626388
0.417253662396  0.334454244079
0.310267228873  0.53501678057
0.37162522687  0.778442197228
0.69120239852  0.582434145819
0.421518255369  0.582857805507
0.721541680983  0.562118315668
0.483939272383  0.528167212055
0.53573080441  0.600146631724
0.516129442441  0.418127221338
0.593324040792  0.463672137526
0.574898011677  0.572505673459
0.558685730161  0.473761588265
0.435191751868  0.497195999263
0.592270941156  0.32674925663
0.491088610726  0.650223489792
0.516150678989  0.290617499648
0.449151255811  0.277079905009
0.480297655437  0.555977844461
0.401791439306  0.489510931552
0.44577230249  0.512852093107
0.456444414312  0.47390817838
0.265467009852  0.549708083508
0.400238305931  0.558554297851
0.228942217855  0.526597097461
0.477182068461  0.559926439826
0.561696233878  0.505317977487
0.627631934835  0.531685462804
0.733670565153  0.635788453037
0.611934196508  0.734698708522
0.612284272727  0.385933989768
0.500249023896  0.377625812766
0.604672902013  0.561232269508
0.454619782623  0.58557689043
0.510411211116  0.433107499255
0.623649970955  0.437975444648
0.571027762536  0.543430680242
0.374857609292  0.618998333524
0.68030629731  0.493388233957
0.441854835341  0.618631120134
0.485812440026  0.442243459689
0.460590124269  0.681840533668
0.417698449967  0.37755381928
0.705456530806  0.476147782823
0.611732867111  0.594267139652
0.559073919884  0.495817891678
0.624526873798  0.613066073661
0.445396053867  0.340541623292
0.519831967093  0.315451835063
0.479400339807  0.463424419695
0.560955637518  0.559139407825
0.308411047957  0.516816540118
0.586593824708  0.51787073932
0.402861016967  0.372062156045
0.568707585743  0.640712567898
0.692681146342  0.650148132322
0.438052133455  0.495689585896
0.560621134367  0.377604040364
0.505411176991  0.566865650277
0.380971986551  0.497611988777
0.53097686709  0.534808215346
0.490403301248  0.527035427084
0.372873047685  0.637348065926
0.616016746119  0.553947803142
0.536179195441  0.772447343328
0.398035387343  0.566469563143
0.463583805408  0.511001866928
0.418203495389  0.44866148788
0.392617783685  0.594491613825
0.463234140705  0.397615255421
0.63405531011  0.543764587749
0.509956109994  0.507184809849
0.428734535855  0.536304373812
0.466015352258  0.561090617079
0.457062825224  0.486855711836
0.47870358841  0.356037261952
0.553618467926  0.383145618725
0.520360086672  0.440492071227
0.425958333853  0.440587945726
0.299352002473  0.557275674799
0.644575259344  0.515684972925
0.361979875327  0.626871133404
0.59884273729  0.421695089664
0.488671968331  0.67079557635
0.694146003278  0.421568378038
0.388620195671  0.482149279446
0.545895449183  0.453428902445
0.579673842488  0.441907816062
0.684142611361  0.378801157242
0.525904731634  0.36626816664
0.419851902262  0.470736274791
0.571617539778  0.636266771394
0.606965940246  0.458044867216
0.613015476864  0.541576834947
0.524524490214  0.536765199738
0.420277455802  0.449263274384
0.479769336371  0.387019257676
0.498181306366  0.358101081405
0.466896809667  0.362976250626
0.46376827239  0.453602743135
0.490141334785  0.645139052679
0.547928904012  0.635271928227
0.605249132439  0.463457439003
0.619458169474  0.617440436744
0.568785396942  0.350824558862
0.568709959238  0.608767768163
0.538774260566  0.682110191784
0.451255352083  0.628502393316
0.694301368138  0.577797715835
0.460541295998  0.441467559241
0.416891718182  0.384376291475
0.65000140067  0.619432760962
0.412073394259  0.568352294835
0.368340161005  0.398270166103
0.440736457163  0.451365632157
0.550006262337  0.533274470994
0.491498495631  0.333235350898
0.571497100857  0.508700880089
0.635058377891  0.546075696837
0.63230572109  0.481948451841
0.402279390509  0.616316790466
0.594161792479  0.574400802352
0.448975282588  0.529627795088
0.568199689747  0.656224876556
0.679635264274  0.350673265292
0.479459509299  0.362461591805
0.615682900761  0.498290148419
0.64018503779  0.418627629948
0.504246194562  0.609069941845
0.409583080499  0.55691254562
0.508063145621  0.451753187516
0.461142098847  0.445327486663
0.629472022981  0.639820420639
0.400412551456  0.370702688608
0.256781958315  0.623080385206
0.581413597033  0.584936254131
0.602061268738  0.548434317329
0.365568276046  0.433885504244
0.591052271868  0.512145499821
0.507877866889  0.488004309683
0.488205926219  0.435248971251
0.553851876523  0.312088378209
0.617881638467  0.499044879336
0.454213694409  0.487885577924
0.708876864212  0.488603593139
0.548993158064  0.357878452226
0.388896486765  0.455564712528
0.460127567293  0.407801772575
0.570313538912  0.576292629061
0.36916384088  0.549638013518
0.463734556072  0.386644966443
0.63449912156  0.552897476104
0.57665560801  0.515701134141
0.67946757283  0.432139058652
0.436100405848  0.544068185337
0.513729692167  0.443681937834
0.391368731655  0.54742901274
0.514766123444  0.545477961908
0.56650665872  0.40333991888
0.514364147403  0.624532981269
0.427665831879  0.723423442895
0.333704243181  0.503233520024
0.536773187517  0.374789409423
0.486827617966  0.667478498123
0.375743054232  0.633851808435
0.455332165142  0.438746037877
0.359406569884  0.260918982535
0.451498144487  0.66975129255
0.525992149269  0.35443091168
0.430951035269  0.596214018032
0.525026356758  0.476783801371
0.492216198459  0.340964526107
0.493999098033  0.327399027356
0.392740048583  0.438457444221
0.434327786272  0.509471236103
0.6489733417  0.552150950294
0.617164540718  0.675392834252
0.574977753822  0.328846259543
0.592624612609  0.54625802699
0.472805121493  0.545932390459
0.402603669898  0.470509384812
0.498283766887  0.531867147615
0.680356948122  0.381010755718
0.550261491299  0.562244877423
0.418074357056  0.53160368996
0.530896286314  0.559711859015
0.531255003406  0.443124370396
0.541878480014  0.55776855148
0.497349165515  0.630863427094
0.700619733006  0.417195316067
0.37724344846  0.442750597014
0.445957927014  0.397174709127
0.453825578175  0.29889191771
0.516933513041  0.512324847492
0.488431358785  0.376471600524
0.572481195406  0.386673503905
0.5585510917  0.627499528533
0.557603348818  0.618590089901
0.607147445006  0.574884460733
0.576015010469  0.506599234244
0.445992069126  0.522604135788
0.383801213976  0.492514522131
0.560921281089  0.468607864997
0.470496041948  0.57264455458
0.670710928189  0.449946916473
0.398153598242  0.319514550699
0.579569365074  0.441722082198
0.350446374423  0.589807278115
0.494438558687  0.363872296021
0.445214870361  0.445179733491
0.658934082737  0.625600279389
0.534008286309  0.400425034941
0.380863065386  0.548356142156
0.431172269894  0.535719874569
0.370843470424  0.397942148382
0.487162780024  0.564167404344
0.30409053916  0.47397703157
0.310137283307  0.488377545514
0.394144945397  0.535104128792
0.479107454743  0.462118674819
0.486664637261  0.4457309062
0.515969348386  0.449488244082
0.560537891128  0.507461958671
0.529705174727  0.558770905719
0.631910307753  0.468784955693
0.564786139854  0.597960632904
0.410836477051  0.46248966688
0.612778546161  0.557714336032
0.822602175647  0.392149660668
0.439184420634  0.675129126083
0.547445487171  0.714713414537
0.516849976477  0.448212485288
0.425169908085  0.459470465064
0.392337790971  0.272533663957
0.639243710218  0.412937789541
0.36411125613  0.50233484019
0.547029966218  0.561426932701
0.598746013284  0.570608577483
0.697444540304  0.588373192001
0.496257655181  0.543624190639
0.578940667444  0.672525914839
0.472607401736  0.437344038694
0.489330285893  0.52337060853
0.462230744313  0.664707502583
0.616574016091  0.380757357809
0.673817299212  0.548224002924
0.429748485594  0.382296435801
0.48746388029  0.546215491298
0.537775500435  0.615062901886
0.588603988448  0.355282072719
0.49517721924  0.434299544571
0.522651802931  0.484517013367
0.470557806358  0.420114713315
0.396312115917  0.538293267417
0.449429253486  0.529456872382
0.397054195531  0.556525585678
0.71847790272  0.506667136227
0.425578354115  0.615725205232
0.603388187435  0.420167726822
0.543513964802  0.372821763416
0.374568580287  0.418607755372
0.441508566937  0.512486047035
0.489145376316  0.410781256264
0.524550582236  0.331155102819
0.579494422719  0.497247655941
0.471327218559  0.432741011003
0.507995276525  0.435214490504
0.53821421422  0.579619424175
0.360139074691  0.346508185877
0.441752908977  0.474718776848
0.710678914052  0.498014905202
0.612658427787  0.57023593922
0.468956326191  0.552742536253
0.511494673126  0.324824874235
0.538475800837  0.631721133525
0.567521929775  0.228958682846
0.394404648402  0.53821965132
0.396547852537  0.449657913298
0.488996778273  0.64218290186
0.403749326788  0.360669592823
0.632622306392  0.407569349075
0.468891550456  0.372627548874
0.334682263808  0.603204863394
0.499547749307  0.397276020694
0.497856085901  0.601470432222
0.534878393541  0.404852523311
0.575430955305  0.377166259614
0.352303802607  0.485772445844
0.39962660817  0.485862842697
0.662636595491  0.569023856751
0.534093391577  0.709452027942
0.404179139217  0.456578578875
0.452647393007  0.492726488392
0.53558739901  0.43924926226
0.4401255387  0.636111656231
0.58821294174  0.372425611074
0.535891335142  0.521200518756
0.404440709025  0.433504447643
0.606312767667  0.532998885596
0.420448334237  0.206142730709
0.416176563733  0.463807147642
0.519837886171  0.517368033813
0.455533326963  0.492107918737
0.448511567712  0.454069318872
0.398669192676  0.641850249132
0.647235805819  0.53861824325
0.561088787831  0.562207971394
0.576110756664  0.478291978119
0.491909428215  0.367722335608
0.525817215662  0.601001326828
0.446738954881  0.449498392025
0.604913118377  0.442236038177
0.604214790001  0.576572416229
0.292214476075  0.443189423333
0.279000289433  0.595546023824
0.602499333382  0.533796503234
0.507104189585  0.370563958053
0.475607948648  0.341055230894
0.401447956913  0.383160486346
0.395489683118  0.491606622342
0.491924792137  0.430096275392
0.360006675299  0.558740050661
0.475068256744  0.492672671031
0.43342012254  0.501858685737
0.333900824336  0.426552324273
0.559541370633  0.365705950307
0.414272671298  0.655227367458
0.410626648313  0.705068923178
0.522905347137  0.438105989044
0.479613922899  0.58062015326
0.294250923452  0.472749816189
0.427881180174  0.477670256151
0.573811808723  0.60353482785
0.584957344369  0.405121271677
0.325109769343  0.475797888247
0.335992635957  0.582749911869
0.575615857028  0.465929469589
0.59204484686  0.484658492357
0.306161673547  0.354272570937
0.420729924451  0.526780411229
0.401149198521  0.416679073034
0.627662872417  0.456753331214
0.691995009199  0.54770665125
0.527345950189  0.454342714136
0.564367350246  0.594213333563
0.507195740231  0.58420052994
0.481435682076  0.609299240481
0.446406328237  0.534354154027
0.501514653124  0.519573152288
0.654056475104  0.542438793797
0.501482009379  0.52263408711
0.618988228219  0.433962926738
0.402818943388  0.369723739145
0.522924877625  0.440929423679
0.467165143494  0.565771038695
0.433839767298  0.683297887743
0.565836523811  0.448843246242
0.517089296691  0.586502160028
0.382127262342  0.565231637966
0.570000743849  0.386208930713
0.552186374121  0.474918588487
0.496188311885  0.39317684136
0.488341197234  0.445879938498
0.618885410086  0.606991239097
0.402787016087  0.424125771491
0.556049907089  0.639517115993
0.497771272808  0.367527237871
0.498531691453  0.462071656551
0.531853925164  0.635593974681
0.650913811801  0.256752771798
0.539873020411  0.643128009183
0.409542091038  0.50100368188
0.467991904031  0.317566667686
0.482740876153  0.468403732043
0.550099211447  0.666282274828
0.380512243038  0.563298840116
0.479543815415  0.492423312065
0.458683960368  0.566648993905
0.554855337088  0.605999175133
0.530765720602  0.547275191203
0.608983481681  0.590477253662
0.528157061802  0.481519196725
0.551010982067  0.506177859351
0.623506415112  0.506499721904
0.480606343385  0.53071123076
0.519856603721  0.386586212867
0.504806171069  0.473946003297
0.231602670461  0.342348788963
0.566919374183  0.59929785457
0.394965044816  0.372795174566
0.536451795111  0.540346436672
0.569416945177  0.480611133293
0.642795835583  0.429984904225
0.640602226023  0.437057280106
0.549985560511  0.493340801937
0.464402308832  0.424047668162
0.45242404351  0.333014316584
0.5595007189  0.513036377115
0.434126955971  0.439292039181
0.474178957664  0.607883795889
0.43077476969  0.467447832325
0.694921775726  0.541646246692
0.624944194878  0.665403576656
0.810092683489  0.501512050619
0.530012309191  0.495405400207
