0.469747314573  0.472827047328
0.489210657887  0.217999639011
0.516302467136  0.397928362846
0.534845200332  0.377854848765
0.710456313496  0.540314110746
0.424170948026  0.406466422097
0.586164989825  0.491250434384
0.558174082171  0.448176754267
0.256066388811  0.389134764591
0.615905888699  0.451623314114
0.633341233106  0.470238236622
0.706905519351  0.42764633499
0.441852102141  0.495475658061
0.414819336831  0.639599362892
0.348787873183  0.467335379606
0.504250700882  0.550467832995
0.443793814143  0.541532515559
0.474823817131  0.574536944284
0.502809601618  0.250151263709
0.594865363953  0.605271241232
0.414226353708  0.495338242769
0.444679959929  0.553151374937
0.529866904887  0.5016901605
0.649955490507  0.31515162344
0.447268289334  0.657647288497
0.530047032927  0.404673616888
0.430228673096  0.431230287459
0.677531689525  0.646582404998
0.549103501937  0.551556242325
0.5237850858  0.45978607725
0.411182541705  0.528635849269
0.465119054933  0.316868366138
0.573603249481  0.510150162181
0.449937789097  0.485895344526
0.592239385778  0.558632450725
0.589744618362  0.333316166108
0.501049032072  0.3921673294
0.495536557104  0.325605121902
0.51495749009  0.443614399804
0.474083698314  0.523025095195
0.683819145074  0.408856278868
0.47468874685  0.391833292445
0.465651162128  0.564686525011
0.487454206077  0.291217320142
0.61077365368  0.335933142691
0.376946469622  0.426065417351
0.321695564733  0.465081542764
0.672449191008  0.573892130931
0.464811780351  0.696143282811
0.464465907128  0.456829032334
0.449570154657  0.491863931235
0.616507133895  0.550810100886
0.456398335923  0.520257821406
0.447720710181  0.689223752671
0.442109378928  0.534514520746
0.419019188933  0.709442110608
0.593316206657  0.503547904583
0.716607676674  0.451469260203
0.637182302852  0.601318732691
0.453462816529  0.591603656179
0.589439372011  0.508458068563
0.481564483311  0.448316708618
0.463773139758  0.481288011849
0.670060400533  0.374791479296
0.541955585267  0.507574284639
0.641752792602  0.350537307595
0.485145073155  0.405319903778
0.548480581089  0.331734394003
0.356577249702  0.357670876389
0.473148753463  0.454623932996
0.305648533513  0.559423077809
0.517455683477  0.48331287283
0.478963803186  0.454890079862
0.393996319319  0.500597482697
0.634177171345  0.478829737549
0.520479844962  0.536861976835
0.640633622097  0.505673538006
0.430769447452  0.521445594693
0.446265672403  0.298835703226
0.40909489061  0.562550623779
0.566180955216  0.518984912945
0.559077904689  0.297089850627
0.632352226835  0.520775678452
0.48832799095  0.346251615172
0.628710767645  0.537531273669
0.622670514113  0.493226044664
0.598926575864  0.476204069486
0.459016043016  0.30563515835
0.511099335223  0.648176832027
0.372964198837  0.483208048935
0.41883462587  0.443965198521
0.559996850963  0.646972510767
0.574996900418  0.474802722388
0.562582441142  0.343098958268
0.554420016228  0.462225107913
0.539635448617  0.427965637467
0.675055398237  0.38691921413
0.582883318717  0.576863384754
0.429382849933  0.580765689013
0.480378243371  0.459719509221
0.337251667047  0.509424363538
0.539653661197  0.636223608953
0.325590012889  0.723336823983
0.70247532347  0.423478682411
0.40571755443  0.554687634682
0.571970980737  0.330794949593
0.582002382467  0.510852438324
0.430539767262  0.482953194193
0.509362993555  0.656730941809
0.39496002648  0.535103116412
0.574680610623  0.583454330833
0.554550102331  0.335208258598
0.661529808254  0.305602470702
0.520228430219  0.756499727559
0.55411998251  0.476548467504
0.559638902282  0.43212495992
0.572701541517  0.491279531617
0.613319951371  0.350398889964
0.422439177544  0.458342728731
0.533350790117  0.336899108827
0.34995067515  0.585663073069
0.587634455463  0.579121763218
0.523091989208  0.58196912658
0.604752798829  0.595312869248
0.504198453279  0.573903692393
0.380806109659  0.430698021758
0.620132801439  0.368918910599
0.49257979098  0.549114405546
0.475431541413  0.329104029515
0.656114236528  0.356121853106
0.245622040386  0.279210706875
0.351415286802  0.503830465665
0.410538304206  0.418194447383
0.312070162834  0.452600282025
0.455712203761  0.502720806988
0.441136846596  0.433537812588
0.460600401699  0.523856442155
0.433822139429  0.208976498377
0.686054052721  0.688668500021
0.50760388993  0.469015047499
0.507985170709  0.229496997112
0.434140560978  0.396326515225
0.521235727821  0.566948052169
0.480133456497  0.412877297922
0.424800291917  0.538790287812
0.394064825618  0.502025500391
0.399819005907  0.527439007498
0.353778078969  0.486643734814
0.550025781006  0.510532224135
0.495058936684  0.537607310931
0.231483817008  0.403023793602
0.583156161195  0.557942929506
0.580848809663  0.411034270089
0.544089240534  0.565679851373
0.595918745668  0.54012335795
0.626301023894  0.692717410563
0.335999923184  0.39738153557
0.593537801069  0.673544669463
0.526583940585  0.350313604778
0.501516927394  0.504904668596
0.443326948343  0.392980389447
0.54618663386  0.631600984972
0.668215008872  0.496593666773
0.576436138155  0.449513177135
0.571167829414  0.390686484076
0.449808399178  0.565852302738
0.544542242244  0.518178525089
0.410064055608  0.441059508711
0.419154105224  0.546518125096
0.500488780796  0.33091856177
0.492387717504  0.306666987601
0.649029882845  0.465174343242
0.52781358493  0.47055653556
0.643688585159  0.625826824938
0.377955085172  0.530682325416
0.483081469906  0.638966162109
0.434015337504  0.465730225719
0.491566612277  0.319386303929
0.717716440902  0.287134873518
0.554852471361  0.571480199127
0.548344920068  0.449259163731
0.437410667214  0.440121749909
0.58749840409  0.490440205166
0.410095864489  0.457597958648
0.529900794855  0.429488484208
0.499856682558  0.520600240891
0.672881219373  0.303546382159
0.557075603021  0.449559304819
0.395253072894  0.509562298831
0.55683231829  0.366153018147
0.577158856207  0.592303991455
0.621087848072  0.698996901291
0.491797361372  0.544256498504
0.573197127736  0.345423932886
0.461707709849  0.409301606088
0.418810515924  0.354734343701
0.566394202654  0.752539471764
0.39229053102  0.422953560266
0.363774987359  0.640158319976
0.45108470854  0.519451808899
0.530502745945  0.427605270428
0.643916176658  0.452223314278
0.435612343999  0.59830537183
0.455309169148  0.421448156411
0.469908685812  0.468274456363
0.641989958569  0.482210923206
0.358067229392  0.397328468693
0.602264595981  0.156580908853
0.594808176279  0.470204567807
0.514075111392  0.693944514932
0.518321611077  0.441103183892
0.482855882853  0.502003929654
0.558488733661  0.53283609708
0.507630131424  0.386831011407
0.45938736477  0.328398200693
0.539613684  0.617736444325
0.72209432058  0.48346219893
0.664344647132  0.537142957624
0.511229159419  0.557611571687
0.442685954237  0.349257389583
0.426345579243  0.469312890771
0.331825983757  0.512831924327
0.577106469935  0.514274471983
0.740531390938  0.433743795791
0.597745110148  0.409711615875
0.569517373701  0.379981605377
0.555880483253  0.678629675407
0.450541924463  0.462091204609
0.475647632423  0.559967484647
0.385464764777  0.204406993241
0.501372559719  0.375837282614
0.634584883441  0.545058371888
0.56224493036  0.358504690996
0.515595903671  0.557939303243
0.53647295721  0.566724699761
0.547873625917  0.516690043917
0.612072415963  0.439931224947
0.473445846907  0.48641621162
0.345601935201  0.417361973253
0.32884680145  0.554766309824
0.464638936126  0.302448451846
0.647297085818  0.528194353145
0.590940982676  0.214735410493
0.251867264711  0.514081751722
0.64100623763  0.497078769887
0.425431717754  0.231515943547
0.586666746634  0.314275003985
0.526183922354  0.521510661872
0.491002167559  0.500956684761
0.620549691688  0.41124750029
0.479441337906  0.471456130543
0.341200001375  0.611652044296
0.559663804629  0.425590223021
0.673304703539  0.520297617589
0.500961515678  0.469857702213
0.465993195333  0.304016984986
0.698783111666  0.563503602066
0.367749225198  0.400320850862
0.53587876167  0.360730644409
0.494936945156  0.511916480472
0.474904209708  0.553755272178
0.460714512279  0.557693522919
0.679231505097  0.350061410334
0.520021820972  0.495006873494
0.313972242351  0.438200748787
0.566948946418  0.439680805489
0.557550346884  0.439415165461
0.447094491021  0.526456355091
0.630938270272  0.469977566272
0.554145093775  0.434413921058
0.463582506586  0.36105105589
0.448872398459  0.415475478632
0.304480266371  0.529926930302
0.45779819075  0.430381414933
0.462126887361  0.498143430421
0.59191047489  0.555291979971
0.565623489138  0.478300985994
0.466998331998  0.492719305648
0.581231176299  0.636344059481
0.474501645111  0.421236785672
0.437022422369  0.482927752422
0.52804802552  0.326908482911
0.710973498591  0.450920819745
0.393850761091  0.413835140395
0.589090968329  0.570805321631
0.352477164853  0.60740094519
0.350673087695  0.651593825619
0.470963550599  0.48986536129
0.307027439712  0.520536182271
0.376103079881  0.549822643939
0.586091266199  0.677398465553
0.427307452669  0.331739444726
0.412927780459  0.532866200163
0.445369446228  0.563214355086
0.652527155208  0.493320906445
0.732935701481  0.498219710459
0.599040720014  0.46552572218
0.439414152976  0.635982398323
0.348890208677  0.688392406243
0.66568345252  0.473785101583
0.592014290021  0.354054891778
0.523998339332  0.520713303193
0.576183424781  0.664617013492
0.758849275859  0.614399987807
0.485280303251  0.429801346332
0.307958591875  0.510120788371
0.301130194149  0.37231048543
0.494471348788  0.359372108616
0.522899506834  0.374684326129
0.564456554057  0.603298368512
0.463549106007  0.327526770156
0.735962698708  0.314882752025
0.46246564116  0.567125689297
0.423086671238  0.347392317529
0.442941655633  0.633012071705
0.420831957781  0.621439320434
0.472107719303  0.469880035682
0.619241279933  0.525184723176
0.39984961325  0.406337228789
0.335193338267  0.347442253895
0.538247613756  0.405429350661
0.619317334661  0.452402305101
0.374179105329  0.401529100881
0.529531346295  0.326442942394
0.471906464206  0.419339205865
0.431559608138  0.479923936564
0.632448869236  0.37254902059
0.540394014011  0.32398432769
0.529718262125  0.335334600372
0.57817865579  0.499517330076
0.476353762591  0.595960463518
0.554748789999  0.640931916459
0.600317866472  0.432739068826
0.551019718529  0.558408108811
0.408545127025  0.49275037062
0.710121415763  0.564534538293
0.650175996683  0.544143358717
0.507450591441  0.471062979595
0.445019186189  0.547619574601
0.367077826771  0.48900242463
0.402462217456  0.502942622634
0.73219218914  0.565705461925
0.559150535998  0.485576834855
0.4253578575  0.399402722515
0.59999261288  0.44563963558
0.648475098171  0.532584483607
0.361757109148  0.402309909504
0.529312352775  0.5246928864
0.422393011822  0.353408655834
0.550603583516  0.495623469737
0.472234777061  0.448621732807
0.442784997462  0.432647262298
0.737637801506  0.65465211252
0.316677716849  0.558439553982
0.672339068772  0.591559591003
0.418954622402  0.549859209717
0.381684975877  0.320780887186
0.382944378432  0.504353229348
0.539736234337  0.527730068655
0.485827667345  0.685496113138
0.583735341843  0.712524814736
0.339889956881  0.295299787758
0.411878357354  0.346420140664
0.677585551171  0.497872109325
0.641322442732  0.399155763198
0.475440433462  0.473057533355
0.468653014316  0.504958655581
0.377616348282  0.452590398116
0.545070564809  0.58164464196
0.389111999197  0.382725973314
0.545160751081  0.480875965515
0.415918841854  0.478601266777
0.455551493001  0.378646736026
0.384035193151  0.496192886031
0.630534847984  0.553892118284
0.239448330621  0.398205357238
0.325415991881  0.466184937668
0.464099104563  0.506144169585
0.502700650691  0.378063609109
0.552726766239  0.389119081833
0.599944339042  0.45311309713
0.426722261932  0.555725843943
0.590516403472  0.476602891177
0.54056838726  0.427573234936
0.645897061962  0.317386581997
0.723313109068  0.575364806647
0.569871980293  0.380232458998
0.427978902385  0.455442470679
0.423569875671  0.333199282581
0.392292227109  0.457849539546
0.61409311694  0.408592455063
0.28628470986  0.568758750349
0.332722653255  0.326387789422
0.342825939184  0.414804229913
0.447018622852  0.624999512767
0.473614023654  0.363306922981
0.40480599209  0.426794139927
0.501649047776  0.476659153743
0.408747648628  0.402792465027
0.717731009023  0.490204205268
0.402766359542  0.489574779512
0.653223212119  0.356368078652
0.301751038972  0.518734700993
0.566147583711  0.555638877385
0.635292765466  0.280562008005
0.573526733304  0.43013673195
0.619084756146  0.413065494117
0.600491405041  0.505679774614
0.415698896981  0.658340239979
0.483463246345  0.274773121249
0.520224799754  0.592664643858
0.582711647171  0.375397014003
0.267783776221  0.458816353647
0.369150603212  0.697075970269
0.417135194207  0.532144149309
0.471571563454  0.414057280049
0.477444773973  0.533896834261
0.455981843278  0.385837638471
0.415036575285  0.432806144274
0.45867267268  0.536598413255
0.375371987241  0.613759226522
0.535053670133  0.509697316125
0.599651488728  0.317420077984
0.449374047378  0.629321168571
0.615646809773  0.28213283296
0.541232662758  0.501784076917
0.254573974358  0.416752115342
0.723167449696  0.518292476784
0.412452159773  0.62129722636
0.535036431595  0.437823863964
0.406131044419  0.447370895085
0.593293530054  0.55948938961
0.472904229484  0.647370501929
0.493017738874  0.524381899043
0.640291890737  0.658646603759
0.446128394526  0.641486926264
0.578226805701  0.301941874062
0.432427640038  0.39051412736
0.474137040965  0.685114589912
0.46607167276  0.31058859978
0.58353627728  0.367987354408
0.497235654723  0.424663777239
0.473461050623  0.654236428326
0.357815906047  0.47091334473
0.348273683001  0.558185047996
0.513264072269  0.63328424226
0.469934802866  0.25160669599
0.639705505972  0.49086825642
0.541282881548  0.346868180119
0.466841270617  0.352402836267
0.575802854278  0.419043156347
0.558530266748  0.305976593205
0.598897895239  0.406404101528
0.501819537592  0.40165353697
0.476280481509  0.598853334214
0.366183343316  0.452588203574
0.479439425587  0.469469405216
0.551975361283  0.629389392146
0.615720217215  0.431439226663
0.511372227033  0.505592591218
0.506182609517  0.3539024311
0.456684305859  0.460708537834
0.507008433902  0.522035452425
0.494678017935  0.361342279297
0.440154293753  0.461599549213
0.587245782304  0.410995186507
0.429160940899  0.379497609762
0.674501430026  0.377081123279
0.446753807374  0.537684556842
0.494711703596  0.51982465801
0.52326854479  0.443987029486
0.481019024966  0.589645111172
0.537375401713  0.581001582363
0.347139123264  0.590347351121
0.471246122042  0.512876408023
0.451585626885  0.536528107525
0.559884641268  0.371250859778
0.453027839083  0.437449181912
0.512893299767  0.436783015885
0.811431533816  0.486641311227
0.629852725281  0.483736951415
0.448971622238  0.505950021024
0.38728661627  0.434694587428
0.540491107477  0.540744904784
0.587617398422  0.445794405222
0.270139246142  0.50833182014
0.565986664402  0.492685771265
0.699105758616  0.413195212546
0.561592217032  0.482938663352
0.303129694266  0.373655622855
0.410407795806  0.290109061339
0.445172191694  0.386153948342
0.428958909875  0.460343172097
0.497760177769  0.484606220676
0.564690278666  0.330430278033
0.534419012915  0.683493630639
0.442465282744  0.453429141356
0.706187477768  0.33733385407
0.553203059991  0.556901613772
0.607704246994  0.554988659828
0.391703712959  0.380542286145
0.636867378076  0.553094761171
0.49006808792  0.442822041471
0.393549906998  0.451943764936
0.445130207802  0.256342847814
0.430419013991  0.464892198116
0.589091452568  0.401806304478
0.356158724859  0.40263003599
0.453651326463  0.387847261179
0.524148198378  0.581269445224
0.485503059033  0.42631424536
0.38667649979  0.47463588877
0.565647974055  0.508959279805
0.62397417052  0.647614792538
0.618474132298  0.446747680687
0.537363746107  0.490037389731
0.40736683098  0.361015198293
0.460317345041  0.593076216729
0.416273230534  0.522157166185
0.553567914534  0.646505417121
0.41338882722  0.589157887127
0.481158216683  0.528593707874
0.511684616507  0.4802086578
0.33290547748  0.62852812175
0.405227592773  0.712384633897
0.475324804798  0.465987259172
0.563836181496  0.436439369851
0.422634803769  0.256617881551
0.536902545837  0.637542726722
0.47302929888  0.319794857217
0.504613027591  0.634730284711
0.587413545808  0.350304559483
0.382547781395  0.43267318547
0.52356748904  0.337385601223
0.447821082554  0.367054190412
0.591548768558  0.429554886427
0.607461860616  0.623420730894
0.434284902238  0.442898884038
0.454743755363  0.483623076936
0.486715318847  0.521712460557
0.460050557929  0.509746860352
0.478432568915  0.562974267767
0.64544517155  0.63492081505
0.324899861969  0.511514332986
0.279950946035  0.490581834322
0.54110329598  0.338424653203
0.521498549298  0.345502512398
0.449884084554  0.506490446061
0.440002010235  0.437604310633
0.487293862841  0.404929913285
0.376900654959  0.522953402988
0.566185629456  0.430318260178
0.474176320188  0.441742313057
0.56245995108  0.542045429594
0.414449414453  0.486980423441
0.343268927155  0.440592189267
0.546376330473  0.587294027947
0.466364306473  0.503192272725
0.443661630888  0.548896977441
0.278765228815  0.62633240988
0.563850077577  0.42623199333
0.469150691557  0.352736452474
0.574028256959  0.561915454111
0.561288659069  0.40655107884
0.497448725165  0.599710865682
0.669950910614  0.414232737826
0.604899532449  0.496501023778
0.297642443002  0.531976596125
0.516519938254  0.52171115186
0.695024966229  0.474005175261
0.338356463463  0.536102144032
0.538607310982  0.617551984326
0.456774438921  0.47277717659
0.529305859458  0.570758792457
0.443017440261  0.63509621037
0.506805758825  0.475274965569
0.612950922269  0.453831513509
0.52739342576  0.432443633818
0.501094699263  0.522758018136
0.460296144783  0.36064192728
0.585051960987  0.514452246354
0.473837989344  0.458457501205
0.615167494837  0.506629684156
0.613702655753  0.559380817721
0.412408240548  0.618940950772
0.413442954461  0.50673239821
0.467212181189  0.367109004379
0.405298089957  0.548835917415
0.506400787166  0.385586903497
0.498631463524  0.44883119366
0.695320132125  0.410217488455
0.393406450435  0.339101050796
0.678561174366  0.387707238307
0.460929082831  0.49673080665
0.442135102761  0.344019836662
0.606776939703  0.311676798037
0.498657491881  0.444180337347
0.46117492923  0.572651581152
0.474017355943  0.408703875171
0.433475368916  0.50570960202
0.539409156259  0.316102659534
0.33852625186  0.40994459873
0.499289366227  0.446112924187
0.46675979392  0.520758697998
0.537737320626  0.470705851098
0.497097035007  0.477123156731
0.372109463674  0.336711790591
0.411279896709  0.506128959879
0.514439398706  0.420454576917
0.487463566079  0.398585224325
0.539740275088  0.38956666926
0.538710201227  0.533256461999
0.541831653303  0.602613173878
0.613182755574  0.660097860378
0.582078732808  0.543551584248
0.465197222991  0.511581391326
0.431856737869  0.495374665355
0.520074437124  0.493412866518
0.487190008006  0.378357335999
0.489299733082  0.492446775105
0.681772305583  0.325131748847
0.580460967351  0.400077863423
0.537002349401  0.356890821384
0.412020135053  0.484853671843
0.415461666611  0.46801063998
0.397717665743  0.528914224274
0.462209514992  0.546058921026
0.566833842775  0.446058468595
0.404029692306  0.458451725771
0.575661224425  0.397023587331
0.425691548925  0.531400679289
0.523886829863  0.416531746316
0.445924693491  0.655838295812
0.465830027887  0.450942326906
0.388499201233  0.361197305792
0.508323768489  0.496918082166
0.392807869121  0.460274607657
0.393811286578  0.460423280155
0.550574453216  0.436414498295
0.468702245876  0.500019950011
0.613196803711  0.660020749131
0.639033476167  0.463227703134
0.613525632326  0.51224883435
0.443840113854  0.435418902545
0.539097706261  0.576540469892
0.474231657406  0.454799906848
0.527431993455  0.272462623324
0.571206920369  0.302726280883
0.644062038711  0.584024261812
0.705485067571  0.611936833426
0.374411826055  0.516594422801
0.582888278819  0.565741745801
0.549816810223  0.682918022858
0.502881706085  0.470675038827
0.541093090422  0.481807432878
0.496188567635  0.446220039596
0.544936699235  0.487727583253
0.615214255211  0.478785137757
0.434800015254  0.675719374734
0.467755892377  0.490293478976
0.566544038396  0.544105362356
0.393644930317  0.513176638576
0.542245915795  0.313903537423
0.351906916869  0.64045152159
0.31618527  0.444507759139
0.405261163908  0.563575275608
0.543372538791  0.499418426797
0.521668944572  0.640688455608
0.321493624745  0.580684185782
0.486917742996  0.54975462545
0.569497473949  0.531830113925
0.400140034378  0.482907277618
0.669106887318  0.350284551415
0.463366069471  0.744498803702
0.506134315606  0.413955327365
0.467154649833  0.530156370596
0.594758770746  0.45988443249
0.722925762443  0.576540562865
0.479432473845  0.461969675293
0.419756958306  0.510693255058
0.442986415764  0.606507366359
0.633292681996  0.707220727538
0.558599102539  0.522118665716
0.376842800846  0.508292732557
0.472009421118  0.534621186959
0.373374002358  0.317966043305
0.588821076838  0.55322011614
0.590967730888  0.427945579403
0.552210519644  0.594156307652
0.47657971999  0.564737011292
0.490136585942  0.40127952063
0.592613342738  0.393241390755
0.522543075555  0.505756699778
0.425801423229  0.472564257773
0.709416618589  0.416041786088
0.596302213519  0.458510085188
0.577842454582  0.283955727464
0.497697386374  0.418728585414
0.529312785828  0.383875923733
0.551141411298  0.398395580733
0.582008006509  0.786324312931
0.419277406116  0.533717787724
0.640944361248  0.583160907167
0.411620057848  0.433850512974
0.406809162316  0.397425234667
0.467932422466  0.51047548196
0.452259945006  0.473101727136
0.531052932597  0.561500054278
0.451628082721  0.459097657678
0.492853027912  0.443471201642
0.52812562293  0.766812642005
0.375434471623  0.382082823124
0.641627744305  0.442496486512
0.32014410094  0.519798703562
0.47183315577  0.520714215693
0.420092235599  0.480593387385
0.503455781424  0.398670044183
0.472391484394  0.429957729015
0.432344749681  0.600084747363
0.643008327986  0.315786937225
0.613465850447  0.44203989616
0.610277366765  0.397796060872
0.468974373757  0.57261584037
0.416941332522  0.592279595301
0.601181990382  0.443313077511
0.502124318278  0.45835381391
0.54702932365  0.588711624493
0.43399884078  0.519966259188
0.495698327183  0.543615519972
0.371650252895  0.550251151372
0.306286191231  0.539650400957
0.696846634492  0.506925896402
0.64466490775  0.509379009107
0.207218736583  0.498401333153
0.417207329111  0.459435187189
0.623688890342  0.647206227003
0.592144566005  0.493468671049
0.474145420824  0.510443495078
0.569759187947  0.595164125253
0.655811336561  0.389168833554
0.379727590722  0.644951564937
0.274084994346  0.595763742249
0.422645249198  0.541813836705
0.669247329827  0.412794779806
0.386444514445  0.444232415908
0.469028736048  0.550235552668
0.604978459287  0.361452913255
0.595438025835  0.572003023001
0.480449575745  0.48362394874
0.490154840118  0.460596043971
0.514075950991  0.377049260609
0.391808096034  0.414893955275
0.506874975166  0.289306113161
0.627057940885  0.386595448419
0.454479412974  0.610513167171
0.603219545433  0.537193587978
0.617758100002  0.469710097699
0.295415051147  0.544146524718
0.481820011331  0.555003380521
0.565033813627  0.38422193079
0.415513363598  0.451848909135
0.435163946771  0.46794296035
0.446596876456  0.4012107795
0.490818497905  0.456139952472
0.479993661188  0.412525119092
0.282658316028  0.223430846374
0.47662973318  0.318159845027
0.572233271625  0.442624403584
0.496953377496  0.428677347607
0.520107577351  0.704157717763
0.375127804358  0.323793074251
0.412933454909  0.675690791119
0.512095196873  0.243276009674
0.503140864278  0.581083718642
0.446878299713  0.410916846519
0.347110582324  0.349424934723
0.493955360509  0.547563198488
0.295899107953  0.39620998635
0.391466204156  0.480031201487
0.495683489004  0.479401318977
0.377539235301  0.673986971208
0.35058752087  0.390052129171
0.647087355769  0.504821606167
0.572737579136  0.215938693413
0.517824160838  0.441748938831
0.384833108214  0.452528922994
0.253178441922  0.465411962067
0.570741918716  0.403755942477
0.513545482805  0.479397492974
0.691858967349  0.35083862478
0.629843228211  0.656313223327
0.594817712873  0.472278955743
0.547842918195  0.490340104536
0.420595487883  0.327363523918
0.792357297429  0.441743763179
0.505367718793  0.769371552963
0.484282429439  0.397475210812
0.54395013672  0.267188688435
0.277135406286  0.497625846107
0.494625002521  0.423528753084
0.444387893309  0.293518659365
0.544568518302  0.51872459768
0.604123951384  0.464442935099
0.555334208266  0.375521472874
0.444026066006  0.49456081664
0.538651820649  0.532970096879
0.500146973854  0.592301700669
0.45897114938  0.538086579811
0.395082461054  0.44184284585
0.647762127763  0.667634134678
0.491047603952  0.453165159375
0.345035156981  0.379129363725
0.398579012119  0.537193731276
0.268213709112  0.506140066777
0.613841423764  0.439200535928
0.483704304845  0.502000201422
0.569800365996  0.42553808054
0.62787928873  0.469444734261
0.608519693231  0.39772370906
0.431125881951  0.388892012867
0.509470815728  0.451423897658
0.517953380797  0.65810257141
0.518037677191  0.449704737364
0.735045951244  0.503431475119
0.565450420443  0.548338823088
0.64138804276  0.431684184247
0.406965713135  0.560104542713
0.304730302579  0.492322947752
0.618028144556  0.483141347268
0.67094101789  0.357860123503
0.552685789677  0.408337447703
0.614450958326  0.426468880171
0.574483898457  0.379093655374
0.420493396978  0.563737278731
0.46460710673  0.507611184646
0.262419253699  0.500242575631
0.479839125175  0.467525987267
0.460441837477  0.506358947965
0.637358474556  0.36642719528
0.417134649198  0.392074462452
0.431823501028  0.589841200466
0.413448225719  0.508585026174
0.566497286042  0.438624650739
0.475543398505  0.435810856042
0.56454807766  0.375062065618
0.467737341356  0.495968179074
0.443628097018  0.534374928404
0.419585447778  0.516890869585
0.533231047261  0.507541173768
0.391046589356  0.504432262926
0.431402611929  0.440088615428
0.36820442143  0.379320820433
0.634778627549  0.370686679897
0.438212132338  0.484557792289
0.358734940483  0.562648902737
0.585164210377  0.46717388207
0.374660234371  0.575287059798
0.50950949369  0.57085466822
0.557689129232  0.693600865791
0.331926810369  0.448925586888
0.59034204852  0.412347000233
0.275001612427  0.545428353392
0.486278774376  0.449122590326
0.598647389271  0.456951406159
0.480268321842  0.573443971633
0.451546168182  0.390667669584
0.315236058418  0.59770581892
0.590595958931  0.335133485178
0.384771114569  0.796355482509
0.45766360181  0.558653557315
0.429084378395  0.345959287887
0.527315391771  0.587492002458
0.59954026102  0.48798748678
0.457965820661  0.305312625036
0.564074440165  0.556732855138
0.413864366988  0.609723300738
0.643458200281  0.498423566366
0.481712763834  0.376512815526
0.525845866412  0.519555004283
0.648515533381  0.516676988961
0.644416304187  0.356581331238
0.614863992668  0.640750739763
0.506033969649  0.428665659343
0.554099134369  0.480344335104
0.37679464983  0.54894264579
0.301870990619  0.588931966633
0.450356280622  0.434917044182
0.428626060522  0.355848865301
0.546461220869  0.347877496439
0.330050443896  0.4257069762
0.428308420394  0.399141985825
0.464650728155  0.416735314953
0.460051653765  0.4935594701
0.547294951434  0.246277662935
0.381510429604  0.347100217416
0.404732578731  0.481443503727
0.432970437793  0.508967757269
0.628623310858  0.500004891786
0.542022824875  0.4770655568
0.599480466926  0.583281867059
0.618934550733  0.245983135112
0.487095099594  0.371080937678
0.606192157764  0.500448148493
0.639424532956  0.708824413289
0.436229366432  0.367376806912
0.533725600766  0.406589871968
0.561863512301  0.572085091417
0.572892185257  0.350119357367
0.722584963107  0.566635015196
0.455737535789  0.626725710489
0.654301792233  0.568296327106
0.646892869555  0.595925069432
0.546030232495  0.487058186739
0.504535191925  0.360096616895
0.553279700325  0.506815455823
0.239167185911  0.362601808169
0.714017752491  0.552924179145
0.348255360533  0.561115819763
0.612080469394  0.418789482637
0.390489711995  0.570577868695
0.341691749602  0.534563694376
0.476790213933  0.526951811163
0.528064141432  0.530131168409
0.389035697913  0.465136593308
0.658504048424  0.440114532469
0.503890966153  0.534078035598
0.423037410151  0.53724225334
0.556385247795  0.449172139057
0.742431481254  0.512632755952
0.558918669995  0.462731366771
0.420277111053  0.396772412946
0.631867956939  0.483272628929
0.62706208672  0.275677256778
0.564672563452  0.454078047528
0.525600404675  0.450667153069
0.474776180686  0.401462727684
0.315754888989  0.676034618798
0.434380106925  0.630583302144
0.480015406987  0.510844963527
0.604353719133  0.405365860678
0.538723077137  0.593129717256
0.548394915359  0.444992807229
0.484411936515  0.668913057612
0.449579943653  0.506320380394
0.496858484721  0.472149547778
0.566102676459  0.577007331905
0.282096113724  0.424133248373
0.431878238231  0.655616258758
0.442858580927  0.396442952157
0.507379301931  0.483100958102
0.607547165113  0.630619020721
0.480762452956  0.407910933035
0.587673523354  0.494354524284
0.494931093776  0.469582235975
0.558122822333  0.513668357286
0.545647610828  0.375565958535
0.545548061855  0.660578228134
0.52276696783  0.562771533589
0.485751623075  0.447468027041
0.655692230333  0.548470236711
0.46167897515  0.543065638242
0.568543004364  0.266776102162
0.399827925157  0.249756550446
0.37217284378  0.66939983804
0.619290868899  0.366563512711
0.407129705206  0.421191122746
0.539491491692  0.55850093398
0.472249190914  0.624012522462
0.555148876524  0.617390077081
0.614324046237  0.557864010895
0.499398180979  0.572633586969
0.628972872726  0.399797376139
0.487244654523  0.324872334066
0.378577562009  0.477807560261
0.355396112661  0.483956202779
0.585805807478  0.536294800989
0.644331568787  0.435798975167
0.542351218061  0.654132041326
0.519961927695  0.636752503842
0.558410217786  0.512324295175
0.612118809529  0.359756688441
0.573844410058  0.470848902552
0.233764170951  0.439056182756
0.454951119987  0.345846530016
0.489881726045  0.392736848558
0.58464701802  0.448235805038
0.439564737474  0.446907993767
0.416610847209  0.47870332955
0.56463576586  0.482481239763
0.535591790353  0.353544580778
0.673175495017  0.441460498839
0.424590899119  0.418788179159
0.55216388282  0.481426146172
0.623506080553  0.415538659801
0.578211530432  0.50093496315
0.571407751757  0.353666993916
0.495943614362  0.405515621359
0.329366518635  0.492785358204
0.4579677242  0.430906128025
0.63171847946  0.4162057777
