0.442453827502  0.469593420551
0.546919610735  0.472402445666
0.625007654206  0.416873962445
0.460266862468  0.378969995128
0.575821204874  0.603040857544
0.528972435754  0.381100829768
0.4282430164  0.536837996812
0.50639034362  0.421076973391
0.663532074004  0.457885454451
0.595644981151  0.56716071495
0.597388640517  0.386836504662
0.433438880684  0.345242313185
0.502306956124  0.425037510947
0.59092001269  0.438757879278
0.412825505279  0.440291434397
0.458692527017  0.457236911805
0.385519723875  0.621088400505
0.493382990873  0.475640927985
0.485085686005  0.375415160274
0.533716583255  0.392758313315
0.512635886523  0.495995942566
0.508288994113  0.371972917561
0.536041898905  0.573438408464
0.57104192483  0.427607455728
0.610840320212  0.488229154087
0.662710900717  0.420711868715
0.484736175006  0.54262773136
0.523077664221  0.427877677617
0.577862948049  0.671070600259
0.569708027338  0.421980006242
0.757385716881  0.494085184921
0.604277692235  0.584578135193
0.504797144804  0.508314563901
0.62559094688  0.49358594743
0.523134402709  0.50813460182
0.479940707548  0.33097784117
0.695940159599  0.455274056725
0.440033086025  0.562017933583
0.523681269576  0.542291607616
0.409550490586  0.397581482192
0.617968109521  0.384525551291
0.489753138124  0.553579456908
0.388201246117  0.507291072029
0.609353929975  0.359814204953
0.404591415005  0.538071349806
0.551247128065  0.490898864364
0.467304959611  0.438281055457
0.495524454247  0.497670454338
0.487309241822  0.63013434771
0.64028094679  0.476301490958
0.555571579266  0.570371820852
0.548427503027  0.525596249622
0.516342938136  0.56510423973
0.603595430809  0.665795280733
0.520323023132  0.544397508599
0.471090773884  0.548776283974
0.516730570179  0.412542498379
0.525049649505  0.424027943548
0.321304891302  0.61007855982
0.424523106173  0.513174592843
0.506742672094  0.443238992259
0.461647442636  0.57848211133
0.556063432725  0.748454267524
0.670697083633  0.394370653836
0.388706832093  0.305817498998
0.561726520948  0.448874320489
0.629920675668  0.483965570693
0.501261409385  0.460350246007
0.534951535459  0.403013204108
0.429173906601  0.404197175373
0.747679823574  0.372010758083
0.368671105335  0.537854769127
0.569211919239  0.526380907512
0.3697544198  0.464600345128
0.627828672024  0.524555341662
0.528864702771  0.585390941601
0.559301016145  0.461852504222
0.534237476964  0.505745310962
0.512983114208  0.569083903434
0.565270892446  0.386073276033
0.45917768111  0.553203066755
0.557965858836  0.384011391256
0.40863061527  0.487856357033
0.506354936172  0.417070491736
0.595380559063  0.380367116047
0.528727306443  0.554927702132
0.639484487313  0.46429848436
0.466661660774  0.375625304477
0.227350439808  0.46082009798
0.635558916658  0.455714920584
0.552792800952  0.497556452386
0.545442748234  0.653361199433
0.524716826002  0.474658884037
0.582987413493  0.598304022714
0.556838662653  0.380475194219
0.670965609199  0.507950056928
0.517893616431  0.28236560346
0.538828483132  0.277773527332
0.313786194678  0.403153830048
0.429663403256  0.437697464974
0.604115089699  0.600377774701
0.582779951173  0.323090060161
0.813396783821  0.601372842059
0.432069729718  0.618426811865
0.593857561408  0.369197496295
0.549803469254  0.430982562802
0.412970960034  0.373152541948
0.425176369167  0.574140800701
0.662884380147  0.503096555499
0.566423735801  0.360550977376
0.517902603047  0.555689346487
0.474896271175  0.510417742309
0.381365444747  0.532391856794
0.531877939091  0.38112655881
0.595445101935  0.576613095983
0.409770924502  0.627412726069
0.502401289594  0.511512693211
0.551587475586  0.393253254961
0.419759301561  0.523925774517
0.44951248492  0.445907774609
0.447999993664  0.559839716747
0.591130620398  0.501206459716
0.545493697823  0.520619398863
0.578439721784  0.64955237345
0.573790842307  0.396037509311
0.545849840083  0.319638142367
0.347774658812  0.453785027114
0.444846565723  0.366618243248
0.590500289545  0.607105853661
0.517464825379  0.483520959106
0.423236290521  0.408881797857
0.574394849165  0.505485770078
0.455404967419  0.375118579163
0.440288395687  0.448966718349
0.391103661215  0.348044093968
0.586974376884  0.34715246694
0.50360323182  0.457340822451
0.419799230552  0.503802529431
0.532644019724  0.589612482509
0.416235186911  0.336743511444
0.36850102318  0.289088003543
0.527080659233  0.470059733603
0.44866492092  0.499170473207
0.458592851029  0.370915152666
0.547814261808  0.479816613965
0.599484940555  0.365209407596
0.250495102907  0.423675552774
0.520469830711  0.53782294013
0.420782837548  0.485819989217
0.463438928938  0.575124845849
0.232724708936  0.50248416919
0.571574046561  0.624324878737
0.199934970752  0.466036591449
0.426110637554  0.352649969262
0.452796180138  0.514275517861
0.458590131673  0.453852018223
0.268703435153  0.362238437049
0.357131086476  0.23067773613
0.288724336268  0.550531397324
0.632276360798  0.591752038764
0.480301917193  0.417713211564
0.482280226426  0.563670728028
0.494506278949  0.367894773924
0.339936522435  0.595162213363
0.504173596424  0.526347326112
0.448436112145  0.464166505881
0.497792433772  0.630247842001
0.346668126839  0.687376030926
0.550445670224  0.48667247211
0.272471138354  0.380053032801
0.321250532719  0.414411434515
0.235381572625  0.551010310623
0.264255251301  0.55545038079
0.49783539176  0.457580503986
0.457662410961  0.450916098166
0.449529213593  0.524730500488
0.706164818658  0.521375367411
0.553891605367  0.51918062797
0.376348367299  0.578820864371
0.603010720331  0.410545994066
0.578162678599  0.643119990023
0.240450091885  0.440901872818
0.484602801548  0.464098404715
0.406706732324  0.509131888304
0.410595525125  0.449037710049
0.506985048846  0.559554725945
0.514737379452  0.296267206995
0.439188063496  0.594914853937
0.361415535944  0.536557220234
0.323751579898  0.53056355071
0.433829679102  0.475708666877
0.459547702936  0.663156889738
0.369594556869  0.338406072841
0.483585547546  0.362169897523
0.393037161613  0.550132780578
0.607339672801  0.423625863281
0.5347646819  0.504030688373
0.538771337363  0.319271798658
0.43026331491  0.540016287151
0.451251164346  0.483591616816
0.53086413357  0.350211957848
0.712604191285  0.336800199187
0.369733936938  0.490835457056
0.290825033999  0.516828204007
0.592625670669  0.489904200842
0.497459173758  0.440985047015
0.466864481376  0.677173881647
0.409026589971  0.376893353242
0.403043052397  0.581156952866
0.444437271879  0.541655409426
0.365250327791  0.421073511031
0.453857642974  0.431141532872
0.607606211464  0.62896030077
0.572306758996  0.49296506181
0.373955585795  0.327683897017
0.519919125471  0.595492748157
0.436048447977  0.532104103483
0.500162324413  0.570744007941
0.517325689698  0.520941238824
0.386916559871  0.574139604757
0.566694888468  0.555918029999
0.515684480793  0.530375598944
0.420277532373  0.465601576467
0.533399454786  0.528670503874
0.577075899022  0.589035751468
0.450076571685  0.397247064599
0.495351301719  0.460365881917
0.40901532725  0.526602562362
0.485852401797  0.633896006774
0.589667077518  0.492679884049
0.506488621209  0.387411107686
0.535090009525  0.481776736441
0.655867344663  0.429889185906
0.465404945521  0.569158806741
0.712896299889  0.468085215843
0.377991430927  0.461538898075
0.580362060343  0.519712601092
0.535143744295  0.453707550016
0.487428398565  0.376682247623
0.430060505575  0.422140744987
0.614497098984  0.551853728938
0.502986791046  0.521138378459
0.57500515642  0.32633615883
0.339252111275  0.562699697742
0.45737233026  0.367760775227
0.562891944024  0.47061285581
0.57669065375  0.574072438381
0.535042851735  0.606706951104
0.516255914685  0.535173371366
0.276047732668  0.310238811168
0.598501469893  0.320181181429
0.414849650151  0.39587809085
0.558743129911  0.344083023036
0.57043411512  0.472008880446
0.501489260186  0.625909794766
0.54523889323  0.517854963654
0.637228943915  0.390299677399
0.532570997307  0.427402698404
0.436048304131  0.520256853808
0.613749971424  0.431059171925
0.5273649193  0.616646034272
0.266262406622  0.53262064717
0.778984910155  0.449507222574
0.538245863306  0.471637851872
0.489632904234  0.563181065011
0.359521774347  0.37704736821
0.674462851737  0.418441835179
0.523027176868  0.513332829328
0.384574995645  0.448189258926
0.450915469018  0.521151925928
0.275292729863  0.43270461599
0.497537178847  0.327608566581
0.362686921803  0.443502094432
0.52575367116  0.480432253089
0.448717784413  0.48896682659
0.401355520373  0.618959955073
0.365891670647  0.419715079795
0.563749847729  0.3505133148
0.455161348904  0.463826124369
0.673104682149  0.504165850721
0.528267022678  0.445842691056
0.606881908352  0.403308873671
0.545422906955  0.425227731776
0.485175804527  0.30907254397
0.516153056245  0.354754637262
0.211329576267  0.447651743023
0.479640320347  0.343681109257
0.592155319792  0.575328052049
0.338692741913  0.494536228847
0.576610860357  0.505980945811
0.645885469578  0.57271283221
0.508378754588  0.525244186807
0.423883401171  0.423063624459
0.501377169808  0.292136958702
0.500288161301  0.534188954618
0.530336443608  0.452018118911
0.464719057815  0.479814879932
0.573489183465  0.497635939857
0.609962275739  0.480122921474
0.372988178615  0.375593832603
0.352261613737  0.68013315024
0.446831786425  0.530997215222
0.4277865554  0.461551899456
0.545045653332  0.566751634397
0.542281628443  0.402611323042
0.507678191977  0.540916745347
0.408207841334  0.549803241066
0.540761655265  0.499464113188
0.463100153095  0.411947397473
0.400675229056  0.44965092571
0.575396969586  0.513574221754
0.463062971389  0.561629625665
0.277804572982  0.647614406951
0.548236607505  0.495339997633
0.624927944718  0.294676671087
0.522560281339  0.437297633406
0.565435762036  0.417041993004
0.615494149995  0.444795693737
0.55628635936  0.48990881294
0.387518561367  0.459834157334
0.584079055716  0.483530651513
0.518203243051  0.618758352023
0.522579816609  0.369778823597
0.576699018566  0.567097872807
0.468378912406  0.524092333875
0.616953119522  0.35698218867
0.688376130696  0.553893979934
0.479123449147  0.42676790665
0.279159677976  0.530863256365
0.423828073102  0.419765509707
0.452626405321  0.584949783173
0.400483732532  0.509912463256
0.669890876075  0.473161731981
0.512347573009  0.587275655238
0.508094564962  0.569720978656
0.514317426383  0.621598634158
0.416457447823  0.44677098607
0.543123336369  0.40093746789
0.599878609691  0.532437381635
0.372413761083  0.571495563384
0.585623070725  0.435355950366
0.612016440924  0.511146511722
0.585169482739  0.496030236721
0.650706170125  0.514307904122
0.537558624296  0.479090186987
0.294462405629  0.544392986873
0.349924697615  0.559794617031
0.517360919585  0.627348456864
0.4791380286  0.467923577812
0.638886607467  0.594086039026
0.468688912154  0.497276050439
0.476861731496  0.468388849335
0.57699395517  0.600873381575
0.593052083896  0.361559326672
0.571108093986  0.390823379192
0.468316695703  0.596619650743
0.435844934644  0.606650863751
0.461302805851  0.434894520502
0.505555078797  0.602699932869
0.444638974468  0.494762938983
0.476788822268  0.410871514983
0.493090426755  0.457599969515
0.52491827736  0.52195806251
0.456809708177  0.540171863415
0.58955578622  0.653730964418
0.305754472747  0.396973765673
0.550402626467  0.69874602506
0.476139049517  0.473209615681
0.548952793676  0.501170054838
0.588922899052  0.554264330551
0.644419639999  0.525366925771
0.464017339678  0.501004429622
0.488745981409  0.462770546519
0.653799914708  0.224055240237
0.583680415125  0.583681314894
0.564997059895  0.47217410168
0.475171000127  0.36476449073
0.503644827876  0.496036543743
0.420420882623  0.51922581228
0.499973680987  0.495860671634
0.46028078952  0.672651665124
0.634902769837  0.246634696038
0.515648350408  0.460229201227
0.627358110123  0.508504299939
0.565571625339  0.385017554248
0.549128291239  0.403451549996
0.618117120716  0.584691304502
0.483564645141  0.402837390023
0.621373271183  0.40467556226
0.391892708233  0.329913615148
0.380081856744  0.504025815176
0.616957374756  0.331436455308
0.462013556371  0.563419293454
0.472468295397  0.391430162166
0.466027232787  0.473123734982
0.460007217435  0.382933793025
0.550807997917  0.499162433773
0.540600023751  0.543799667641
0.342965988617  0.450306064273
0.478639081755  0.440820325831
0.632730132849  0.285634261418
0.569600239849  0.689197535793
0.520412793389  0.574922037936
0.461856453193  0.608594714803
0.389966935175  0.456440549866
0.428288688452  0.57426005397
0.440507700065  0.546017514512
0.569881619848  0.400665724608
0.473349467855  0.62382847517
0.323865996427  0.46646865632
0.293052624714  0.547713676088
0.610344352465  0.488579515163
0.403614867183  0.429605042235
0.454525381654  0.471637064302
0.503543406408  0.470732863416
0.48356222538  0.437895432769
0.52241220904  0.592316101414
0.552677354516  0.429753580995
0.43475470867  0.323974698925
0.580704108771  0.489409241155
0.305226663583  0.299734894428
0.598346877031  0.496619274456
0.413281443094  0.463819989989
0.434899000281  0.518781825605
0.423092743548  0.466160965636
0.603906681203  0.591901072806
0.578375995  0.654081243108
0.570435720807  0.245346501172
0.560335150552  0.767804801026
0.332555671355  0.454211595842
0.450096828558  0.423864212502
0.383505541227  0.56822002311
0.565312378012  0.523588921937
0.484975553183  0.5682062696
0.496977804073  0.627890770033
0.561597523566  0.474286071685
0.496151815175  0.507394066799
0.680174782982  0.475726079683
0.518727461375  0.47594205197
0.545598928404  0.663463474721
0.490739649091  0.553570487509
0.539016027808  0.547890445396
0.58769039917  0.381452597237
0.502461948575  0.368238427999
0.509178042206  0.462399640391
0.477792086558  0.322970655447
0.577307031677  0.442941090459
0.514782444099  0.490101490268
0.507511281561  0.445428778187
0.491275528451  0.430718499766
0.4070942475  0.629909482421
0.450511827789  0.41685063873
0.570045908487  0.61536254912
0.532833208135  0.269193691529
0.365745046363  0.548673284755
0.639261011788  0.479806686854
0.205395941201  0.535811256253
0.63208119799  0.493398511197
0.482529274214  0.457200773025
0.447469004864  0.552056962821
0.50707468824  0.530276444352
0.593147268551  0.65705347794
0.406453738257  0.46562582087
0.413767861648  0.523245309171
0.630886792165  0.423597976156
0.468664807906  0.425504329533
0.496444379767  0.583008517129
0.392880707488  0.507297976111
0.672088812231  0.498744350602
0.581053072047  0.450157348151
0.384617959202  0.584495112831
0.330584461225  0.587834532665
0.564915205478  0.492967345831
0.455782052246  0.404764718916
0.388069356395  0.30923645024
0.5055377421  0.365845908096
0.622909526074  0.509327283739
0.554039074211  0.501359601918
0.529678059699  0.577822274622
0.229682191043  0.457282269147
0.531504085472  0.476155224209
0.632851774144  0.387658941961
0.649830044503  0.618443249905
0.447008857429  0.575103954036
0.4409663846  0.304988021043
0.517373892564  0.476332942071
0.474773698465  0.46308333274
0.702235533078  0.421136563231
0.395369301895  0.445198788554
0.552957471364  0.601237028438
0.622887339636  0.459466508065
0.402944519064  0.556635017417
0.45440724892  0.522947798474
0.579441296338  0.766339793114
0.58284719433  0.419286807225
0.451998833719  0.412034625815
0.466251324542  0.495353479854
0.697344576093  0.379548877924
0.494513614266  0.405834450284
0.452908656208  0.620846154196
0.641730352737  0.333230182929
0.487351601802  0.556775074903
0.597127362797  0.573155068538
0.507397839182  0.462136171182
0.483289922347  0.398768039042
0.478975628453  0.463580603672
0.486641054736  0.367867617484
0.545271129459  0.538595462735
0.540733881858  0.645117574755
0.497773826994  0.445149920001
0.250411952915  0.395731998057
0.588162631948  0.577501456619
0.447005836014  0.51531829349
0.624724757126  0.49882243077
0.37369722388  0.271904412022
0.430036204136  0.424940777416
0.474651024067  0.293615267357
0.485293735715  0.466643077195
0.532429779773  0.514616597254
0.450934873987  0.537250553428
0.484449649754  0.451001350026
0.344668025053  0.427234401035
0.597175551054  0.528024984627
0.479705163307  0.639215501079
0.629074798625  0.661493483918
0.544604550963  0.51292823489
0.43388400599  0.49577793391
0.460275793143  0.519432230945
0.429258013425  0.391953931565
0.527621337082  0.746501644729
0.463957915055  0.523943990466
0.603179541264  0.541397522794
0.339825203945  0.42438054456
0.476626876195  0.390746035369
0.573165602107  0.369483505721
0.341819252506  0.575597807141
0.398934508771  0.516127234468
0.419625368794  0.680484530491
0.352397076713  0.450546132781
0.58160859998  0.330693581772
0.608275572761  0.583655766992
0.466558486953  0.455875454486
0.542939232948  0.430689289491
0.474966060864  0.487759510286
0.598678064501  0.328187559523
0.443460456796  0.365367042729
0.461813430147  0.522433279359
0.425094352841  0.452154380344
0.559040044245  0.518249646792
0.556422914701  0.292959056094
0.600605141138  0.495883329099
0.635611324961  0.448716798321
0.536703457529  0.540453157109
0.558388877464  0.576991334476
0.58977325497  0.548905096262
0.483658255593  0.491877168124
0.439618240046  0.445316994851
0.568675743095  0.399234720463
0.569590454541  0.574508458359
0.735107218387  0.407560162267
0.590108500897  0.447400402268
0.455736968006  0.539238382639
0.326838050023  0.328213629474
0.629638190548  0.499587899604
0.626654653519  0.465924441839
0.515215344556  0.49107647282
0.702630329042  0.423173785691
0.311327159581  0.554560499709
0.47548523049  0.536767823511
0.404186101234  0.659742049423
0.327844327492  0.464593011488
0.269413663193  0.435426452927
0.483092041766  0.504201724003
0.453254453082  0.338646856789
0.458755747125  0.443969394907
0.56591184216  0.400446051691
0.614792425001  0.562607312702
0.607553016266  0.48881862972
0.564947514392  0.530282828674
0.449054979751  0.438851138747
0.464087120773  0.430542458714
0.384243995103  0.461962672495
0.518190310012  0.58130107019
0.575050574244  0.656114415018
0.581789371271  0.433522677562
0.508499181771  0.279623591808
0.54542055387  0.379202417335
0.44486108972  0.480205803924
0.448987960582  0.461093141458
0.535956615073  0.670288345879
0.546576661738  0.478341150711
0.583610656793  0.412794547151
0.561787472524  0.404175453942
0.49852707843  0.534301011124
0.346962885081  0.408840491363
0.611073325488  0.424123306889
0.398826916599  0.443822760863
0.465314693416  0.279774817184
0.476937818669  0.402044171846
0.469173705066  0.412941943963
0.544665551372  0.390596026262
0.45209359188  0.634268008721
0.342575505672  0.348110939136
0.522979213206  0.556431011669
0.32189985647  0.586701540349
0.424926213391  0.385992805668
0.556507587688  0.487743021749
0.504125713477  0.563173019446
0.299847128572  0.502387889599
0.53048069664  0.408429072491
0.466819587888  0.555416580106
0.494296635351  0.428705598692
0.464810766211  0.419936492907
0.456939275323  0.616379285515
0.587983518957  0.752955255444
0.590636387714  0.482452329071
0.500084915518  0.373045028462
0.392409086827  0.383914648248
0.505604250892  0.376674203687
0.446973388138  0.375510918079
0.51692320663  0.411146142938
0.651701450602  0.265414815527
0.601963098256  0.46986970798
0.502301538883  0.421584318101
0.578942958064  0.439088192215
0.482941612744  0.42008898674
0.452707416427  0.396098332411
0.501239105345  0.489198800588
0.408622937953  0.365899738506
0.599191386328  0.691388108345
0.637866351498  0.472191331288
0.607301705328  0.368942286881
0.575671142692  0.478654248677
0.527934698869  0.489977625594
0.438870420613  0.512229176917
0.569088607007  0.391964273198
0.556316852736  0.390614310212
0.446176694332  0.559465657528
0.386221289328  0.468291051505
0.309557592261  0.36057604257
0.458015272987  0.817536581515
0.532054098483  0.285288511014
0.546641972626  0.446440015353
0.403406647726  0.470577187021
0.459768303405  0.554118135935
0.521961427084  0.487756955714
0.579127748785  0.389024811708
0.360729272498  0.451719848048
0.386277201514  0.448901005412
0.441691027183  0.504519097063
0.553178494288  0.402749860586
0.335258336166  0.64805268268
0.502646739581  0.53088728366
0.497923852168  0.539338797506
0.40217433786  0.491562561246
0.52295565429  0.554525450205
0.440582025523  0.278683993394
0.496089425047  0.41763455726
0.463475616525  0.485820602899
0.465077017467  0.503813453729
0.500708468926  0.546388454442
0.385723143135  0.455279742458
0.61054815264  0.515873897136
0.322165459363  0.675341347551
0.527681823453  0.433554027584
0.55196948659  0.325834760134
0.529880924706  0.433811543068
0.510994249555  0.573292807763
0.517940686212  0.498518188009
0.470837810329  0.500119940455
0.664391159593  0.456061763176
0.630669435511  0.406056461905
0.662455104902  0.529779662531
0.787204057969  0.427857614492
0.364058805939  0.356416260838
0.515703061379  0.524114255046
0.53607312465  0.412065573923
0.650634539528  0.524221300762
0.400986305214  0.343762734119
0.460754351629  0.50326114974
0.528098039328  0.404429934872
0.526767277322  0.340683581481
0.565800974106  0.309943881623
0.666063663166  0.49068786961
0.324015370941  0.602848148157
0.550402951013  0.4526815602
0.680824500902  0.370443663825
0.455697643265  0.542475899207
0.581130858774  0.464284399723
0.339502174354  0.554918398904
0.391095370809  0.313084289725
0.576798136592  0.444875515507
0.586950305939  0.467750606099
0.510950066824  0.345561982258
0.512889514617  0.49702080397
0.441287614356  0.509239989632
0.639266535157  0.340948008946
0.371628655504  0.595042128058
0.623105449589  0.488426683275
0.614752128739  0.579537591109
0.490427823198  0.57445380049
0.549355701279  0.572835361711
0.51932675832  0.349644163269
0.445518817526  0.3709572965
0.390577419888  0.454039274949
0.535615921088  0.212114547911
0.458803554979  0.438599802475
0.462340460557  0.381603446215
0.36666877727  0.494991441941
0.644190106666  0.556228314158
0.516627754603  0.43881271796
0.456347709401  0.319787464029
0.545652168692  0.520386366103
0.506647412603  0.391474557912
0.514051431867  0.219888104119
0.596585555106  0.476300325302
0.316885983684  0.441121132119
0.599982563691  0.562080836593
0.433596143347  0.521048376515
0.689955305889  0.448844252559
0.4652936418  0.40190864479
0.515724662651  0.468602654665
0.416984979324  0.302499734439
0.382272095135  0.336849301032
0.443975997853  0.666942392648
0.518090417172  0.419456928998
0.40283063675  0.744574359989
0.511611166142  0.586694899773
0.680301761469  0.367839472959
0.34751466109  0.49181200791
0.305594720913  0.332674931851
0.333749923558  0.526407267207
0.563915755465  0.478106180905
0.507107673746  0.475315264074
0.413629235633  0.344924198087
0.441616870671  0.417170842037
0.486128770964  0.312375367265
0.668756473442  0.281999873407
0.448508118726  0.517197239443
0.267375615602  0.385278720252
0.441711711882  0.485879900194
0.34075976715  0.48668982386
0.758649388094  0.500390238115
0.58314528896  0.594330161794
0.478241132258  0.440804569644
0.767730657016  0.504476145969
0.4718202394  0.405025535597
0.405151314038  0.487123743734
0.364036697146  0.367814268368
0.611262859092  0.338539364595
0.56851494788  0.480323303773
0.498098567193  0.565446774493
0.567889794058  0.417384726757
0.543108883741  0.537076564686
0.605034969932  0.51275889584
0.486710091969  0.436044863867
0.321358928239  0.468211950792
0.560264215744  0.43715623676
0.354524862919  0.430398948388
0.557668157404  0.482134021427
0.509579975601  0.43669352635
0.684186249704  0.409815516912
0.485930257469  0.532617066638
0.49514565662  0.435431798119
0.464952471875  0.475063198903
0.413828306287  0.601760690498
0.461628373757  0.628070799176
0.296593197225  0.69796623204
0.588542874392  0.510800832305
0.538098404464  0.477849167415
0.628736468071  0.499872880137
0.824066289258  0.45575518373
0.546543115873  0.361016080011
0.581709225344  0.57551149579
0.333892813769  0.49317180793
0.466870165245  0.483462337878
0.504665666355  0.477972249251
0.457502777535  0.445159218728
0.518661595361  0.594900567327
0.462677432748  0.383302732804
0.47412216084  0.445909688017
0.710098517467  0.449127481473
0.434983335491  0.496453812366
0.432260172465  0.459679535179
0.566538417199  0.437835961511
0.507969265319  0.499109858999
0.660199406086  0.530823024367
0.578298062518  0.306748584724
0.492526616093  0.463690035547
0.452728852935  0.609946042542
0.488517106574  0.473239491411
0.549841334231  0.460577544967
0.600320513736  0.56363856544
0.642863849102  0.529124772608
0.384218892257  0.567018786167
0.369969525747  0.471477883927
0.471279438785  0.345190604094
0.372304753469  0.370340420682
0.501077011043  0.503231343284
0.512071877101  0.315072085908
0.439338486006  0.352811063059
0.46585848652  0.335822257105
0.458747703854  0.533660488365
0.398905131059  0.549331832123
0.543463281453  0.550851880646
0.581688756141  0.494298983324
0.581582608585  0.415333305256
0.628330294787  0.64579689881
0.483443867787  0.543816598068
0.426255617843  0.480636646746
0.249323423481  0.644356573705
0.627059875693  0.497177121694
0.360917953373  0.567679154546
0.248696207028  0.477773226532
0.545558939814  0.382276789483
0.476220951427  0.41326841049
0.639086847597  0.548280322299
0.483039952787  0.643599412053
0.509727737597  0.286995284165
0.639531171839  0.442536943184
0.304465647127  0.408644897189
0.422789132404  0.474722282835
0.532276228901  0.633165399885
0.570243938699  0.460127708817
0.470195052628  0.616114589746
0.586869962095  0.650438373094
0.397999863061  0.472364746429
0.51698825654  0.47166861241
0.357123098246  0.569337234083
0.715012818837  0.681944911135
0.380419774438  0.455724992058
0.60114954599  0.418514000803
0.439671020026  0.513832138652
0.31167810854  0.485183694229
0.598384994813  0.457202704434
0.544774141073  0.433478929973
0.68178859416  0.411179021243
0.46914728125  0.447515829565
0.738816076585  0.171386363937
0.580203643708  0.481791877737
0.56279653514  0.520803017091
0.639544672363  0.421182443063
0.372936982568  0.523863975657
0.429697806809  0.47381667532
0.380065339503  0.370821453342
0.338005990681  0.49487367366
0.349580770316  0.424107020616
0.473222039026  0.648665116026
0.834303412387  0.571720527511
0.55415544553  0.408417448747
0.426018592039  0.626956852445
0.6339256815  0.448849498366
0.788087663728  0.575679574228
0.534200141472  0.199257505203
0.541057023098  0.267884502592
0.565578998408  0.581177854242
0.58367895557  0.345192975272
0.529811713585  0.60905147702
0.560974931508  0.450384974145
0.336493710455  0.554805860285
0.492885345042  0.602006927604
0.487131949999  0.610053809158
0.560009083428  0.58805360473
0.512962558914  0.366658565411
0.562196087395  0.331079806787
0.589652568687  0.369671847378
0.616150065239  0.325974757006
0.499750618252  0.304371008657
0.44318520893  0.452780371162
0.539289879358  0.328548798064
0.445354310392  0.51300608244
0.446086075533  0.437781687386
0.440691196729  0.512962616877
0.569274020599  0.620776990305
0.383709901044  0.597552111326
0.416354076408  0.273580185259
0.56675347836  0.54325233665
0.47502423284  0.397910561893
0.513852773785  0.360198635543
0.41556214878  0.446478041991
0.499769237975  0.56598911244
0.541214344071  0.267658435731
0.404265159598  0.201280408104
0.701135970889  0.327108218538
0.466381833127  0.4119924828
0.554999536862  0.457811033701
0.465582649627  0.335024322624
0.591046402038  0.443499991138
0.578198840615  0.37376167114
0.606151957745  0.440826377123
0.547735441308  0.438877376866
0.457534470572  0.535965252152
0.494357322988  0.668697938546
0.55023372872  0.373917332782
0.657242525225  0.513843004598
0.538192057108  0.471482792796
0.485716812046  0.550856606075
0.355386536289  0.407017623407
0.425926116255  0.496799991109
0.640692557386  0.59943602254
0.43279899723  0.470026726438
0.566587477074  0.322327749793
0.55805459695  0.4543982893
0.414337213864  0.425516209313
0.476428915397  0.501349287994
0.704193648308  0.567658860448
0.585165468016  0.324126225086
0.31879374191  0.462684313475
0.564974667036  0.566732664815
0.588205906671  0.185753105188
0.443727558748  0.438352696287
0.478383680073  0.462856100409
0.566507067729  0.618413931747
0.362451692762  0.36633108614
0.595582102313  0.55135453721
0.467331448015  0.34568114736
0.362934736797  0.525955665056
0.354928106842  0.4134064496
0.518917333147  0.714209368651
0.445409022887  0.458320974378
0.443661535778  0.528928134574
0.4985325212  0.503329050761
0.42373137241  0.467878344052
0.459785730356  0.268262462955
0.509450423009  0.348910742227
0.665780422438  0.408749615832
0.393767222463  0.411982962894
0.507920413287  0.559777718785
0.34647394581  0.478310349608
0.705100506943  0.502519241859
0.515294369537  0.555305373732
0.44207105345  0.53005631092
0.690001662575  0.651786909714
0.571341467825  0.54439179406
0.48486101422  0.559443674339
0.539741515592  0.782872009072
0.494869436966  0.357820684636
0.469968747943  0.255500203252
0.517857410143  0.535057537433
0.643968917349  0.520547139977
0.408475449518  0.443312105831
0.330157850659  0.366759044656
0.449310951285  0.607447989372
0.583854382631  0.631046543578
0.477117706016  0.49442252394
0.472650491785  0.525612829412
0.437560040582  0.444435000735
0.565672694516  0.5288791655
0.546555964537  0.440440641471
0.575819648422  0.319111980784
0.409003500187  0.463411394468
0.474819819717  0.457591613788
0.492250145923  0.418142631242
0.532144130909  0.609337099221
0.409781522372  0.533445540232
0.639060030939  0.473445589693
0.720700806142  0.476459948948
0.465307839818  0.608517200732
0.417315749485  0.310847317944
0.602744609539  0.471304916504
0.345978979631  0.484186402566
0.370457090083  0.535240686572
0.547048671466  0.449130484455
0.527995657087  0.521311243915
0.556684148334  0.602849632401
0.410485975479  0.609638367135
0.560398601829  0.384135436318
0.527256117872  0.590851131765
0.396673864847  0.480102183511
0.427787460346  0.437045588625
0.476097732924  0.630438297223
0.433364035279  0.396298352332
0.457728940072  0.53486389974
0.376546740888  0.487528247607
0.595513138793  0.396286318365
0.500238395791  0.4125913222
0.303305443579  0.436212445075
0.641298911149  0.587760104836
0.364823486198  0.426526108227
0.452534019439  0.595552971498
0.523669520271  0.57045135309
0.478812076109  0.438197172022
0.667973220446  0.473859425648
0.566100253373  0.420964250439
0.49573493271  0.411276727735
0.417810164065  0.519435216229
0.701891224267  0.493215049185
0.517687060205  0.51022591053
0.499384321253  0.409935838253
0.609135748035  0.393649808371
0.525027017845  0.350848517947
0.424734655386  0.387596578873
0.40575043859  0.48479127839
0.560630526016  0.44240129898
0.394306567277  0.386939168217
0.445807741648  0.466488558696
0.362738911125  0.512121544769
0.439994224071  0.46153268311
0.603307053221  0.343146302355
0.679531302999  0.375464307942
