0.491091373717  0.534979159816
0.43920442197  0.69295809359
0.547618146957  0.544519594143
0.55959824589  0.443289727616
0.46610299209  0.433259231405
0.398513899466  0.57659145402
0.439510395177  0.413891586145
0.568057670391  0.50149299004
0.405823514773  0.543032426231
0.495391145817  0.420230841378
0.530461177054  0.504180252862
0.534396392513  0.471049238101
0.441887811552  0.520720087973
0.397022843722  0.619747324867
0.610992854433  0.486177729097
0.591883080467  0.548967517261
0.450912605861  0.599676508171
0.452877939484  0.500213217982
0.495379913447  0.588745482296
0.58966486513  0.529188312606
0.664161682511  0.590518833812
0.445740909619  0.490920322625
0.372162063537  0.622611279863
0.382487403219  0.422567031496
0.649274464701  0.433020599182
0.404459351419  0.461316726715
0.352930756865  0.546784005447
0.464379399241  0.557032058256
0.341192420987  0.4869249896
0.403161280935  0.564212458662
0.495014422811  0.396876063838
0.563591452675  0.580371151426
0.595260984916  0.503279609873
0.447589923238  0.420642636095
0.395574531059  0.498711492078
0.589898411498  0.549303532586
0.489068469839  0.501250761852
0.621926241532  0.483080002394
0.444043342555  0.5316169365
0.29990444753  0.39310130811
0.399802009328  0.779861782194
0.529019821474  0.485138820303
0.508291527881  0.456918806568
0.439347336658  0.51098174675
0.587953836738  0.564392084921
0.569077881662  0.328541015374
0.499159444364  0.50856189748
0.517249063451  0.596889948257
0.485707801395  0.418380564606
0.60974517686  0.409656216213
0.427972243704  0.655169333095
0.541187055434  0.478533230849
0.41286786098  0.288134085206
0.434107921842  0.365111430766
0.541191652127  0.409624567303
0.348893297382  0.531529518729
0.521590906747  0.456469467531
0.431795448815  0.61592831647
0.577081550753  0.398274672085
0.553274208604  0.56223520177
0.379347048393  0.501588824776
0.529822360336  0.456275753595
0.519785731778  0.668815907937
0.449469824981  0.389710446932
0.296595606361  0.61862865619
0.617048614136  0.568313222746
0.408009047817  0.587437105245
0.561171306891  0.361808748623
0.603646391218  0.447632790325
0.489776803184  0.584527012622
0.538321011011  0.397539530894
0.53487354015  0.459829614635
0.577818589252  0.280399822737
0.649504570064  0.48595362316
0.296428040288  0.475246339538
0.461729869201  0.321369126074
0.522952947674  0.474185932457
0.373322030098  0.359102053831
0.625434312715  0.751612388436
0.487063202667  0.51366674944
0.387869254689  0.561558812502
0.396986878568  0.609778805407
0.602500184266  0.500477386704
0.616998362101  0.556195155205
0.268053865024  0.469810028834
0.332747307105  0.320443968082
0.486156955521  0.44730806565
0.414947202104  0.41338443912
0.62600790827  0.701296116866
0.495652227037  0.490691237741
0.558305343257  0.570783541423
0.499904204226  0.228577817428
0.33862005927  0.419726405842
0.375547324503  0.442107126686
0.578424745041  0.669967341637
0.70040025972  0.497431585888
0.447910682867  0.440080257745
0.502883469851  0.643010423198
0.608760486258  0.588314226736
0.560494167112  0.523095741162
0.6034179461  0.412476754884
0.58687930925  0.603511196486
0.578099240143  0.517680122464
0.469634386884  0.456186446023
0.278090085273  0.448222270218
0.443805280987  0.572211323401
0.449573292066  0.69372620678
0.448639082567  0.573978499611
0.354540393786  0.542056161049
0.396986109585  0.402567693486
0.452582274732  0.310952823443
0.503322396586  0.641730362759
0.569426001177  0.582823698609
0.314692002671  0.40913210321
0.522517517367  0.469582181355
0.540379133035  0.525992194779
0.502467407911  0.637331940101
0.397998460519  0.526494604788
0.53182623  0.562126150466
0.425518927355  0.547218883111
0.611322438502  0.434872205906
0.55404773005  0.308647257894
0.584856165614  0.59280927447
0.418398338029  0.591726080949
0.479743566327  0.466033441344
0.536330221839  0.406878677338
0.279877205876  0.390421694604
0.238965680759  0.621938301174
0.450517063873  0.47094555816
0.705040140628  0.539911488171
0.523871622713  0.530802784634
0.582173463614  0.58459850067
0.275328473191  0.447322968928
0.531129813819  0.527196100221
0.458485145241  0.656745465692
0.469326497867  0.381859801124
0.40846191659  0.554391461076
0.399383343592  0.494675834359
0.40362339058  0.509214245075
0.387629781567  0.530828539884
0.413451477836  0.317251170278
0.542323333567  0.412557629272
0.59802110244  0.537769870004
0.407358867454  0.551841801332
0.549048865835  0.482957617894
0.410218802228  0.5706180231
0.545318727768  0.534992229699
0.679075668514  0.60071260714
0.445155969178  0.562312529154
0.427782402682  0.460269841539
0.382627321623  0.648355485338
0.569448382326  0.390613315174
0.582747476786  0.400519554793
0.562304672243  0.515523154558
0.436654544446  0.564240808401
0.505501658448  0.306033879333
0.686066986042  0.516015594923
0.642000837604  0.60265365533
0.470754113435  0.521738478771
0.555059007901  0.455664974083
0.48437516771  0.659029961515
0.513739141112  0.463993716103
0.467650394185  0.625755365827
0.381732861052  0.398397906025
0.604735247977  0.628612859651
0.524195989435  0.32060644673
0.493517378234  0.579668905049
0.585555102526  0.445193127765
0.484998141714  0.384705870547
0.470252207069  0.498051189981
0.475388180539  0.561990827592
0.449278879775  0.480809691168
0.434353754637  0.347115103486
0.518976647168  0.614889192468
0.52348381866  0.644572006991
0.431512620055  0.483598608413
0.342710893166  0.362147399117
0.37938988825  0.588003229058
0.589182386931  0.521192768224
0.490678525153  0.455113594248
0.527695885765  0.350788014184
0.535185984146  0.459547736237
0.35995965323  0.616236648505
0.435933363574  0.372913111493
0.5437875229  0.605803885288
0.578822140909  0.562254269105
0.419948722647  0.462355300555
0.471410660634  0.368851207455
0.503537478869  0.310685105291
0.535192172132  0.50442314229
0.593805550052  0.548879392607
0.567705123799  0.54942936048
0.484558270331  0.489920055434
0.635611968008  0.580954949929
0.662931630471  0.602878603898
0.704224204971  0.498708133203
0.356246612607  0.620483840391
0.540655344478  0.554326371184
0.469012335655  0.593249152598
0.55619019206  0.709179619245
0.49346766264  0.570873745403
0.577062324087  0.567232618925
0.727073936845  0.346640942619
0.451709108335  0.618118725456
0.482666402942  0.471831730654
0.575349138148  0.421967848534
0.589773645597  0.615548190704
0.522565600276  0.527832742368
0.372350362345  0.419988540907
0.460879915751  0.458752306522
0.344591522934  0.428943698602
0.510648852423  0.553634647639
0.437241013088  0.523674141022
0.491274233646  0.631063426738
0.339103945272  0.371167948626
0.44816471165  0.59554624035
0.558222286861  0.638351083803
0.389541285226  0.390938788092
0.515373929489  0.576299557294
0.485832235136  0.459883119453
0.399381052942  0.608811048244
0.519802317516  0.486597026114
0.552077639862  0.550184753202
0.509344982177  0.489511466073
0.546130054009  0.42926784396
0.330707377179  0.398454041062
0.352848322263  0.574622397136
0.591483845892  0.400910344402
0.459742666416  0.645823884653
0.500059653411  0.607317719556
0.562850566274  0.370032792445
0.468260014014  0.323258532747
0.479900857697  0.463054356555
0.453277663677  0.440703406885
0.50120880102  0.326049240685
0.660755453083  0.305819920907
0.49846172695  0.589168437334
0.411916844315  0.573957503477
0.616459419692  0.41146615213
0.678729595268  0.468143822371
0.61449806435  0.627587520801
0.682762680484  0.581147381069
0.66071465799  0.50868119219
0.371330571804  0.643367727096
0.476748294465  0.455046323903
0.407281458714  0.6650151043
0.434942738488  0.389214736213
0.4114527265  0.534740658002
0.440070964706  0.72997548848
0.549956451996  0.567035130168
0.538255050846  0.448454302111
0.458978601377  0.683547069211
0.424234437693  0.469278378728
0.443515009596  0.422040682643
0.597608410963  0.719605305685
0.411425862079  0.324156159398
0.49823921578  0.631534858968
0.482306908804  0.538221640061
0.607769610141  0.5532944531
0.503792641814  0.546384426501
0.35224169263  0.362333353826
0.594365427003  0.421973857521
0.388917316772  0.509496415747
0.47455355734  0.758043318031
0.483824843454  0.578140209493
0.469551197658  0.357187807315
0.378891589943  0.547035186212
0.510661988569  0.565639998569
0.50153335259  0.446786902974
0.684899583212  0.520337448754
0.447157925862  0.461629531616
0.529668012922  0.537097436677
0.547056766299  0.531599414838
0.656714097476  0.568952568762
0.509572888181  0.451084004725
0.594620184568  0.611593692992
0.59467481901  0.572121089831
0.566043666758  0.515276087865
0.491821801379  0.77811839415
0.586507595795  0.481486136847
0.525255851232  0.363315573871
0.597195576622  0.454667808806
0.48334049597  0.213761477646
0.613269650389  0.394257170079
0.4489260247  0.443334810364
0.436876094596  0.440820364377
0.534135068338  0.461876852221
0.44804392557  0.396372365423
0.396588282055  0.562938512238
0.411878357489  0.551966084927
0.469220183324  0.595530007643
0.280363187091  0.35551120785
0.668056357842  0.36692144873
0.5805355486  0.603267632965
0.718532526429  0.425018790804
0.53580863676  0.654222058453
0.483472345622  0.619083177851
0.620616769111  0.72811487659
0.369225575993  0.60916477778
0.367298253567  0.646048024506
0.25493141976  0.444881015543
0.466398947681  0.351884644828
0.57908131722  0.351846240476
0.492004402585  0.398905739428
0.348618993787  0.619758061616
0.575926541808  0.464443969359
0.569926752086  0.602480453222
0.400516291958  0.46680785873
0.640945397388  0.581029813038
0.425289301432  0.475000221953
0.564731356839  0.692919689143
0.543662239605  0.314345692801
0.522714847627  0.662081840779
0.383995987741  0.470109650541
0.437786252862  0.460695078869
0.632239088973  0.58648478454
0.42401511887  0.649892802099
0.424294876697  0.693513024174
0.514471317742  0.421871889419
0.52992556927  0.533775225416
0.572324442712  0.499111043283
0.64522228377  0.429813865407
0.434087800608  0.518697343396
0.326107868853  0.450235769093
0.578011860744  0.476665229892
0.621132009712  0.424723779488
0.552068300641  0.439311514142
0.637167096969  0.31315409818
0.570243131728  0.428748056761
0.522720934633  0.584121078168
0.628222066282  0.442032269749
0.47160900044  0.377191884065
0.520652206289  0.538318359995
0.490674075187  0.426983024227
0.547009576909  0.459005640578
0.413731097941  0.540851048902
0.395370376501  0.453921007312
0.51651954673  0.385674168022
0.564115790361  0.423415428023
0.527067341504  0.624597518156
0.52319835169  0.529366632014
0.581068604399  0.609167580635
0.573583253845  0.488073984306
0.501263669776  0.753333798355
0.551442454728  0.514378637784
0.426680364298  0.416703852457
0.510977001962  0.466358492281
0.51051574044  0.48675884953
0.276947257318  0.611445004398
0.460651022373  0.561162287961
0.465349000751  0.351394791432
0.623237440969  0.447198457294
0.513402084175  0.657887635532
0.505653285014  0.469339050299
0.727421099711  0.407446845459
0.529713935389  0.534453637985
0.452050062013  0.413454541825
0.670397559426  0.559032498693
0.575509895966  0.452899104024
0.318275006145  0.763565788367
0.386657288678  0.288681238083
0.590035433767  0.454491482524
0.547888565836  0.675365255388
0.449642789083  0.488633832558
0.444053969883  0.436636261313
0.549130644528  0.46536616873
0.568073424432  0.497647273054
0.528702648815  0.59228720549
0.578299409623  0.560152326534
0.444118362779  0.733886712339
0.521058450173  0.317211154977
0.39093954468  0.491253098153
0.556187814161  0.308260445173
0.460575794169  0.410516207873
0.460735658438  0.55295882147
0.476474577634  0.53895336979
0.557230912055  0.498532896605
0.51156483809  0.320436812874
0.370735391237  0.472273797502
0.358794017655  0.525973507372
0.66212800193  0.730146201467
0.504533257981  0.363967515799
0.430014251464  0.48431427415
0.395112764187  0.494946421355
0.594471203762  0.55445985417
0.520658994513  0.456295538507
0.450325237104  0.8254551266
0.488102513947  0.579938877508
0.611121430011  0.535974258921
0.504598791045  0.298399784897
0.381977146854  0.581603048666
0.549816427667  0.574037162529
0.540857550857  0.531884058764
0.543964742284  0.568969485188
0.613481561089  0.587884397882
0.566329789393  0.383031664356
0.483697900744  0.635750229694
0.289614607028  0.526908485127
0.502203013759  0.292759061388
0.579054157688  0.459943477613
0.37673721079  0.333472142783
0.635908794749  0.481003734116
0.571187652931  0.47649147682
0.448419941103  0.535253927077
0.448878272512  0.513772710227
0.407958462187  0.630056620701
0.452463714888  0.466177081502
0.525812991801  0.501763137591
0.496727657781  0.510596297998
0.461328182477  0.637525170449
0.544085584607  0.697640578783
0.363542744126  0.528956605079
0.494792505161  0.428670955464
0.406555577942  0.330091592903
0.698184722707  0.405656269993
0.430183732786  0.491680540125
0.445389456809  0.61046192336
0.421328064819  0.438600205158
0.496390667494  0.453127207032
0.489297616755  0.573393588679
0.465788026212  0.56868352931
0.469308399963  0.372160175393
0.438002071373  0.641397516713
0.401927788219  0.518245228588
0.359870087569  0.421443143411
0.537209066439  0.448542764857
0.418734955644  0.465951468565
0.351672735524  0.559695564797
0.496828364007  0.49579369389
0.46068208166  0.408064798539
0.535734978175  0.556212373109
0.450481459837  0.499680887829
0.522100084799  0.328830875027
0.380455045879  0.441705674351
0.347138907001  0.568433395416
0.50885274475  0.526593378991
0.503245867545  0.554473457551
0.380559789495  0.49633100712
0.453664693579  0.467803148388
0.409750603038  0.420864624402
0.33372498977  0.498190230015
0.5336354045  0.621142904902
0.605537860124  0.516490964134
0.523110258597  0.455135273383
0.31986705087  0.521255464431
0.364282152469  0.604734899413
0.203648401369  0.527773521126
0.438305759251  0.505712369541
0.344835393912  0.428017837045
0.440017676079  0.377264166738
0.528381363908  0.496983500967
0.471307370627  0.605741083542
0.665452150236  0.692003281996
0.497483460227  0.314822836548
0.618456662161  0.615263275557
0.566419027049  0.48366503533
0.30217309069  0.588556575397
0.685043045582  0.443452407876
0.584048317702  0.436277191855
0.522202180389  0.524042246728
0.638784615851  0.655878509845
0.480949154739  0.708517693359
0.534206196749  0.504181872702
0.472895195263  0.57750285482
0.531260296359  0.508628911458
0.497982643266  0.702053839211
0.467570422921  0.529678632858
0.611461467324  0.55064279844
0.641502370791  0.455025056556
0.687599482239  0.527801274345
0.576518402108  0.606187232781
0.649541234152  0.402451145914
0.586330324294  0.498469932281
0.465625297029  0.597427673472
0.312557298865  0.454988904429
0.341529635361  0.414409409876
0.429128714773  0.370150017243
0.455153019815  0.470324122361
0.51516536644  0.672770273071
0.577439533739  0.575375208494
0.539164601549  0.509148063928
0.535501216138  0.412340396185
0.422778835617  0.431483170316
0.568152185192  0.654315336377
0.36818796826  0.592748486262
0.640336179192  0.3754474967
0.410463637904  0.603588794816
0.421329642713  0.56027785908
0.524238821089  0.394387752875
0.557714054211  0.428198894548
0.371869881336  0.513331628197
0.41027202207  0.476283332564
0.301169413049  0.658985870102
0.576768686711  0.476714335818
0.31748490594  0.558643281705
0.38808674951  0.345264392367
0.372297974562  0.494176157408
0.398106296881  0.40534893565
0.302688539411  0.486437522188
0.566544320054  0.461372202417
0.411835408737  0.481918228786
0.533433326646  0.411709338701
0.521042381341  0.590372420969
0.457844964716  0.541735374938
0.476451333573  0.524180924898
0.536891556845  0.573463858076
0.417433005376  0.635316533716
0.404965086412  0.495429459634
0.440523911499  0.66693533447
0.803027149536  0.487490384897
0.45581298297  0.466720152668
0.444775887417  0.174774054317
0.60184565781  0.222012998147
0.46758073547  0.505435689837
0.427422283994  0.587256803913
0.538575280908  0.634544348131
0.466553771971  0.415805913635
0.61314057627  0.284262261704
0.438691518516  0.525400971177
0.564023377641  0.582672033138
0.503617238482  0.467124497424
0.457076026635  0.446472736573
0.469833887423  0.445839531197
0.480304362436  0.505467122457
0.366056358306  0.56299682535
0.523551568463  0.618333452577
0.499827728616  0.371538591698
0.635197371337  0.476448670639
0.49637611036  0.566795596006
0.4104129888  0.531350123635
0.566159548094  0.467730856779
0.512610893522  0.54923480092
0.566919635203  0.668673201217
0.621952205683  0.503495618532
0.596808353802  0.611386235444
0.501754878544  0.480584304363
0.46491375659  0.675039888415
0.378842640042  0.641629402356
0.482958222464  0.545993886113
0.448981088752  0.445545062292
0.550299982253  0.487328115518
0.583991700235  0.487269405048
0.673115278274  0.54640669725
0.283144428645  0.411032886754
0.352864564132  0.502310862317
0.477258208892  0.594007974011
0.567678309406  0.524571984524
0.43405847314  0.51566626094
0.484034346216  0.625687850145
0.562254118224  0.601687019207
0.494588425891  0.507131436012
0.508715484399  0.33580272989
0.49089356803  0.468281403016
0.507075599908  0.490039652987
0.437639630039  0.544083925702
0.469925322668  0.455300101574
0.44959579878  0.436645662241
0.592749085247  0.513790381877
0.443062340104  0.518629626865
0.25032315535  0.42708482834
0.437482957373  0.531895924894
0.442047129143  0.531801346107
0.38549802391  0.556854042341
0.626368224672  0.547153280023
0.575091308387  0.468678406503
0.437122431996  0.461412934617
0.441426095849  0.638992739751
0.423583971171  0.356896668221
0.389990473597  0.48690289214
0.696663503939  0.446302159664
0.460335591173  0.270313619067
0.577255150338  0.483086354633
0.423000798788  0.65770835148
0.579022437628  0.469461727028
0.556995685301  0.351502487238
0.446011287705  0.2916929891
0.478160391159  0.536101329155
0.51998445243  0.383201812211
0.494244770379  0.503699916267
0.52163430112  0.444265322505
0.695537369987  0.38436470563
0.488264198302  0.438466173625
0.558611898423  0.458363250874
0.622690798701  0.643060686812
0.572324039419  0.589852444178
0.614938530922  0.472016866129
0.725432857827  0.316039753298
0.499137192714  0.572720844912
0.424222032137  0.515803083615
0.352415611062  0.568411110151
0.442978630817  0.422617766625
0.399654207572  0.471663808968
0.518373351291  0.395209099117
0.323066703608  0.601434678725
0.486373628894  0.527672573138
0.424469478399  0.437897702546
0.449877018887  0.557152181131
0.494447993352  0.471355644158
0.486662132121  0.454586688416
0.6260517923  0.315456735104
0.473182133743  0.52927206634
0.520101619021  0.610568530051
0.541905861992  0.640626941126
0.451129315648  0.409492317062
0.398003327503  0.525875737083
0.576416968008  0.495120630924
0.633923127279  0.524716312772
0.490459037741  0.450359711113
0.702061872338  0.571695831711
0.494168394824  0.452185681997
0.415136396962  0.329551068252
0.4198835334  0.476676511532
0.364733354897  0.545458534629
0.343036691882  0.647442523799
0.311787701887  0.515510287952
0.423879092203  0.539821775359
0.408729974853  0.580716473559
0.566760596126  0.501671524196
0.779669444109  0.521355325217
0.304474089406  0.504660937295
0.357472832115  0.484619192816
0.463286532893  0.311721737731
0.546356612662  0.344375473739
0.616069951696  0.327211833395
0.393687401595  0.196332559014
0.471351585937  0.654128133183
0.503761685931  0.373846417579
0.237203457197  0.51382317575
0.554873189388  0.402058118623
0.490074206581  0.400423850213
0.277558804727  0.514025800489
0.564158231169  0.530452470441
0.334533141112  0.637056428989
0.549726927562  0.463926466607
0.576337011245  0.445207948049
0.483516701505  0.475358931668
0.481444274112  0.513382554513
0.456967528457  0.765954662705
0.469002102206  0.392072615399
0.345494915894  0.522586776704
0.406434466891  0.498216713823
0.516557274096  0.573613034509
0.403168824175  0.395856197225
0.614311277974  0.56960981218
0.523844838584  0.419900854555
0.615801844283  0.62602573208
0.479524775274  0.510207320959
0.579826964102  0.462232114576
0.474639031477  0.506716094294
0.621508107537  0.565807206372
0.693660472822  0.420620375548
0.472273514303  0.377479774605
0.558212694048  0.506531150858
0.648724294149  0.396004741803
0.62353692281  0.58768914805
0.526154470144  0.513277101548
0.551112187264  0.614966199243
0.677602023093  0.44822877531
0.543860503458  0.516238085269
0.267052646108  0.479831476848
0.514655153431  0.442395046314
0.684439195167  0.451892883066
0.463666769251  0.425457040661
0.527419122546  0.562123370946
0.531188602034  0.390531832515
0.436294635987  0.451343198638
0.516631646904  0.340930433377
0.467210136337  0.410068049361
0.600022837454  0.300883931294
0.534880339186  0.490982290221
0.551798319584  0.490907882733
0.685025418926  0.499406764412
0.396710660575  0.401292600756
0.558544110656  0.479720842599
0.468732115184  0.427982661876
0.596250664363  0.579707628504
0.462637984546  0.460185754007
0.527548110569  0.362222556213
0.565430944762  0.585195903929
0.400620785296  0.715448649381
0.493668403255  0.526958591884
0.41503839126  0.493170459911
0.296946615  0.719624656774
0.725855057673  0.586927121981
0.551972230406  0.463754703014
0.54875317608  0.48156848765
0.422435582895  0.573380752602
0.532349000578  0.543297953107
0.473633730553  0.346708204605
0.38266041291  0.635015200636
0.542432999105  0.45301214123
0.621827265668  0.525016504719
0.552832076729  0.536352449873
0.514556483602  0.536821725518
0.501754240944  0.578924146707
0.479501829625  0.701526941144
0.529147828987  0.357001457908
0.537234144017  0.445097713632
0.576207772622  0.53941314257
0.808164695958  0.513620777451
0.364737248859  0.42841392262
0.524268935647  0.407967966031
0.514470211223  0.361532995353
0.504666414432  0.481663218488
0.429544575027  0.569318982109
0.580405681788  0.431802035447
0.355945929792  0.625928197826
0.384230495316  0.455263597663
0.524887185293  0.474170750849
0.456026690936  0.631836107078
0.206772981273  0.728247647559
0.527831375687  0.585527639373
0.577262302082  0.415419943918
0.553689957249  0.588739672119
0.480128284963  0.537041885547
0.612719817854  0.425615327552
0.556474423872  0.5299403325
0.605681409108  0.447867940137
0.631976363068  0.44772522446
0.317494297831  0.389941337707
0.566917213578  0.592813353172
0.471298708614  0.354069601906
0.6125227802  0.465075424136
0.439411705305  0.412886207865
0.418426935871  0.521963612311
0.500294977264  0.516660667375
0.574604615974  0.553148843056
0.345826787492  0.556840848263
0.488694090366  0.537361284931
0.501661999363  0.724382214257
0.29304037413  0.463146098616
0.509060449802  0.646911340538
0.651673591911  0.59454597458
0.449955061252  0.398890392137
0.27778228123  0.424679607633
0.480564629763  0.543374854379
0.484798803826  0.325307368556
0.421126435264  0.48928282525
0.424502819075  0.500745101695
0.542451319845  0.763649518885
0.518511845177  0.501588756635
0.545279459965  0.307854756863
0.617469934455  0.465773561055
0.389384080259  0.477854684507
0.552521935121  0.456676841151
0.366549390002  0.50753130742
0.628593001654  0.436426920672
0.422621178859  0.403474345802
0.541104428254  0.350222279537
0.479580974268  0.51474541497
0.568722798345  0.478760490693
0.464855001701  0.321630520947
0.459304639649  0.446997438314
0.483705248196  0.525270126887
0.411105201245  0.51827839694
0.384630568425  0.382101155125
0.613554668166  0.628531389953
0.419018730874  0.284104300722
0.557647009211  0.596640424723
0.605627642803  0.522923426267
0.568608453803  0.31091754512
0.618348310318  0.303376830824
0.559359292204  0.445782814307
0.588302392247  0.41291951322
0.410222714078  0.461475973426
0.609012623893  0.450197034267
0.467619092439  0.33317846332
0.729706424473  0.417060862832
0.487416349558  0.520426003338
0.487149211185  0.496946066153
0.425161345475  0.520540887296
0.580885948223  0.5245049817
0.472542300645  0.517643858677
0.336348374832  0.506961814213
0.591149206098  0.588905500198
0.564357694508  0.540575313745
0.300944193814  0.47291146779
0.507560798788  0.433729384417
0.39564190098  0.458071278528
0.504559353896  0.47617252963
0.394028579408  0.556539324734
0.505671499396  0.547509604452
0.591080406484  0.472894623908
0.476764220702  0.423757578349
0.487096517037  0.375262895415
0.49209013083  0.557855565369
0.481589657119  0.331861107617
0.462798996671  0.440484894769
0.525047042072  0.357423184767
0.592400016041  0.666939808258
0.497171772106  0.43261887543
0.427363588498  0.506653748198
0.521534747957  0.412762569338
0.50789524196  0.500235289806
0.408115976055  0.475114821674
0.449105045045  0.386942413119
0.502379115472  0.568249441748
0.348191321729  0.662910817582
0.716150714061  0.365195001313
0.517877532354  0.378954638216
0.416381907966  0.464478045884
0.375773164041  0.398574149608
0.687653378307  0.524673534701
0.553685660371  0.267149466137
0.640823351381  0.547038081808
0.548845902741  0.53070274912
0.579033096723  0.391666423357
0.614796196069  0.492463413898
0.552782386367  0.47191729153
0.551878932127  0.450395288759
0.58800146882  0.565363213819
0.645266658829  0.460600154308
0.551184904694  0.633390334228
0.540380886821  0.758298829052
0.449027616387  0.466045903661
0.392874150276  0.614341825414
0.445363750494  0.66858816179
0.517859334046  0.396720845573
0.417258611725  0.592490687704
0.278314582949  0.614624503586
0.526389276138  0.459532571094
0.527091705844  0.45537529506
0.592149185399  0.481851666014
0.572488976443  0.34931331078
0.326175129457  0.548156427435
0.314732836051  0.545949487374
0.55274646684  0.472635630074
0.501721612561  0.575136343995
0.437621887935  0.491448460954
0.537987805127  0.464620495186
0.592960727644  0.31869470164
0.665345173677  0.40224793213
0.550355166  0.3899256632
0.39940030185  0.546519915506
0.723249592051  0.252655360732
0.502952479861  0.484343369014
0.441609718273  0.297980165718
0.449854325797  0.50363131345
0.545631577069  0.512241691375
0.504837745448  0.553299167315
0.497623855039  0.476932918629
0.491428631044  0.585409450494
0.492458585956  0.483082419953
0.397197263183  0.435296417966
0.47428725888  0.505398001334
0.65037270082  0.425041182866
0.357657966801  0.59636978076
0.62459292264  0.632618737922
0.261089583414  0.615188420359
0.528914564525  0.483965926238
0.47286129806  0.597353230497
0.466827133402  0.43022660248
0.590430429053  0.441305659496
0.657857528156  0.489999588987
0.594507992083  0.76111429483
0.3583357657  0.471196639681
0.504859135248  0.542267821852
0.54423663294  0.548335767634
0.454106345806  0.265793783383
0.375667476378  0.452406517742
0.40633002105  0.714903730736
0.432283050662  0.540048240722
0.515329250815  0.379698697964
0.450785362034  0.532123029996
0.461525155697  0.522717737965
0.632400212418  0.323740807286
0.533525541048  0.385890472739
0.584448273467  0.575264243713
0.419146997602  0.539934477272
0.55107861243  0.521593037886
0.517105499275  0.572049369982
0.41172492982  0.556903949839
0.538937336163  0.584622242591
0.71675768316  0.296229842703
0.532488940714  0.528599253373
0.422122771519  0.424683894494
0.520794066557  0.483086055825
0.544798048832  0.495063668934
0.540374007614  0.587225360289
0.524079146608  0.528312049698
0.573892336398  0.405189292263
0.71290794686  0.362305237624
0.480432204339  0.448739283651
0.468769952089  0.549403241078
0.435423856548  0.4635910511
0.493488964178  0.418686374616
0.545705562479  0.373249310577
0.436180081819  0.623988092817
0.579534878724  0.362493258848
0.463800370249  0.57117227325
0.656314909237  0.473544646218
0.416757307899  0.527124481189
0.539925594755  0.584300725744
0.528558846243  0.566185203307
0.538001415103  0.423503369468
0.442919524017  0.392524209742
0.359003013522  0.513545429067
0.434364336112  0.55806589226
0.53760567219  0.541020178184
0.549014314164  0.50677582595
0.428413151397  0.385934430708
0.383122921486  0.522822572999
0.41856746609  0.414499278542
0.337742787704  0.539875967301
0.483170097917  0.588419624486
0.430678131017  0.442788135484
0.45277145868  0.343715075887
0.597478546447  0.426000529029
0.445588368839  0.602442727553
0.440728771488  0.468013277649
0.582196047804  0.531302013444
0.55755149931  0.432530994757
0.437575367566  0.674520116638
0.559120587078  0.630542065889
0.436003169407  0.603897747169
0.498415846799  0.714914190853
0.437188251993  0.640185836535
0.379121649528  0.811153587812
0.578239762185  0.624111729905
0.580882742951  0.554363230103
0.524602421163  0.592704864538
0.340004671575  0.323066420515
0.431409080526  0.197500159918
0.476290019549  0.331931185662
0.66486743207  0.486097945491
0.388981476617  0.52918934704
0.343649486342  0.622951534042
0.638993935653  0.672931546353
0.601820966345  0.552161074005
0.638135361647  0.719628709938
0.322754604393  0.533036500363
0.498952084271  0.49296773902
0.648916009307  0.488646650827
0.55055952066  0.720720184162
0.588079946702  0.554362849089
0.465583057041  0.520064388457
0.635390820564  0.349010246368
0.337077938873  0.361671491745
0.236374086407  0.27538524607
0.597757113555  0.427711931126
0.53189611879  0.41794944696
0.445014348072  0.546919491089
0.526919001428  0.611413932054
0.540556866825  0.407500352422
0.614896854499  0.258413466765
0.789013518037  0.443070998649
0.335245171549  0.610017224069
0.463650490747  0.289013790799
0.437897306165  0.498026823359
0.513183935351  0.39060870995
0.521797645003  0.479670678857
0.354846253079  0.538194019707
0.617893315969  0.46446572423
0.669069820998  0.439176221215
0.617252620761  0.481906024251
0.583871190147  0.628792127772
0.60513094277  0.667352155685
0.518621927942  0.61826047033
0.473387753665  0.675854055862
0.558211944305  0.655002946064
0.455002644173  0.463757663663
0.654613473175  0.573202466436
0.516126247102  0.556953682061
0.600555205647  0.590028080478
0.605055745641  0.485556851424
0.489422912645  0.623294344206
0.517761095226  0.444476244273
0.385948383044  0.371349756018
0.392188511396  0.283856100712
0.392347487607  0.543138837546
0.435280239446  0.494920745914
0.526784340661  0.478534133581
0.527494257155  0.44971966186
0.32930810017  0.546478528953
0.466136714943  0.410051372434
0.515771924534  0.477129953964
0.388831996749  0.389033441902
0.648284490513  0.529901028042
0.515255698291  0.555103384288
0.630223950867  0.530893966178
0.63666425921  0.425238156307
0.457012697762  0.323095076513
0.523615583979  0.301598053455
0.536355697515  0.362251722067
0.353898161648  0.633321121286
0.305521986559  0.64117478064
0.391325008146  0.45016397996
0.319724518949  0.459890334062
0.405787700302  0.362894561506
0.6117965364  0.286806372683
0.367838784024  0.659031833403
0.675123068061  0.403332947749
0.570585117444  0.461135013867
0.407694089148  0.602707149498
0.399097660536  0.404657635286
0.41048805518  0.554300382932
0.415519851788  0.555547277372
0.474751778518  0.362672874355
0.334837838588  0.668743355909
0.560719952094  0.597308102718
