0.441712305427  0.363825351338
0.470221282896  0.516505927912
0.530412659175  0.575691052927
0.398530498985  0.655455911259
0.582875274478  0.564239957739
0.569805975892  0.527153114959
0.544560043416  0.493778199717
0.43010310658  0.395624890206
0.69865996828  0.386814812902
0.615272998906  0.332104962492
0.391182332814  0.629810046153
0.334428257829  0.633774179719
0.495445789889  0.578662420039
0.604775310835  0.456179497814
0.424336402545  0.570789567818
0.503782804309  0.402200605398
0.388285137957  0.717730726552
0.470487234878  0.416682442225
0.473795233293  0.427333671001
0.290804495334  0.439364343237
0.513717730607  0.395606771853
0.40523119024  0.621349794528
0.673434778329  0.654276596777
0.434317270142  0.601382258213
0.492998594584  0.432370082067
0.671172094171  0.496436090221
0.254977510072  0.38374701809
0.549829658139  0.624699034697
0.576736915459  0.528218465758
0.488814437139  0.453812250789
0.651672124247  0.391223725795
0.578432893736  0.571138096816
0.543069356165  0.607071442455
0.420205055664  0.364336793439
0.392596398569  0.571751974454
0.347498073661  0.571187180348
0.483508282135  0.445788551998
0.696881165917  0.432766774457
0.646661097226  0.484887916678
0.597814658565  0.395568599794
0.568116078056  0.440806703982
0.454871027617  0.428728205847
0.351640583519  0.432477012564
0.519063036521  0.331670344268
0.453751626681  0.570067335594
0.459574175549  0.452706155799
0.57261910462  0.503435284776
0.360605877167  0.441516998034
0.43639141812  0.591452161191
0.463416717393  0.501173966709
0.484086979744  0.751946931312
0.415649288278  0.55754360118
0.49839534472  0.42483303722
0.593908569577  0.422075479474
0.446575635282  0.467492073513
0.495098504989  0.401726656444
0.448559590467  0.541646246474
0.556888073949  0.391481917111
0.379557836806  0.558405067616
0.589049665611  0.454748893672
0.61441561501  0.554371555094
0.420704424636  0.469010290854
0.482117585634  0.540039174911
0.58415133919  0.534373191615
0.60500561111  0.496275965455
0.535612282376  0.560397060251
0.603070811393  0.475945806587
0.580842156078  0.493774132712
0.578293376846  0.328902077865
0.4060807446  0.528765969506
0.476994117882  0.473881936404
0.605522940761  0.437906957565
0.583596264683  0.512227844216
0.481155680681  0.295287671919
0.58681332701  0.571420314894
0.529719182794  0.500543048736
0.528469708418  0.428957756487
0.493250247661  0.61478214867
0.526481251005  0.363290674938
0.569887113967  0.555939429311
0.51419904283  0.30732087991
0.596815622448  0.444960994533
0.394123799144  0.378406901632
0.484471361149  0.470868497982
0.530905880806  0.473363562674
0.335954705961  0.488624594084
0.382641289391  0.43602363815
0.349418824569  0.431540372777
0.677601476828  0.653954791073
0.452777932192  0.406165016716
0.495012820615  0.45966607556
0.579470646235  0.544504216953
0.537246686396  0.389291108855
0.777098519292  0.426865773646
0.317440078781  0.564246477167
0.469792249305  0.460540289575
0.582963480447  0.657066192543
0.594406482048  0.659822773558
0.670017021359  0.405597808321
0.550726481526  0.588937910738
0.569358288364  0.454958790817
0.509932099184  0.671092054284
0.402279631967  0.720011759601
0.45063147833  0.603569209904
0.504971953417  0.616448524559
0.534064708274  0.464499281941
0.466368140512  0.455345471038
0.454465876553  0.581197132445
0.473281221488  0.413309967399
0.505056324438  0.618891533274
0.45510663301  0.495343137479
0.463095065849  0.528729351393
0.418819468582  0.572703082563
0.435031823438  0.60920241305
0.502940818978  0.547989017158
0.529749463869  0.416835179638
0.468648481406  0.492240553593
0.56692540722  0.508912345986
0.330898982871  0.639134801808
0.582830845324  0.52431341527
0.495784980435  0.311461442694
0.65944837344  0.423984535699
0.504941524317  0.413728285028
0.399769347976  0.359778032085
0.506266123606  0.336883432752
0.576683783179  0.438521047361
0.460346090443  0.406208051095
0.424550789959  0.375066484908
0.505330980135  0.271125057529
0.495355872022  0.608550683609
0.587181872886  0.3335862686
0.38907659275  0.413497835863
0.569053902113  0.479638830857
0.662770336681  0.395292481581
0.429272815565  0.656571659701
0.554283856499  0.654662769518
0.495282330626  0.469896498429
0.479007108454  0.384202102979
0.614202413735  0.646409219896
0.494806182346  0.523720580922
0.472509315556  0.535502239256
0.400767396628  0.581430605384
0.663237268509  0.374951434483
0.478929140267  0.685384771111
0.595069617003  0.349473331103
0.520370089021  0.336076588574
0.632945885892  0.601243155603
0.576857515105  0.535375997935
0.614786192897  0.680009863439
0.592566656047  0.515952514504
0.432078365658  0.343853180142
0.442380600527  0.609424979295
0.558980423818  0.504068446483
0.388129604656  0.52356096049
0.834516863728  0.563431913553
0.509725455621  0.501474364559
0.680256909327  0.604780615706
0.520796838414  0.544948263942
0.413110685823  0.557542501512
0.364022435828  0.553093801367
0.505146756123  0.493024405172
0.567928912296  0.759076564316
0.429173865888  0.45284078507
0.424601315453  0.409371896565
0.348885434344  0.459143206039
0.447572601105  0.598819096846
0.478588616038  0.426840645757
0.669189327752  0.403471428498
0.271680955674  0.457839242662
0.510560418543  0.340272220069
0.458234624574  0.483514442174
0.40639719787  0.532126803684
0.601497426607  0.45740816743
0.610936040497  0.507071007346
0.501508164848  0.510015688247
0.438565208261  0.426444237011
0.473148526816  0.473122228659
0.519969933937  0.479505447692
0.504721500794  0.533600721206
0.436617037322  0.47473213584
0.551348113545  0.496561671244
0.457820046797  0.567994462487
0.493270501994  0.320127378261
0.476818744336  0.3204440846
0.521111940683  0.540363850879
0.562199072572  0.415062562046
0.55357270265  0.515872232774
0.44603866235  0.634922860121
0.461718292361  0.514507194321
0.583432589218  0.596874946419
0.635014846324  0.620242271867
0.651361160314  0.492264141273
0.46718911005  0.603771302457
0.584377229564  0.581466045398
0.417478069121  0.428108192973
0.370507727518  0.434468287153
0.443733389834  0.596484975678
0.512199105336  0.740731457368
0.413388403448  0.613273457376
0.523864768282  0.557326587347
0.455605793207  0.593454764613
0.425161086036  0.588305908494
0.507852193178  0.408743804462
0.55331301828  0.573320491671
0.471254419213  0.345132936305
0.532833054732  0.635392772082
0.374686390123  0.662715210955
0.529181480547  0.52529804564
0.480930529183  0.542147692148
0.347529128151  0.516366814858
0.510946647306  0.491914404415
0.565794516316  0.418601296492
0.423131946193  0.447507543581
0.458260877279  0.591672518254
0.362418115194  0.644001603776
0.525619008243  0.466752963905
0.54973254133  0.568816714702
0.622898460817  0.542772057198
0.604760463202  0.739121430971
0.524810323097  0.494609114701
0.530137465237  0.473291244243
0.378900219023  0.532523941084
0.402655378301  0.541817789065
0.421033228347  0.459447145099
0.519128353571  0.572627282674
0.389965677382  0.496439958683
0.536795111806  0.50201194125
0.567116975318  0.420603602689
0.452809987811  0.484231998809
0.637040444088  0.558412846637
0.35525507721  0.45852175731
0.443717359336  0.473880273629
0.505929197429  0.548315121684
0.516829726591  0.432372349688
0.672155631229  0.5889581891
0.403265069107  0.496497509945
0.415608231402  0.353015258804
0.410034430447  0.501664706909
0.635155666173  0.514942746777
0.597824250634  0.548804034081
0.733246461392  0.462926717552
0.441455808182  0.414703494454
0.512181172116  0.490575343848
0.560985612714  0.510950384038
0.509744100664  0.563481124342
0.665029406449  0.40118102216
0.613147425558  0.381585959785
0.500318157507  0.489007685948
0.679185091912  0.501436581021
0.574934984881  0.584408191613
0.565813201767  0.4166633138
0.477748012986  0.523242287772
0.411212729986  0.449739926616
0.739133029698  0.566136105808
0.589471900906  0.53550170458
0.558609911698  0.519346699066
0.5438016822  0.609910790301
0.632908566775  0.544784208235
0.445191052586  0.595269662075
0.568880480455  0.525031360174
0.420659277814  0.456045959559
0.497500218073  0.401501630581
0.354996490442  0.669576096116
0.442116008735  0.190001752846
0.525832539561  0.448022633231
0.523596894106  0.426226799462
0.516473622723  0.464685557469
0.674802537932  0.363627869543
0.513502505646  0.337518027326
0.539926344658  0.484473305641
0.586113426203  0.637020312866
0.508698329335  0.446315425625
0.326272653533  0.419683985659
0.503318760421  0.556202251758
0.626467594253  0.659984698306
0.555762840199  0.602080795873
0.566654817656  0.394681769822
0.641484845416  0.345685700502
0.394023472869  0.504187908924
0.460317183961  0.343716057966
0.638299460114  0.688980103433
0.461185816331  0.490783853863
0.453103814288  0.577075888229
0.590918311637  0.526425767106
0.421053450144  0.552871628638
0.538213073206  0.528926862556
0.382980256436  0.55656149331
0.417367852583  0.441711502478
0.505427999104  0.456999725494
0.492691735364  0.596057277413
0.499254011226  0.514499415873
0.653299221665  0.461455962276
0.583996726276  0.533303524809
0.67434452756  0.538891057793
0.637620390342  0.344785982148
0.428018553778  0.376783554488
0.503856402515  0.413759197688
0.504536671432  0.440913598442
0.689272666562  0.380784295528
0.392529458313  0.452916859016
0.360475571292  0.593582867336
0.533146602274  0.57441107531
0.302749250635  0.360974227894
0.61824840355  0.366849734731
0.480018261084  0.466896956473
0.559660752582  0.622875296283
0.456559557343  0.564044086919
0.405523165365  0.424238894878
0.536905084922  0.728379271999
0.422496926896  0.652977265305
0.530146889415  0.571519526043
0.470552772915  0.567548629343
0.319306125656  0.548814693939
0.589238555536  0.380901328205
0.376352542695  0.491380190471
0.093050344991  0.413148096871
0.462744805703  0.489617262549
0.53536918788  0.530332666887
0.271544692639  0.52779901898
0.334903743737  0.457901259583
0.52234453003  0.493383322744
0.458723198802  0.586073656304
0.46308097955  0.578366395128
0.441736457917  0.438324289678
0.48684983101  0.368134958786
0.383560939297  0.399471743459
0.355322815944  0.309220906731
0.434687180977  0.393327829642
0.60366166855  0.560887973737
0.570534371435  0.484428571162
0.593640023812  0.438659190671
0.40440881924  0.584179119725
0.559599310091  0.63912731485
0.621189918937  0.665326577745
0.586067761333  0.426872571358
0.548974667895  0.596974621202
0.433833637984  0.680893471979
0.529503907751  0.483584935715
0.373293138163  0.538064096646
0.536119211385  0.351931350098
0.378886997747  0.516631927163
0.307638764332  0.482872152466
0.490749583109  0.505248536283
0.534460950533  0.534288078727
0.43414772398  0.588301305165
0.336269190673  0.469290896584
0.435980115384  0.657268452843
0.407402369773  0.344429654269
0.317151778617  0.57589521661
0.665301520289  0.546165629583
0.312598148581  0.258167963819
0.569947606926  0.618655435701
0.616295162507  0.537432364228
0.664637781912  0.440544869274
0.351905048093  0.502182827806
0.302553761673  0.413684785381
0.531158854202  0.228419318018
0.391108035761  0.329374151831
0.486429200246  0.499910047615
0.389052310592  0.522492037673
0.625193907801  0.54808629317
0.336498401139  0.485203884737
0.486081057904  0.56639140328
0.466074731231  0.584176979305
0.421977068934  0.570009381288
0.496271776768  0.632062176432
0.555096149217  0.47434453062
0.467094190982  0.462852387069
0.385608392819  0.512319808122
0.493586656981  0.418087595319
0.269310294579  0.397298141944
0.620585533706  0.355639695711
0.540312310922  0.578400811809
0.39600111163  0.373529534092
0.487571665254  0.666965082891
0.437666207834  0.384395331306
0.509839393224  0.44925656531
0.580628884886  0.484659604846
0.609772866668  0.428580959027
0.280696532321  0.54319081953
0.418008477234  0.419037648879
0.420246314631  0.482875606724
0.315910200205  0.641884860026
0.41156650557  0.400861188821
0.60639428932  0.454518106757
0.453751563598  0.545661806894
0.458005595448  0.52445242324
0.662517404861  0.530243729213
0.333653302202  0.495104150561
0.475939886784  0.563100588227
0.381121894914  0.559344330485
0.511642647504  0.502476273879
0.48697057001  0.375392129843
0.625073928817  0.603348032136
0.476110054915  0.54874152392
0.472766827952  0.539794724648
0.502878359744  0.618102993063
0.561249258761  0.710435441885
0.651151740879  0.710822812773
0.653605978231  0.53496716216
0.480166859333  0.652569825621
0.45505360173  0.327114261451
0.474664282904  0.590962634575
0.429540872278  0.41816049343
0.547991416123  0.619146676434
0.477050285667  0.483003503575
0.625718674333  0.516365340236
0.591743749284  0.447597121696
0.400482876661  0.464058597851
0.62456364694  0.479028977147
0.406452274605  0.578726064338
0.270540217776  0.671837146079
0.442355227335  0.455155233658
0.560613096288  0.507494054418
0.455615005285  0.496448555561
0.580354068777  0.459825872228
0.569857596651  0.531774388916
0.458834562557  0.371084993118
0.434783919657  0.416203464713
0.515406709463  0.307931304632
0.305805934116  0.667991694124
0.529771222715  0.52023719372
0.540308504841  0.328538365548
0.613952202444  0.59098602375
0.456674436974  0.67612516338
0.551778545695  0.335615844644
0.550643640251  0.492615389932
0.345132668475  0.509128172274
0.465674969468  0.289532327498
0.602032015165  0.480934337304
0.731878155536  0.361319885102
0.319990889305  0.236036988123
0.508948625681  0.514996325993
0.674719252534  0.518374896789
0.665944861228  0.542831117041
0.462393498069  0.580478795217
0.634295118523  0.494016920111
0.721903497171  0.568561871961
0.447609918755  0.517812168884
0.424833286132  0.138095592693
0.487113144406  0.606163205684
0.348483821412  0.5178396414
0.540584809357  0.401854706638
0.580246541624  0.516429351081
0.643463676248  0.473313066062
0.426072053033  0.476002221273
0.657522020708  0.49842142668
0.477742389638  0.483114497373
0.289641429365  0.535391810585
0.511158346584  0.537117832202
0.586645119836  0.515277097222
0.596318847644  0.325848213261
0.585439029033  0.60215100656
0.331534809094  0.368080877023
0.669334066897  0.469878202436
0.623432029156  0.590794721742
0.516555959324  0.495717501132
0.59679909042  0.453672888455
0.463583077141  0.480714980951
0.424001985318  0.491163033229
0.529965221606  0.321188151633
0.376167501986  0.445772999384
0.439119731849  0.515539902578
0.385373157348  0.414666854241
0.555114293551  0.596517237726
0.528118058823  0.694178052608
0.447396010869  0.475011846684
0.648394722186  0.49540979678
0.538880735313  0.531512569856
0.449220844007  0.481533159817
0.622323163506  0.748646112955
0.318154249296  0.476282846041
0.430541552491  0.440867836768
0.633918385018  0.474146066106
0.623564436806  0.507591536265
0.364455645732  0.437356946897
0.483689446654  0.539579930229
0.527738979814  0.530644542988
0.516752841284  0.673425176111
0.425841045536  0.58461545672
0.498281087844  0.225669059473
0.437868995631  0.449382519476
0.447384657923  0.599503131873
0.617599532093  0.409916224242
0.41009410007  0.480741910452
0.543557435337  0.618968251668
0.465794899185  0.550003133438
0.399669324034  0.64621315863
0.5529062829  0.551915116284
0.394904014451  0.533623575845
0.302432888171  0.389088292202
0.57711538248  0.531323453999
0.466610233821  0.392202615676
0.415195457481  0.455218060595
0.441545408229  0.485345327088
0.408100331419  0.453202126638
0.45859158039  0.564521220344
0.339663584493  0.608871742079
0.438356178559  0.466650160468
0.507901772606  0.622124725525
0.586202164645  0.544117196158
0.491382337886  0.356821024059
0.661138068866  0.497141560629
0.476889392635  0.53871907655
0.456223138829  0.575225406804
0.475998756327  0.642595346786
0.374428379797  0.276122506414
0.608230139072  0.54417752202
0.40555576533  0.567336913663
0.360831556109  0.533506878349
0.621689895454  0.676352792284
0.564747167577  0.442466012434
0.466320216314  0.46773505654
0.337706262406  0.431582913004
0.485020997471  0.511078224124
0.444310255688  0.346613502612
0.473627762389  0.745867531719
0.566232745397  0.471372193384
0.468362641626  0.429070196393
0.509217429731  0.476239395832
0.349836371307  0.466091706979
0.455413218984  0.496955718453
0.587311177377  0.551379785439
0.292826906604  0.328914022796
0.495735054078  0.478793446115
0.494827758214  0.597849470468
0.460851921138  0.531090933659
0.488492698834  0.615149920382
0.470638461185  0.35629724683
0.55988812956  0.563158570396
0.642855283025  0.515924606772
0.543805637569  0.574394664243
0.496613985701  0.462048669108
0.459727056447  0.512796100721
0.490934665323  0.327214887684
0.594871079998  0.434655547665
0.44190537656  0.324998922417
0.473656963111  0.637291100491
0.538971094576  0.554138847983
0.656641705215  0.763717566441
0.504020765365  0.632976972091
0.592858249224  0.75106786953
0.622754188418  0.691787301651
0.598228684149  0.573065850018
0.481915691423  0.637304404602
0.677999747119  0.60799263481
0.668315958283  0.502798590928
0.636869238689  0.723431911592
0.513844615643  0.565906147008
0.56350706618  0.371844232674
0.505660035641  0.545155784042
0.574986643979  0.591957357351
0.664091647119  0.379903227062
0.492579964219  0.345662339385
0.488314728932  0.387526573385
0.642510974378  0.379267802235
0.453148667914  0.610798267981
0.523784303623  0.487011145911
0.410005197231  0.295793254351
0.470725695015  0.465018456411
0.366722477439  0.487856719894
0.372258770565  0.461057141571
0.722349398264  0.566208355879
0.581352121459  0.691738295217
0.493889901394  0.412856809867
0.495522687332  0.434142612951
0.507172354555  0.41053841704
0.662136264698  0.644281137919
0.538020859047  0.532488720824
0.627991619919  0.384545673571
0.526834013324  0.569045108506
0.464654026242  0.420866943851
0.565191178993  0.517474891257
0.465034722687  0.737012341058
0.437624916575  0.574027090856
0.50365118687  0.610230501581
0.391479203696  0.598573664987
0.510004201044  0.482482609222
0.356553011036  0.569931307511
0.423149765142  0.474956281222
0.533695270088  0.51935384483
0.61255811397  0.35686538332
0.679731743584  0.495769441743
0.623382117582  0.425634256567
0.569628643063  0.546523746364
0.471296784405  0.49484978591
0.54234909051  0.562740715893
0.666867773929  0.541978239484
0.469412907553  0.476625182413
0.359200131624  0.692942894825
0.453471089983  0.396238511788
0.407547474663  0.451388250346
0.483795365403  0.599132476149
0.376478306615  0.528970575118
0.458420758796  0.356185523619
0.375326063274  0.38029103047
0.389257063563  0.541367339554
0.659233331667  0.49411374719
0.570811471325  0.415783368753
0.399610833884  0.542371436944
0.629173540348  0.553063648794
0.515277661012  0.482001290718
0.548251285736  0.45422549781
0.562639420457  0.467434743982
0.32077438947  0.345414047921
0.527580412519  0.567320197576
0.614509823908  0.373887035478
0.482822190091  0.389780451325
0.358162342563  0.546564475956
0.476290365532  0.529876213675
0.530118136727  0.566532351548
0.578266312415  0.595728759953
0.301623728552  0.485692994518
0.509526618275  0.519042494485
0.553722035807  0.547816429601
0.462087254327  0.467818404698
0.620224216761  0.444617502145
0.557883649788  0.613096324249
0.512400711788  0.448154401696
0.435492470785  0.529897401394
0.417424497023  0.561524784159
0.415132705911  0.594003715261
0.569408993227  0.695579574612
0.377787567491  0.475274208719
0.530655959079  0.591712403659
0.50461896824  0.287733304837
0.597950227314  0.444945919291
0.420077620077  0.531641342007
0.330767720842  0.510055860848
0.287433687117  0.408888094862
0.699670208928  0.636043335124
0.557872518685  0.522993828154
0.404238356095  0.478069980183
0.711150513982  0.526972639732
0.532346898612  0.540711240411
0.553282723612  0.362475538438
0.449555705753  0.477741624684
0.551773117327  0.575649141052
0.509532330919  0.38254693894
0.372665334155  0.48492309366
0.434901310041  0.286253799489
0.64720742831  0.503603012702
0.505695936757  0.401072234501
0.612762032212  0.653376112175
0.49314805523  0.586043023664
0.452765608079  0.540075863971
0.600668989857  0.402216212658
0.339873756003  0.359879001813
0.415313217208  0.413339901306
0.527569667246  0.522132803196
0.493540667055  0.333919435201
0.545418546945  0.40700435957
0.683617609741  0.332472936618
0.397898261962  0.502762647217
0.464791957236  0.466412715414
0.23561371899  0.470487213247
0.399739220248  0.570744619278
0.464448520014  0.446295025676
0.478783893026  0.475150227516
0.167557607785  0.367843857232
0.515260592438  0.502072938662
0.491841522588  0.61477041267
0.470941880884  0.390779434437
0.457355156857  0.673963111186
0.420295664886  0.509826608593
0.55718093224  0.653100128498
0.448054651727  0.631791115771
0.510836262507  0.499294818211
0.357620816527  0.601683864933
0.389260902599  0.561164301448
0.371883981997  0.647878399305
0.497797022315  0.524367790869
0.440366186534  0.51384780558
0.623660258396  0.587690304539
0.221070141271  0.548179785763
0.387542559909  0.482692416892
0.450879865722  0.321678859632
0.533645549794  0.564817467246
0.575671363681  0.531043842001
0.433799528792  0.557669275723
0.476137278042  0.548525562104
0.629318465317  0.741908571299
0.536869460052  0.389984535167
0.390086897772  0.445201968751
0.469075472391  0.577435335239
0.451334230983  0.406787588306
0.554476093863  0.491294675871
0.571832663333  0.460559655189
0.638748101116  0.313175578773
0.576925811087  0.544213756541
0.476722472699  0.378850348338
0.469110365346  0.566215154705
0.529035986992  0.478159788071
0.598097274064  0.621510278355
0.497148709721  0.538290110001
0.597870091237  0.550470269883
0.667949114372  0.590513540114
0.658700464796  0.376501811369
0.42098844949  0.368523026351
0.582958322957  0.464515441315
0.537559903557  0.411020622593
0.639811627618  0.418515919054
0.564030497385  0.536352171297
0.513577229799  0.447720056089
0.533829050768  0.514530641564
0.573665486203  0.553528337456
0.532033817138  0.515662437384
0.673471708424  0.657022696895
0.569008957491  0.452543757115
0.308673181435  0.370251674284
0.502629655177  0.512072890237
0.410140661993  0.616624718592
0.473840700841  0.37388737239
0.638625881308  0.506695812748
0.517098848881  0.430123393742
0.402724524622  0.737976557495
0.429797270139  0.618786435682
0.341948131711  0.590153676938
0.476339773384  0.525872566596
0.534011143894  0.51516763482
0.285570999751  0.565616009595
0.592048376092  0.272110335667
0.383400171952  0.512382215655
0.376722463266  0.432152652777
0.47061793305  0.391495882117
0.688422215368  0.49985992596
0.465260760107  0.59977611215
0.593081326544  0.5025161179
0.437158957055  0.487501722021
0.50091961236  0.651778351483
0.684056912056  0.480126851849
0.319989907543  0.509979800706
0.495805443798  0.466003152342
0.448267226024  0.307228458902
0.514414628977  0.506894156196
0.524783301713  0.613522043729
0.461882200298  0.52448927724
0.399678119008  0.506529722701
0.552115445937  0.426255660292
0.550468629799  0.488966626285
0.534148788753  0.419218682423
0.475761519325  0.362702467117
0.527422978956  0.540410283817
0.512518569276  0.590034215773
0.411805443175  0.62327336198
0.403335675667  0.514234316512
0.467710517103  0.501730600383
0.465418138697  0.302007126349
0.56389707555  0.590844468328
0.473289646915  0.544172693074
0.646520791418  0.589350087645
0.494217424152  0.609420097311
0.559212349056  0.475510443334
0.56103652608  0.582409082397
0.45367498899  0.467982263421
0.386015974255  0.580413742242
0.400965469021  0.525388423832
0.446666815874  0.386218405645
0.600832720722  0.465769093336
0.629040856528  0.458796746603
0.425748496113  0.502681610393
0.434592978707  0.551970285762
0.29103551031  0.540918395816
0.486599099535  0.408327080648
0.613816807104  0.556922446784
0.487583203992  0.512829267714
0.445533380502  0.835909386511
0.493408197365  0.578324161047
0.517223760614  0.468885785179
0.538746659005  0.513539829824
0.339168617743  0.603801208052
0.56633116242  0.557135102732
0.524161097773  0.590261333644
0.607048691525  0.633385750515
0.600199786666  0.396161792671
0.503807048833  0.459562201078
0.523516409157  0.483202285439
0.535265537698  0.527644817199
0.468972402605  0.58132079849
0.551347493876  0.343807324849
0.486618673858  0.449281452776
0.452601700984  0.396304521861
0.491680257086  0.526522107783
0.502500242974  0.418203629252
0.574146671633  0.670322943147
0.413774201453  0.491026916052
0.540367704235  0.49378002313
0.653913931343  0.522519016201
0.33905772959  0.46874899783
0.349188009823  0.653904932995
0.554781587296  0.455974364504
0.575745070328  0.60558585084
0.635936649232  0.548639628838
0.383772466673  0.598487680173
0.661655777507  0.668868510244
0.508531093672  0.359096470918
0.597382027755  0.411146622743
0.5962396557  0.519329996799
0.509656308378  0.664551538718
0.543034503251  0.396491453017
0.475050961805  0.490356428434
0.427785819755  0.414039612394
0.461516343013  0.393071504668
0.590338010942  0.466380718011
0.57831097693  0.558973774405
0.518604256525  0.41464636847
0.41257746518  0.363631939569
0.702516633555  0.398768789257
0.655048870033  0.534860982541
0.473975268733  0.413979351624
0.232974521163  0.295604776956
0.500936263605  0.434417313487
0.497732237697  0.485489038731
0.540450504391  0.491308347641
0.701536798175  0.507936800716
0.385834176971  0.502834139254
0.50392870309  0.459351750152
0.469630868329  0.475508914073
0.482401326604  0.442391906065
0.407228698614  0.448599776131
0.5345946976  0.466117438783
0.481760970852  0.398963050112
0.558206856842  0.553753418821
0.507396952726  0.458871126072
0.563542151204  0.432123378304
0.57279513396  0.422662251424
0.608708667367  0.508003581621
0.632905699352  0.534001713716
0.469568970931  0.436373777163
0.409530428615  0.558948895059
0.615175308626  0.536915859476
0.433843531033  0.614660835716
0.492665135957  0.434042299923
0.496096648628  0.540881801121
0.489053305695  0.454228243203
0.485483315343  0.457073604775
0.55833631711  0.276967744967
0.416701098244  0.532467877775
0.60468560825  0.546111495373
0.519774367206  0.362171955433
0.430497721355  0.520147283935
0.549426443194  0.481630279801
0.448426127502  0.473866043454
0.404062333565  0.445492651883
0.467487983817  0.545948421064
0.486385605639  0.581809650914
0.500766035455  0.567853090944
0.39427319173  0.503946873617
0.343068839045  0.474087456551
0.62587229607  0.548922974004
0.508404673801  0.477401522414
0.475939094562  0.642227501136
0.42801765413  0.412245520868
0.346750014516  0.446779014714
0.547896166051  0.383192014318
0.48715202231  0.470114722875
0.421624330132  0.526039595541
0.462311612411  0.517664747013
0.640066625271  0.529869781292
0.556817293494  0.453314107757
0.492856340709  0.380656042477
0.530203720909  0.402292545847
0.606667945223  0.506533961132
0.253765334539  0.444180482768
0.580126161988  0.387300725491
0.592068860696  0.615541208609
0.545483535994  0.451761694531
0.535545240769  0.343817854991
0.58010392639  0.502152607213
0.680388094586  0.609924040692
0.54564467105  0.482404328175
0.443218962938  0.508404834819
0.391921872931  0.582906420603
0.534720208953  0.631562691772
0.641839615028  0.454408692412
0.276240059313  0.652520575157
0.651490064573  0.467046059042
0.546825820598  0.399056685555
0.576675622191  0.446639970826
0.585517137474  0.458940551673
0.465390308816  0.589674318603
0.580084492292  0.658603161619
0.614597724768  0.571069385633
0.468739205344  0.473286183066
0.485604200735  0.667612823356
0.526914080623  0.314736624925
0.59197998173  0.257405919987
0.406783309129  0.574594277045
0.622358496767  0.400492283522
0.367097049519  0.387687203177
0.483595543675  0.553521130715
0.341301991449  0.508685605037
0.560454256675  0.518542773367
0.524520138693  0.467355818006
0.589406779475  0.369154244404
0.87052490699  0.493001688772
0.410858103294  0.451638047693
0.475243411234  0.643007607771
0.251030659755  0.366112566852
0.558058997267  0.607683370835
0.48622826183  0.43907263019
0.568813590442  0.682603031538
0.42634997173  0.301052235935
0.435106870371  0.508866283121
0.378291380208  0.468568774954
0.465436186985  0.59458895631
0.397825901215  0.409547409879
0.52086944369  0.502908386945
0.413730324562  0.438459995887
0.403980978419  0.462682974594
0.570155337012  0.417111580013
0.498871543767  0.589680505847
0.553695738322  0.383092791652
0.484341927766  0.481739410602
0.513631693271  0.363238831386
0.574450703223  0.521260113146
0.594943440748  0.613854332777
0.426602939808  0.493866882453
0.37395990557  0.432319590507
0.426438775502  0.456604427161
0.388670858955  0.494701082431
0.499729279198  0.449698168006
0.486992118763  0.584103115983
0.530591601783  0.548851717698
0.61124131271  0.453136393884
0.667497173627  0.453333864155
0.401453488889  0.563386802354
0.454563921218  0.361002721285
0.305808326115  0.453694833657
0.432753445623  0.599524601044
0.547590990042  0.321218791682
0.624573516081  0.393617710265
0.52210724129  0.549843446068
0.656262890203  0.528285070126
0.459207497187  0.363874272091
0.601388739147  0.229016847019
0.715333193249  0.558673926793
0.53529948378  0.616712023589
0.474807517637  0.555926013815
0.615547774689  0.60901306759
0.573708209264  0.412981567616
0.4709575138  0.474106794752
0.524814297793  0.462098775463
0.632978040819  0.4631137703
0.371459896928  0.48430999892
0.60704023409  0.546801580415
0.535568343275  0.45458696967
0.493205767622  0.512681128124
0.624541082721  0.707011306096
0.527021715977  0.59438453623
0.455277039428  0.624485629248
0.436793706875  0.478873201984
0.596821413832  0.652299563278
0.475300088742  0.429693404355
0.321861503441  0.595684138957
0.620083378374  0.604067866141
0.54475379116  0.265793235653
0.517126892334  0.511878253583
0.51794459753  0.256413951556
0.420821854366  0.399027285194
0.562329872837  0.48899532004
0.390622272352  0.407628147388
0.565093557901  0.537841020822
0.525354162925  0.446233059332
0.588165393323  0.532228118468
0.448932239898  0.562946416024
0.635590566947  0.49683877742
0.481821133974  0.566208702956
0.511052672727  0.292891862431
0.536432923324  0.504378943537
0.491886996556  0.437730345964
0.488366201737  0.600059861472
0.588134305913  0.450712433789
0.467297533669  0.558697664806
0.308711038574  0.494331588516
0.390652867086  0.460755340457
0.57861501539  0.634548650851
0.438249915222  0.586910003596
0.491411435054  0.481678089132
0.619738209624  0.387359267607
0.350907678324  0.679700037831
0.514785756805  0.305459648912
0.627867449653  0.524461560446
0.458078908061  0.6711539351
0.417424666698  0.521468315661
0.635490455991  0.356749816383
0.327692546164  0.595100392773
0.606670436965  0.494713210255
0.564940987047  0.38473826631
0.593292837637  0.433487749658
0.554369116538  0.420627819732
0.370584755839  0.604884040926
0.632424013026  0.504802553754
0.510885342538  0.603242724752
0.502905069182  0.455745007032
0.434841961905  0.445304314819
0.426151715307  0.525877082683
0.588309759078  0.515162483958
0.599663267376  0.559664894522
0.627576206523  0.43856952643
