0.475745150173  0.46763143606
0.550850637087  0.416222711764
0.680254245758  0.457613371694
0.318819880246  0.561286074862
0.454178627746  0.383882978382
0.482386992354  0.576473838907
0.490554207692  0.342796321248
0.525203659075  0.474024699289
0.74561499423  0.53032181725
0.623917847545  0.562256288041
0.507561177149  0.433107456343
0.553728490325  0.601315142444
0.555908195993  0.528119175776
0.505649009773  0.578806533009
0.410746717138  0.565218250335
0.275018496446  0.596606839254
0.410024544588  0.396644028213
0.442815153715  0.472151949121
0.506263547476  0.567084100815
0.516448502451  0.459598663183
0.366737467314  0.439316856277
0.60440892035  0.556207889032
0.421242093708  0.598735602305
0.525882916413  0.529356287559
0.595860568447  0.415294269231
0.531304100934  0.524340647206
0.629511286199  0.480802774116
0.473445777374  0.461927820841
0.545131979683  0.519314447243
0.748103649074  0.444379550768
0.489449219484  0.541496063589
0.368153783562  0.51401957062
0.472235111922  0.487123304939
0.665111738196  0.474417516447
0.620474833797  0.538619723207
0.439695331369  0.577530678734
0.661618921681  0.54822087391
0.50534095323  0.404859693949
0.541912041507  0.517118573198
0.326788287339  0.640241784698
0.567342559323  0.447968057333
0.553872210057  0.446311836333
0.465488595837  0.492550417668
0.455444781853  0.326898581736
0.554566223949  0.493249595297
0.521928056002  0.550003714461
0.475755477759  0.285972429467
0.415597344651  0.562556498044
0.42910371059  0.448569215516
0.522887526879  0.715619779157
0.487886794834  0.614496439277
0.548427844219  0.469058321842
0.457626224972  0.464430576986
0.438125935158  0.359346959379
0.616699327749  0.442325010048
0.463962194807  0.41785453831
0.451808018567  0.405003644547
0.457924515222  0.474264884165
0.412532531399  0.514078735745
0.456195582932  0.479026209149
0.667703089067  0.475889486813
0.493907910063  0.778030932852
0.557445637942  0.290190145646
0.431193825726  0.406279201481
0.560897949874  0.458757566837
0.519361301428  0.567813310643
0.439758818388  0.412499869776
0.443646596101  0.534631774783
0.534747300132  0.432685768524
0.473406661778  0.486273389719
0.383766973515  0.444338456903
0.691665175284  0.633406484294
0.573592780041  0.450483745484
0.353806622442  0.424102646773
0.568031119811  0.337708937283
0.312777962335  0.635025953576
0.432316142392  0.570968194454
0.481205942158  0.538900441046
0.362174237916  0.501787671883
0.51344538759  0.537894984149
0.334244542379  0.649350778185
0.517674685393  0.514609580303
0.825161356021  0.680551622727
0.713731093711  0.46339887275
0.745558142814  0.50620909189
0.423509784718  0.305854299506
0.467125414382  0.739403672793
0.569439217678  0.446019472349
0.799583806629  0.671623515004
0.540353716974  0.362347332905
0.582693386477  0.491520148339
0.509157672364  0.393369330422
0.600662543188  0.490885827499
0.594438385619  0.660737715954
0.63925488331  0.528513199633
0.586647082345  0.586482175829
0.514721342009  0.607648296931
0.592687845951  0.631099333192
0.586596153042  0.359769782198
0.476573308618  0.536875067234
0.478352007544  0.355636852286
0.649799690624  0.471751992887
0.478811800432  0.400460317907
0.573238263024  0.530178052587
0.468882407872  0.578111820873
0.46988076443  0.436304429295
0.710908011347  0.537481738428
0.410975413506  0.741293419366
0.672566808749  0.50951521286
0.491302295098  0.580438630073
0.607735419235  0.422602806607
0.671781022644  0.502567356398
0.502386988734  0.544566955008
0.509111529321  0.498808116879
0.469702860381  0.51305675289
0.468902214426  0.516346468864
0.447948048481  0.471310537267
0.415622066153  0.457646591759
0.563991485646  0.779595395944
0.474911668237  0.426010975409
0.532099556994  0.407127426187
0.609241952419  0.391257139181
0.544976927338  0.323310725665
0.316067377784  0.453775205122
0.34143025683  0.495688724834
0.560891289063  0.663947422259
0.416914330329  0.525241194761
0.463076987474  0.691031726785
0.581079217663  0.49248357824
0.559985757623  0.574825306665
0.359031894812  0.379015078671
0.511734571305  0.507862668866
0.495668585537  0.479408842314
0.693133967734  0.50064414938
0.671559304866  0.433481572265
0.53795991415  0.504910203633
0.648246340726  0.403908669708
0.465527799438  0.405679716174
0.462752666875  0.39418093888
0.447734315304  0.490383540594
0.293213556995  0.518092858163
0.307305631744  0.36325386145
0.714734232131  0.370573167012
0.629694414649  0.444699911634
0.490474587645  0.55498450184
0.476544079848  0.510273054404
0.478071501229  0.551240344947
0.461379241049  0.502614404342
0.565676975647  0.474924175115
0.640271013856  0.388083392016
0.745752816759  0.547436380371
0.534968524431  0.539309024846
0.451026874591  0.581232752
0.462121032602  0.514345487469
0.499574807945  0.524779956993
0.34859674322  0.400427772994
0.53943891028  0.552674092481
0.637370552088  0.602162440427
0.47110378953  0.405249531106
0.629868410147  0.63991200398
0.528229288509  0.474468597138
0.533690468822  0.502338275233
0.353012414136  0.51602898159
0.624571363195  0.426840400686
0.439580522287  0.412238690195
0.526941071596  0.439339537177
0.572002590411  0.265147136869
0.37189941847  0.468783967391
0.679993562621  0.555521279011
0.488969270759  0.60264087609
0.391677840682  0.509976976832
0.429134202007  0.517276521312
0.364101896994  0.559108982747
0.7522336789  0.280795710112
0.596874261342  0.651565317896
0.482024681098  0.531935495558
0.610050585506  0.515032943719
0.401397405688  0.477751269645
0.453198623576  0.551996189678
0.592157892987  0.548580256402
0.447803638426  0.701467695352
0.648478512375  0.406975475148
0.655049771462  0.469466527013
0.510715350674  0.634187970243
0.684826597718  0.428115465735
0.527211231315  0.531817659691
0.556307188046  0.360450400423
0.604862799159  0.431788923151
0.63887961664  0.5480206088
0.541136866318  0.491994371156
0.548051235715  0.504593022738
0.499039038948  0.543859408861
0.431804249626  0.471187234923
0.595819970928  0.634566709012
0.464723080739  0.522604148746
0.538747247006  0.664535530001
0.596347393202  0.366201152489
0.484669032536  0.473850428674
0.416747269104  0.609546075459
0.53125143068  0.449748792443
0.485315069027  0.60158178651
0.392286404936  0.47241043384
0.529231627217  0.426712835617
0.470656615338  0.574536791363
0.578621546896  0.450644858483
0.508444554902  0.428040745052
0.45258771211  0.435967654693
0.478778816366  0.784386249081
0.377124782575  0.566705432007
0.455045362561  0.439011488966
0.482162241752  0.545975937441
0.421556361633  0.545082476403
0.503802414853  0.396197939444
0.528063368701  0.437859413201
0.512353074235  0.44704183822
0.451364725119  0.443666790541
0.568908972902  0.276948186697
0.326974045061  0.398972990661
0.64194342058  0.557445759849
0.285830768058  0.721730209915
0.483281660838  0.572722838823
0.437588373026  0.579363281878
0.331601757338  0.568697932316
0.646099296149  0.545856391764
0.406361429078  0.447635862736
0.63029873706  0.426990006725
0.556091978556  0.565335092184
0.395398805607  0.706395046166
0.536040883111  0.489355434732
0.308167037155  0.445395920329
0.651904657523  0.34238800872
0.383283614866  0.462388246053
0.714615048383  0.488848424552
0.44414194814  0.411684661007
0.48593922506  0.644939118528
0.449937016242  0.543374552196
0.594178818738  0.617532107684
0.622028931091  0.526627521228
0.616379554542  0.406436437032
0.419719755211  0.67472674247
0.418711972862  0.491966442181
0.457220815864  0.29436665035
0.471106759336  0.264818479795
0.419706069407  0.586540559152
0.508841927787  0.43023707678
0.533645922884  0.530351469691
0.377139468962  0.54559023304
0.475205691209  0.451712184764
0.561865192076  0.512088577637
0.492631795547  0.499549470178
0.541371280642  0.559300378167
0.668741091025  0.466000752703
0.638572522114  0.471785895651
0.651509443351  0.529222972589
0.490887843201  0.404669223352
0.521447105711  0.409944913401
0.485877649506  0.600802192584
0.386007036033  0.59306060861
0.69643469318  0.448663620779
0.243421317589  0.509137441756
0.353645849771  0.592108659752
0.492359081212  0.527832951885
0.643722760782  0.728561053808
0.543608225789  0.461609995483
0.432487118619  0.384915967991
0.615486512664  0.449775393922
0.497487375929  0.489066364909
0.526278552473  0.443756647636
0.634355300169  0.530583899041
0.419285332705  0.399370639262
0.580386975092  0.506407077048
0.634036044663  0.459588087754
0.763526662463  0.62574326302
0.694340537082  0.591693932548
0.694970750465  0.510997510544
0.336077820516  0.444374751496
0.561695159517  0.589676204886
0.523976750689  0.485642430842
0.394937374827  0.681945720807
0.502125935982  0.366707616854
0.574258016436  0.526297706605
0.495086986678  0.601189314599
0.410844274878  0.462103128247
0.44859443145  0.443510790101
0.676581208671  0.382568964502
0.480270479953  0.61786942708
0.459646874391  0.561748751826
0.375896985398  0.539689391053
0.317235958839  0.683637803086
0.657988046437  0.420309984954
0.481312614848  0.579769791415
0.633786628852  0.421874794609
0.5829064037  0.489639458896
0.652949906968  0.633478927068
0.519561689343  0.309689958339
0.414987502749  0.543246556516
0.519693289724  0.354303197756
0.389201909597  0.408670438792
0.542290845473  0.517553178979
0.350639788583  0.407802625441
0.541115386365  0.369410903739
0.441332226304  0.50319834885
0.41439691253  0.384646299396
0.416848086533  0.504722700144
0.69998425844  0.498756476726
0.459621849413  0.464770141144
0.578593115416  0.492301516748
0.34428774241  0.396782720632
0.394913697062  0.578251262596
0.436047749399  0.495847644653
0.578113475382  0.679705323493
0.434355463993  0.574094640385
0.451606310075  0.451982690156
0.414176957301  0.569070590042
0.411712790119  0.406785748661
0.3616775004  0.585333929285
0.520044248296  0.57460395989
0.54290972978  0.671800483929
0.619000780666  0.447756568159
0.672509979235  0.421986311009
0.397594973502  0.461471484226
0.525935108034  0.521822283817
0.46106955799  0.412618853345
0.507440198486  0.538771698192
0.417543581348  0.646572826373
0.370347020198  0.482191241977
0.397090179152  0.460697034977
0.407749836357  0.396213338707
0.466625876652  0.622513034148
0.595016828729  0.540921230565
0.467732037956  0.479675762763
0.552796346064  0.546431075802
0.48573572719  0.411680555829
0.466090910267  0.355820957601
0.46586687026  0.611616036047
0.410817619298  0.513554971537
0.365475884095  0.458847598145
0.42932511983  0.45490718285
0.516612790129  0.415801831249
0.557350062044  0.498278587292
0.602437152597  0.45936770421
0.597512107863  0.521912819879
0.273759835589  0.571698382015
0.423483520616  0.494556451821
0.363867567653  0.58049626452
0.561316361039  0.469680262358
0.586218757617  0.569448766105
0.580288100484  0.389221299841
0.40654675618  0.606914463159
0.519786372249  0.631108348599
0.182638179651  0.527212017641
0.617548215451  0.550787780543
0.560672630904  0.491800216757
0.429078385792  0.571230946461
0.317696054966  0.614651963331
0.562650444634  0.305446874332
0.607037605381  0.469252453426
0.48633695684  0.503449744703
0.588637789569  0.439589131102
0.701665222398  0.39435291467
0.580466822811  0.585280940278
0.5286363029  0.441405140409
0.612226171397  0.50409956286
0.579547120618  0.479606859114
0.720092200558  0.435626971365
0.387546922698  0.421685026512
0.396511193844  0.524831883866
0.544080776352  0.367901079512
0.462589364203  0.427810596029
0.483476055423  0.520518489902
0.432330616144  0.621479007908
0.593776354683  0.445497088761
0.472043125751  0.483394047342
0.47180124252  0.438327591118
0.381161428997  0.531259697131
0.431052909992  0.558586174402
0.544543301769  0.539582167056
0.606199219354  0.465343735138
0.637954227997  0.462595258444
0.435450541877  0.476404269441
0.521780154077  0.783340885545
0.529375829179  0.488398598696
0.54346870828  0.502717886461
0.576956822839  0.539435446052
0.486013432472  0.597973162199
0.459680045875  0.460076645149
0.667555187187  0.344134244434
0.445372735853  0.59401959359
0.661201721969  0.509141621814
0.582804219388  0.530498742717
0.589194997059  0.591375302867
0.452624775647  0.479400754121
0.558007567311  0.464246957706
0.579318160091  0.39742841223
0.423681722893  0.469409756692
0.362691472613  0.537602575214
0.449423052567  0.440565860932
0.559009335414  0.562134171634
0.479543517096  0.495865003751
0.351846975015  0.589230470418
0.640284095918  0.588457439609
0.375334241463  0.407371839124
0.569342127271  0.501647289758
0.536325035708  0.628500309385
0.398748757531  0.588218963622
0.534064440012  0.552210903573
0.407545884465  0.451376393178
0.69796290131  0.339959056723
0.575114626512  0.514782613733
0.574104814123  0.627082035068
0.469496155046  0.49623958998
0.410907399053  0.408016139326
0.560723690095  0.641820332478
0.497261208511  0.299995600109
0.737957105935  0.536260243074
0.670497516532  0.560580904422
0.616662518051  0.543459127923
0.460143845569  0.33520336757
0.52807337092  0.38315843207
0.417999376444  0.476130133273
0.390513995785  0.541723940687
0.479445851205  0.414604875963
0.606006539138  0.385363241067
0.459130904082  0.499345407784
0.551724193525  0.319171623228
0.442145607165  0.532114690244
0.574591005813  0.54908483292
0.618778019905  0.391401389029
0.416902944036  0.533883573352
0.393937755033  0.678011328343
0.397884809055  0.327182028756
0.488440473819  0.529749999575
0.446917608534  0.506774368575
0.37109360624  0.429693816547
0.526605534621  0.637334696487
0.355843252031  0.518039174617
0.492336942128  0.393491068206
0.472646831792  0.445320371028
0.418930862991  0.397748231352
0.419908658005  0.368061129977
0.408921829396  0.319494765677
0.308353265125  0.606451369618
0.63005296228  0.462042241755
0.490573630917  0.650402292059
0.491632735619  0.425367731094
0.44890443333  0.507736693343
0.522733521189  0.456220242498
0.389686493106  0.630764825497
0.580494793491  0.595350079549
0.452153460061  0.507999303868
0.496499212445  0.428153838701
0.49496051296  0.523513626492
0.462619191749  0.447673240478
0.576695476096  0.703034303496
0.435563698683  0.475218937919
0.430969191245  0.349416492796
0.414036939763  0.646271508414
0.57591029272  0.560529350652
0.468695821919  0.495216861294
0.577766171497  0.553405760457
0.524182883201  0.484951872442
0.341425007109  0.4327772906
0.591148283515  0.454136407194
0.46092699404  0.570407034456
0.637053550007  0.535154685492
0.564241595993  0.420564322525
0.489855707246  0.547232190354
0.437337746171  0.66682822287
0.497238227843  0.487304124774
0.610449906018  0.512368898152
0.400533688096  0.575990997316
0.542634807903  0.467788716183
0.165800559708  0.348761770238
0.67734571752  0.356651296567
0.455536836669  0.45625986658
0.58352990848  0.485451887034
0.478007851288  0.417662063676
0.47971973473  0.584690251661
0.479113213779  0.60649288966
0.569751603498  0.494763188261
0.532448884894  0.641722627707
0.415007977216  0.484631050583
0.545273369318  0.244192239784
0.39342049112  0.574205982109
0.511800386363  0.550863841992
0.593065399994  0.594164971588
0.712905334283  0.640873065348
0.608626307798  0.332762314826
0.313208242063  0.544101813267
0.498379271849  0.435263234947
0.68572309293  0.584228299897
0.592923279161  0.484742821396
0.753419808184  0.55612645134
0.519368317145  0.556820171372
0.404919440032  0.575343857649
0.487547266497  0.655055090685
0.521417031651  0.539735907963
0.497015747511  0.520914100209
0.537619657716  0.438979075159
0.415062533749  0.469292898957
0.712981729157  0.494414411469
0.342365645844  0.377426538112
0.393978382859  0.511784292525
0.450300959188  0.427980201847
0.5405276186  0.439421103082
0.67095931811  0.436380493363
0.511839354265  0.46621594686
0.452176406372  0.512871094509
0.415833043575  0.422982628104
0.551374394656  0.478496304676
0.359687445464  0.56091623858
0.361917910211  0.609802046424
0.637099446894  0.499656102451
0.516215553096  0.354865249475
0.564457603954  0.702116722611
0.44209866127  0.61873165077
0.337736850657  0.518181019772
0.479788661549  0.343197850241
0.483159355595  0.269892040321
0.416856208319  0.632999693365
0.352201497573  0.437009418019
0.460330463188  0.491604168704
0.434650617076  0.545677360878
0.348930379326  0.249150404004
0.552474863747  0.538903248531
0.474487552881  0.613502425679
0.573563205289  0.483048841587
0.52134346166  0.344526940321
0.66965864345  0.437587426996
0.505835584798  0.426499441582
0.532033162153  0.443106290225
0.438405890196  0.406417310748
0.489040026805  0.469049855717
0.284529595932  0.540548142865
0.528324070172  0.600817150762
0.281667143207  0.554585663675
0.593440723521  0.411943546821
0.471540101397  0.490001161719
0.374822707644  0.473441432018
0.570015878667  0.452582754449
0.515900335249  0.408385943891
0.438304584729  0.546944447761
0.383064415042  0.298083600038
0.602731660508  0.326253580289
0.69136219454  0.586159351777
0.46292350158  0.566326459089
0.592912057024  0.363624719945
0.494290502417  0.659817087276
0.572134431455  0.568785454584
0.497908493797  0.321377289677
0.445713023698  0.497373072034
0.331750109592  0.234243878465
0.410866857467  0.504836366026
0.583332535214  0.54203975676
0.530724917184  0.629609170975
0.446868227702  0.476318312808
0.342166829804  0.482854819158
0.529766887038  0.639160194249
0.547827093916  0.487851376659
0.531101650117  0.401440569744
0.477000006944  0.546903171897
0.590664686141  0.534913351485
0.447098425053  0.622176609472
0.550678243359  0.51666682769
0.487388663466  0.474782705831
0.389176728102  0.437207452082
0.288099283063  0.368163861218
0.510611757502  0.637570193668
0.366097275257  0.710804593941
0.413319181959  0.673054395355
0.380142955045  0.460284321713
0.489641511747  0.451516636979
0.416932690775  0.523283163217
0.386781826026  0.295418522432
0.523127414119  0.415715523144
0.361499906294  0.518233961597
0.483909029827  0.512325188519
0.373643253022  0.409153673459
0.398485715217  0.4103864286
0.439449383967  0.281468392921
0.600148039477  0.630969456743
0.496389100296  0.460019424203
0.411894142495  0.53271366959
0.551662630411  0.51730623487
0.675645737337  0.501044504171
0.482532195877  0.324610052287
0.59107843426  0.521359124044
0.349791314512  0.567201947888
0.502102286488  0.424326787274
0.524058771929  0.479754046701
0.448262199748  0.546199082351
0.431364238982  0.503584607173
0.42404704768  0.646117717757
0.853439259902  0.523960649173
0.476181135851  0.51582816583
0.503099568622  0.684752900738
0.558250429623  0.527709733585
0.66383111477  0.588241768938
0.547341617502  0.615584362821
0.348345821985  0.511707820285
0.421179207645  0.423234949296
0.529149621813  0.513849769457
0.49250678994  0.519228603033
0.375473865299  0.273302082088
0.555933068181  0.4714271012
0.576289463576  0.512955644481
0.665668123361  0.32503316046
0.590320148353  0.511144464668
0.600927905817  0.210689774253
0.690880237068  0.619165011651
0.48676015391  0.425969121586
0.503113889173  0.472571283162
0.564558376783  0.525668154668
0.476696561928  0.517029474499
0.663071899334  0.530114126285
0.523134468116  0.521442076708
0.551445154475  0.522368705342
0.543379628884  0.715494704273
0.548131101477  0.503133121245
0.561648756956  0.552799297334
0.421359935663  0.396197614674
0.484461440613  0.347923025613
0.538201415298  0.486836303172
0.354678466238  0.620998304161
0.437456405125  0.443738863028
0.583892311799  0.45592909657
0.522951405229  0.480754043295
0.507617256852  0.353192943116
0.665099216271  0.605367409017
0.28260082157  0.476574526735
0.435675494783  0.588119389872
0.493449963481  0.615329645098
0.517416446511  0.343312736053
0.512625787095  0.486291155399
0.612006990142  0.558694700376
0.427818846819  0.359937955995
0.339057464754  0.485668617633
0.626169519718  0.660204116954
0.666077276691  0.560948101665
0.489031849536  0.291030066712
0.35184382073  0.349498802551
0.495787529192  0.710037719589
0.567229635551  0.57732342851
0.477341721446  0.41009335341
0.393527518766  0.434106734615
0.40983368802  0.634039553358
0.545353546143  0.407796521909
0.489287909426  0.543788359532
0.482415973114  0.498044461487
0.347265140596  0.640000916259
0.603136594767  0.476831916364
0.803754038284  0.336637894088
0.469568693971  0.641655069061
0.381210886263  0.43852690508
0.455635510931  0.389896571913
0.53347082617  0.430673741941
0.412688734081  0.39174600697
0.535171694813  0.499371392838
0.568271576369  0.705944736375
0.44600052897  0.33243334978
0.535899458596  0.49751468272
0.537388485943  0.767515530812
0.699485661387  0.466762552203
0.624787836342  0.380796374649
0.323059358975  0.581652319848
0.398119940998  0.314724988966
0.528161407133  0.553420722234
0.542426802845  0.505421111477
0.5275392963  0.606440073177
0.635621047129  0.440388339845
0.432549224767  0.504192892914
0.433311748456  0.524207762546
0.531549493246  0.41256522657
0.542634280594  0.361985377513
0.605436272919  0.450702448123
0.478472891206  0.487201084233
0.304170185623  0.500512537668
0.458327519287  0.617832106174
0.584033542017  0.401836942795
0.458450743159  0.476465608895
0.412139593801  0.493133262351
0.522421628955  0.498424371805
0.482880441607  0.529013827587
0.466691092716  0.517099832405
0.585424457252  0.407607569319
0.409616438038  0.519540104587
0.548730929406  0.53285254162
0.484934710074  0.505554368102
0.560483703033  0.469975683917
0.581700516083  0.492837909072
0.372820773002  0.52903289863
0.499350905866  0.623793013163
0.393737702107  0.389479361828
0.708974815177  0.573005074853
0.299475985804  0.463839136896
0.496932848315  0.31772230417
0.620031206695  0.610009167776
0.415594932503  0.589979776933
0.3195468611  0.49083990341
0.449375241358  0.43866043811
0.48228440846  0.512883283046
0.629978572051  0.416948257082
0.464244917829  0.319595787917
0.372784918343  0.513702956746
0.539047949462  0.498500307092
0.280378343284  0.700429540047
0.456498318246  0.40919982836
0.389436492651  0.501749942213
0.408910065074  0.452075692563
0.433121059542  0.39510078638
0.408654250567  0.49604289629
0.510957677202  0.640069865111
0.540474341471  0.6074059037
0.670832290549  0.567981273184
0.463576435662  0.627283283722
0.487865092728  0.69947205188
0.382251534162  0.348953305873
0.483903611467  0.462489710459
0.386670841743  0.653040680063
0.605918164066  0.423579165463
0.419999084596  0.516374791259
0.545169134711  0.422316157796
0.559292525664  0.235246249189
0.360518060289  0.326134989729
0.410714689353  0.629122908344
0.491035740298  0.60375596909
0.474615831617  0.420910977034
0.469777642888  0.605032468472
0.58481330151  0.562562512586
0.618895133952  0.41194063891
0.570106932052  0.475580358176
0.54994320191  0.469707490139
0.389397294729  0.421310239685
0.459970886255  0.509118290401
0.532208081249  0.633249947138
0.396656251554  0.448564270424
0.567130012694  0.616206103782
0.35288872945  0.464085688138
0.505914551715  0.546119036291
0.455241410212  0.620221314202
0.489650010603  0.581196781491
0.249377584911  0.62122345847
0.301821965195  0.513799002125
0.455134344636  0.520655953619
0.473253476656  0.465774576473
0.541825509653  0.515225095615
0.502591411761  0.759162879954
0.525433821066  0.376764710929
0.497624794739  0.468491289891
0.440196841598  0.513082245313
0.520222215362  0.462936769237
0.559533762824  0.604218713895
0.38779122899  0.522183132724
0.6644080898  0.550721316389
0.435144191431  0.457698322737
0.340328561279  0.455796160125
0.408025859745  0.572766466414
0.651931099778  0.478885759951
0.462579872056  0.724605018762
0.441219384283  0.52998383189
0.408686964103  0.524442283142
0.529599715962  0.81736081852
0.502566133564  0.515508799494
0.549456187253  0.411844740918
0.580405559768  0.517652314948
0.37837694095  0.577823319826
0.60623844974  0.472280727457
0.502375124499  0.462427241118
0.520780041562  0.465880984085
0.3565273985  0.483046913501
0.644041026468  0.420878567761
0.362389015098  0.482648511502
0.276528251745  0.835903847273
0.464271676133  0.472456600786
0.614721885386  0.351113490303
0.647067217039  0.619835459597
0.567609069521  0.661462530344
0.682085326788  0.472343050524
0.635999463153  0.44344622509
0.451103738963  0.585606969616
0.535783904383  0.362042988522
0.536852204979  0.580371489174
0.521790563394  0.505928140573
0.498235642366  0.477119995327
0.457016291512  0.585394702515
0.51807038999  0.522029882252
0.46874214924  0.512189296482
0.577205578637  0.372197868273
0.456451054444  0.546005499834
0.546870765149  0.67591713607
0.322290119433  0.573006284053
0.602858012022  0.676317064934
0.696551969997  0.566043361709
0.33546689283  0.61940857274
0.47332149448  0.550699151105
0.266053286287  0.566603394103
0.449766555686  0.492439145095
0.673787899194  0.66375180104
0.43930309358  0.50537696754
0.623149651307  0.5856661146
0.540625832  0.626198279483
0.441474177539  0.527495969628
0.546864643014  0.527752349897
0.572370788071  0.564266015384
0.310180364842  0.400007518917
0.683957654155  0.592184446701
0.511116405818  0.501708813135
0.458223014938  0.516768886058
0.508532841444  0.439943286007
0.319396089599  0.694767580683
0.559601832562  0.555910772653
0.537364258772  0.536636657603
0.506083331372  0.57694359077
0.493348683343  0.643227581607
0.364543056841  0.35559707413
0.560973395632  0.480231926393
0.42875542649  0.606191543588
0.47337648201  0.470063275788
0.424221263896  0.420279551375
0.604076164775  0.547895528724
0.52013283324  0.447825031711
0.494969803879  0.665351452469
0.415379105912  0.390044403269
0.414202616645  0.430993457619
0.506688822078  0.339584891695
0.275460123252  0.413644748157
0.51992075333  0.559015411801
0.39165205348  0.53374472454
0.265549098191  0.519228379021
0.657798074055  0.53432046501
0.596373050039  0.497936799503
0.490985821056  0.440187960765
0.545796464618  0.533006647588
0.529083506194  0.576384292579
0.424921972448  0.339031633754
0.456558667028  0.498671380926
0.492513534829  0.494699875076
0.402145121007  0.541888164366
0.511693318223  0.548662842344
0.576016774987  0.505251721524
0.531034132121  0.618313364686
0.558221805687  0.562552466938
0.48588773789  0.437369374488
0.483713700154  0.412474432705
0.5946927  0.515456493396
0.458693218085  0.52317365084
0.642446188885  0.620228758253
0.487974970265  0.531116727642
0.387061825424  0.487407980649
0.425383566026  0.415489907285
0.630529069464  0.613072933301
0.502039993203  0.647683079306
0.587325735153  0.412841163536
0.420244547892  0.507771410039
0.563080466954  0.627410924442
0.508428736362  0.394078488895
0.555918475435  0.383016936142
0.571920871709  0.396031359109
0.558033093639  0.420956785562
0.716761602144  0.455432915267
0.42091744736  0.3033957965
0.503915480969  0.463416993979
0.422692103253  0.454903840981
0.647201356492  0.614911734599
0.640023779715  0.556610894702
0.390697044921  0.296774933457
0.754551190721  0.513368838068
0.59756165341  0.557166805216
0.553534761724  0.610031158571
0.554367369654  0.401092233906
0.513440502764  0.498117694202
0.515687663705  0.529722702555
0.468845804024  0.541337625458
0.535478085666  0.493811616331
0.510406712384  0.44969270698
0.55373264201  0.323981901589
0.536564071369  0.572053019504
0.480885064451  0.39557668851
0.654768015637  0.513342588963
0.499066361656  0.458566494114
0.551770196155  0.679844970232
0.583723928873  0.675462773843
0.554592829863  0.320492187392
0.404993736992  0.503420728907
0.358681236195  0.488983987878
0.560513111911  0.486545528578
0.330286509117  0.535901159995
0.448008365669  0.588041144238
0.677711369473  0.388074301155
0.620315660428  0.528315463607
0.39275470777  0.608644721044
0.561523734734  0.395009264596
0.466144328109  0.743672077762
0.544397637234  0.468199098375
0.405666221407  0.399051122595
0.57205283072  0.496958680464
0.420829202429  0.481129553558
0.338503484742  0.621021906483
0.509706004221  0.514581827655
0.530937711014  0.520219463685
0.421277658285  0.794107594953
0.67030371128  0.324840199875
0.507180615992  0.552796988984
0.499456446782  0.406158570201
0.69899768492  0.22025218101
0.405516642556  0.437820988998
0.485057417312  0.427299007052
0.397560904163  0.474357523353
0.271580455371  0.402387363114
0.486614605781  0.3710250891
0.408528015627  0.490557239504
0.492191709278  0.635708225872
0.265813124311  0.443902571512
0.436494305083  0.388754677957
0.642391828704  0.41648376182
0.466677628413  0.408011655861
0.350119319194  0.506036437384
0.53695645236  0.568482452111
0.434799136574  0.514092582873
0.224682695062  0.462592268764
0.551347841822  0.501298916505
0.529631214613  0.526196241529
0.510510123889  0.532775197088
0.513349131227  0.680616577076
0.517968267165  0.51887068523
0.367907167733  0.670155050763
0.526041666126  0.420017235322
0.452721999153  0.496279347162
0.28440712038  0.400736026217
0.64759665951  0.519396216922
0.425500153508  0.498952878569
0.46340687484  0.36333636435
0.558265296248  0.469810899892
0.446995884025  0.514806733712
0.495305700144  0.519933171428
0.293913565572  0.507948133019
0.685752182503  0.5693938275
0.647636583661  0.391162033983
0.370979855882  0.392826736384
0.438651985219  0.508875030397
0.360919461154  0.41771806566
0.391807415945  0.507686548362
0.534641164533  0.465335511459
0.574727415244  0.380024387901
0.514069051836  0.489649164804
0.51930994158  0.679148058435
0.378080736868  0.480367578124
0.468267179719  0.42463637873
0.579410723962  0.589469031673
0.501470930536  0.52054794436
0.475724875068  0.28843519595
0.456317607212  0.468592612085
0.588325578124  0.408124647705
0.366977593537  0.511136054214
0.503044166465  0.336835760052
0.522668468164  0.508652253758
0.380251267736  0.593254667024
0.70659633081  0.529802980287
0.607019011935  0.525269002517
0.567202909019  0.421218146116
0.436951776305  0.598307046063
0.508302905093  0.293787918007
0.474703746898  0.393848922971
0.447610622747  0.514327964553
0.544014872302  0.457627539597
0.55491929313  0.698837492621
0.59027723414  0.505479522168
0.544438710808  0.566936060901
0.492830428349  0.502164215952
0.534574258017  0.408356012231
0.473467676623  0.496793430141
0.363400891938  0.480999815986
0.709891706408  0.288471328838
0.539544250337  0.542797815548
0.322818096149  0.50518051365
0.45661324133  0.673280702739
0.468578504897  0.638691804552
0.418409184419  0.550336602263
0.589209872669  0.408834564717
0.726564958875  0.551633261299
0.558230790563  0.571983894284
0.323863243493  0.547080931317
0.500511250994  0.321975557635
0.524219718079  0.612233880021
0.575810075288  0.46368914033
0.539438474282  0.424704338268
0.512252416882  0.342699831763
0.427344130129  0.498037611888
0.590207504768  0.492943752726
0.442297306951  0.357816409713
0.575745670629  0.46300884474
0.435629325276  0.605408501006
0.513279687626  0.462154716245
0.47677751071  0.704284229248
0.570709305594  0.439019318078
0.717905657687  0.427937158912
0.507117499943  0.600678952039
0.580411044802  0.684730317233
0.448123178471  0.470609103406
0.647206341609  0.584730916853
