0.29247030775  0.374027343127
0.557861405449  0.443822363355
0.361785891511  0.400942078513
0.50431150309  0.370492697322
0.472833313072  0.284107265482
0.268604573604  0.503356944769
0.409407038879  0.549310180485
0.550848559898  0.392746618474
0.412572282801  0.597657284153
0.382613950542  0.439817821508
0.560774535369  0.510256424664
0.510930168003  0.471150181834
0.447248794504  0.489171327909
0.472582940576  0.37948102843
0.411609085533  0.413707064026
0.514739510271  0.514741335866
0.735059189862  0.366429217851
0.541803288245  0.39040809423
0.573445158246  0.415690659936
0.554718296056  0.637156188896
0.540731551054  0.392110688679
0.206558092271  0.270906608534
0.443467349085  0.543133080843
0.702306341497  0.462995241975
0.381207769557  0.506054438304
0.487014264643  0.366862004829
0.517749083107  0.478530367746
0.410326054195  0.430639473957
0.552599938811  0.509487959572
0.433242140452  0.322180334626
0.312153201898  0.497030951787
0.638575294823  0.489123442827
0.37910099178  0.499920331258
0.447766609274  0.447386827352
0.589260954619  0.244960050566
0.512058978837  0.550292180994
0.630051563377  0.372479145017
0.689010504287  0.509469673179
0.556568432904  0.526687374436
0.487138965877  0.565739716227
0.631212034018  0.542411574495
0.549824925427  0.422106955358
0.548303302349  0.433027838168
0.33608633213  0.346879186801
0.438060642717  0.426561170191
0.310866687944  0.369497319623
0.501478290772  0.46665392329
0.436623868445  0.509413279688
0.398337773659  0.43706572252
0.483695649994  0.529898296527
0.55660197874  0.491131928295
0.561679185356  0.489282577484
0.528498051021  0.455929869941
0.363364681066  0.603897770071
0.41515226949  0.522692338218
0.356512482701  0.699525868867
0.400785966558  0.683137112962
0.38231992245  0.411399078086
0.367702792028  0.508355196753
0.414960449693  0.562007949211
0.386944896854  0.461807882486
0.547326883673  0.361821590496
0.427337588155  0.44845800904
0.688989857531  0.575765471615
0.441394551722  0.634289094365
0.418934773519  0.466740693589
0.434653577585  0.513041993705
0.551202914402  0.49095172335
0.537433542084  0.452524887882
0.48716697378  0.435050202452
0.814114114603  0.452252507701
0.320154892781  0.467454950011
0.40723038825  0.59355450918
0.480075129904  0.577930326976
0.418789988171  0.527745606283
0.285024906513  0.567487468559
0.540987638652  0.567261141899
0.781758341153  0.498779554933
0.386006159448  0.623177673033
0.325611641563  0.394511763204
0.566370730709  0.530360212321
0.365020802039  0.405914106189
0.647852288829  0.590850065408
0.496626128813  0.605425367201
0.478300539012  0.471092337144
0.562237008048  0.324659708535
0.207096158425  0.580651538819
0.329837686652  0.349697163949
0.263313620622  0.380968686809
0.45877117234  0.544628551506
0.499224261406  0.420710456126
0.432479390497  0.610550603865
0.60959988289  0.545634358623
0.474016543388  0.415071772817
0.351838642549  0.703259059415
0.521778846058  0.458797604188
0.349874171573  0.538520426056
0.591947848902  0.312717177456
0.246548072536  0.30959867658
0.180650022142  0.584583876138
0.433693026826  0.471111585437
0.364323300175  0.423727380149
0.64394284254  0.408998375025
0.557523253039  0.458748248389
0.47229848146  0.547098007971
0.44529422123  0.470905919216
0.468685053485  0.41134689428
0.596476778125  0.530037442463
0.564961625728  0.505308536889
0.513518295565  0.421090772656
0.386168663426  0.259990919756
0.510209137478  0.515278644929
0.507272168084  0.589137813961
0.39155464889  0.552748549176
0.465817457198  0.708331720309
0.449296338652  0.458283656158
0.355217615584  0.280542607684
0.390168859254  0.583289117867
0.357273947192  0.418388239215
0.699734526313  0.599112487349
0.398006477311  0.43832921293
0.408269890769  0.60179376757
0.498314360022  0.604256310033
0.460486024603  0.616449809481
0.465656856412  0.361474236498
0.460622666038  0.494676890363
0.569186869792  0.346677281187
0.488474173789  0.56614398577
0.456527747108  0.431973691412
0.605625503129  0.481315357757
0.35221675331  0.862967814731
0.439221306297  0.357290221984
0.340732197686  0.578160643398
0.450183523333  0.539572222239
0.411152724709  0.702533258259
0.532093248047  0.377303892865
0.502508031534  0.681576918744
0.726384892747  0.424197499045
0.473598871248  0.473924791773
0.55507054668  0.622346846295
0.566929372378  0.350062343648
0.649890794571  0.451704228659
0.35053345512  0.610362324296
0.735306428787  0.476986048473
0.599367050791  0.440121996819
0.525129413743  0.293564972131
0.481232148944  0.611690878559
0.514571606698  0.534204429539
0.375997290733  0.492949151441
0.487547154096  0.548299629245
0.489824744346  0.580820712869
0.4648924777  0.462199325292
0.40399839728  0.293783525348
0.604189619121  0.251174600634
0.43982925711  0.679000451296
0.50845101492  0.536171233761
0.496266010558  0.647959440384
0.40532853578  0.454878772304
0.63484521378  0.421496604072
0.598551953573  0.561337384005
0.499252502326  0.389242354729
0.521799656273  0.50520245018
0.553611666175  0.358927240051
0.452471160302  0.311482140957
0.602478133015  0.461456646677
0.267971638543  0.43079199116
0.588305651838  0.257500778808
0.667168506224  0.422708699952
0.43414515594  0.610018300763
0.610417544413  0.48774337696
0.536831951595  0.506871146529
0.527545518204  0.457560698578
0.648938370359  0.447742447791
0.479057514203  0.405941386017
0.441475597687  0.438429950949
0.452321541377  0.609686073952
0.380584163672  0.558513051195
0.532033107846  0.453791705919
0.404925890215  0.532508699798
0.440595321201  0.42579998047
0.377870293372  0.618213848349
0.534349673006  0.374875790284
0.571883753975  0.495101387503
0.549894704749  0.411984400267
0.299568022328  0.569843251936
0.362521456966  0.393059916329
0.465825530258  0.488727251476
0.603213155667  0.680453328557
0.244788045666  0.455967708547
0.517361927909  0.489243750645
0.384601827074  0.359056583606
0.576418778242  0.372219298953
0.399434510234  0.639126116284
0.326401601179  0.384553828208
0.75394863805  0.465102816345
0.376631848589  0.556261198271
0.434025987044  0.446326322737
0.470311251819  0.318815868698
0.584241359792  0.522632460281
0.409036414491  0.573530212698
0.493199984561  0.319504803869
0.493613145323  0.406865942347
0.378927610893  0.603692275763
0.529629532285  0.422599279944
0.351481505806  0.618380069095
0.632491715813  0.533873656171
0.504430831987  0.655769578633
0.372036294846  0.556102320395
0.604833604807  0.604170287009
0.600375604767  0.4926702492
0.426254654318  0.408091701784
0.35184695375  0.527686495593
0.590462500438  0.351757013786
0.574728973641  0.603703868107
0.587673567247  0.270830437791
0.540045569284  0.686015842306
0.481558339251  0.549948076556
0.344958328422  0.472172608082
0.508496118217  0.391506593437
0.56764529692  0.401033327039
0.473254775542  0.498412203874
0.323926100269  0.444448001481
0.443587510012  0.385233472711
0.593540585332  0.46704828716
0.179439104414  0.493259054128
0.569644413027  0.457686365048
0.530403565128  0.444377257862
0.474615031632  0.526951968034
0.360292780436  0.486331697079
0.389451434771  0.375631488504
0.573243826592  0.530497729773
0.310871824131  0.327865694256
0.437205381656  0.366655908006
0.495623016211  0.399938037502
0.632209367826  0.508065475382
0.493252052062  0.444162017947
0.366415264495  0.427370195439
0.521770526508  0.417513855965
0.404232123201  0.412762662464
0.540979759424  0.463600781911
0.562394236394  0.384462001462
0.38884160234  0.418684776673
0.450553838438  0.563469976248
0.422782869632  0.431675289481
0.478176940454  0.494843026819
0.471100268566  0.437095533697
0.621368125029  0.477406913738
0.638503801975  0.366906340787
0.477084624807  0.737578005265
0.427495121371  0.435850088553
0.423761108685  0.453899775054
0.549389604156  0.443301116503
0.371317785364  0.441589203137
0.431768615579  0.632982011532
0.533778581517  0.448674804979
0.640175228469  0.615230989469
0.468084830069  0.482473594162
0.442401396596  0.442864665876
0.336857672428  0.546587419942
0.469758698387  0.437973486364
0.478945897619  0.608450042825
0.383977334056  0.397122812771
0.531960535579  0.585060405215
0.477590143503  0.584360463083
0.434833734753  0.62698407568
0.456360286078  0.494323666445
0.364982313135  0.634106690558
0.548603571258  0.44267003937
0.322500979107  0.396995604905
0.568029883196  0.388025819976
0.516485922203  0.526581486807
0.544213540664  0.403191487131
0.561387333145  0.575229822904
0.355729791223  0.601929750008
0.57336546786  0.464381212661
0.387775190829  0.513385974128
0.417053439691  0.577680635061
0.508590375085  0.574463893681
0.356832064877  0.3099988824
0.552183562761  0.493523481944
0.575231712904  0.566328151347
0.484301933823  0.258553424875
0.408247744139  0.552882071449
0.368336579728  0.485234578996
0.565670697551  0.562619345344
0.559706887046  0.456678826841
0.558596972532  0.51159270486
0.463226907486  0.637389016738
0.652284558506  0.601354669092
0.38939335105  0.112044398156
0.434300173284  0.743811064303
0.396717409503  0.615312802506
0.522737194466  0.452404913389
0.372823573349  0.320009860691
0.558441747785  0.610193236177
0.38394896758  0.512922282989
0.482872828385  0.622054747683
0.430463954629  0.532775838145
0.634938220871  0.382271981904
0.468525278161  0.448545154531
0.460377212184  0.456264904071
0.270826419091  0.477621923993
0.56904565727  0.425588193258
0.508174581103  0.471860672436
0.295202459841  0.364134490001
0.380133063389  0.32827733516
0.651526398077  0.536635894916
0.624647732632  0.425796672784
0.239688229355  0.393501508523
0.583823272725  0.357092798773
0.444800839402  0.467169276736
0.6396517565  0.410642422226
0.450459638327  0.424513517332
0.405128047255  0.417028142657
0.494827604309  0.490133310249
0.585621175535  0.33421741806
0.375831937943  0.464541699879
0.475544225255  0.602859608568
0.524320399842  0.466604606702
0.541425434321  0.61079144247
0.414164548824  0.508459293303
0.553720530668  0.532968421331
0.546887089386  0.425585177312
0.475261580112  0.46197252451
0.396097966712  0.418702820352
0.625125594616  0.206062411724
0.353683404067  0.50998489731
0.49963853371  0.448380181749
0.564797304625  0.539540557509
0.691173083383  0.167750386461
0.510160570215  0.538011443179
0.481048359009  0.450739676183
0.518146742843  0.427647430778
0.627681429659  0.453142201094
0.501570156996  0.511948027066
0.375631151705  0.530337158294
0.489018531235  0.510238158711
0.462869618198  0.3793864925
0.410201953239  0.449285693859
0.378774526075  0.346747843558
0.306369453678  0.603751953116
0.316245413017  0.27445513762
0.493968223718  0.496357151098
0.475524446334  0.638160267395
0.413702516567  0.362717302715
0.440233754662  0.646719872235
0.284372374389  0.417066524989
0.40339676834  0.541331425086
0.531531069379  0.444809213433
0.336081935849  0.401818747194
0.481769357623  0.433934489469
0.41040115239  0.496416700629
0.4713509241  0.496353737059
0.354598975386  0.597979739554
0.513345991396  0.53351366112
0.559788364811  0.356049567025
0.522993147151  0.339996888839
0.448195243315  0.35870957401
0.587358458863  0.430522457088
0.545476998429  0.572234255215
0.402364188987  0.360615144029
0.342852964403  0.453156056692
0.516823003141  0.56304756138
0.532120503281  0.511120044391
0.529720932588  0.511231830331
0.466677881784  0.458562852786
0.546291618181  0.406342195078
0.448393449666  0.434450423228
0.333704967874  0.530035635951
0.457103937905  0.475942911211
0.458725782705  0.578872571292
0.461790483645  0.487536028939
0.618758251484  0.382550278556
0.473609328581  0.327330289632
0.563705548165  0.466862884928
0.63063878849  0.453025697456
0.42068359551  0.651591607413
0.434211341825  0.417730824904
0.546871183167  0.364943726182
0.490973205643  0.462321733846
0.425830357869  0.406677975891
0.643688029684  0.44955425128
0.337476788418  0.569041112319
0.68076136718  0.545901389384
0.460202054041  0.542845427259
0.530220163812  0.71070340717
0.505479434139  0.356519849429
0.53936734738  0.677273600334
0.595539773267  0.548641063161
0.489940973577  0.535513546092
0.319593893214  0.597031787895
0.514300913562  0.515190761468
0.530282743535  0.738359639071
0.627335015889  0.551677300082
0.403792570047  0.3700322398
0.521858585441  0.48526523169
0.526833606111  0.324609787673
0.528351349955  0.384837947774
0.544314291413  0.481790161454
0.555898401043  0.521525228086
0.450314850268  0.484450102752
0.464351033033  0.448509630118
0.443603538416  0.514144727379
0.435629586121  0.30490617813
0.441293234732  0.412592355129
0.459114715059  0.47536186735
0.359525109954  0.542694415994
0.291183396477  0.43502182049
0.391774743849  0.492851892347
0.475551808818  0.479010020183
0.45697813613  0.59774671698
0.555080420547  0.560537475758
0.34762440261  0.425767991221
0.405891993083  0.44435872676
0.25323171281  0.409208053177
0.557298489688  0.437282042697
0.598578754064  0.396689294969
0.547295517393  0.402527694322
0.438754274258  0.539614941144
0.58481755904  0.488216104959
0.505726875616  0.521134614361
0.535160282111  0.390489457501
0.272035013037  0.478735337589
0.430771380998  0.688473260516
0.479857574639  0.562807868316
0.625748628068  0.531344451316
0.30991623493  0.385022722558
0.3487911743  0.443212555323
0.361619605793  0.40916474402
0.62112952916  0.704764335059
0.680580171536  0.39380960048
0.36725334361  0.350671762948
0.52693430973  0.473824947976
0.592820977067  0.233203481975
0.408292723497  0.533120223977
0.435440977179  0.581375402735
0.53443435139  0.406694826133
0.535780405078  0.516777089896
0.323331042531  0.471917343931
0.691617523695  0.735797803451
0.439355186496  0.479459326457
0.504514630817  0.463963461293
0.531355783916  0.609790427817
0.491972263205  0.470516491605
0.416472249587  0.523904120177
0.476848288724  0.506017983416
0.525794320602  0.443062679485
0.397595660787  0.545367469768
0.373586624379  0.557885049966
0.29657909739  0.505109563314
0.425844029621  0.417573833165
0.506604216346  0.548067114872
0.618622131203  0.373923312487
0.295268564932  0.491353015218
0.509780270392  0.520856237541
0.309948609947  0.286489663189
0.672957092446  0.428193806307
0.418018399543  0.676446267111
0.484257932168  0.611315981114
0.416886988095  0.56927857848
0.458007461784  0.469831613887
0.631245451454  0.47948520812
0.476774369004  0.427116383871
0.424431781998  0.480848557548
0.434723710536  0.292041058618
0.45680354295  0.626642749462
0.398821105475  0.397497084249
0.485063139323  0.211849965456
0.392189450355  0.519647862295
0.391136769802  0.52702412545
0.440742742338  0.41418569414
0.484932176537  0.396951454546
0.443273588441  0.457264149496
0.460130317893  0.381417920761
0.597372835511  0.64894318558
0.52794969113  0.387714235626
0.554005166494  0.536266769354
0.441256676562  0.613508644308
0.416773605039  0.332244352045
0.548423917879  0.52238239578
0.468310824719  0.597536810746
0.529820013795  0.602079954061
0.557093111832  0.379813222261
0.546598679816  0.376710961154
0.439569053318  0.576732671454
0.416010630666  0.584661629214
0.444188140366  0.255849761558
0.645183438714  0.481484996952
0.590899841603  0.537136044004
0.377630977093  0.510606141057
0.504748248696  0.323027399077
0.662858736765  0.46261925224
0.545427165757  0.509251176817
0.432103233964  0.647840823358
0.547254770214  0.451721459412
0.421608204712  0.541987111444
0.493627431212  0.511973271258
0.66695710727  0.296575602033
0.435181091126  0.490730794284
0.527871145972  0.348404194911
0.465391042835  0.573796521223
0.499865211134  0.447612325779
0.408224367491  0.519056167704
0.395258715211  0.400098109626
0.453147246192  0.471552451934
0.409402151079  0.430728088202
0.498611607144  0.503063957552
0.307091368402  0.534873889984
0.399847468109  0.411362855134
0.51045662569  0.806788183968
0.439669099324  0.483701238404
0.425318409059  0.518551811216
0.515475465234  0.407321096708
0.382205881743  0.407840269876
0.44375163391  0.434768655029
0.600892527527  0.679057715585
0.364078761546  0.415215687483
0.472073323858  0.422902313249
0.44996923823  0.284362268694
0.493936093893  0.606791006487
0.401415587653  0.390355079861
0.54476739607  0.533172702728
0.409771970489  0.494618233645
0.593362007285  0.308407732382
0.472416103412  0.438787165661
0.359609443448  0.52453073123
0.383795915882  0.339085309614
0.457997409949  0.488558886889
0.617643394882  0.451434222573
0.3144395411  0.479400253014
0.494633261356  0.373813328061
0.440838805364  0.580282063429
0.38195258603  0.561415296385
0.464827858922  0.427403324138
0.301225112325  0.451781565028
0.455829862074  0.516967492236
0.544384512482  0.450354416335
0.521546741544  0.493596629429
0.4937115034  0.296869320519
0.318861134477  0.457763948105
0.405118540547  0.311470768399
0.345658086354  0.432271693097
0.568535512832  0.368827333091
0.551296951131  0.389884925665
0.422495482442  0.614654829548
0.401192060131  0.443012368162
0.214427316144  0.697058065501
0.396765130651  0.539048670901
0.678830873859  0.31691173323
0.312483385926  0.424805035278
0.481154017606  0.478323517795
0.466104259458  0.62314519721
0.479561932516  0.530313720303
0.516646743788  0.537890341659
0.39018104608  0.541820917741
0.336632815636  0.711709951311
0.526930275086  0.542789912418
0.549008483252  0.535129034872
0.654777731127  0.560429487223
0.549936906583  0.459114841756
0.50307349649  0.465951999008
0.394057513998  0.723535164626
0.388404067453  0.605733866668
0.419839040686  0.486867059874
0.627430066333  0.552417235638
0.774487411636  0.372373381452
0.375229617771  0.526090937526
0.580804238516  0.336223542436
0.524500294751  0.623500212796
0.449477086021  0.57718221002
0.279378561693  0.495683623462
0.463845169206  0.377807931652
0.36998852828  0.539508844356
0.505885699428  0.389820487856
0.439900264067  0.338564403183
0.645303800093  0.490747693807
0.242701204979  0.529627660691
0.525183119329  0.258695643235
0.61635255419  0.573119883211
0.569215719189  0.373517532543
0.485298043708  0.576187398772
0.575165620818  0.328463868205
0.519829555486  0.548245627471
0.484578057087  0.569027688993
0.554799148369  0.558900309241
0.468948250223  0.464082481526
0.400700880417  0.410773952187
0.606522466042  0.380214747609
0.363338947676  0.339855933179
0.418972665853  0.511713852516
0.521199110906  0.446452429315
0.469356396208  0.462609151499
0.554912840354  0.459316384506
0.537716974084  0.628308149702
0.428132946789  0.440470288482
0.575360932445  0.572013587547
0.551095870291  0.238794851886
0.501464113761  0.372036768564
0.718239851811  0.699717817922
0.502797377282  0.365160368676
0.350098548125  0.546590812891
0.480514311179  0.482538380815
0.435295864116  0.484437556376
0.525256108475  0.337724254143
0.611917974791  0.488360135855
0.61708754119  0.464129533699
0.411968075186  0.576894288477
0.380676195838  0.398504869562
0.459134269069  0.330111974258
0.64667309526  0.412344409126
0.436996537388  0.631228312856
0.311342635131  0.366104438945
0.38270844549  0.699936471951
0.3825860167  0.599890320517
0.559641195764  0.30295383553
0.612883276818  0.484008276492
0.433862795078  0.420128693936
0.255900133449  0.599831224379
0.414744967556  0.627008483325
0.447268844347  0.492845426201
0.540299928777  0.358384998212
0.387081850478  0.48266383414
0.5385993893  0.469769717847
0.526164363832  0.478178250269
0.49189077861  0.398320448142
0.52200976491  0.411555820223
0.4536341587  0.435135138412
0.452606707429  0.599905749453
0.52776349031  0.401567643302
0.540067109633  0.363307155952
0.51156243017  0.569748860658
0.498587769725  0.418240032503
0.478288223497  0.632995653431
0.553200790316  0.595976803848
0.555679851947  0.504795223724
0.536910868919  0.606374877475
0.702303597619  0.385001200601
0.487926741316  0.40445062797
0.589086818394  0.454428283933
0.36036291438  0.469207569825
0.567656519591  0.463784450187
0.470549393336  0.436996558821
0.632337356573  0.525061979065
0.69755254896  0.587581785482
0.531811057227  0.690614139442
0.313095569163  0.375715621965
0.44776014463  0.440326567466
0.440407489494  0.540826585178
0.348257693702  0.366606530785
0.44546061674  0.428091872765
0.450310722235  0.481635346297
0.494302713748  0.468939774699
0.317459199747  0.37552465566
0.471094146838  0.567860897059
0.458739699697  0.311434493328
0.381148855144  0.453493597301
0.625193287536  0.524901152351
0.543550799835  0.727001761498
0.337105210752  0.374683730639
0.501938464739  0.491362137928
0.48640753088  0.324086871172
0.505158316804  0.453284860224
0.545557206594  0.465511144363
0.546449894602  0.505362532405
0.468114114556  0.585324540329
0.530862397786  0.536386211738
0.552223810895  0.397474732808
0.542950471496  0.529895081671
0.3760992518  0.52653637838
0.320183060294  0.396938565176
0.383269044263  0.450704522608
0.512731789894  0.233317794455
0.483780948853  0.667250189649
0.521163777296  0.51954443952
0.411405152284  0.425184590961
0.486924533844  0.424516199414
0.474497814234  0.519362964485
0.549552820292  0.585244120922
0.469184877409  0.41514776182
0.334481692365  0.570538749893
0.337582733326  0.576634568229
0.401508560152  0.442980251744
0.439343519507  0.241184747729
0.489565728042  0.371550186484
0.275687470248  0.683949433121
0.620113021686  0.379345220414
0.568783096236  0.399000836405
0.432471316236  0.399252472796
0.429760597563  0.600088706926
0.640058173526  0.482372760976
0.423565384136  0.430029650787
0.229884181159  0.45723144456
0.41800873561  0.590916573
0.5007023696  0.561109310358
0.427301976558  0.528390334577
0.359706144291  0.260831285501
0.431201076002  0.475212451807
0.512883069688  0.392715071434
0.477299972363  0.334748731072
0.295604153294  0.388145666022
0.364182857551  0.526483518488
0.400244523959  0.546589787918
0.443447507907  0.486462748874
0.496431362596  0.558484873944
0.376712268014  0.671995288474
0.276887433821  0.293784240127
0.627034174939  0.353103003697
0.582490244433  0.55219876554
0.567708807251  0.429605574844
0.507040586495  0.540695753065
0.339979945826  0.429234069374
0.261414259727  0.248965526733
0.377298645023  0.350808427466
0.522006382831  0.553207840351
0.411119180872  0.384918031638
0.515055450739  0.349564170303
0.363749434299  0.25446672694
0.540152823556  0.441407455898
0.434293658673  0.587744653307
0.604922590499  0.381785706871
0.53655173644  0.551959030736
0.594205462876  0.441515850837
0.465268738053  0.461258346849
0.326169548301  0.662968631327
0.400449721362  0.62396992103
0.569782955194  0.318497064972
0.434682284121  0.616600685795
0.618609896717  0.348147465774
0.362675109399  0.544736063609
0.392670772861  0.617120208285
0.379490617099  0.699708536713
0.551036224813  0.482431117747
0.331513939606  0.448051705487
0.551149728089  0.283521267238
0.619806002995  0.552990548411
0.509856872583  0.591124203712
0.714042797242  0.569868954452
0.379361462014  0.40702352146
0.545857921438  0.551405766688
0.435167680517  0.545903488032
0.323881395447  0.536513140213
0.325336225362  0.545104450083
0.475412714766  0.370448510836
0.488832346203  0.467719496113
0.53262391072  0.613610053779
0.41810535793  0.244124404142
0.567204926271  0.648734150172
0.386760458484  0.38888807746
0.44802661591  0.45966134264
0.570021217075  0.563296632153
0.498292641365  0.51117791519
0.595088238773  0.485997884494
0.601155339352  0.422035631843
0.466690248098  0.442323268009
0.516238264097  0.439380758772
0.646030640804  0.369240327402
0.40347578786  0.593973449895
0.432982751421  0.489798148401
0.524406652259  0.571885802266
0.451226705564  0.462403043959
0.681573870296  0.385935290224
0.581216856988  0.373792566684
0.594942204178  0.483025248958
0.53378555768  0.449016799346
0.399658508532  0.393021572109
0.472777896952  0.592738552136
0.496658859891  0.44114241023
0.370268958093  0.337558907551
0.42067305368  0.562816568284
0.402925621459  0.467736782007
0.507959785387  0.421992437827
0.528851628881  0.371235978963
0.574321228987  0.30540031383
0.47110737053  0.568469693535
0.601440688132  0.561230830139
0.514846886824  0.687736361134
0.462468833886  0.387717930128
0.334024181363  0.484322704639
0.379743883877  0.316813194607
0.36388610451  0.519745595322
0.52332210706  0.585664740858
0.584373522727  0.545383517394
0.436189631371  0.505378812618
0.517775112129  0.564604700743
0.451210653497  0.493822357714
0.530627634175  0.462656551645
0.539065076403  0.39016784713
0.292129745431  0.474293540058
0.333485999902  0.424644061251
0.496414184622  0.393035488478
0.457177252558  0.761957291051
0.312241083235  0.500009608194
0.388646840943  0.408242174755
0.432442526635  0.345790992086
0.564333570775  0.491901783434
0.605167025426  0.29626276716
0.428786534441  0.405293883826
0.520181626099  0.579869603621
0.617484172734  0.502343161348
0.380852995845  0.373704013082
0.481091253429  0.286287840977
0.384218732159  0.612904797785
0.610405841752  0.518242123631
0.446312581107  0.467703628419
0.344227255576  0.375339332513
0.580836292427  0.288690462487
0.490182705934  0.570399388777
0.33630297235  0.435448206295
0.512444944287  0.544198412716
0.425343663241  0.364249048927
0.485311678852  0.593258652533
0.546088860885  0.458546561419
0.41206186655  0.737241583589
0.298654951127  0.524476197284
0.513643308992  0.437798551739
0.59959495818  0.390580795585
0.54375650402  0.528756956328
0.369280022139  0.414438030341
0.567692788288  0.367101574138
0.488895677539  0.453577968027
0.565068719728  0.464336944729
0.427270577027  0.529321964665
0.417963489983  0.54677608587
0.690405407826  0.407671218286
0.605464409654  0.269747453107
0.584855229079  0.433685029037
0.567131700714  0.636238185083
0.335557306547  0.468852420327
0.328709369391  0.525627896297
0.432079202284  0.43265918406
0.473705419874  0.486317383927
0.563774740674  0.496283208892
0.4012698327  0.443897762111
0.466956461142  0.496353668968
0.335292413602  0.559316066619
0.483780793378  0.471988386318
0.495579303911  0.444135761677
0.621070037852  0.473807650899
0.50253278074  0.310697749606
0.554223696292  0.421334897749
0.285068653227  0.61763759914
0.574119043399  0.4816394055
0.433796844855  0.512616612057
0.391729595696  0.561373608304
0.533455744613  0.510017733684
0.564519787618  0.554717883133
0.67237494495  0.294832675711
0.547726664167  0.498382474912
0.467504234364  0.433420038226
0.517699958529  0.561669329001
0.359274955062  0.3959021336
0.727601102077  0.435386205101
0.384121993755  0.542849453296
0.515761185812  0.549071451448
0.499785967736  0.570512767034
0.501146768035  0.437239923401
0.535112760602  0.481834498102
0.340516359106  0.467239866431
0.547947606815  0.459179040071
0.505165735433  0.447285432513
0.374969675888  0.51134587354
0.597608964051  0.505799665417
0.434792316251  0.418098221874
0.52289569006  0.335077646526
0.500271306182  0.52818053298
0.569865645156  0.479243926479
0.640845450169  0.399798087275
0.306863953371  0.48733263856
0.568986768044  0.383290431671
0.563387362734  0.470301250069
0.350173243286  0.544774545696
0.542143761694  0.535297766649
0.473957681516  0.503238259011
0.317762969179  0.481994581496
0.364178491531  0.516878592838
0.556174116274  0.480007705279
0.612065351951  0.44743836415
0.769762519874  0.348849630608
0.395274962217  0.445097408572
0.495137983555  0.482893841104
0.335348589776  0.454304272707
0.533631901145  0.614086271205
0.368473859652  0.446463521394
0.544265672121  0.532207122271
0.646667616207  0.392404879489
0.310613991846  0.525091732109
0.472651154596  0.551240012773
0.435214141341  0.485724640364
0.415255342961  0.362860003604
0.403488918249  0.472712036978
0.57254051856  0.61621739552
0.286723884798  0.49884137482
0.406178884217  0.483240926055
0.479989811383  0.526602952392
0.542464482315  0.384735750881
0.418910103025  0.493639544279
0.47075802402  0.492523384642
0.374596485964  0.512280187201
0.532566666611  0.373847294728
0.57049330872  0.517858502744
0.546275093259  0.558417909652
0.375373543029  0.682552248287
0.363754738186  0.562625143454
0.463502267831  0.571932649599
0.370705307219  0.696736740664
0.596945032784  0.48018959186
0.446574216857  0.442620655477
0.519470144097  0.236128605828
0.473388721121  0.434966362214
0.674481240664  0.503992312772
0.44513508672  0.50368273355
0.709694665547  0.557073419484
0.209435635745  0.524032179907
0.335753184151  0.39861060397
0.517813749217  0.354660780153
0.271977154153  0.637846072791
0.454886035497  0.473010652677
0.494753843105  0.469014670358
0.608229923943  0.424080535479
0.605025108587  0.385236869825
0.531393155766  0.510698588945
0.565332384266  0.501139224201
0.42204787876  0.425708647592
0.656626675163  0.496613661973
0.484442186966  0.393827470114
0.546938893733  0.316540600388
0.453182405669  0.710775669262
0.545898812697  0.593200815802
0.574737689446  0.480680864111
0.409170177663  0.294502053295
0.400197456805  0.370390784682
0.56068223786  0.386683017372
0.590213911323  0.509493668672
0.628708169652  0.542529039111
0.595154761813  0.519416005758
0.393131212455  0.628401054769
0.582324463347  0.52957038032
0.662179667901  0.404578275015
0.487967563202  0.293369226492
0.487562563562  0.505190007232
0.550936987995  0.406130576719
0.406922967028  0.524063772183
0.393682370819  0.413753030511
0.772338061564  0.408002896973
0.508057367006  0.384987974645
0.457250683469  0.423958307837
0.633758645023  0.58673170671
0.522843192176  0.38730913003
0.344530097003  0.514627293322
0.61888923045  0.393642440972
0.654171830157  0.291183920745
0.376237552476  0.401148987218
0.501664987097  0.510139280702
0.650867510902  0.452359868118
0.503385065549  0.625896592312
0.34154690291  0.662066670883
0.49172880059  0.458682247329
0.39623395559  0.612272785201
0.426930478995  0.495945849272
0.282896275989  0.430294699362
0.657597757853  0.419623801693
0.258819246304  0.583769661328
0.607661301651  0.433381885569
0.471091462415  0.508874082169
0.512762497012  0.401943019481
0.457489915117  0.439187997545
0.399438170915  0.418890688324
0.499421595543  0.512946121912
0.62493628069  0.646762357859
0.47506097146  0.4420455133
0.460780318738  0.410743094741
0.497136292772  0.531793440581
0.469912025374  0.468369795513
0.338998734762  0.548478051518
0.413415843638  0.533046501119
0.511104897313  0.485262281936
0.529391455718  0.55249123474
0.416095551919  0.336305198158
0.54818723071  0.645064972101
0.391046312448  0.512004916655
0.493599010825  0.381516305566
0.564275092208  0.261465748834
0.400429853694  0.593058985586
0.43302291319  0.491500168906
0.402152284278  0.646574858512
0.335906784938  0.562377073846
0.446132955581  0.52597873533
0.423109130352  0.457201158844
0.602553510644  0.684051340145
0.62273422998  0.416967000402
0.548932348163  0.522420307424
0.392860924108  0.341053846947
0.56476557138  0.526823335414
0.667858442887  0.441065788093
0.342769694523  0.532315585219
0.482071225884  0.433591352307
0.549162570876  0.47444966787
0.44258889128  0.613133668475
0.411776746355  0.435893168009
0.465789336713  0.406599769433
