0.4001266861  0.322270950141
0.432014029788  0.525318015555
0.648458399631  0.362383874002
0.372279189278  0.599579645395
0.401702723045  0.566094665099
0.30937947556  0.377230768793
0.606109219686  0.191586191984
0.600626836143  0.373219785283
0.562091959671  0.386482430589
0.48815920569  0.406998869062
0.592026886805  0.557332665788
0.525848052188  0.527529655572
0.491379149721  0.366768645668
0.507993706821  0.384920540225
0.447466159004  0.573890704558
0.636018527913  0.545865402655
0.50976745092  0.55817899366
0.543238616993  0.473909349125
0.423155298979  0.410763273589
0.424141389652  0.459000458719
0.327929880006  0.608680602453
0.313370241  0.675435692717
0.445246948975  0.518966994883
0.448811868939  0.420861572396
0.449762362109  0.449231476076
0.456121422167  0.646012133394
0.514204587762  0.554841252283
0.503442428419  0.484973258529
0.618813558234  0.405940706989
0.295172101462  0.434103291863
0.423266572194  0.451889252298
0.543453674599  0.59663853298
0.718333711278  0.548739463365
0.562585042345  0.502809078382
0.724391153407  0.438214252736
0.466657074141  0.658380894847
0.40177302875  0.629841913303
0.639145997877  0.388832733037
0.511154011281  0.505381486629
0.443774729337  0.39910464358
0.414347751894  0.606362536332
0.537298903903  0.471868013552
0.495630991243  0.407175207374
0.590459024768  0.51464027217
0.424083881509  0.649995721362
0.45752343181  0.603524271206
0.765370821358  0.293030248251
0.39396897735  0.601725342089
0.656121431397  0.276527051582
0.339300078227  0.620761062468
0.491968961927  0.497350816656
0.497717803839  0.436776860564
0.475040924844  0.484652827316
0.450920240216  0.378281058417
0.503561348234  0.603736684762
0.304257867848  0.411841314998
0.328822818101  0.718861149582
0.535329489356  0.579616246637
0.410040938747  0.447496340824
0.469752936044  0.592126704446
0.466656606943  0.461246526841
0.577703370113  0.543481361344
0.675518789772  0.344600890173
0.405614700744  0.493044758124
0.674082938975  0.424927577494
0.43719138663  0.320771700268
0.467805033476  0.390769975045
0.300381194631  0.465676637652
0.414251306758  0.45778610669
0.50832152778  0.505811169204
0.605132768443  0.453397326282
0.618884026034  0.529882562878
0.342360783629  0.523977174446
0.630091041289  0.691634554596
0.627304639289  0.517812856511
0.476494279264  0.319731443021
0.47369791174  0.424969992175
0.461232017935  0.49206537551
0.349601941358  0.278693357107
0.381880702057  0.366550601144
0.498322079731  0.328291061242
0.552082671956  0.517942316139
0.560447841002  0.404397182864
0.39304547319  0.53993634485
0.510207624285  0.476998587969
0.389943034022  0.45473190366
0.629391917501  0.490607336881
0.467125281914  0.537908194285
0.498545321698  0.54961742804
0.519652465515  0.487296187906
0.45191225437  0.544993819889
0.398868770252  0.350612057424
0.381288794599  0.333048835436
0.564093555412  0.425067453355
0.348534043757  0.568269338508
0.517526580772  0.255430585584
0.523875159219  0.708682535316
0.29974939177  0.189700507275
0.432934279795  0.405011619016
0.405672896234  0.472208957158
0.440808705099  0.480830207537
0.614168700216  0.485317584133
0.51678797514  0.647967054365
0.465176003298  0.544384506345
0.581337938476  0.471698089118
0.423263995688  0.576676249277
0.49189078037  0.367076543184
0.698315495571  0.386660880988
0.516896773613  0.468625565707
0.555955815889  0.407228324653
0.592547838712  0.44915989463
0.482622795759  0.613404440543
0.505922361281  0.369989807022
0.447275899169  0.515206164904
0.432388824489  0.442663767357
0.348454361839  0.603959446605
0.46002220284  0.486414877096
0.42774461026  0.489107878828
0.627987117853  0.50659384335
0.51156209311  0.192712800861
0.547552959218  0.40626992447
0.434750076929  0.426737196796
0.539568877592  0.507364005026
0.453939696904  0.479957223585
0.622675947785  0.518657453838
0.591784394496  0.55791614938
0.370656814502  0.617666099731
0.468483123171  0.332392024794
0.50570436581  0.494396522936
0.497961632239  0.440740374025
0.404121415446  0.46689443674
0.485822547856  0.60200096101
0.552283693568  0.485983016038
0.460278299875  0.583444172849
0.548807841822  0.293487869412
0.52333166576  0.385479597404
0.535435561775  0.461978890773
0.465830663918  0.448275473054
0.580218664477  0.384986216364
0.41631421818  0.416400836347
0.583523751919  0.616959259221
0.523021958785  0.573304694378
0.658197072987  0.477807952182
0.520980136318  0.309966239617
0.536713694849  0.559251225361
0.524162393362  0.635514596619
0.617932035346  0.450875292612
0.428248259483  0.54961216815
0.603062759616  0.266042429587
0.438816840047  0.368616231567
0.526756060732  0.597206097258
0.517216496644  0.370761323426
0.628038023674  0.43448022821
0.347599847253  0.359784181802
0.393079509001  0.433227673738
0.376415885988  0.489235697103
0.360862218887  0.568406716089
0.338943513903  0.398907891469
0.591516157363  0.38965235045
0.38280550011  0.708295859022
0.584237117656  0.658117177158
0.547129151291  0.398721570091
0.602310406319  0.533322143424
0.442663253735  0.431822244547
0.574076615045  0.490893251619
0.322372126174  0.644029177953
0.566621192505  0.452625553039
0.385036052125  0.721963697574
0.60734446677  0.661396288927
0.436929428198  0.67721991201
0.532491793695  0.414671521964
0.547176925442  0.477469574099
0.510313127405  0.526259094486
0.568700139746  0.320303788305
0.361655764913  0.319146739747
0.538980767622  0.584113705663
0.647452259039  0.487201478986
0.493094420595  0.262677365654
0.446198671489  0.461558482391
0.402716879215  0.577389881107
0.473160366551  0.542506376017
0.34824554015  0.613511994737
0.54075864721  0.629080248784
0.584270484656  0.54162981207
0.330774770246  0.628656318928
0.770305456582  0.556060862228
0.698034827309  0.549882915545
0.505061739326  0.529352070367
0.531978521294  0.512992607445
0.433383490582  0.43310371239
0.356338155412  0.403598287772
0.469058088316  0.508455437757
0.458953759301  0.492808785354
0.548952598806  0.481807656136
0.426125455091  0.418042424273
0.477405824467  0.264013896759
0.365628069522  0.296906672668
0.305563214169  0.506650262626
0.644277800365  0.345694092169
0.513908456529  0.421944857212
0.552358273825  0.525038083049
0.460935768957  0.593024882715
0.618083680286  0.402613023848
0.438854279323  0.381801546353
0.495356609028  0.406752071818
0.437294805704  0.424076083124
0.430061183148  0.56172826466
0.444064982908  0.500804616678
0.565259986622  0.386154147304
0.393601798122  0.2767437055
0.537892112684  0.399097849052
0.543423922339  0.368557688956
0.683812987434  0.49927419153
0.614099319622  0.402068382311
0.451369602281  0.474116462377
0.426606822521  0.424087729374
0.694082027025  0.282813737959
0.449405326721  0.473153466418
0.512036694781  0.601545876177
0.300733958235  0.495045711499
0.506495382227  0.384480680043
0.417822876997  0.41897509189
0.456744524732  0.307769150113
0.579677389541  0.330209790608
0.519826747126  0.590496604603
0.477067095932  0.581713996188
0.439504733448  0.530040058273
0.387188001377  0.563679132659
0.587031160401  0.594386487473
0.510157798246  0.185500370965
0.477511164961  0.531081197295
0.348121672659  0.694509184989
0.419033476067  0.330694673546
0.549893254339  0.618372498985
0.437486381554  0.381151747109
0.514717928911  0.210591904956
0.468860318068  0.362907331404
0.454884630647  0.543692043166
0.658138355021  0.400489058054
0.297582241568  0.548643744027
0.595144605978  0.36992436615
0.4942702108  0.620408844345
0.711752548473  0.559830221083
0.332587121821  0.395314541924
0.352906222294  0.424395951067
0.470913812175  0.438584737113
0.508330976338  0.451598263568
0.535635773606  0.503182054983
0.508183098069  0.43257443766
0.575434614495  0.409720586654
0.438134130744  0.607023293526
0.473321548621  0.556225513191
0.45376049976  0.3945490918
0.363273201271  0.680583186426
0.536626122773  0.271576431942
0.428795764904  0.4072238425
0.373966400441  0.436005347863
0.497341098228  0.626586907404
0.509204790817  0.507705615437
0.441727897636  0.461757789854
0.593155266973  0.417439141537
0.474065995727  0.458295824887
0.573281531883  0.544978639867
0.590449415907  0.373147362813
0.381216064107  0.286078881788
0.606522463536  0.451287571566
0.483446537577  0.602829807504
0.428536376147  0.510750831852
0.393851414138  0.501150201876
0.421665581887  0.36667199362
0.536552853638  0.455883091377
0.555395425129  0.432864394169
0.313961052133  0.44593508919
0.537050654  0.423822226062
0.587479578641  0.39229472083
0.37883391796  0.413822999612
0.543370872388  0.63685296342
0.572730362492  0.678900223727
0.50231348686  0.341407546262
0.538738039812  0.380556185453
0.371316569549  0.484728312393
0.35400059304  0.519695892979
0.560352613593  0.438878508853
0.498648290099  0.464988184098
0.330951561806  0.44202856017
0.583996033494  0.345925424378
0.414266799089  0.477127583321
0.587944754266  0.536224061509
0.447259796534  0.432487738445
0.491581406657  0.407908683911
0.529214561993  0.617805833776
0.276183221144  0.548748138366
0.511677757278  0.443695339753
0.444377738653  0.532707732804
0.4182581565  0.408937178704
0.650970405152  0.617745714205
0.542405561797  0.523187303291
0.508718294468  0.366192350986
0.359027857802  0.403648682457
0.432224503856  0.365914922192
0.368318771189  0.626801458136
0.379163274208  0.528776658215
0.423463429027  0.352269078368
0.640739698431  0.650729323619
0.22853256401  0.508388207203
0.461231391816  0.5602946931
0.307749936885  0.414733596972
0.433060379501  0.474331663414
0.455054564188  0.427323858849
0.306851535448  0.628657765044
0.541276213306  0.711742109283
0.588827798211  0.516235101674
0.387716909959  0.395797481911
0.348429653747  0.398891464387
0.475744525316  0.61861476852
0.392632085117  0.369962454746
0.444649920272  0.427220468934
0.466731209578  0.35140000182
0.452646084631  0.567230650522
0.370004229945  0.351168737495
0.595017486305  0.50394512871
0.523899261947  0.243788872125
0.485210387114  0.445620930914
0.286272397312  0.552294321798
0.312478443803  0.478951300496
0.674762236937  0.713362946631
0.660721217727  0.518023662072
0.515448535114  0.604747380671
0.49954980244  0.621839993806
0.552228350483  0.6758769984
0.420099139063  0.412516717533
0.437510945102  0.491067090226
0.514719513251  0.329077719044
0.785926071835  0.479533875863
0.588469994145  0.520882669006
0.404550319962  0.329203871719
0.431888419179  0.308521870244
0.478138374636  0.525782315464
0.402302731498  0.718522287883
0.522186663222  0.522698262449
0.526329603885  0.262800144528
0.353282099307  0.395753911295
0.440832642913  0.551808820151
0.452225114748  0.655320460345
0.351443248082  0.427452646081
0.423036164805  0.517648768061
0.600066484237  0.428099102134
0.432705656554  0.372720525455
0.389461915739  0.418603915214
0.543214709883  0.654615662816
0.503539657661  0.446852183034
0.563806184227  0.365061883519
0.613221238225  0.552780833083
0.440514582787  0.641304894421
0.288153834673  0.487723270241
0.428984130814  0.336111326798
0.369813687505  0.629846591791
0.505952794803  0.599817495549
0.442820701739  0.577438339096
0.55997474096  0.623981863621
0.500886692314  0.333763944053
0.338130830363  0.571371829575
0.561940011536  0.590557598464
0.345234988093  0.491753505273
0.445528763626  0.535381984441
0.49752776953  0.607743734309
0.274838658617  0.31709427182
0.527507209702  0.429164375001
0.456903022482  0.545578660712
0.424932335898  0.399486016387
0.442811873084  0.396884198651
0.556264197342  0.399552967444
0.560576138519  0.429784885523
0.441430612145  0.33421809344
0.523134971686  0.394781111377
0.541360382989  0.412941241087
0.468323648522  0.387512255141
0.362421587902  0.350979822879
0.457747647577  0.396375665023
0.716514244697  0.356376394786
0.313230376783  0.358460548237
0.370208200751  0.448590005049
0.398028615981  0.466514812406
0.6480796328  0.385396227476
0.618202975988  0.489182894134
0.41790014231  0.587397016782
0.416004967011  0.504415040234
0.490810107806  0.331047585616
0.510163617311  0.396817170679
0.378216782064  0.442934476059
0.384075156567  0.496046980599
0.370002135149  0.487667844271
0.519813734592  0.408991200775
0.587047410035  0.492876711619
0.376373777821  0.408491704989
0.477676314757  0.309324508494
0.392441210203  0.42301872638
0.463900955769  0.516874877022
0.484554417631  0.580050892782
0.622067901921  0.610048749996
0.581301688301  0.505968448771
0.506275912911  0.36446279374
0.517426822598  0.22634897105
0.458154896867  0.367555691211
0.656631581546  0.4945071865
0.549946287444  0.46873655222
0.44933840739  0.499898191876
0.548925307692  0.323946607095
0.36370568753  0.43213606545
0.507836281841  0.543448960374
0.370392423184  0.458040621046
0.556063553775  0.556693452795
0.575407297878  0.546084790681
0.570800371463  0.531308674519
0.596449606664  0.570144287086
0.382241050699  0.411786335454
0.563088757435  0.345768053108
0.402375982046  0.725875173906
0.484399072241  0.556470220911
0.553470346535  0.44660571633
0.457190351754  0.307162195888
0.214093189874  0.47195231194
0.594741011773  0.501268550582
0.657366862399  0.601551868055
0.396941856099  0.620183567339
0.615698035521  0.479626631866
0.533615575342  0.40053060469
0.613957269209  0.507095481987
0.487721295953  0.529717612905
0.597956473557  0.595789207
0.585873920355  0.591076303078
0.601142495938  0.573639508231
0.499589704832  0.525838442734
0.596397265987  0.583657863865
0.507355197339  0.51944928674
0.526121423585  0.541405667365
0.54886310241  0.586346351955
0.718196560883  0.350495637372
0.564421695264  0.344580794332
0.489706241948  0.442433328414
0.350572730062  0.544434435807
0.241267336051  0.544094803474
0.331032085407  0.479126122057
0.3854596693  0.60218511469
0.498543073776  0.393655620301
0.415878694847  0.489513522699
0.414448422413  0.440019751187
0.537588239096  0.346544340576
0.273279120593  0.62241068075
0.309635718941  0.376892533644
0.457876033054  0.415762456749
0.689277012861  0.354074176812
0.540417641066  0.386613373219
0.606895503558  0.573892633837
0.616005650459  0.69023557816
0.493437521754  0.310986211205
0.623147968255  0.27882322155
0.446959616087  0.327983050718
0.382731628379  0.312244982252
0.515326116622  0.396623005472
0.552266235959  0.562209326991
0.569263321194  0.572883804135
0.440191969804  0.4788904848
0.528654550855  0.539869306792
0.637676288516  0.419305716815
0.517372649979  0.648973506964
0.47716420284  0.23929632549
0.551627074771  0.465881109668
0.415019343264  0.417060653957
0.390643881838  0.500214877386
0.671672687424  0.296132744877
0.408343908057  0.406990853581
0.444264155167  0.514585363643
0.329495758496  0.507099468418
0.452235116646  0.428300200567
0.550679165542  0.638306491163
0.470765731063  0.4406641224
0.388603803505  0.520101814718
0.447441769165  0.605891892907
0.459413317222  0.430050458132
0.330521855395  0.537659638746
0.376287192225  0.470103409796
0.372801637084  0.350691564226
0.365388501244  0.609644446055
0.548084487752  0.493000877962
0.545790619229  0.455522069417
0.431477219495  0.401255745141
0.468208431698  0.571562675977
0.504092674619  0.446073931197
0.463412315901  0.495906404336
0.497739138218  0.454742488767
0.500273281433  0.463983168497
0.703115052137  0.494748436967
0.330260497345  0.623282392315
0.55428629125  0.325954610456
0.522418624357  0.58220480443
0.473162524406  0.459943678368
0.471834509946  0.543596034348
0.357874361783  0.501178723334
0.401943423683  0.51202796909
0.379323067859  0.668222043023
0.420896255092  0.328492879275
0.571150699047  0.477940202996
0.534769520242  0.400338887763
0.43963628526  0.387364218419
0.588799088545  0.580177710314
0.634012290026  0.679468083751
0.309702755145  0.448632956926
0.560822858968  0.401493364003
0.604009567192  0.609956148926
0.362885387968  0.640106005892
0.724570014057  0.327544973459
0.281902570646  0.50947508072
0.511255565022  0.567900560388
0.622680325869  0.347378978837
0.400133708732  0.480164696499
0.316836579987  0.558098286376
0.538968247007  0.606809321243
0.435947143571  0.576721404124
0.295158309379  0.484405658512
0.448257062946  0.620156869824
0.468024612328  0.6719274383
0.490242721348  0.576388011241
0.652603108003  0.388592666989
0.301217317794  0.526693499323
0.375733399505  0.579136114849
0.430854005942  0.542824617334
0.436156556018  0.419345128024
0.625131504636  0.522074629595
0.605675944263  0.692240183735
0.39669919497  0.291286516091
0.370228055277  0.417912507087
0.498451255133  0.314917832118
0.509790479622  0.550014639533
0.386777158889  0.57422229279
0.481781985133  0.4376313396
0.508647791719  0.418833776536
0.670226427039  0.457665442593
0.564860040614  0.509497716851
0.331149612876  0.506229336374
0.628972330718  0.540110326254
0.504716617902  0.418523029387
0.483327210031  0.495348535824
0.411223339907  0.550349096603
0.481290399773  0.527653851622
0.532060321081  0.477798898849
0.366690077461  0.538475457044
0.497162849535  0.335002009512
0.605277103989  0.451219513203
0.493083686151  0.54763968085
0.491685003719  0.489440645453
0.490636295624  0.651131010557
0.438276064332  0.643315761016
0.539918433034  0.470030249277
0.403617397648  0.550740307222
0.54403341629  0.652072747473
0.435496369881  0.510532028969
0.500956751544  0.675696161218
0.424533040007  0.390495168084
0.414808719428  0.528580828366
0.552939442857  0.480711552541
0.35576351466  0.514992901843
0.580445317884  0.386570650729
0.413833667941  0.50159776712
0.45538487317  0.360746873441
0.583822699183  0.292487195712
0.443645624142  0.448753312358
0.652729042616  0.526260544967
0.433859152126  0.377297427248
0.492212870612  0.616475541261
0.497657689762  0.504840158534
0.518296159071  0.67448424874
0.318588366887  0.598205596462
0.202606425086  0.546317114307
0.428381994541  0.523962662651
0.646812782153  0.282860756634
0.500756551278  0.46206475699
0.459943799873  0.523578292263
0.517961935894  0.282277090989
0.425311829245  0.434856135734
0.551462732082  0.660263927343
0.54219849715  0.477574744689
0.476322775803  0.529271803883
0.489452935204  0.506901469382
0.568003170509  0.586234868289
0.409523192029  0.450325968038
0.442813578726  0.506752967596
0.508251806101  0.362112440365
0.544143227023  0.505368436299
0.625843808482  0.422013377635
0.403819550203  0.57918878503
0.379393409947  0.422083713347
0.413679259342  0.479946690286
0.491361592262  0.471830346776
0.359375173581  0.747801114267
0.609173410766  0.598764677468
0.439373743334  0.467885519143
0.363377706364  0.364553752223
0.444094894477  0.353854260254
0.404909223713  0.4050795704
0.403057005628  0.453131580867
0.589123373396  0.500796624225
0.519168474878  0.473764272439
0.386924973671  0.355741189407
0.235802444136  0.598340897202
0.43877493991  0.551774533485
0.503533510369  0.330378605199
0.322599742524  0.38041956643
0.487109117359  0.452547194906
0.473166624176  0.348836915138
0.644145804061  0.445153585416
0.441622292477  0.374114322918
0.32788360478  0.299345349196
0.487072827917  0.263748624352
0.564060127713  0.482159469034
0.481680058452  0.472970766444
0.434833092507  0.641484605825
0.495762829648  0.327800607924
0.540640899552  0.512828879133
0.410249796688  0.599618657962
0.51448464923  0.568814004744
0.50070928736  0.635350904761
0.417098004297  0.444198920625
0.517341311233  0.464636267097
0.376062467847  0.405736921601
0.328429688246  0.512014338016
0.432588061399  0.42538921142
0.576850452261  0.305921312059
0.414411621689  0.523702884536
0.453596053647  0.431081961774
0.519478687945  0.617097831676
0.55523662909  0.617310922507
0.521054666811  0.393187088744
0.466624436224  0.406989796121
0.289642362746  0.412601383904
0.514139733189  0.5604752169
0.498337255689  0.471427924867
0.549988499201  0.421374208487
0.388792468482  0.511900244647
0.535556917798  0.544456095642
0.492964415681  0.367718321596
0.557166619234  0.622361256967
0.33693689709  0.430663631107
0.398379847683  0.424940493484
0.449980943386  0.478741086989
0.532975731447  0.640780118634
0.291716394666  0.619914036936
0.370774569678  0.694732500424
0.527128729108  0.36603165543
0.556997740369  0.328707552714
0.358204676309  0.393157616231
0.487276954201  0.374472197611
0.569800326172  0.40714599953
0.466138258545  0.392695735372
0.423582570037  0.482765944423
0.364058429745  0.470398714924
0.4816138499  0.458013361733
0.41625530739  0.506527319693
0.348734016782  0.423903610794
0.442784411167  0.593844306191
0.614365088867  0.490802536029
0.467703604179  0.543050390644
0.569798318575  0.527202982959
0.720250126413  0.468986188339
0.555253967455  0.323752728895
0.524869030045  0.51300533476
0.587909756257  0.415567827721
0.628068197449  0.331514471388
0.388124143586  0.501745310163
0.447327225399  0.303952044735
0.592219251947  0.333969700637
0.511680407625  0.530807102529
0.398248025107  0.442332566637
0.489408457223  0.516652743101
0.584314063491  0.490041233035
0.513949173176  0.595517430982
0.427934986822  0.432569945362
0.469129375869  0.495785418232
0.535338190143  0.56320001804
0.58393409251  0.32441765753
0.422057345629  0.456059592885
0.336517193614  0.475172262651
0.517392599845  0.489941532616
0.388797996975  0.443121145593
0.457359777862  0.539101494515
0.341860346594  0.500651593422
0.54430428324  0.533024191358
0.311059083222  0.356018850822
0.576201621434  0.513639260589
0.528901800833  0.581308764004
0.511176960536  0.5462449309
0.554036829427  0.264296114756
0.401747699223  0.437851681724
0.305478759808  0.541695660397
0.596536107798  0.471605360525
0.679104164683  0.642228251284
0.411590605887  0.58197799437
0.437583339282  0.51456001807
0.446164920525  0.571134596756
0.468626717535  0.514846436114
0.464560616129  0.698136367091
0.443359010741  0.406180580248
0.590666111315  0.505855334367
0.578231874264  0.462774028228
0.530264501628  0.47956593067
0.478004402215  0.609569426143
0.66799888084  0.379188064595
0.38450729233  0.565183147661
0.383529372384  0.424988193719
0.533635270951  0.553160340234
0.290865080683  0.644787894899
0.332268428884  0.512475602026
0.42287486936  0.46486648841
0.632292031468  0.393018320609
0.528460165455  0.429797448724
0.42215419897  0.466106467941
0.603967598644  0.491035799201
0.496866717032  0.533967112342
0.475941394027  0.515255912367
0.524746357706  0.523382635428
0.435669910107  0.490788610563
0.583907221734  0.320047208306
0.612005471202  0.354747206639
0.492615100501  0.675708737198
0.417568417328  0.422376354392
0.428014305398  0.478516123647
0.525911322431  0.440500721432
0.513682661476  0.488397282956
0.584337303585  0.744667887843
0.62713517017  0.42649367848
0.429937559884  0.440321473968
0.413739444354  0.504875727014
0.398979731511  0.391911909028
0.484227969619  0.541290410077
0.477874787563  0.264041928917
0.561714290118  0.539353103916
0.385648712167  0.439960965832
0.485667285827  0.528936080632
0.549804354089  0.36172512257
0.371201603788  0.65431772485
0.648624350545  0.293608130896
0.634237306887  0.575831294609
0.400938387833  0.549927589022
0.462250962121  0.518650403072
0.305906328367  0.506513903809
0.588807821664  0.480225691582
0.386448848861  0.517403852965
0.593986421511  0.4601730154
0.55263223585  0.579687810254
0.602531853667  0.373164712898
0.402803681806  0.426027555914
0.45891901102  0.604530386156
0.392186278275  0.491490800157
0.625450698682  0.387021675577
0.452696748331  0.579757460426
0.518588246577  0.405160204567
0.5345892811  0.404989600635
0.386484457764  0.458338381246
0.565140949247  0.555289584384
0.673089318144  0.605449748023
0.54880152087  0.408779401466
0.539491353429  0.570148039999
0.337598960734  0.601135602402
0.410968348083  0.384038638799
0.381442917765  0.625295842668
0.450084432699  0.648338906095
0.577635056068  0.522668673954
0.702050560503  0.360489024876
0.499422592812  0.483971849086
0.525133889353  0.478319936664
0.446771325479  0.655696459931
0.389998892555  0.495462788003
0.484131628859  0.400471485956
0.595227786985  0.428583767417
0.412593148666  0.469566294805
0.318660026506  0.535793495964
0.52959165184  0.400882462907
0.715172534253  0.514290095667
0.589902609413  0.524654779013
0.54471356801  0.605646991419
0.436541297172  0.500288401296
0.615648432648  0.311297023303
0.486861059897  0.451117310903
0.547442638491  0.511838427997
0.62775264333  0.35794999371
0.529458651792  0.387886783966
0.486120429978  0.551158046117
0.521316539575  0.244698299811
0.466751744324  0.425399989673
0.583871176773  0.58870547881
0.570424902227  0.450766286994
0.412555340151  0.483387568179
0.750744646424  0.464278357474
0.657760255935  0.50686601555
0.468767800277  0.66605606468
0.425968364931  0.489542335273
0.53605483742  0.270808869095
0.419030144949  0.371202775397
0.316820654566  0.442053605748
0.406210352774  0.28802399307
0.321198213511  0.431949042187
0.468348423739  0.452399719165
0.473853943427  0.606900495996
0.36715382532  0.541250998998
0.451089956428  0.536236088193
0.355829262727  0.351331341128
0.790540112989  0.618703659237
0.396506184452  0.397405681926
0.419875828221  0.534687437976
0.623906191734  0.510580010998
0.511176746098  0.472998971604
0.45195178366  0.556859179524
0.375484739303  0.392969775367
0.497936621197  0.469118100518
0.384905851441  0.463196670474
0.677481800143  0.505170913777
0.406776330502  0.451336831841
0.343059792776  0.473025410187
0.512856048136  0.494055902574
0.465139747356  0.363152479715
0.331746880257  0.453150443387
0.476604061706  0.425734396281
0.400413826145  0.493630121385
0.356536407486  0.429833461565
0.559664749065  0.441291554437
0.340893590114  0.367470196412
0.536536304659  0.445624332796
0.394654772718  0.473334252549
0.371191428378  0.450840322926
0.510060771081  0.387912601285
0.396222571126  0.84968705705
0.4308960478  0.514048600717
0.295964775813  0.341389409997
0.571677312681  0.374756092167
0.484800467069  0.442704440253
0.463137003312  0.623887213027
0.44609983861  0.520511288287
0.513212996803  0.488251295209
0.468393195989  0.609071547242
0.399906412674  0.449455583562
0.52860408358  0.406897176768
0.602209977871  0.395821651317
0.582633308433  0.625409580529
0.487722262661  0.348770037209
0.512069558784  0.476844871193
0.306091350475  0.286811741195
0.396842396552  0.63252161909
0.403045193478  0.37499610136
0.615490322603  0.38814147838
0.552491257761  0.194527186564
0.457246150777  0.592420063896
0.482633848774  0.595333165418
0.397520481721  0.620397474116
0.336821336551  0.532349849824
0.652298870992  0.493490817599
0.39556072606  0.669888747133
0.391850946486  0.475140539709
0.442455489753  0.500480415995
0.521634912703  0.42107268891
0.508428028219  0.321003030926
0.417833589389  0.598936514351
0.586648236166  0.510173858279
0.574015537796  0.527612363733
0.481731507747  0.413863435397
0.530631517566  0.322056268187
0.493890267773  0.416527160658
0.422690526093  0.495408737091
0.50403528654  0.424473014327
0.511610510708  0.503408045441
0.540852723392  0.409689093484
0.385544259928  0.476500242912
0.479605157865  0.659852564863
0.452842153545  0.51377965522
0.536243880882  0.398419109487
0.495580872569  0.674221402422
0.427001814425  0.304907175007
0.52069558077  0.536975394225
0.332193374775  0.469780584559
0.551887888547  0.57883262041
0.527438813398  0.468897493183
0.423260952668  0.380374141806
0.466748683049  0.500134391193
0.496175447271  0.27355328591
0.444716679882  0.560167737104
0.615775478425  0.442800863857
0.512697944957  0.31561451332
0.503059095736  0.422500536103
0.432363706493  0.480029943521
0.569804564056  0.462010159025
0.454113747311  0.388692206552
0.352283057577  0.510525120456
0.473784534107  0.41566378024
0.611180814365  0.43155071071
0.43096027047  0.390416108885
0.52987625635  0.532016658286
0.423356866968  0.428130350621
0.546175654593  0.484076506796
0.612650076589  0.487738896279
0.50141311042  0.43378461079
0.457311870839  0.66636704967
0.426769722132  0.452946468474
0.492752203316  0.274685907775
0.333371668254  0.463896474823
0.498552371145  0.584365950595
0.459499401546  0.385000373155
0.477169999081  0.328039132373
0.404897430987  0.45924904833
0.468089683721  0.629982558119
0.506530750243  0.565522255422
0.545332494898  0.370177379231
0.478854413562  0.372099777464
0.565892972372  0.480976375367
0.663562518571  0.556155174264
0.495219538475  0.49050238808
0.578375868509  0.495872873128
0.417204867492  0.471102879464
0.439583786006  0.517156330064
0.566179727438  0.377415366021
0.501944838593  0.649981141653
0.405301001586  0.287262353114
0.464034459745  0.407517755717
0.558457235972  0.450515610894
0.421593998916  0.578075622167
0.593006719765  0.42237762487
0.485523438218  0.511268975775
0.40924992278  0.452590814147
0.252208381212  0.508842941025
0.570622386644  0.435690025463
0.416507059827  0.509231058354
0.37269656085  0.524496646308
0.342915209567  0.530139711427
0.495275662576  0.739057227932
0.514837132768  0.555499674814
0.446951037825  0.480918366827
0.580790861259  0.547389201399
0.392060290575  0.498815059052
0.439333116008  0.347690164394
0.501512938291  0.427722705639
0.538172957761  0.529284043578
0.424442759121  0.541616550219
0.314984935156  0.494496977401
0.510634006907  0.436524296932
0.481256628411  0.39832250985
0.574100918165  0.61613292467
0.454357537891  0.444804293589
0.565772654494  0.435485767994
0.669380937056  0.256387958706
0.369585854009  0.582598857401
0.593749725743  0.357857175664
0.47230872283  0.374276310395
0.314779626336  0.488178771427
0.564287988203  0.471212685752
0.462928083109  0.530375035309
0.461108224548  0.489953723776
0.554192933026  0.486576493102
0.454257799752  0.469463438494
0.272452494979  0.556898494694
0.508275584404  0.400756787794
0.51473819538  0.431603726922
0.484775805695  0.562031002921
0.447594310637  0.331134878429
0.319014533996  0.670385095763
0.461352991991  0.485394281184
0.498660058153  0.577306216381
0.530733852305  0.410493675293
0.463760053204  0.483258142381
0.567453999074  0.519942028766
0.468206503737  0.359058859418
0.547490647369  0.541640837362
0.564165223209  0.400697002423
0.426634932793  0.4376184997
0.233611695295  0.627536272764
0.469458031151  0.568963801792
0.524769925127  0.389825858933
0.444438072367  0.426750865791
0.62458403785  0.510995650155
0.393960093661  0.57118582527
0.496295911863  0.451986899235
0.444269623401  0.635061800576
0.366886843247  0.360209533884
0.594812028528  0.383579025141
0.456781127514  0.443703081398
0.461373307959  0.509452814752
0.444505864879  0.557988263569
0.748579996237  0.487837782828
0.354144652331  0.374513304375
0.471348595861  0.643423709687
0.342710109413  0.443621987746
0.576913559624  0.494464963618
0.567394695352  0.649920356021
0.527164157573  0.422360256415
0.498860062709  0.523416740929
0.481594281745  0.443527971733
0.425048742848  0.352728064286
0.486563318198  0.45871222724
0.551240617485  0.485484998006
0.452555701986  0.376834553608
0.493936353537  0.393964208271
0.559219347422  0.358423877539
0.491256849654  0.520312872919
