0.436311748241  0.537993634566
0.337875155417  0.506949137364
0.388826178793  0.477404822233
0.465938866845  0.530885707947
0.499134890735  0.656603303345
0.383821838061  0.376487359906
0.531658905183  0.557480514198
0.423744132318  0.569101655164
0.631215390323  0.47781516995
0.470260883796  0.536364149036
0.482819272873  0.609868114231
0.527097844491  0.492761886754
0.408543212155  0.461064351604
0.647544087697  0.503359766459
0.347084695105  0.326088984786
0.294394385161  0.452968905111
0.547919202729  0.375281615906
0.272755990785  0.613691870219
0.529944284878  0.348631895926
0.526749411221  0.451454610751
0.550799045022  0.558042094571
0.622260517687  0.364700819302
0.381953794489  0.442076933749
0.592205984538  0.480140048472
0.498803613574  0.570041471711
0.547637492748  0.445786106395
0.311922951458  0.50324210453
0.602032622183  0.408876063839
0.48738142425  0.519993832412
0.581072549719  0.486729644927
0.230532563238  0.571165262333
0.294584651361  0.385447151353
0.336144397594  0.449368678518
0.414546206273  0.411779850792
0.397280169819  0.455733057562
0.339188212847  0.526257935116
0.454509707634  0.457826738893
0.540725647904  0.355675535746
0.455016790103  0.590566722059
0.524887368463  0.323581390732
0.387883384285  0.525284101921
0.342389012616  0.335742396473
0.191576774876  0.573745247248
0.492734140054  0.615175499833
0.39674939261  0.480523515811
0.275309124462  0.481346542466
0.492166333281  0.458182148865
0.549711528831  0.569561850942
0.470204465215  0.635075268156
0.490738804848  0.502960244032
0.402282623078  0.515594439852
0.631343167643  0.501717615252
0.582388945872  0.48100233701
0.676715000492  0.431536713157
0.482275294087  0.405872060637
0.455533345119  0.330502378586
0.326697353358  0.445430729718
0.450121672213  0.34879912576
0.33545718656  0.544195949824
0.372472968699  0.336967862091
0.578152683319  0.614647366486
0.490935269814  0.393878242594
0.527371521047  0.515025230737
0.554664081155  0.601095119808
0.483159053759  0.747648133538
0.421457747688  0.531853358113
0.497452038233  0.386660151516
0.563619949082  0.529948540296
0.272520523007  0.478138783378
0.52237370439  0.413041340347
0.518997358921  0.549160901487
0.410939206342  0.244680805088
0.427564715678  0.439051020399
0.419663116352  0.32344261242
0.368728844589  0.414205278185
0.447834350908  0.475971136503
0.484984798086  0.483987448891
0.46927879773  0.492906832023
0.562122357717  0.322226128748
0.307295187995  0.489499104191
0.611775409558  0.548726835917
0.580975285038  0.600794075261
0.353697879244  0.762223612824
0.499509337995  0.442883576424
0.416124023207  0.519152603
0.487118152197  0.403574058709
0.362508848278  0.435818014123
0.449823104711  0.477069284003
0.40281892678  0.499323325023
0.484800688471  0.549648058113
0.531170681819  0.52127026953
0.412772873214  0.509687581027
0.321019234288  0.510041310568
0.548310239988  0.595610852309
0.518254420704  0.388131671317
0.546195384969  0.253676884094
0.376376299916  0.587188811009
0.47098560454  0.369898087353
0.32065192193  0.493013581097
0.552818783607  0.403868044948
0.460925095215  0.512570772798
0.264273290536  0.298224978275
0.520268171217  0.433236364521
0.358383824446  0.553428314181
0.424955454635  0.675592872542
0.470449559818  0.537674701221
0.47163016282  0.730543126475
0.532376892775  0.791758578494
0.494791317469  0.638810236061
0.444660931155  0.557056134798
0.615856557306  0.578832824967
0.508094456027  0.350678760805
0.432228862707  0.264768531364
0.415924717062  0.625048780457
0.606907438184  0.544287801642
0.531221737978  0.584657954109
0.498039842406  0.53907994812
0.318500551736  0.422351137669
0.507844652386  0.64390295524
0.433266606894  0.344801720071
0.499285420487  0.539754330579
0.418869304244  0.475311925609
0.544902453828  0.499670661592
0.354394510568  0.576279327607
0.368444435252  0.68376751899
0.56127317101  0.485791707609
0.55730868193  0.518172193724
0.525993485999  0.340749925881
0.322060284383  0.354890900286
0.302898242598  0.205885546508
0.49560214909  0.646679907663
0.509171279093  0.500692436032
0.407770761165  0.312843952686
0.436946191331  0.480731951932
0.300876046352  0.582267850444
0.302089964287  0.504256639496
0.585223564863  0.396180864275
0.474151199861  0.381618860452
0.559544993277  0.507202640888
0.331561104452  0.535576597126
0.549914599887  0.382032341407
0.346687608207  0.457058513567
0.413330516751  0.643867684634
0.321158837143  0.475885437385
0.413747121592  0.369517539711
0.497815876433  0.451688359262
0.460788989973  0.726959577953
0.58592166206  0.642507544603
0.536058843568  0.457250460797
0.351673952186  0.435632921861
0.457442210938  0.400904153529
0.559484210216  0.339217580195
0.394231793076  0.564703628727
0.479740408676  0.359534534438
0.356585995154  0.530367860891
0.395364771235  0.46293293003
0.413334364492  0.43141176459
0.508262105687  0.58254387845
0.678395910106  0.486122222679
0.515679191109  0.56594254031
0.558718362766  0.550452697871
0.30237916277  0.537351371491
0.476463389678  0.531976824032
0.347191229138  0.511515666447
0.511387165536  0.446686322703
0.403937293323  0.522472828705
0.376269382383  0.535322674114
0.42955789954  0.467339724946
0.530922025842  0.355611276367
0.467552803038  0.401191319246
0.514250639737  0.502000500411
0.359169101251  0.462752385066
0.391832770859  0.449816837759
0.33351856621  0.402289200622
0.307860604839  0.503085110141
0.477042337253  0.488216435088
0.643011629103  0.578305233872
0.540962517522  0.666635105258
0.472814071596  0.339803097554
0.463748617103  0.509558453485
0.702622627175  0.619963918103
0.56846322894  0.459789802035
0.716025258004  0.426859965382
0.365218070397  0.412609851084
0.425628940299  0.457170257064
0.503112166575  0.456965681845
0.35592615377  0.342018024767
0.634425369031  0.509701289141
0.554249220555  0.704444006605
0.45343072404  0.560709247983
0.565762506657  0.393483478002
0.37915709147  0.685367386205
0.470845261478  0.717168671339
0.444147988722  0.585046937191
0.633635743781  0.474654654746
0.433419563951  0.568416654203
0.501485354935  0.422863269228
0.473053954708  0.414598617324
0.491448040321  0.477796355616
0.387102491103  0.363197844587
0.449248563343  0.446826093269
0.300831514294  0.663888934438
0.566897042246  0.534504585921
0.545664729841  0.492475465498
0.611828974847  0.637028046937
0.442025109389  0.399505490623
0.40230920739  0.625821533661
0.522001122925  0.51922813256
0.564193826293  0.421113753596
0.47622789541  0.361715354643
0.447367610755  0.504337197401
0.547508984253  0.302742514449
0.465219904573  0.409650100216
0.469482190958  0.33122686593
0.428374953977  0.599112123304
0.621118728209  0.496741258835
0.457458555504  0.567006867957
0.576798050382  0.564001132214
0.512606514767  0.615035402456
0.551887392777  0.356342745442
0.380550560494  0.496594551408
0.648054571411  0.518699626363
0.446934546987  0.52160295381
0.675209734193  0.442236604874
0.458691613544  0.455664900846
0.435687578048  0.438579774113
0.613663948918  0.582398367237
0.70717996698  0.592358869424
0.529323888538  0.347061565797
0.499780998734  0.522650514415
0.561116895666  0.341009047787
0.541149603279  0.519698051461
0.491071499871  0.49146223425
0.464417654948  0.484755242832
0.465155954551  0.534386605819
0.418129321068  0.515477729964
0.492572642562  0.472967983147
0.54460578256  0.659819297769
0.37839285961  0.564364099465
0.392274905051  0.47378240203
0.317676448468  0.595984486516
0.536206801604  0.508703647795
0.45926157227  0.55785976028
0.464764163004  0.55471225377
0.519687344452  0.625933252355
0.418094887092  0.420286796733
0.500190847543  0.472487969005
0.429962426114  0.625544902556
0.625267026499  0.391918103199
0.427361544419  0.311766559237
0.484993783048  0.371083578052
0.333809611298  0.450579316198
0.476161427166  0.585383492192
0.272207571641  0.650613214524
0.521191359994  0.319128514663
0.481734034335  0.542891086978
0.589297414416  0.603212343316
0.55307146794  0.517547365526
0.622107136634  0.655991660787
0.407752613896  0.3429317968
0.643784868719  0.382381151817
0.435234182161  0.435109206073
0.453274275765  0.280634571105
0.514023624022  0.484644127445
0.414492697741  0.521511349625
0.379599474998  0.385283920571
0.468376780205  0.44978601392
0.335791595415  0.573414632178
0.385117898707  0.623331280775
0.387603099589  0.362455848263
0.566702549354  0.474031708952
0.47303696423  0.309690264895
0.388989930398  0.297469775947
0.511076912065  0.254956933193
0.62850441903  0.371194417892
0.603280054191  0.316645164065
0.402634185146  0.33492856628
0.488016517176  0.621228850218
0.268573150037  0.422260809658
0.543848858605  0.359800929851
0.473363676023  0.448793679268
0.35402731878  0.393472117884
0.478656226065  0.485777099478
0.361711767858  0.38821088452
0.43246404886  0.582478929844
0.513667847209  0.549475824254
0.445700602926  0.490498577301
0.396987994938  0.653032221418
0.616777772147  0.465623682606
0.411727321556  0.442124007381
0.458729179151  0.453722106243
0.374227398099  0.480491929988
0.654641378398  0.408033280693
0.474910869972  0.459780357701
0.685539242606  0.423003758659
0.470997780023  0.598468318569
0.474340541244  0.464770800313
0.335737107233  0.316088379969
0.425818525781  0.465001045192
0.482421809543  0.410195840515
0.648377042594  0.510658092338
0.544020882302  0.572542123998
0.59966110147  0.478939686866
0.414624723693  0.473614708758
0.537023220751  0.646070534064
0.458662475472  0.355818611814
0.626344522967  0.528381884121
0.460078428215  0.3822300298
0.472247449192  0.389675687329
0.549981547008  0.457310574152
0.398178233454  0.436859904107
0.443325141945  0.519278084257
0.66184089034  0.443389244138
0.619754532438  0.413629534995
0.497784173237  0.586169004016
0.582043068143  0.655443245644
0.282224919957  0.37810709866
0.309983739883  0.483500933272
0.638105344953  0.279007198807
0.454837163584  0.436687910948
0.421847577167  0.377023694289
0.503407147915  0.457244170794
0.338292078024  0.568686240808
0.273364538126  0.455411812699
0.311549834247  0.408927559244
0.4800391041  0.481257681479
0.396187203015  0.62858440605
0.578843036446  0.321072929983
0.429758756075  0.387000970536
0.611970144851  0.343342488431
0.550484797892  0.415580432751
0.481641356463  0.511590748932
0.529298667289  0.519156644319
0.45800494543  0.438412435396
0.387446556964  0.472381546166
0.441377627454  0.502238670017
0.481828634921  0.450896014612
0.495304935489  0.535406417373
0.508502381576  0.483333374426
0.421065454654  0.535932025302
0.449189356869  0.562339058798
0.361255623411  0.474973380215
0.267765137109  0.336385989186
0.576471733481  0.636185921711
0.573208691692  0.374603816712
0.471322136159  0.399240309279
0.425091695286  0.408953980919
0.508263805502  0.324544180284
0.532707010957  0.516473711245
0.576642888714  0.518295824753
0.541546008673  0.579000530574
0.480094748704  0.327739633587
0.594834581584  0.57264099904
0.492355820284  0.583172501759
0.50859424728  0.485356394178
0.537697997053  0.398440102397
0.456089402432  0.467140788321
0.519861163197  0.45507518155
0.391115861432  0.493820734372
0.334094706669  0.464078133074
0.477219239996  0.460710440892
0.538886379483  0.464488073506
0.402355680114  0.322506084289
0.309464823748  0.61300896075
0.247032737792  0.445517525417
0.470309210647  0.480713248559
0.403453132547  0.444743329668
0.430469840381  0.374653580277
0.419807372369  0.339131655366
0.450817489923  0.598248841367
0.249377905508  0.653988699837
0.360524562548  0.476570451019
0.479517043826  0.409236989618
0.613955368236  0.468036282346
0.488331587107  0.45533004638
0.624526198404  0.519274202875
0.463673556632  0.49038033533
0.552690126045  0.453443345725
0.547565315821  0.43421636903
0.58550719615  0.368081444242
0.416130558308  0.45246267863
0.42886732807  0.63315020238
0.428902565879  0.418262142123
0.401026235811  0.488618887066
0.436150716666  0.6066822103
0.387314214682  0.37814634783
0.380102487265  0.489971838106
0.472287684837  0.470313227118
0.511271847047  0.571173584204
0.735847458616  0.517728436949
0.377036215008  0.580698424067
0.555898751481  0.255998823472
0.494213999857  0.382612229438
0.383860496508  0.324626016954
0.45684296524  0.402402909711
0.443963374438  0.575701621958
0.542837567635  0.697175039922
0.497603089888  0.540615183256
0.24872795267  0.253958202114
0.418710308119  0.392709386768
0.719175018738  0.37230734525
0.387559804267  0.468774534514
0.336999362295  0.46023169394
0.559628899867  0.552898768176
0.532490801424  0.549448161385
0.424674087419  0.577960569409
0.539026653203  0.51782572279
0.558410576121  0.527817866315
0.548007251012  0.447615030685
0.448877525892  0.446507466929
0.361233657595  0.402077659783
0.470244110377  0.536756390027
0.51585952037  0.468691815256
0.450399400931  0.432983794516
0.25448405608  0.622918104104
0.253747158315  0.616806714606
0.413120792094  0.555263093344
0.572584935469  0.39426679465
0.507094178133  0.397236965319
0.444555332568  0.48472915332
0.455469313562  0.736115051412
0.654850509113  0.439731303779
0.588415917463  0.551021395801
0.325574358262  0.491626088842
0.544436718171  0.555145192608
0.489585212819  0.41497336792
0.61292562246  0.267150951799
0.325623453449  0.422743590636
0.705917344721  0.462727534052
0.596471469284  0.54571259626
0.423160602993  0.48222451501
0.512506530965  0.302879106363
0.549116916096  0.76163011178
0.596888030411  0.483962175282
0.569262430102  0.57364975855
0.366611253058  0.459028066127
0.443036371638  0.640480121709
0.400014939003  0.669728263865
0.351630214225  0.483761697144
0.561715102102  0.314234772811
0.376094697104  0.466324486061
0.667288807504  0.414745785107
0.380399948875  0.310610894445
0.327020257548  0.586729638653
0.428656535614  0.420475632317
0.535069110084  0.616949314251
0.422871019702  0.629319742828
0.520223751992  0.259614509426
0.481231220171  0.525133768968
0.515516397828  0.599237236746
0.469557453303  0.676068800261
0.494294169399  0.623852516393
0.60446050444  0.545539882242
0.454547177804  0.462320810637
0.533487486876  0.303729633366
0.245621838859  0.51689280097
0.452216934887  0.467657093712
0.496689790507  0.444699437043
0.687050477447  0.53381490093
0.421488117799  0.5179879377
0.444877882409  0.315758392539
0.569893642517  0.42080188321
0.329393598407  0.227881219381
0.571772629768  0.390676361369
0.483886279084  0.549358939228
0.518536903613  0.410173398003
0.626839604595  0.439493773258
0.400815663827  0.484869211786
0.635752927591  0.587558284482
0.336251781863  0.431014904371
0.254409102882  0.415551833422
0.556342597613  0.450784687314
0.610970280567  0.342741885963
0.257652790119  0.450435332044
0.536767187202  0.518718257888
0.480685451428  0.315578891914
0.479616363544  0.429445656988
0.366630326084  0.546641084174
0.66718711984  0.485002660357
0.47181329795  0.395212604879
0.336997371364  0.498872620986
0.296699984214  0.356625931947
0.524401660456  0.483970652912
0.646959969743  0.375909491543
0.47767508889  0.627240557613
0.448354965602  0.581608258607
0.649138456122  0.417175704152
0.424734964545  0.346980133154
0.443255599125  0.391732534871
0.475479036371  0.542426297873
0.324396417134  0.439599129354
0.414413653794  0.525913903263
0.443704822823  0.495812592664
0.47872911318  0.477873399699
0.559951404175  0.544797180299
0.429011742245  0.475179880613
0.528049560455  0.428782765397
0.624078571246  0.445412744182
0.382136739188  0.651590658207
0.547970206825  0.571609043537
0.424524669381  0.425468174258
0.327419825118  0.58505190557
0.680715001921  0.304260487519
0.533420062204  0.541606624108
0.283273428828  0.505647399765
0.233550517944  0.486531711513
0.479041532294  0.51001089657
0.418344620625  0.384768841214
0.405086673689  0.497819130281
0.423164800638  0.37175553139
0.491000281283  0.681864169308
0.330261088647  0.411612594949
0.560344256646  0.4745615556
0.466180484636  0.528374883731
0.496979506268  0.477033293299
0.55415320634  0.622029775092
0.466938450031  0.481876743384
0.566376280961  0.612576578285
0.368567663687  0.489349000223
0.326283513342  0.39279711987
0.515508907653  0.583336981995
0.713427059105  0.735994452753
0.569858081585  0.49556285866
0.507739146621  0.510687611175
0.331754171325  0.467379714588
0.343985253739  0.364371407394
0.407636383704  0.493404407095
0.400310120761  0.385681669625
0.556336288003  0.432263074233
0.409052533146  0.398780975562
0.577636141087  0.496971125019
0.419679234872  0.478382417941
0.594338585363  0.386553849246
0.518696089131  0.442345399761
0.520734360607  0.483261375473
0.388799848637  0.548580853022
0.692138012975  0.55460040159
0.392601606013  0.435811282541
0.448360642669  0.317505983382
0.404569400046  0.617782426812
0.406867373048  0.337281157853
0.440489579055  0.27963055089
0.430160181864  0.569185350772
0.701690256407  0.269661324961
0.568132590092  0.494158790051
0.56162838858  0.538259170162
0.379182323153  0.405620301569
0.64538883385  0.392790224853
0.480933927947  0.426380544342
0.665659783685  0.836069966753
0.518124432442  0.514814395181
0.408095583192  0.43384703038
0.465660184929  0.402191290604
0.526499855124  0.268715375505
0.574982161896  0.455983151702
0.500034448897  0.556207096588
0.426442694077  0.599234196128
0.417052087456  0.433079578982
0.596968496793  0.396741333916
0.352652808885  0.218625163233
0.421074449227  0.361887443771
0.487443376013  0.407385412861
0.366952163174  0.424242943917
0.310411676635  0.577223545545
0.513433611515  0.521384641819
0.467680464553  0.477409693068
0.502307556464  0.471053896614
0.571315205406  0.453437670914
0.356576791332  0.331777800036
0.365476158954  0.479460881928
0.563431580582  0.557069719877
0.498175950322  0.474948258733
0.441021302442  0.385024282779
0.47352136372  0.592956473401
0.50107836099  0.40702503336
0.42736415737  0.453376022774
0.408383819171  0.391257412307
0.474005868172  0.379465554465
0.475900613936  0.49274006397
0.462254889163  0.395782238296
0.32908705044  0.377444332233
0.516465151869  0.481722345688
0.415343179625  0.396996245557
0.287237250573  0.500112552645
0.638343017082  0.359588835194
0.428792850584  0.407990075246
0.530815539111  0.537078342913
0.231092070585  0.37789396544
0.349987306646  0.590102326364
0.545925313567  0.456052464842
0.345468018166  0.460888727085
0.535451224202  0.467978590933
0.523449541968  0.549077531725
0.451356191967  0.515113663814
0.414186826363  0.594576414308
0.503024658506  0.423784525297
0.458408505084  0.621972924498
0.3174194675  0.56087021186
0.329717871661  0.597930925349
0.482324172017  0.359274229244
0.525047637512  0.374241336316
0.525356626405  0.534415345703
0.54195293931  0.598768073448
0.497220986385  0.558757503339
0.580433891633  0.620036802376
0.497053254253  0.494840045253
0.422435441264  0.65016226257
0.623982932943  0.449087511936
0.479288725316  0.657418015558
0.538130042321  0.305295389527
0.381488371125  0.570109873489
0.407315328911  0.601438792547
0.620049170001  0.421976361712
0.394857362725  0.427888200095
0.558250481207  0.511661819485
0.513614085662  0.522040286784
0.391870676882  0.348887418566
0.61595479261  0.58411691701
0.531466993059  0.615209730472
0.422257782697  0.417819762578
0.353922658504  0.450995675922
0.584586125347  0.463017074818
0.512061029312  0.55736454423
0.358984498076  0.557820177215
0.44995222118  0.376566335641
0.368619222376  0.580477822002
0.466222281247  0.296026265949
0.52043973058  0.519508040693
0.427556279698  0.451399775149
0.458276941691  0.227775143033
0.429998519861  0.666681801631
0.551870278617  0.553489257228
0.502364356506  0.568011049122
0.452835118487  0.602202027234
0.384004068599  0.67158331482
0.448273920674  0.497433380286
0.541056952684  0.376521168259
0.585431572419  0.604874232296
0.646115718824  0.585685302519
0.618375574334  0.258557058231
0.446532259394  0.453400812299
0.48512253693  0.438333925663
0.555251984714  0.492055182601
0.555665197599  0.278554792235
0.581248991999  0.463172238418
0.470820618692  0.447896426095
0.615629826456  0.510572993941
0.462216365545  0.570895546894
0.591797981221  0.474083789068
0.446272855537  0.455454992987
0.506542885347  0.486002980442
0.532565092119  0.405194891687
0.725506130797  0.473216673361
0.380347547018  0.782513922181
0.412660215251  0.446953501981
0.415786201703  0.332659124747
0.433837074806  0.584234074896
0.504070303757  0.532338393902
0.541511082093  0.334896361266
0.434831306431  0.46686050054
0.617909687947  0.526898301373
0.456503671089  0.361129064506
0.358368099191  0.490292392105
0.451257235506  0.387849492353
0.487755442855  0.524783479891
0.433921862015  0.562550115693
0.487057501139  0.397111681591
0.470319051306  0.462100442082
0.470343431057  0.46966952093
0.526693426866  0.483901375306
0.433281709687  0.611538170306
0.305169900092  0.448906814385
0.489788097  0.326833958154
0.547778432335  0.489090967254
0.460217823129  0.447940926451
0.339648713141  0.627196734728
0.453472072804  0.362813840239
0.503280185298  0.554580176516
0.630652573735  0.428521898479
0.614314070175  0.344076284903
0.391033106088  0.591050312833
0.453131938685  0.513556206982
0.557863269162  0.582706734121
0.569772184828  0.496852386838
0.550171277898  0.248716833518
0.4248851448  0.411350507709
0.543147358157  0.741401492104
0.456010413708  0.493965990995
0.297535530966  0.620916437224
0.445719207656  0.505591228319
0.556591682781  0.36629148558
0.5062382034  0.588396452128
0.604188149172  0.29671762289
0.500060108648  0.461536452069
0.612200718253  0.556749857751
0.465813283461  0.674448952657
0.474528934183  0.544719842576
0.42637843344  0.544470765509
0.450971184195  0.486330862081
0.584939951618  0.463020327961
0.482935836436  0.349290421849
0.626641951337  0.588884128991
0.411383767986  0.462033216219
0.392841014962  0.618752582615
0.519646582521  0.529690965991
0.198010618196  0.449535427017
0.419411628319  0.552650994242
0.530149988326  0.297670305466
0.504843522173  0.196789378958
0.620742461318  0.479445352281
0.454273128757  0.429552509696
0.526208303407  0.549989221437
0.535997598009  0.670152758373
0.565820466497  0.350885155223
0.552737183226  0.444445727666
0.407657541739  0.522122820998
0.653777151783  0.654837201654
0.632775403111  0.4706623682
0.519653910737  0.329565303745
0.454593639005  0.616009556496
0.454364962264  0.418411659283
0.403186713631  0.401881721166
0.39073279602  0.533227416892
0.567483108788  0.645672661207
0.500598332875  0.528531517443
0.420352250824  0.529299684593
0.491574073047  0.46631823567
0.421996034735  0.422732509048
0.536543561798  0.486350000873
0.46106599722  0.507573742756
0.46346683875  0.333239927591
0.382094280215  0.490318246373
0.431623291673  0.634787275613
0.395933743231  0.630266423762
0.491287969344  0.60070084398
0.369770148314  0.609987727514
0.383393974821  0.55644287212
0.645720206846  0.518272646779
0.434050824252  0.60963404032
0.422462474833  0.360109054686
0.550436945971  0.619286703764
0.414650135399  0.514819506318
0.516832983583  0.364810201473
0.622349662255  0.410140243604
0.39450596882  0.608259116466
0.4239797424  0.450551000267
0.399588777535  0.477239676802
0.377246974774  0.416696712791
0.434775203828  0.602366179833
0.462040489814  0.502796991739
0.590447079654  0.436745152109
0.407905736382  0.437993748705
0.330810046136  0.373192015332
0.355279337184  0.387634282417
0.448804937756  0.661686406572
0.439877947177  0.350955768764
0.580147191188  0.667421990149
0.524642898002  0.525474557957
0.381165255067  0.513741706731
0.385134569987  0.415144212013
0.567814809799  0.467209754855
0.522209590513  0.450509930261
0.36608921307  0.473884067861
0.40957019425  0.687895774216
0.610407185602  0.562480652477
0.466384490788  0.334667064471
0.466905787386  0.31215920566
0.492266882508  0.234049201281
0.452096774618  0.299241124852
0.418702895121  0.509874966049
0.450578640831  0.294633463704
0.562579826825  0.505983898559
0.414288799635  0.54241773559
0.345073077098  0.534731664016
0.300113636342  0.541003178337
0.425139507287  0.500289948557
0.465358705334  0.599783092212
0.566120995094  0.294085071521
0.581894218079  0.675982358275
0.615130193525  0.456039120622
0.47347958428  0.365642808021
0.485131462515  0.43853130263
0.645296787902  0.602557483645
0.486618451328  0.651414556425
0.737784178265  0.294561133259
0.48505693482  0.4343291628
0.419544501082  0.404799102602
0.57962288049  0.413242147398
0.502956279869  0.650109150752
0.571314852842  0.383758208691
0.249104147082  0.584533406174
0.48239973752  0.620929378647
0.35014710356  0.527601043781
0.401280113744  0.505706763956
0.341504358711  0.539914526326
0.578483406605  0.404046422395
0.622351424444  0.458484414051
0.469997215064  0.52698189386
0.418921390536  0.461517100117
0.604924193916  0.36359038279
0.400780358668  0.37968482159
0.592340447481  0.527813705971
0.51134053256  0.418796803583
0.281531254954  0.476141585806
0.567442286085  0.404899071226
0.526184069377  0.318813929822
0.391621842591  0.646481407976
0.510910273565  0.528518569425
0.472534097508  0.470419189962
0.436780054551  0.627666203289
0.53623415845  0.360852892813
0.451875859567  0.308715595902
0.534355561141  0.354314782675
0.463121808242  0.451461644804
0.483995182971  0.465756241986
0.649124284308  0.551319615308
0.466325186789  0.569284717583
0.34578029276  0.521629255018
0.35111007112  0.581785007425
0.538089862812  0.679819098213
0.515581410808  0.605517036037
0.530967754023  0.575972073388
0.582620605537  0.23573966659
0.41609241469  0.473547626887
0.686429973104  0.48757203426
0.601900090773  0.530607115105
0.536362093806  0.462779010169
0.280750953027  0.474642204925
0.466424016488  0.630144009885
0.34037054424  0.587490286593
0.501754570501  0.461801586256
0.498429612622  0.606533148595
0.384499144016  0.381177195449
0.449126660686  0.294371002246
0.406334485013  0.522654208899
0.461344642001  0.469154349772
0.541025019961  0.333594921425
0.514836678782  0.748979456492
0.490925751186  0.532522110386
0.358653387141  0.486077777697
0.433048585564  0.385154892911
0.519447703085  0.682129587176
0.629568707043  0.415631178327
0.387705582468  0.439622783911
0.496257424383  0.541321399823
0.383382446136  0.447260968646
0.511925750123  0.567852615685
0.453112867321  0.314651942873
0.261130985212  0.342516854904
0.455461844324  0.56168889807
0.533799895589  0.432301423154
0.304775783249  0.472845633636
0.64430800553  0.51956560398
0.542074514045  0.391989193801
0.381638017807  0.421358969578
0.423831139349  0.606172178309
0.343305996185  0.480345649368
0.597972615141  0.40420081986
0.497588064569  0.187163461566
0.342612742605  0.53204484088
0.640287695359  0.432567675564
0.462894999976  0.374711726237
0.454271803432  0.490025591191
0.628318071134  0.538682372976
0.488140080442  0.374646329993
0.28339817729  0.441033539514
0.641218742208  0.477847998022
0.343673228425  0.454604715507
0.52615525926  0.538387168135
0.396298622132  0.47324070955
0.357090532242  0.53117764998
0.545875323351  0.552609833476
0.492649720218  0.416232716707
0.591970216649  0.550504196632
0.354940458456  0.262218336206
0.354056343044  0.525462362199
0.353177705859  0.600218655811
0.402244048279  0.36963321863
0.48113900849  0.479940363994
0.517624179471  0.355836882217
0.399342648864  0.593670080037
0.58673923032  0.522617415496
0.449821054818  0.555245856223
0.455219919607  0.392633684622
0.585938902868  0.539905315296
0.457133338928  0.498788216119
0.495065460106  0.455384533307
0.523141782425  0.41926637803
0.390285513672  0.523789442728
0.613102204979  0.538150827257
0.61031273296  0.401922661351
0.39387196278  0.511787154096
0.555648826586  0.362788137353
0.709734685457  0.349277933646
0.631018390022  0.458768900076
0.436604043818  0.681147615536
0.604782199435  0.345639305988
0.507806218401  0.493573306295
0.444892578187  0.774913290594
0.553021368033  0.570846235752
0.44870956352  0.516207704953
0.514553563367  0.594107765623
0.519107191046  0.496745669868
0.488526910823  0.443851654051
0.526364133036  0.546995899974
0.381555776322  0.345096609281
0.612743623502  0.288210925062
0.429814770671  0.607055681425
0.384174768435  0.485713331785
0.625277916304  0.469810316999
0.590564422903  0.361910463827
0.634334453838  0.394553755837
0.429740548912  0.368315213738
0.414164922219  0.353475094288
0.569095696855  0.473570952024
0.410974934499  0.594097328703
0.329556270623  0.660080367719
0.690505955805  0.630377944084
0.461981935253  0.517170943876
0.494373781423  0.453046564849
0.594194589883  0.530040892575
0.447112753767  0.421085846593
0.48253838419  0.563224119305
0.607327962302  0.546891205754
0.702973364292  0.38914873959
0.4719026491  0.5490006501
0.528744913975  0.428315024457
0.45220908481  0.594416188233
0.563954545149  0.59595423773
0.44084578014  0.497508637896
0.611221680687  0.630869945359
0.405881907575  0.691859052264
0.445239524873  0.398929598659
0.250895272862  0.516740235346
0.463708896242  0.432539938543
0.393584457605  0.373647567362
0.269337542815  0.660986687285
0.718055482698  0.545399908191
0.436007509516  0.466649286447
0.549674872176  0.433791100443
0.491027813224  0.551785209866
0.531842036192  0.323582572866
0.4148559158  0.430215333036
0.3360381755  0.471043031069
0.553030557516  0.387887061866
0.630457059347  0.592029844878
0.517274949189  0.57793944567
0.513446559702  0.326215918854
0.473810264802  0.318339291965
0.416990795805  0.441375615228
0.304284593151  0.702866495845
0.559025426541  0.639334160578
0.582904724573  0.42185654491
0.41832311602  0.43521929175
0.408335208226  0.532860185534
0.598267853921  0.514105497117
0.366510300227  0.405364799675
0.443980509813  0.532796503798
0.576536223777  0.478498294386
0.511921371941  0.541695083476
0.637979094959  0.504828015678
0.630940560157  0.587160059405
0.437656029878  0.353080577265
0.653935016627  0.402680653939
0.424509966479  0.382376344962
0.477490055479  0.293659660534
0.316543748097  0.362368987484
0.570912924091  0.360110016021
0.579937087381  0.539873734215
0.348816769079  0.519045719516
0.468869293259  0.434820772622
0.420559908714  0.238905424233
0.298486103588  0.558455174116
0.446118285681  0.567544587452
0.368849317005  0.388970095627
0.373829672848  0.470490675973
0.676533657658  0.425234806715
0.423625625482  0.588070059928
0.588342498258  0.58910928526
0.588427775395  0.678581339032
0.474901767184  0.452164653325
0.450347801156  0.292587681322
0.502926994891  0.491597048485
0.375448624729  0.54815267923
0.489306694005  0.564440134164
0.452979346651  0.412806802511
0.37487263311  0.378625677531
0.286814542785  0.540847001382
0.40117201135  0.458040370001
0.510399315735  0.300366875447
0.585775302588  0.488603663978
0.425956639089  0.507656786173
0.439845144949  0.500837740435
0.368383728195  0.368324313004
0.433670102902  0.383488783403
0.582549975307  0.543404138915
0.552424184538  0.52965664555
0.427300362277  0.476159537428
0.576568376845  0.538522867291
0.48668128369  0.51874262246
