0.5362608793  0.52510689791
0.551626555663  0.499599051603
0.495177883344  0.568532749416
0.211499313051  0.443321492242
0.719634027857  0.550467973895
0.428511429413  0.412232124478
0.513070723394  0.483283662188
0.591722198329  0.424885231132
0.399553726355  0.445295354451
0.51508232713  0.581435425741
0.414333286571  0.681393048823
0.524162000384  0.451836531403
0.672143149044  0.451833179165
0.394161074885  0.693554022265
0.41543831081  0.595785032204
0.442829337148  0.591409823236
0.5846062146  0.55066798399
0.595724286959  0.405562982249
0.560417639647  0.508685934498
0.498642420181  0.50370851537
0.57819255322  0.445509500003
0.595714305287  0.540782027135
0.420843395158  0.276208106687
0.344455658535  0.504138209347
0.566842841195  0.518597529002
0.606390515649  0.507208270696
0.469844041878  0.510212546
0.5111923509  0.4789839823
0.524648382582  0.635726565424
0.478544959973  0.642437221308
0.349688772103  0.517050157034
0.615011152634  0.49481742865
0.533225589094  0.292691292863
0.368947624691  0.411347424138
0.485284188624  0.434789301353
0.442296165886  0.46599489674
0.448982126784  0.468480392917
0.49431011834  0.414522557681
0.718665940689  0.399964412321
0.46771271521  0.300212939569
0.562187753626  0.471973766953
0.551433918149  0.245765624454
0.461423317134  0.456914917413
0.308983328155  0.373272176233
0.507976901243  0.614273902625
0.539832353482  0.486956555466
0.525590919891  0.464071013257
0.574334378876  0.341195941222
0.551882062996  0.393871804654
0.519623563789  0.288539372944
0.48808563787  0.49761665569
0.373095428873  0.54226148906
0.512937326907  0.36728495651
0.345670648469  0.370640183464
0.590310362149  0.390233264844
0.427715945309  0.366344328054
0.516287648689  0.546703999824
0.550895653917  0.367604150276
0.522020375747  0.518933995799
0.296615044454  0.490667714675
0.641859337525  0.370144631021
0.541253348316  0.460597462031
0.327268912171  0.464715474413
0.392937840902  0.417849350252
0.47949975415  0.493069123196
0.477120699226  0.49686793317
0.47817976163  0.347935087319
0.492005122159  0.400962547836
0.621075871445  0.709548663419
0.388087038431  0.464545318861
0.363755766838  0.33857593123
0.698432939182  0.41350213884
0.551767035315  0.513134375486
0.49258647927  0.394941936777
0.416479625326  0.680527627517
0.708594753518  0.427298641209
0.50406361809  0.46919608723
0.439362434696  0.467995910205
0.484274308007  0.593718093821
0.547041739497  0.28241118533
0.631392108609  0.325649918674
0.408681942666  0.464552120683
0.528003640794  0.462287153908
0.562607787598  0.351529374131
0.562574285325  0.397962237795
0.437193102004  0.409614766628
0.524897186704  0.59531870162
0.52447293726  0.482598755992
0.45389886399  0.498290536496
0.678081468016  0.6397184872
0.459576946822  0.585075029999
0.60247779365  0.541308776772
0.458365159951  0.473548977798
0.5349291538  0.48522077667
0.471035103951  0.25548450122
0.679002997193  0.42834569414
0.694593967877  0.42974935343
0.508604302423  0.360291568841
0.470520831942  0.508165909059
0.478677037365  0.66500533607
0.514084116992  0.584918746089
0.512853901714  0.505961112118
0.465276376523  0.383507336458
0.478989427498  0.445770971375
0.514213316902  0.527620678035
0.481275979801  0.323752097174
0.429200370838  0.448390938808
0.496430705454  0.431037289563
0.524767840063  0.540310379373
0.45769178596  0.281629685924
0.43442445624  0.546145296254
0.563042334533  0.469104939174
0.400452288044  0.516050987994
0.497540447205  0.360642121113
0.558842321913  0.605579553706
0.48270569546  0.425814547335
0.475703441705  0.71720562142
0.521528555673  0.514007514742
0.630711375497  0.601955020559
0.384594616974  0.502593907788
0.324591373688  0.540366318589
0.462090664662  0.413076672185
0.451000751209  0.391077699233
0.514157077803  0.326304970807
0.474198660281  0.463882097032
0.605295353442  0.454225630015
0.461654464049  0.626586629414
0.599243671502  0.532529266213
0.627728226763  0.508715501249
0.692365598268  0.610719006463
0.600504496641  0.405388353296
0.445763694866  0.352798141408
0.441906208047  0.368132464153
0.489458415386  0.461138353721
0.513887923092  0.366793761396
0.451920978134  0.332795776491
0.373375932708  0.394914645098
0.41447821739  0.551426206633
0.581407276845  0.524361208005
0.461457029427  0.510639123833
0.403880428448  0.29434370623
0.524685585059  0.388656570632
0.362658683596  0.356585606112
0.46797875914  0.645223739135
0.563014993627  0.516823682149
0.475464139199  0.493272142971
0.520343151478  0.422318955352
0.619821122338  0.381639203056
0.389934595626  0.49593335852
0.409051903642  0.503283336777
0.527155274777  0.591902700222
0.538877439869  0.271582881763
0.626031215651  0.527919523766
0.402136831782  0.618344060075
0.4933936612  0.383125917613
0.637062579525  0.326606976092
0.560756330918  0.447950255125
0.513601443257  0.396645054001
0.679965600656  0.396803323416
0.707722670182  0.467505442666
0.346604628582  0.470504325051
0.405159714406  0.384050738237
0.524326255324  0.366301617855
0.608105964018  0.66955847113
0.360772079786  0.401885832615
0.465346844778  0.476848905136
0.517553461964  0.544522085293
0.531705718407  0.308344950517
0.313878830303  0.345569333552
0.632463980339  0.527238319909
0.600222105625  0.44167733464
0.538606550826  0.616439639423
0.387252528144  0.486916862871
0.581972676268  0.379165788972
0.723692897833  0.533660875222
0.411934640207  0.558333559862
0.431827989213  0.548326463604
0.432899794623  0.475325283204
0.464728200587  0.487614191223
0.407893682942  0.419761008395
0.500775384858  0.515984494004
0.601755359435  0.448483343096
0.518751087708  0.470165641721
0.420466151491  0.503664607754
0.456620530527  0.359311675301
0.500616419856  0.489570224745
0.553053012104  0.193454634938
0.506760481184  0.491742227609
0.459619105049  0.388582499071
0.385109772988  0.470175579515
0.421364935545  0.311426405701
0.558595000986  0.412772367973
0.450100090525  0.477219397682
0.397281627351  0.518407293678
0.411945785664  0.618771542735
0.42139267926  0.372833898033
0.290738894329  0.550998679254
0.481493123826  0.669727588043
0.461772003082  0.440150097475
0.634969147825  0.430831640638
0.34306830991  0.545171057233
0.302689550161  0.663722782113
0.653699020166  0.440057151022
0.626524463959  0.499206843818
0.621985966015  0.565227927185
0.450549095603  0.38582808368
0.462241671219  0.561629417878
0.447661571249  0.303263850456
0.501317418841  0.578543053672
0.545986721805  0.438380540294
0.450340594298  0.436655610385
0.326882308646  0.40023229153
0.399363706675  0.626999983787
0.569223249311  0.571927226947
0.491768185558  0.528068481301
0.556573529907  0.55255253212
0.489920670844  0.360268935552
0.31123125525  0.576262272637
0.466041669126  0.510822498615
0.526917668951  0.40500607443
0.42700205717  0.511881475467
0.491102186438  0.465063965386
0.562042061205  0.365306628125
0.50279253219  0.276155404934
0.603355118886  0.422864522278
0.410169933108  0.526420883747
0.46624579007  0.444883040382
0.490569166557  0.564875497971
0.529677628028  0.541445529981
0.514048469153  0.560788257706
0.508325503687  0.622030323316
0.402591861294  0.45726597127
0.608015314958  0.54511297627
0.587176181715  0.527752670252
0.605468796222  0.407289661234
0.449843330588  0.383755565262
0.476868040775  0.434335213897
0.385626421751  0.374402293915
0.636795462619  0.383819707829
0.55836360781  0.473957199545
0.656058406874  0.586986421036
0.454930680093  0.507082162847
0.372731630353  0.525967628812
0.390285857294  0.27065209347
0.514655847733  0.523562187556
0.306561736038  0.431012184095
0.598233335883  0.553627753532
0.442761855176  0.263292971944
0.549814504597  0.476306028773
0.466100567666  0.43491987759
0.535211530953  0.608122509958
0.529816592555  0.476211711053
0.658285743461  0.636707941298
0.444754473224  0.419062292931
0.330010043235  0.43401131312
0.496064013836  0.612511107167
0.590325358153  0.492534813542
0.395115256047  0.479846508897
0.474727172622  0.604018633912
0.471329694139  0.368624346713
0.379566204859  0.42829409514
0.375091845372  0.347458529368
0.556869160553  0.567703572816
0.614525390658  0.302173328601
0.756301346047  0.34037135659
0.389273577191  0.453188018734
0.731721565865  0.511408167324
0.590808474844  0.487302775526
0.340968853686  0.555310626449
0.731302819147  0.45144036036
0.314241640882  0.449142746189
0.652411263581  0.571496450991
0.450476941252  0.499826899185
0.571755237703  0.551047650276
0.603509420013  0.50007268078
0.62117277843  0.227344705703
0.618056619444  0.45087186539
0.59707337754  0.403896369467
0.418185768881  0.492275885285
0.448049164628  0.395667143559
0.472230924708  0.525937089869
0.41210424532  0.376614784584
0.460756115504  0.600521030303
0.511299292111  0.469310980865
0.493206429074  0.600716954539
0.380566650988  0.457228062752
0.738920351424  0.428467182779
0.689485154959  0.486458083471
0.485933703848  0.303686894292
0.489573169245  0.554710875284
0.550035774254  0.541720614697
0.58320517398  0.425608739156
0.401491760934  0.505678891562
0.497251530914  0.574737044299
0.702597580328  0.576974937998
0.387727953892  0.674997348962
0.480424582203  0.251672848912
0.613863898029  0.460547504676
0.475753166615  0.402632552677
0.404694254682  0.432635851363
0.499432738208  0.424881776709
0.374501415836  0.552457203196
0.560390122864  0.504943779082
0.548181103687  0.580327473018
0.329095518257  0.389801672857
0.540692073416  0.387177211242
0.55400517799  0.290466199646
0.524560730684  0.510123808526
0.495911176713  0.521721763608
0.5592421614  0.478076932735
0.365892311775  0.498650370421
0.767833593648  0.607900160563
0.414020755546  0.480766713464
0.541768115661  0.476985918348
0.608354662126  0.459002787702
0.573179793814  0.553442094633
0.371637038814  0.566739360151
0.68002375503  0.711615352617
0.4391105384  0.460759133385
0.338857077704  0.402501436832
0.601593109454  0.296904806458
0.481209112187  0.431273980029
0.408597245542  0.554437365913
0.545319602155  0.415699867584
0.438542066603  0.363891098581
0.49384851848  0.508691350116
0.516397544728  0.448553175884
0.553477058893  0.385073423986
0.409997861149  0.686733804487
0.491032137584  0.454801083232
0.282723435867  0.286831195198
0.452108953053  0.53158627158
0.545871651925  0.566152245107
0.374769352589  0.521972055957
0.542182067465  0.585994034463
0.340170103622  0.330288742955
0.410742246201  0.538004024086
0.519034164107  0.478379306175
0.404432471315  0.617132125426
0.518935312453  0.401236102551
0.324560413276  0.500955908732
0.493866295435  0.327015337331
0.302850460239  0.530146663449
0.458099223224  0.531896081979
0.510543454315  0.436668982077
0.415168619319  0.602782766019
0.534298407308  0.484831776943
0.402658565696  0.497352571095
0.54939444649  0.496562675777
0.643858887491  0.6858546339
0.61398473188  0.537916422186
0.491360015831  0.681610464835
0.523296791908  0.350599181531
0.35104473378  0.496122452809
0.487455099655  0.672984094117
0.53900412558  0.698998780261
0.557688564205  0.549081427567
0.671491669919  0.476717794527
0.484540102068  0.602376851738
0.442524817963  0.532005202286
0.551229574429  0.413238710693
0.614100062757  0.406629359208
0.428281116336  0.537530161079
0.429719210897  0.543508626628
0.568223834308  0.337992506684
0.601546398837  0.383541655614
0.448048333999  0.517033815918
0.389647613374  0.397622519628
0.491871867379  0.534050214916
0.676511892343  0.476099232387
0.484071609078  0.564572035667
0.492324943009  0.405406364966
0.35312582509  0.382714889967
0.427198141098  0.40092751543
0.566087007879  0.430866946794
0.227449606173  0.49378077828
0.521676602223  0.440538401989
0.366227857694  0.477748415449
0.610997471474  0.677313788446
0.36961702615  0.561796865181
0.544226937638  0.609994473013
0.595073820266  0.3412297182
0.597187743266  0.555649578601
0.528679766787  0.318871170571
0.355331808308  0.448742177433
0.48642882225  0.599214468001
0.317200243314  0.520876243113
0.691119524076  0.389061816768
0.524076069251  0.446538518901
0.465040175277  0.424398184464
0.584141913758  0.671581449843
0.585393762464  0.599765708443
0.439350549261  0.576429062173
0.299015267381  0.431570643949
0.632870272258  0.560208582302
0.436136480936  0.681362215553
0.500858486263  0.545152294953
0.765645901465  0.361743880421
0.547764613387  0.495409731213
0.487238464821  0.49565780567
0.390273419006  0.477311759483
0.333835243348  0.417349498594
0.561725926019  0.598461580458
0.515693316493  0.291100661821
0.582897442588  0.369702494897
0.284108913451  0.33549863762
0.542211402965  0.358810404301
0.530888917187  0.622340402746
0.373670581734  0.427477181115
0.63029556068  0.467607936053
0.630538095689  0.546656603562
0.567151827534  0.255737531493
0.600001811391  0.555794360401
0.496642967175  0.554678664652
0.732953985627  0.572625099587
0.557755658888  0.574137085589
0.645245821128  0.630674673653
0.279686523254  0.490894082983
0.550898150672  0.484372015299
0.572485993514  0.466002037142
0.606775501634  0.506309211216
0.738164812904  0.412131412526
0.610893953201  0.583810284203
0.390179658832  0.495312055743
0.607567158112  0.294213767545
0.626913977482  0.437081924537
0.483845689899  0.327151468591
0.444538818908  0.526842608069
0.490826930388  0.400132890174
0.202819866895  0.437491433651
0.408437133371  0.640644612512
0.610227114732  0.641811930314
0.375535336389  0.688522212197
0.481530129162  0.314310797497
0.565446486925  0.250444429612
0.440722727431  0.318251596139
0.573910819285  0.481458190154
0.355467775509  0.435626212487
0.684970254425  0.582646145015
0.419983176822  0.42173600039
0.581015407087  0.617168527744
0.632777451708  0.425538193296
0.436097961438  0.469594427667
0.608780185306  0.366787549999
0.413408830881  0.560554005384
0.492517931564  0.380427933488
0.430860848383  0.549051026337
0.458979301895  0.507244438725
0.558044810399  0.501970570456
0.528722693586  0.650724194877
0.454819547632  0.782683861302
0.454341433973  0.332305398421
0.482874234763  0.522625300109
0.419234560784  0.478460000621
0.289267489332  0.519521072919
0.291737387841  0.585870383577
0.375503115419  0.512526934559
0.625359303861  0.561821716394
0.344977488736  0.543219117552
0.432091087815  0.354856084806
0.574919340077  0.63000565797
0.487330372246  0.471530407434
0.510012112958  0.624781856268
0.53114667651  0.449458491163
0.568264806958  0.395931232888
0.5906360664  0.414897498179
0.463016224703  0.403613655442
0.378311486819  0.452120884117
0.554438820674  0.344294787433
0.757942283707  0.498511411962
0.400589462277  0.440798066057
0.480729105665  0.487908530589
0.626358690055  0.275932133131
0.333917951167  0.554357973949
0.551953036813  0.277896008366
0.573339187549  0.57042476744
0.497517901779  0.532629573144
0.708217620815  0.40346127992
0.372891424135  0.366865462794
0.523379852224  0.380859829151
0.430399633713  0.40473396911
0.413989328368  0.50536301431
0.724801341468  0.35425757046
0.528573090343  0.536619264756
0.586174176286  0.522794410136
0.42932578706  0.597076233978
0.517856994873  0.644908171551
0.461121745959  0.363580936995
0.439981745767  0.343479057626
0.436146264532  0.215587747487
0.525722019296  0.528954648029
0.446312584585  0.677790161746
0.568594197898  0.391581425058
0.580576147638  0.505800892725
0.501017797221  0.439696053344
0.612484381663  0.452032290344
0.399735246235  0.384191965522
0.622398275248  0.678336725826
0.428295590348  0.362925442855
0.70289964551  0.421333232235
0.779183222805  0.348698637645
0.416513465682  0.278942614813
0.421670894604  0.662721365988
0.682226632671  0.517258617276
0.492225289978  0.345588182914
0.510861644709  0.664604424088
0.557409166336  0.353884009434
0.372006845119  0.459830083238
0.408321627854  0.490705157921
0.471947798895  0.359173435552
0.437825877637  0.40355333263
0.495703350831  0.515101178543
0.513441595933  0.391766144126
0.402618365823  0.383867142802
0.456227757246  0.296686521281
0.519499954258  0.317662262619
0.453181704278  0.374277463642
0.517011576076  0.384026390697
0.548597307428  0.462097276037
0.616926642282  0.574717962983
0.568990725882  0.425665515658
0.645352104816  0.401781263871
0.504918841309  0.208326314149
0.557473645474  0.646228700838
0.494756620146  0.588376190773
0.698203872149  0.444386526873
0.602757003599  0.434459508898
0.556944309966  0.515305848997
0.367289497614  0.570251683299
0.411434914811  0.540156062104
0.490738298251  0.544767233211
0.531262235697  0.481894512483
0.454344443178  0.405750637737
0.596215110152  0.58046743758
0.300690955817  0.34914440008
0.699174272586  0.493380008311
0.536893727777  0.57563373076
0.631420352949  0.331601088075
0.404463013151  0.639228492191
0.485213394536  0.396698035667
0.489908840567  0.418856449281
0.456321951112  0.426409753512
0.755149880997  0.377016714361
0.54885303911  0.245319209032
0.496200643288  0.498085591784
0.572008063795  0.341214635955
0.555227237927  0.575669856665
0.41237176584  0.577897945554
0.343140360458  0.586765574565
0.502373211672  0.680159164206
0.43930981583  0.522786845954
0.520116268677  0.608223681471
0.540168034632  0.47361674567
0.492963259505  0.471286264051
0.492288936933  0.470518514319
0.435532037392  0.506056971651
0.508733471502  0.363795537016
0.476765375021  0.559419169192
0.473302172016  0.470880816438
0.624543311915  0.473113193278
0.500464159929  0.469443476556
0.619260710454  0.534722402904
0.54890486221  0.481350603311
0.465115979131  0.488869262016
0.625992821362  0.421362968903
0.540842023636  0.291180272607
0.524640405773  0.617996347448
0.723369299923  0.522488103201
0.35787131173  0.470357130108
0.475007790962  0.313501848799
0.591524780307  0.530803330939
0.52163527392  0.384380756829
0.451864801587  0.424304541504
0.637318884984  0.532357632771
0.452382582153  0.35290757787
0.51794001083  0.356426897859
0.497783224493  0.58434460448
0.566198934193  0.618702346683
0.457489762898  0.496287715325
0.456068087156  0.43519096167
0.558399571946  0.532331576082
0.615923439916  0.535092690079
0.620687705871  0.41404498926
0.579611867248  0.222309346617
0.396753018026  0.465055386202
0.587139822811  0.660870937217
0.567413462636  0.397824437237
0.578879699679  0.338167626676
0.451685616518  0.556795252388
0.365670586761  0.397600815645
0.443976504822  0.449719774526
0.390501358803  0.42540716826
0.560846649248  0.486836414012
0.3884630688  0.50136190493
0.476279289703  0.578680255422
0.402293934907  0.584228562088
0.333166438958  0.554146386646
0.593368313468  0.456556694103
0.308758577797  0.409812079583
0.673900810099  0.492101506256
0.510553259196  0.427676193469
0.419477392043  0.4613397611
0.389824823805  0.328668968555
0.413159609838  0.442189152173
0.559364699623  0.446633297358
0.495419069277  0.452330568492
0.381236549883  0.648715952308
0.470572021672  0.396539353048
0.528686828129  0.653898356262
0.44814998273  0.625091522673
0.646871244798  0.323874607822
0.478746167046  0.549893200976
0.44638123379  0.510979517328
0.712083605936  0.364045605539
0.512624040756  0.442146888553
0.524618205622  0.423793955934
0.474204794701  0.533087095673
0.34348619144  0.596494086134
0.467825723141  0.418981974508
0.594526927229  0.463045273149
0.543281677529  0.581539253963
0.317111888156  0.354049042066
0.560882547738  0.482363426873
0.547196948179  0.441434457358
0.483592639135  0.581218798458
0.488784441327  0.28263969862
0.685251510712  0.435636245992
0.442307705088  0.477180367714
0.764313626708  0.542245347544
0.505360463501  0.462293564879
0.567395069673  0.481345166346
0.509371225522  0.483339894022
0.575757043905  0.376805614571
0.654312149428  0.497774751891
0.47762687205  0.517466451496
0.344931749918  0.411502932217
0.496671233482  0.371806442909
0.467056877124  0.421725107615
0.451375696053  0.388237239943
0.343791736583  0.440566530798
0.48485076206  0.482598965459
0.604525911989  0.470462709765
0.45235327628  0.479668247203
0.474928268789  0.602133625997
0.46989490369  0.242109066256
0.553314500731  0.497307209816
0.408945223642  0.499125238362
0.511632943384  0.378002668247
0.539538456635  0.452386497547
0.377774440714  0.416230311013
0.406196789043  0.553759288811
0.418655010736  0.549995880596
0.426238733068  0.210040860983
0.482245118124  0.54102234405
0.461897516698  0.424712676271
0.600464731658  0.38430320224
0.378620927269  0.37677031716
0.504737242532  0.700127851163
0.464885730802  0.484612647768
0.409192435701  0.458789061641
0.59901136432  0.573146894145
0.716245371968  0.417961110705
0.584058000026  0.651403826884
0.549983630214  0.55038537888
0.440232137282  0.650823936719
0.333994690525  0.57276855889
0.519337559477  0.515727288648
0.67609927741  0.439114973636
0.337441649789  0.444819952343
0.472124521565  0.248316881324
0.42693593337  0.619227985549
0.595099552935  0.525763855531
0.552588956387  0.561890569493
0.473531274231  0.373710091332
0.420675700374  0.257475297415
0.477491806179  0.308823117739
0.748879164977  0.529423365998
0.520479255673  0.685236748079
0.642728988319  0.408097258162
0.462147884083  0.556441306302
0.464343276961  0.30500963263
0.490973404454  0.48761908955
0.449282489109  0.391185124539
0.42246785078  0.485558610787
0.332728311848  0.529957492137
0.588021589253  0.417298696992
0.559283683226  0.465028158843
0.466264395917  0.510900414431
0.486323010347  0.405877584139
0.552448957343  0.326978792173
0.451521394121  0.50326994509
0.239622412075  0.3722309875
0.558630597131  0.52049832147
0.511305330877  0.450412736425
0.416853637714  0.368909687201
0.545692962223  0.420258383709
0.35103256895  0.395519237305
0.399482953774  0.244366089245
0.477313061069  0.35788697398
0.431459867835  0.533230086912
0.50906822073  0.440948637079
0.489210064496  0.577187718033
0.47738610995  0.498223432754
0.551566339475  0.526975620756
0.316877501943  0.502471902864
0.382451264469  0.541543151104
0.633360323242  0.616800745022
0.523625654257  0.356551007657
0.376238861049  0.439499875071
0.43241542194  0.371370349991
0.535949234264  0.45810309962
0.434214925782  0.689912541969
0.418867129503  0.456866705787
0.514112355808  0.46340942078
0.464297165781  0.369580984027
0.565497429497  0.412125617671
0.553031608673  0.551476913706
0.661436677248  0.442628033631
0.579677970536  0.393703833107
0.479268460409  0.527938924889
0.482169549095  0.372577176616
0.524753133104  0.512098086103
0.595996101722  0.345339472726
0.341614863031  0.511163358073
0.568129028139  0.509358737042
0.504868190859  0.406099726878
0.446126929659  0.465068506021
0.53771385563  0.422217129856
0.424536067385  0.340786454564
0.428312477714  0.288982836527
0.484172757524  0.457542721998
0.51960065114  0.441138495317
0.631924855186  0.441437825504
0.580960850671  0.721592300663
0.654611565465  0.649306393434
0.517211959548  0.451549707034
0.569809078912  0.279965191409
0.616785479827  0.278949810142
0.456612772673  0.47044892911
0.455500969017  0.337205803247
0.42864779712  0.447864461666
0.413782176697  0.44007745258
0.399559255214  0.54695562034
0.498498926499  0.579966207843
0.542035266344  0.506503602505
0.583425604982  0.433639332359
0.425496879557  0.451541799616
0.580639727951  0.485654667498
0.513048319985  0.342422766641
0.400933819898  0.392046245602
0.597883068142  0.586064383956
0.485694535404  0.630720795031
0.639088143156  0.411599254062
0.460674946139  0.464008729156
0.592083939928  0.302878199155
0.576624658096  0.521186618462
0.735776434678  0.453560839995
0.465598797762  0.529011125261
0.339539249106  0.406122810046
0.600906939045  0.400645162415
0.509674596469  0.390135482414
0.458637628745  0.504426745749
0.614879888402  0.48078297114
0.652694420764  0.3039219813
0.48389336628  0.629644547009
0.539373386486  0.469032792072
0.661303257964  0.499361570492
0.69995734893  0.514541358327
0.436122562714  0.418949594943
0.416795523282  0.456602968444
0.564052811262  0.504709731534
0.362063542088  0.439300628132
0.485024443722  0.570729713207
0.342435243306  0.379128612522
0.642218295443  0.502814852382
0.390798155121  0.564711272101
0.561932661181  0.48989513393
0.636280862317  0.471816137245
0.475256100725  0.447191792467
0.620786222622  0.533126706384
0.509993540567  0.305612862822
0.637387762721  0.424002913792
0.376008651866  0.3677202606
0.548446256973  0.398626799272
0.557337342422  0.502010360111
0.471107882461  0.523643519189
0.539913743275  0.515001023383
0.497405056187  0.512998973158
0.403223211361  0.586621006045
0.43393633821  0.383855719406
0.494139147437  0.436660444869
0.404599099005  0.409814451438
0.584485525936  0.426532050706
0.302536230796  0.327935322106
0.387671406519  0.546764286847
0.767793650015  0.511084411033
0.419540393361  0.415934501662
0.497950674082  0.413124687057
0.521701594709  0.404856333787
0.664208926362  0.584255209919
0.458065128594  0.478465975098
0.5141520092  0.250936659047
0.702611767721  0.421093340078
0.482769397617  0.449580554022
0.482645025452  0.346150116528
0.622457671074  0.466957946704
0.505181234266  0.468690035312
0.642650192618  0.35638362297
0.321428228332  0.326265467982
0.448307835635  0.265197837474
0.456864000436  0.588875435769
0.613957651485  0.327192833376
0.532283712633  0.491763021512
0.489815394996  0.561723795758
0.444390158158  0.51202870702
0.54928116772  0.476044349926
0.45820200565  0.481987075727
0.543372345922  0.359983934664
0.439368066497  0.56308490405
0.378306174807  0.35713480691
0.335890296999  0.427228069759
0.681434374941  0.32962226933
0.444070874088  0.216313403516
0.563023980713  0.436347225756
0.593344102269  0.43608763483
0.521500874693  0.375936812798
0.534588601319  0.429890817046
0.521227291016  0.433458491745
0.520613219596  0.485903839493
0.627356024404  0.535096823361
0.687668244742  0.545328998821
0.618715032447  0.578332304226
0.467939590133  0.342123278078
0.71607616264  0.422289976957
0.571808656405  0.422880732887
0.453816268386  0.492830728186
0.52655671143  0.501513109108
0.43455361156  0.507548455649
0.512263101921  0.379756778388
0.442569636681  0.628034204403
0.438719431436  0.385086919591
0.466447482357  0.496400174065
0.600435418729  0.546378150792
0.463527333037  0.274147287138
0.417874030474  0.283716657658
0.605379477298  0.462899851085
0.511805586153  0.439804069504
0.467305092804  0.554397755692
0.422239726378  0.519095081092
0.430199625547  0.413713055555
0.459934803676  0.697879587511
0.619644219675  0.500402058489
0.302476739226  0.335777231832
0.463676251559  0.465057659988
0.429226972396  0.487312941508
0.296090338386  0.470521507426
0.531526613632  0.339906052274
0.543167431497  0.385510587065
0.508808878913  0.54313274706
0.445197892666  0.4563422508
0.572731926034  0.525748313733
0.627354728635  0.510263784108
0.431439585658  0.447007015689
0.532511855775  0.543834772209
0.587736310665  0.484175609936
0.374523275665  0.648763792237
0.50867566333  0.498554789608
0.471956481029  0.455645464042
0.622299522091  0.50631580868
0.191332304761  0.497023573559
0.514889764027  0.40954580173
0.6749827663  0.38830782857
0.43505176238  0.42622791082
0.490923465453  0.442523084705
0.446455433254  0.467735513798
0.510282541189  0.473585213267
0.266133024253  0.552597903015
0.452821790841  0.641982328905
0.528238528978  0.589754251703
0.545480102701  0.460252974372
0.284003034802  0.516574270481
0.564690685804  0.437291978477
0.43893222424  0.661680167
0.716697692708  0.478202169921
0.515562003048  0.559220377996
0.539439753952  0.407712431134
0.520758877392  0.467673221638
0.503739674483  0.650247898572
0.505773418812  0.506004150033
0.477456272737  0.611482126651
0.495633984177  0.627164121651
0.610697934181  0.339282304359
0.362306892023  0.434121372268
0.486430716383  0.538338352549
0.503744025679  0.496911138786
0.602279442664  0.416698868059
0.468432448224  0.465618033622
0.556711172318  0.586202936279
0.335000862257  0.358274253283
0.373374955985  0.39916032402
0.803714999024  0.467436558135
0.554468038453  0.464157274496
0.36144764902  0.316461135676
0.420570683774  0.479157390101
0.632762973864  0.600398107854
0.510379095436  0.474565721397
0.516007733564  0.430741433167
0.395071973533  0.633816321823
0.341796757222  0.511280263417
0.436527428278  0.332689084905
0.421941091157  0.491571439537
0.390116320444  0.32349521231
0.475269819736  0.462067078113
0.402655992587  0.567162009059
0.73745109392  0.540936231237
0.52180214863  0.665418824632
0.552272445731  0.527455675819
0.490916429545  0.407992676339
0.722077472961  0.56741702786
0.456710635075  0.451260693415
0.433282865858  0.532737024973
0.570579592606  0.564176618845
0.533902944769  0.579169936526
0.74384963348  0.300286775448
0.37462975295  0.434790166029
0.551926726588  0.686398983842
0.439119384878  0.427301172636
0.500774110609  0.525075453423
0.713285668846  0.398477722861
0.579244510254  0.500387946144
0.574356032928  0.515582092679
0.258241227439  0.533251907876
0.489633787421  0.529748705798
0.544476934609  0.536449227039
0.566778865056  0.676587753115
0.591698840429  0.471867832382
0.468208901777  0.469427433643
0.387428369083  0.527568313958
0.538888765377  0.599578510656
0.571008093848  0.511004219272
0.617537624336  0.501686916497
0.502013345438  0.30913652697
0.411300663429  0.541307117526
0.409335196168  0.540948267039
0.605346138037  0.461005172377
0.496006008354  0.505388188101
0.512427310967  0.536893242733
0.48791264407  0.413998427121
0.255552794049  0.468132391805
0.470998914987  0.511293050465
0.52752618133  0.585440843378
0.49318011196  0.287226613253
0.455846516751  0.434328144849
0.53753268861  0.567000432078
0.419505386642  0.349972790493
0.4893528674  0.511024832952
0.425393118849  0.45845658936
0.415366546259  0.529607797917
0.526021311286  0.425384831281
0.393096845752  0.343843184695
0.373361294859  0.598384262805
0.533883180323  0.503694933699
0.740428541368  0.394935047516
0.586440435759  0.429969676035
0.654637290213  0.489633696816
0.518869985262  0.429247609671
0.457424657922  0.443440687137
0.547281727809  0.384092483086
0.461108032349  0.543892979073
0.403386509707  0.484462372884
0.410079665738  0.495617019641
0.641078213745  0.439317908292
0.428121892498  0.476700738679
0.517950933485  0.570937755801
0.435374345014  0.348129815142
0.585774717214  0.743101812318
0.482962435253  0.543809497912
0.454043076362  0.334781974476
0.425237386791  0.549782418976
0.584803138053  0.380464879327
0.551544089641  0.42544544301
0.457284707139  0.666191373193
0.512789841823  0.534388441449
0.54699161183  0.391076292048
0.512015462186  0.358944621536
0.370493126269  0.461733365924
0.538601845971  0.581982054683
0.577308021813  0.353806592824
0.477206043955  0.5168832946
0.429665556577  0.486092106335
0.574736758439  0.400213307198
0.494163059116  0.495839063636
0.446299189721  0.466195295358
0.551736120493  0.333052947782
0.518618393738  0.610064103965
0.478519710479  0.655132524792
0.540779107067  0.451176889362
0.521902821263  0.673973108106
0.585493296602  0.511242483204
0.564396758945  0.566152170773
