0.611494167297  0.488770546585
0.6388029952  0.464765286394
0.588170214906  0.409975556443
0.540832332413  0.572435323846
0.458460392689  0.516915539599
0.694840762687  0.50882572124
0.495654183549  0.621104146649
0.729046558275  0.483615619561
0.431655439363  0.624296284915
0.514999062242  0.437575065047
0.438134374467  0.375458024574
0.482037975621  0.327786346012
0.390405946551  0.431371788502
0.545959146303  0.453128415305
0.605028453285  0.422381582976
0.188598732872  0.485007085641
0.406643860528  0.588756979084
0.443163641687  0.534637360148
0.491004000031  0.482564469652
0.502624352527  0.52178085066
0.239097035852  0.427511448287
0.449862365472  0.643842891933
0.503054345391  0.526421778107
0.533881943237  0.55085292122
0.435459348409  0.422614985964
0.41532521637  0.288354152801
0.583027711322  0.426440061254
0.474552416277  0.665078370895
0.447666848323  0.442895730032
0.226791404839  0.588965175879
0.530827020489  0.334566570269
0.694965085356  0.48105490304
0.653857897238  0.522543817688
0.486907786624  0.376734730865
0.524292772351  0.367988961869
0.470548917003  0.471340078071
0.390662630473  0.671617334585
0.41864593292  0.494457352344
0.345144659409  0.396284573358
0.552922342103  0.429429716852
0.609894684777  0.71740391794
0.574954107512  0.425376171108
0.583556696583  0.351926531244
0.522940186178  0.465630625404
0.607081036384  0.414807628831
0.547200850782  0.315263589272
0.487557198889  0.370582487948
0.448311824267  0.435106531832
0.566883865031  0.440099885438
0.559129832434  0.292234642826
0.455907351929  0.426194699959
0.451602783997  0.505915791999
0.616501169413  0.470744899268
0.337775422313  0.544916459227
0.578433355864  0.36048174885
0.413616994098  0.587780965547
0.614441593767  0.375604843751
0.539476262383  0.386866259223
0.506533515417  0.44336594809
0.5735690786  0.562329885915
0.389110852659  0.409510995738
0.539710029509  0.535388266484
0.511722842214  0.476346557163
0.518302207379  0.615934628511
0.526196802884  0.533075448819
0.481186813876  0.50428688751
0.586158577731  0.588097491111
0.433492250038  0.440753948245
0.541544060905  0.492998844593
0.582019108145  0.472818131505
0.521017829835  0.657152581979
0.403011404629  0.448415648173
0.54987010803  0.493353226531
0.535547990233  0.55574017746
0.636955240849  0.592088672507
0.623049829612  0.287960844573
0.429305012637  0.415220881785
0.583660232001  0.379743867017
0.608955745926  0.592517760235
0.596397070294  0.600603032046
0.471822205056  0.396380972293
0.737191846652  0.464126867421
0.541002798995  0.426423868888
0.451168901255  0.363750570104
0.650491235691  0.550118059131
0.481345646507  0.330902336627
0.309135190812  0.460529367525
0.42833410828  0.568504509494
0.327947521084  0.307982711915
0.444302273096  0.309059702892
0.407339614862  0.370121021954
0.618863912681  0.509101858797
0.555380813682  0.385783543596
0.436796593897  0.479529044828
0.418523868282  0.532479149616
0.462015543422  0.473173544933
0.465269920901  0.538734204425
0.465586196684  0.512141262512
0.534790471594  0.452049396306
0.433152433181  0.529540702111
0.425497629824  0.5507210573
0.398973430984  0.446478297311
0.465685062896  0.491292067736
0.35255632627  0.39227883247
0.491162057699  0.583823263596
0.393260824204  0.52259432458
0.484099948873  0.596386070735
0.738898141284  0.382942010436
0.469896190257  0.554327565198
0.473568688726  0.290177988441
0.360157282915  0.409863177975
0.489224509093  0.320578327734
0.501013317043  0.527810943367
0.318448154848  0.485183197168
0.447322850453  0.323833778301
0.431758705004  0.536116387032
0.436326810411  0.34980822436
0.419275946035  0.428210120642
0.481086500348  0.504084245991
0.46411264226  0.594619872941
0.483810247468  0.483155778038
0.406743360818  0.526374666269
0.530390068634  0.504037406823
0.406583216744  0.503077897241
0.439240297799  0.487385819959
0.665053841273  0.511104359222
0.638739144987  0.49294297112
0.487846746433  0.351959803454
0.482414558322  0.618476449474
0.444253429647  0.377380162273
0.471405982376  0.17161521383
0.391013153433  0.392337628315
0.706371236109  0.595553941354
0.502954948777  0.512761259093
0.464171224877  0.507251273492
0.567951347108  0.515598607462
0.392266094125  0.551783358584
0.239989350879  0.465128726757
0.460628839503  0.54871343569
0.610528368917  0.357110278756
0.514869751915  0.339378641802
0.44230907999  0.668328194181
0.405868941952  0.45098281531
0.520781533373  0.530658947012
0.632952789806  0.45193145229
0.439402809161  0.532661544942
0.383402129475  0.470766991959
0.386989293801  0.546753919051
0.562095604809  0.530107821496
0.716886731066  0.476640568665
0.509629404383  0.630240102397
0.495256330035  0.516021580436
0.579296088839  0.703115594221
0.561808468749  0.57970846223
0.500022047545  0.469152421739
0.476134186524  0.540655346605
0.521141750229  0.473784136645
0.442303339469  0.436959457605
0.436826146707  0.533919372899
0.631027910976  0.439354214739
0.512641014046  0.375294805107
0.349947152666  0.292592473438
0.449500360502  0.447613008936
0.623629442257  0.508000650729
0.574199738299  0.664996400715
0.415100447795  0.544511467396
0.445782733203  0.37697451581
0.32054705745  0.242217774738
0.337909152153  0.565951984312
0.550701857657  0.375948676541
0.543388252856  0.455485325238
0.597326498016  0.633316738767
0.340335869792  0.513486629735
0.469623184652  0.514002417773
0.493527562219  0.51926786725
0.468077486708  0.63052049895
0.584727020564  0.60579479171
0.473338048935  0.516265615715
0.546971905381  0.495414007231
0.397470585531  0.345780858425
0.525394689529  0.397086792722
0.519366574537  0.644609203122
0.60086913465  0.534161892499
0.369944966779  0.444039243668
0.65373386417  0.46093773312
0.420936295161  0.491683809118
0.4207691502  0.439568718668
0.640621808217  0.490985359859
0.677652875231  0.637680082757
0.438854691257  0.335156736164
0.501924899372  0.469933237773
0.385761605277  0.454577706994
0.557648064445  0.564494258919
0.752426571241  0.532368844067
0.649644859896  0.437032909394
0.468430847335  0.525874300567
0.659582488452  0.371070238701
0.495045901851  0.521611171305
0.431265116827  0.658629077365
0.649393074625  0.468347802319
0.526428821421  0.590343702867
0.689889126441  0.505907207044
0.37068992371  0.538351694701
0.418635769377  0.535434006861
0.551536705951  0.382116653426
0.302045346009  0.640985738572
0.50032535238  0.468928067179
0.754138971576  0.414068133687
0.38528749248  0.533445292278
0.534070342698  0.507524605046
0.466542333809  0.438061383133
0.269661567321  0.422815972152
0.412640661737  0.440000126466
0.39978628123  0.538026091749
0.577188354473  0.536481880442
0.431087477115  0.317131659936
0.550428785501  0.490347044095
0.625814693507  0.444707733246
0.538598737049  0.426228625992
0.654157221252  0.557355694819
0.581590866265  0.492502280775
0.592702651175  0.453534622145
0.428763980302  0.603251982414
0.463516120812  0.596453349157
0.567500519237  0.337770269783
0.396473802796  0.501245847432
0.634717528016  0.493506452588
0.455654106973  0.374366134999
0.376782281644  0.568413095837
0.695167758664  0.549254561406
0.565573683204  0.464642739061
0.522750467592  0.546009695474
0.655784767481  0.411574058741
0.521172442928  0.455309547418
0.456140420029  0.419348140415
0.625011280527  0.439585565103
0.545233958453  0.498876987634
0.476670495702  0.33685675721
0.408629862589  0.528369641121
0.412724429527  0.504327190014
0.622291824461  0.4376017562
0.413823985972  0.543382301401
0.68741662444  0.594382373063
0.44282897676  0.492020089167
0.494631430358  0.400745036838
0.567736308112  0.512632748018
0.552976886452  0.457947838131
0.509420516185  0.456166052323
0.408375006099  0.461763011108
0.542738252543  0.607506023407
0.403437434088  0.33327741221
0.743587813329  0.583438138373
0.552550943534  0.468013966959
0.39289045978  0.45007094595
0.620503077876  0.424986526925
0.514918994093  0.517269717582
0.519765789445  0.618102538862
0.361975079625  0.468420497409
0.585618617421  0.279319530836
0.567240324618  0.418994510726
0.416550402912  0.453840455422
0.400734523176  0.475560346554
0.474511911961  0.487126546886
0.360424397669  0.548918726292
0.326981115888  0.524481533858
0.468930385499  0.293844456281
0.599884402045  0.533281476612
0.569571149521  0.494299154011
0.548879198058  0.357635672198
0.593749636103  0.73013772369
0.402604384339  0.749109696272
0.639939279286  0.435705516609
0.384158181657  0.421616576492
0.548985331714  0.442314000571
0.527336761456  0.594823882792
0.585337247724  0.407743063412
0.600123111407  0.737735267337
0.697795857498  0.377519635601
0.582923487686  0.688509800978
0.436039725592  0.645640471023
0.398471046513  0.491488313557
0.53106332446  0.449237994747
0.344490750543  0.529413128601
0.595915373537  0.709677780754
0.503416321381  0.388964899656
0.487845946922  0.340573766843
0.539498631972  0.446783163938
0.434034355646  0.345839265085
0.401158479697  0.383408127699
0.656299366057  0.529803769739
0.396836021811  0.623724496373
0.436473261466  0.431367024413
0.265782588897  0.288952188888
0.601755621337  0.438115716632
0.546029477583  0.340435936631
0.640057453639  0.62715675201
0.319938422486  0.546024026366
0.535401275462  0.392037804315
0.428071076236  0.600973889981
0.47392631048  0.468242339911
0.367360232464  0.52611649471
0.326982483177  0.374324784514
0.582763934154  0.431492077049
0.482171880532  0.381320615501
0.655566370335  0.63064659664
0.307479148419  0.543246538684
0.550661681724  0.396173367084
0.562653152113  0.458020578912
0.559604429666  0.499804494598
0.537522597488  0.424193987211
0.350454834082  0.567629254486
0.469109361402  0.399703430948
0.558384393975  0.390383083722
0.589552437494  0.496563037229
0.542873075348  0.558749117975
0.497175482688  0.446518391424
0.484609026849  0.467521399791
0.571247315471  0.530907053978
0.492658812652  0.24613204359
0.470423024231  0.489070327721
0.447674752149  0.464824063405
0.411198072885  0.473546610328
0.444286448692  0.371843682868
0.596731651346  0.492725782274
0.69514013597  0.484872047561
0.365294824344  0.449831631542
0.527603503672  0.455632046925
0.608271222738  0.368384917399
0.403080742203  0.385161598702
0.632436867777  0.429018358967
0.221743337531  0.459263139705
0.414635376761  0.534748175
0.575302862274  0.361625550433
0.544664188764  0.443518052111
0.528351967255  0.535567203841
0.575275831384  0.475775189666
0.845270018316  0.644523546706
0.549682927569  0.432120434868
0.555522723292  0.55248893776
0.498048925426  0.508051830974
0.648382406912  0.688636289849
0.373049070296  0.735217230997
0.435324053751  0.587459870212
0.546254528258  0.573036159095
0.484886069623  0.353278380983
0.548706469488  0.7004847865
0.486110739153  0.604879741662
0.420547365915  0.366790370328
0.525311877886  0.495055109322
0.638874619423  0.480746797198
0.529025732445  0.346258700449
0.580945193549  0.577163644999
0.625477439592  0.437548423611
0.617422630023  0.552408994683
0.517024560279  0.409864810552
0.569779406161  0.523137945798
0.440378493188  0.528918016339
0.455715056366  0.477046838608
0.394148540467  0.551798953158
0.525879666816  0.384940117489
0.439093185602  0.360158076313
0.254779893922  0.421190842066
0.343545688978  0.517745359198
0.598125959958  0.486830594084
0.402944992602  0.569015007604
0.413741038509  0.673719984585
0.53277287581  0.610673646456
0.755107690119  0.424163754577
0.55126451988  0.498824798885
0.432560176347  0.468741743162
0.418947885442  0.439944462077
0.45447410331  0.580046881148
0.545175602798  0.458655719549
0.446311893785  0.457783183446
0.551813504796  0.436599947796
0.50423705275  0.506823885522
0.327948900862  0.520311679527
0.273755344407  0.494724375839
0.543095417982  0.530357869338
0.612750336674  0.499006777361
0.592397518984  0.439823827703
0.568525416252  0.415978348001
0.384984858846  0.303120586429
0.589851679895  0.518315668824
0.540646231507  0.482309995359
0.669885282382  0.563032412676
0.315810642592  0.647055073193
0.499553697986  0.530984181751
0.509745522913  0.363725640422
0.38300182365  0.583959514069
0.47019728451  0.536553866887
0.458155188201  0.490377494416
0.349710973581  0.477217754836
0.471715335872  0.365805997273
0.475428205337  0.429948323328
0.558910039861  0.49661808516
0.62354011439  0.64504685374
0.336690623956  0.548786992801
0.466784030988  0.383479035574
0.465793387454  0.548520014048
0.449792171796  0.493043846259
0.574010305382  0.362245471127
0.190770297204  0.422305303054
0.48666304257  0.488880559024
0.561868036007  0.600508764161
0.401762913882  0.263115336681
0.405886013958  0.527179347425
0.501157116844  0.562710255262
0.557275756868  0.340645636661
0.499847434251  0.159002822969
0.412344245606  0.569935993984
0.495362694483  0.611765668269
0.610656605415  0.467751897597
0.461991574653  0.518508948426
0.447109143742  0.416402267931
0.518524811234  0.468531009335
0.478648128748  0.520456328353
0.466760677002  0.491962979344
0.442279271184  0.516973405561
0.61300039551  0.487977084227
0.516009161037  0.554831737108
0.494215679791  0.226350234393
0.35789515175  0.588110763632
0.421855206484  0.447663484609
0.459780822019  0.569072755378
0.522245369414  0.477453389306
0.430974551379  0.477395957957
0.392423406557  0.48012585884
0.26842751086  0.496533819449
0.461351837769  0.394721399505
0.44915322604  0.500392241987
0.578985854465  0.721902783543
0.421975496736  0.592246638485
0.412724932583  0.491837418447
0.5585543439  0.537894321737
0.415110090326  0.229261800861
0.427159262499  0.489748502668
0.546351035109  0.514740834807
0.430397210732  0.458605908636
0.454294950684  0.580216569081
0.460817833503  0.434953639717
0.628918191899  0.430362452504
0.593351774327  0.414458976134
0.600802857164  0.338650626858
0.490096937289  0.40820555008
0.43221365018  0.422717364423
0.6181477752  0.404699460264
0.551399710756  0.370469897721
0.512232152103  0.450610323974
0.542893846176  0.416702223527
0.584830714856  0.425631304451
0.661347876244  0.20585376957
0.673630685132  0.333427954085
0.42486862714  0.424839274158
0.494192580161  0.431926313624
0.577791295078  0.476794622041
0.531018876375  0.639556093282
0.622850113979  0.637887120317
0.585266495375  0.499024149055
0.630711376698  0.375943819186
0.530796585263  0.469905959426
0.340338397907  0.465644120814
0.488501511884  0.439170878213
0.355365391482  0.388022958315
0.531633516995  0.450602531528
0.605297616565  0.321012762625
0.521410155359  0.462730103147
0.570301305537  0.426551920418
0.47255209378  0.547982714642
0.317692650059  0.443136541152
0.45183983839  0.575570344224
0.504668289555  0.34862404143
0.58686230116  0.554573516183
0.445433776728  0.484196461453
0.273125031493  0.562654042074
0.519071510681  0.295766804324
0.539796985245  0.419939029266
0.455134412719  0.60012650544
0.536087797411  0.352540750819
0.480484159178  0.469164929821
0.356898706906  0.54739340902
0.554098902531  0.2171800275
0.47453936174  0.443993094932
0.428071939925  0.477150431135
0.367287932485  0.490061103468
0.55296489672  0.354155402548
0.426284770102  0.387660292916
0.52814528404  0.485165207391
0.417641771855  0.588214415583
0.365690369394  0.617697890717
0.493232021319  0.626390612996
0.424916594306  0.46368348654
0.536580700578  0.540428686817
0.314100873464  0.526931238913
0.539932365208  0.376994699879
0.503286881882  0.435144252852
0.368626133734  0.425350194971
0.514073886402  0.435607474872
0.501908248017  0.537793763736
0.652402186804  0.607516635186
0.499012780403  0.424934247765
0.600859036884  0.554724556732
0.513914634719  0.607670810154
0.581477248456  0.339500351646
0.583914930648  0.492315354194
0.604609960356  0.745430850344
0.494201212866  0.368902056719
0.372767752631  0.720776286387
0.404893723272  0.316500229197
0.637069005067  0.363883402354
0.44505354472  0.524334145353
0.596392430521  0.236396359354
0.436827952557  0.514098503725
0.515204073473  0.362681684458
0.436476193494  0.339697501353
0.355696671368  0.445699656957
0.656509301182  0.555576283377
0.501536832691  0.561948814883
0.438105323687  0.25808395178
0.293026676249  0.547240317429
0.458790049021  0.236559776067
0.447947422536  0.504555724563
0.483172370805  0.452771128497
0.568069246208  0.490890503034
0.340824053984  0.628083551907
0.594377119187  0.483561629181
0.42901092713  0.499736347989
0.511979034935  0.364908226939
0.58032224639  0.355160650284
0.437916757321  0.657783902001
0.510583970255  0.61518694253
0.5072113876  0.345946622844
0.501910386419  0.501561493797
0.352323558421  0.566638548555
0.580709411811  0.367002874636
0.480846783672  0.586526647443
0.39213565055  0.54183824768
0.489140876145  0.459168887118
0.374109653277  0.476789590844
0.526324991532  0.446755057885
0.540452363776  0.709298565479
0.616655634775  0.535309222575
0.573700417414  0.454469841488
0.528206686968  0.537083553231
0.678113274471  0.346096526867
0.578950590881  0.522452946275
0.367816105411  0.461702710912
0.233979835105  0.643122561524
0.640703671878  0.464912856559
0.365143798063  0.42228016806
0.526947176799  0.632738270453
0.390453176799  0.617175506712
0.510608710265  0.492487639949
0.452342256895  0.531562720018
0.549936765761  0.417246817121
0.428853655934  0.449037481996
0.579926537452  0.600716831749
0.562564048554  0.256823138486
0.510727522733  0.64602923857
0.417368130278  0.542257691351
0.700930793399  0.569362757784
0.510582472384  0.415708341034
0.434825219098  0.47489573837
0.60302183446  0.468343139748
0.407507763789  0.519874780528
0.762407337353  0.446331245964
0.458472224343  0.467227159431
0.516381333388  0.433593060073
0.628197028531  0.531419412189
0.481243159038  0.526004832694
0.395873824889  0.572798750837
0.59684366905  0.498351436218
0.429933668794  0.348787649271
0.473243898472  0.323692949067
0.694128559504  0.43050638799
0.6236534972  0.664962790988
0.759970332506  0.633132281342
0.585778514564  0.410210935234
0.523585241842  0.445533818857
0.666004694663  0.522670212579
0.583683484372  0.492219959033
0.359231062301  0.558497669023
0.561520811784  0.438506894508
0.579350473297  0.541796095381
0.31150844983  0.505943605994
0.473776605565  0.549013777205
0.608564216502  0.466804365269
0.350680730257  0.480508283616
0.419297892596  0.370554059174
0.464912432345  0.544166659688
0.417980941829  0.538237499479
0.621815739935  0.220666490135
0.518867487391  0.357120624415
0.556082026189  0.470616142561
0.513563613134  0.409219191335
0.559310739899  0.465970480333
0.516227908116  0.612598860002
0.435533820507  0.49637713054
0.668188999699  0.507595437702
0.43601603035  0.600657252425
0.501449304791  0.478680901204
0.680044766303  0.435133884996
0.563172828271  0.35652845025
0.529601811693  0.629480318554
0.488198831199  0.483451892411
0.486111153432  0.489183460685
0.536807144572  0.400605806343
0.415055682717  0.494585868209
0.529349139915  0.460259054336
0.479905413619  0.404309635374
0.428395037408  0.507292861475
0.339928129411  0.3711287632
0.523294508283  0.479980112855
0.490201396572  0.521021985566
0.522115258458  0.566467736388
0.475341038621  0.523503622986
0.443852710455  0.685366169666
0.389533667094  0.521192242665
0.511207470015  0.509155637987
0.492952213325  0.513415757781
0.449093902348  0.222310865802
0.43133899155  0.444611652389
0.472480275064  0.431596126227
0.509457038302  0.586806458981
0.436890567462  0.500132541819
0.458354455566  0.488883257173
0.310683087055  0.516404277899
0.515244849733  0.506295629844
0.560045590182  0.520165419834
0.614615316192  0.552132682436
0.330412151264  0.425664372627
0.466333671704  0.437055968689
0.649736566137  0.471496859497
0.497169162836  0.428363473592
0.478583552036  0.480851311441
0.459271757685  0.329675982534
0.422449338576  0.535606856827
0.573965239475  0.320634995872
0.510038176409  0.287418924439
0.401613098406  0.468712101832
0.36890988356  0.387842650453
0.627839042871  0.414496201189
0.594774785936  0.477890941315
0.342467531839  0.402697412679
0.719763094026  0.484533785203
0.518360399004  0.437062578455
0.335410112106  0.519774904567
0.393024743542  0.591687099961
0.589666988174  0.179057274915
0.438312225573  0.478765467038
0.555788742884  0.5413081917
0.387238274168  0.397179082579
0.524510537129  0.417492590062
0.510195895526  0.538574619426
0.420013867292  0.584812919765
0.549126710081  0.707985982072
0.451538713646  0.495781339703
0.499707304991  0.487548842391
0.623447795022  0.519766934717
0.370849015079  0.513717334468
0.590891484749  0.526595102792
0.351877032028  0.410721664524
0.4806484078  0.486916689821
0.568768740807  0.514206535418
0.59108258046  0.504476032496
0.311253192541  0.724625719289
0.446577702158  0.550675607344
0.524561682089  0.635458122598
0.359201701832  0.52128474205
0.471849847271  0.684558950552
0.436413681192  0.372240020763
0.479021839818  0.442920772743
0.537198283586  0.685213426177
0.502189375734  0.332126863739
0.422916338817  0.591792509605
0.515875039282  0.559401408798
0.512509633039  0.43207942261
0.504257944591  0.595590351765
0.405127146963  0.518608743404
0.577788018687  0.646283810121
0.596718642189  0.441115350704
0.418559980729  0.458718997983
0.464180819419  0.445185079287
0.727467666417  0.48797582713
0.529867916155  0.516244327112
0.504310999719  0.578250509901
0.551567752475  0.626377911994
0.540891123258  0.603661694465
0.398495824914  0.373051743702
0.401974062998  0.423263765361
0.757360373659  0.463607677443
0.336027068115  0.631009846594
0.510974223775  0.532735160684
0.36183550102  0.523467120964
0.62851170727  0.48532057406
0.339766902371  0.305651957915
0.436060916701  0.586934203697
0.524800663679  0.560714186558
0.605414571163  0.356188509593
0.455989901182  0.562891694439
0.600590401719  0.592842767002
0.582204809812  0.59854265517
0.505880289472  0.572263493501
0.529362020717  0.44988875424
0.323518023353  0.55394416265
0.396315742772  0.649118043321
0.345894085616  0.407128982479
0.409231539376  0.498053080986
0.534598031995  0.550440574389
0.328502540458  0.582851317081
0.555602317469  0.546224755207
0.446135688324  0.394992583261
0.449020184493  0.481975296536
0.355435505967  0.445274272778
0.569312981406  0.608349723708
0.553266265012  0.620632474237
0.49929731782  0.514018048363
0.384512180589  0.356048524757
0.228368137671  0.223324036172
0.464420153019  0.522529598928
0.647946366941  0.316159622638
0.680881628592  0.500759981921
0.775096494765  0.471799626618
0.617361042402  0.44565794687
0.485539050892  0.627405191419
0.686608411467  0.221917630253
0.579093435843  0.464842708433
0.465585181054  0.457623075804
0.53345399854  0.508298891897
0.423301779936  0.462616483024
0.61726798817  0.731432027767
0.612548371339  0.343636208402
0.434981219988  0.33756641138
0.469982806256  0.620421946516
0.376184828296  0.509169129659
0.558035466755  0.408630339361
0.574259472664  0.362361026582
0.563347537922  0.386706901024
0.491041200506  0.381439901785
0.473397558292  0.412178427892
0.429296748046  0.522483898654
0.435299963775  0.374710851559
0.496595728286  0.398366182595
0.323076990111  0.353276029116
0.525239213115  0.492964216473
0.452954440091  0.511537001738
0.535083639506  0.466045150215
0.390966133423  0.401028235816
0.345036596252  0.538925249903
0.630012345774  0.402826845401
0.631856919546  0.6121990213
0.475399805962  0.359278039621
0.214417611396  0.643050271051
0.550344736447  0.50663096453
0.451052785531  0.498637773593
0.583053422154  0.428737039174
0.678810483149  0.207910146846
0.424475724251  0.447475284408
0.452165398977  0.540805299587
0.414118069337  0.456317899463
0.437904642187  0.67032571476
0.506608480056  0.338668480244
0.322076222534  0.541483523217
0.489936720912  0.480775543347
0.289013513122  0.514140995419
0.523920211636  0.587843216039
0.514814984111  0.45086955516
0.585369218785  0.488050435688
0.368494548093  0.464787423085
0.583995862613  0.614959878034
0.496862774944  0.401620956518
0.455925273146  0.359285199585
0.536433687574  0.519748199303
0.505074551631  0.519737538818
0.362889546778  0.468807157475
0.546701694349  0.410332186891
0.345044635177  0.418631906673
0.628366899933  0.524774140515
0.400837067827  0.626431367279
0.462083299645  0.52594987339
0.282986562337  0.512932587673
0.556250082763  0.467945618712
0.436152642286  0.441239031739
0.402902825139  0.530132202326
0.375363362409  0.438255692631
0.575198062656  0.367813390236
0.388203644991  0.596396798198
0.614003416064  0.656454406365
0.511062171673  0.595764600722
0.520322362156  0.319121966758
0.683882966982  0.565264366079
0.500368754689  0.472835174906
0.469554648738  0.450386096778
0.629937169224  0.443242354217
0.52049848125  0.568808646732
0.516149536648  0.433557133793
0.474519780326  0.34330983929
0.525393022611  0.597960075835
0.52054988793  0.394263744663
0.552607838997  0.550553856952
0.459563706371  0.468614130179
0.600751520127  0.57542596783
0.501308613108  0.543453586555
0.472189516896  0.374422202859
0.56615611755  0.476348800894
0.541941625338  0.505883746095
0.555427905725  0.594306828194
0.449542699355  0.330826436172
0.553581905718  0.500931002374
0.513951374315  0.626414470578
0.489255284205  0.404537993743
0.517529258318  0.106571547156
0.384516083984  0.591946811718
0.70031868706  0.677336175687
0.573779921462  0.504679620693
0.488872054922  0.451300542283
0.525732137345  0.429854557281
0.506563901738  0.600834269376
0.511544441529  0.345317064178
0.321519533955  0.567820453058
0.665153121714  0.532885389829
0.378174270243  0.689912506064
0.50383378771  0.31817623285
0.438365121851  0.395533977251
0.64459778025  0.377706119368
0.461967977846  0.662334181938
0.49444685256  0.469299510503
0.415817560376  0.52332902064
0.53051612545  0.511433893753
0.514899028343  0.394879771569
0.492850371078  0.455594315191
0.6373362339  0.568191364271
0.507360824925  0.567155325012
0.577800396374  0.542156708324
0.255295213031  0.577122589234
0.57377208279  0.441738686391
0.589916340608  0.421646367974
0.376182869059  0.324423002857
0.516744042132  0.511563304286
0.672698102188  0.394764653988
0.580644647295  0.433619545743
0.335718162718  0.497046049248
0.525626073395  0.530323849758
0.617982776992  0.581663026606
0.451666818372  0.475436884486
0.569642894584  0.620578107104
0.637342394318  0.430324328146
0.502492077961  0.34127244541
0.492403331658  0.481838746674
0.365605932109  0.3793015838
0.702872540545  0.395073060442
0.322593121958  0.246150320689
0.457656599324  0.391078436484
0.45517022376  0.609069106983
0.668494547614  0.404473274486
0.449649114027  0.30869805219
0.566141513967  0.372648497929
0.542678950301  0.565358472925
0.387831505136  0.456450413151
0.43781812282  0.460226011098
0.630513095902  0.604041395404
0.340599929576  0.45206359897
0.673227308287  0.491611018657
0.483744131074  0.481442359332
0.734801613001  0.491428973961
0.49358549375  0.53438913742
0.321986787912  0.335396146991
0.494516619267  0.714114014285
0.71855039177  0.483382520098
0.404420115885  0.504586058638
0.508601460627  0.525415433611
0.443999848464  0.362014439148
0.543359457396  0.580891628886
0.392837619356  0.509514278592
0.456361833402  0.379367947847
0.478598992001  0.49837367504
0.578821218663  0.442002779995
0.365824082357  0.378495412084
0.405938008434  0.353522025849
0.66229862926  0.629008523727
0.754815865932  0.439188402388
0.304150180553  0.634981704427
0.572352246391  0.479362357817
0.363328608613  0.347283008223
0.496365354218  0.480841451355
0.421524206613  0.273451403347
0.419108553265  0.303746865206
0.315316942234  0.480351894404
0.605341223686  0.389224946959
0.450589069408  0.484312571692
0.533349139962  0.518779599411
0.475725170903  0.396359083889
0.422645578814  0.426798397276
0.442225542823  0.495983968442
0.564731527939  0.364532147739
0.503944870265  0.651425306437
0.703010423792  0.395811696539
0.472382133224  0.407599840931
0.694302677746  0.465905528238
0.443108765338  0.608201739848
0.652314259319  0.583817396681
0.483736118849  0.464049688922
0.415619791635  0.514868122376
0.641822751966  0.544591166131
0.650407759785  0.433617403398
0.469132101116  0.514367213916
0.522939760719  0.479987618523
0.467836539734  0.55525529524
0.531719662031  0.480538543518
0.510950162154  0.574042563004
0.539419533661  0.543447707342
0.342679691649  0.326689423439
0.493573655314  0.704900859662
0.641127708259  0.487654721724
0.542790335705  0.500426779586
0.498861681618  0.544869629179
0.61850377127  0.380291473629
0.528684752118  0.401598063303
0.49378592871  0.562846969025
0.53742988523  0.363104968222
0.555295657442  0.521039690421
0.562487794663  0.412082278684
0.515694909215  0.566140283053
0.542926764814  0.456769464489
0.303838894721  0.574366916575
0.471700352827  0.604588303494
0.486586236875  0.484442222602
0.491461086448  0.350706602582
0.372541789307  0.317879410982
0.476733418954  0.379766547163
0.512342981255  0.381509723817
0.409992611927  0.34096911119
0.417708917  0.300720888333
0.664179743662  0.398825636403
0.574956345578  0.610100976449
0.45836010173  0.405552162896
0.637426578873  0.685120284933
0.387813635804  0.461229309474
0.594021172511  0.28100957486
0.506968956844  0.399934246932
0.607452999616  0.5181386227
0.354293577534  0.34337512016
0.779355948794  0.51957178296
0.50204578825  0.54834481977
0.482658310547  0.306756051994
0.553973430727  0.503496724049
0.534803380729  0.562721293625
0.78376406696  0.66905769512
0.398420430677  0.496756649481
0.427177281149  0.504402483416
0.557301542129  0.435013994061
0.295980784754  0.561910603271
0.439910709821  0.374658402836
0.439963820381  0.463914693819
0.76787527507  0.590090659355
0.471937675902  0.628645101096
0.435430881519  0.499234157384
0.421711209879  0.391627443636
0.502279680038  0.516457520916
0.525966582877  0.39541113382
0.602773418546  0.601816388351
0.612252043652  0.475069382235
0.517749059814  0.423936536223
0.687325938845  0.566818222233
0.41258050135  0.563133615058
0.480102697681  0.493272413611
0.610128380002  0.489526166758
0.621276598392  0.394450428236
0.387638364279  0.364005185343
0.550534666812  0.440310103625
0.480595355205  0.51322027186
0.408957921014  0.66529146299
0.507432474802  0.504561526112
0.344730495405  0.299201617191
0.483228443319  0.253698077169
0.359897079869  0.519854384267
0.598301128929  0.548429080329
0.607068278057  0.435551599016
0.7447399762  0.535144742887
0.305801935711  0.428598406143
0.710818697872  0.422421076059
0.516958688979  0.773990846069
0.41175744402  0.460215946044
0.502515335963  0.471136885808
0.654037754245  0.564516462322
0.477642172146  0.456869234945
0.603727414024  0.438572812567
0.618714518554  0.613108172525
0.470935474046  0.467241732939
0.531311734145  0.191537897942
0.542410079466  0.596031391169
0.424678435376  0.584520147704
0.459717608525  0.420973136085
0.5294412571  0.571719512643
0.431551914042  0.578458891988
0.309320530143  0.628261011867
0.491514504515  0.52126834144
0.563500163148  0.406159624027
0.564278439823  0.480452493979
0.622490847974  0.370595577614
