0.405810799265  0.561757816109
0.619990568684  0.32066186429
0.668346657791  0.358437686643
0.458849395079  0.306648693998
0.394259562852  0.470655467426
0.461198760393  0.594252881662
0.53736128394  0.516411049322
0.525094911517  0.484289332647
0.539049820106  0.404214935982
0.503598382311  0.544365210183
0.469849181691  0.291641710092
0.554159351415  0.359635075454
0.495554922838  0.505949427821
0.568180602661  0.364924634419
0.47217902048  0.509510218312
0.693847603454  0.422177787844
0.500700518746  0.613745834949
0.474091198701  0.41036474919
0.396799691  0.534912981007
0.365240127708  0.60029290751
0.427356408375  0.338558089052
0.510094250174  0.47023304934
0.57725264579  0.502302431597
0.622381810588  0.500847731556
0.633575478224  0.509906837605
0.390278291034  0.620445268424
0.573900068033  0.512490365868
0.369378300054  0.307967086167
0.37323732819  0.489106401952
0.36709850621  0.606781551726
0.522233306314  0.554428129987
0.432053551347  0.417674815507
0.518125595807  0.33821542936
0.405869302784  0.280309697932
0.509587504443  0.352238593199
0.510993540707  0.659042236503
0.565087155068  0.367573290717
0.483593034171  0.40751785846
0.415642063762  0.502954606422
0.431455701909  0.331627202386
0.452773982035  0.437768807443
0.567581278493  0.500704150085
0.599317417891  0.560532521449
0.348677817052  0.502954490448
0.595016057254  0.530642584364
0.52990800777  0.506049491043
0.545438113968  0.639923472117
0.463914512507  0.537382883106
0.591599857438  0.451535372689
0.445698938985  0.653569982814
0.484501938176  0.53576311846
0.578770218667  0.621967397781
0.496221124822  0.535647647638
0.365501979292  0.59205308012
0.494795594246  0.497222738468
0.478698699634  0.399332524027
0.429400885521  0.368783980943
0.386303312865  0.339682853359
0.55300982453  0.514760625324
0.468438154064  0.458877456083
0.542540004443  0.45961981085
0.494038194846  0.470280009662
0.400087145085  0.659534710584
0.669472521182  0.540220417036
0.589744420067  0.590896262199
0.650843480611  0.465875473929
0.405856081181  0.452169013645
0.513780370953  0.503438744431
0.631860395738  0.397857855849
0.474351579113  0.593515626112
0.424893023655  0.548753819807
0.558031263551  0.357845632679
0.389140507505  0.347788453325
0.680543279495  0.478115426582
0.578172418478  0.688264664514
0.481636272366  0.449399566358
0.491421186944  0.371466579297
0.427876390631  0.627579865807
0.385837044055  0.429346636287
0.64308427325  0.627719046406
0.565217603295  0.434021141538
0.385941414111  0.527822487848
0.554547773546  0.610959698956
0.311099093411  0.568482080934
0.535926569774  0.609588818708
0.5187624823  0.330416757469
0.745229198984  0.570852641259
0.586309600317  0.583341007133
0.55332542381  0.481082559112
0.42373528392  0.532984672562
0.784815192351  0.344909702525
0.719334087522  0.40246202284
0.402931136533  0.396169302173
0.461406106743  0.467988019876
0.392564465553  0.41108411321
0.494003968422  0.513187811363
0.450334141211  0.433575002465
0.589116702122  0.370094143024
0.618336989708  0.524945809481
0.396071159329  0.662121206636
0.646251506552  0.60299077982
0.575218267409  0.502214494861
0.547675973952  0.630043093001
0.509825579976  0.483055006666
0.48695539892  0.479802750641
0.434225011898  0.393341826848
0.598999467978  0.489866146447
0.365655293124  0.393225719467
0.585252378916  0.373325733433
0.606986768949  0.321003474727
0.462721230312  0.540319792147
0.642862328741  0.509741617873
0.384322094802  0.600982298152
0.507577168966  0.570003432542
0.337405870024  0.53612574302
0.441319617446  0.658985701292
0.480505537899  0.608498376773
0.577621111513  0.643687861255
0.361642663136  0.497730956855
0.503556121874  0.608091350713
0.431727928342  0.43518886154
0.390234564059  0.422023343994
0.678796066969  0.539137619999
0.50402977076  0.480503226958
0.389579963127  0.548447582326
0.536649946958  0.535695653559
0.417398985461  0.518516066201
0.502409496734  0.501006212542
0.600341506673  0.522335037159
0.455285487189  0.539772599998
0.302149043189  0.557052975193
0.420585991656  0.550518149421
0.540889341597  0.571425824581
0.49230775479  0.621188189103
0.454790169758  0.469992426747
0.514180438835  0.547244555109
0.524290830787  0.4837107269
0.648644472444  0.529911989056
0.37355615232  0.586107922304
0.548420146032  0.423268466458
0.442024580568  0.474253602449
0.581456932636  0.28799272677
0.686542911106  0.5067039081
0.47777297465  0.479106473253
0.557670481649  0.485301693976
0.390945531021  0.441829396191
0.633923349287  0.454237018826
0.48611373284  0.471099572651
0.40307391093  0.534127861064
0.390511537012  0.515554137884
0.482139820795  0.802435951301
0.632693679295  0.669933930812
0.299383517274  0.509483351095
0.547636216332  0.406465370069
0.423153955271  0.475977837983
0.509895155125  0.357805521978
0.39268739196  0.22846969228
0.456290110605  0.412001000175
0.533583178479  0.567310601909
0.506539687133  0.380258473579
0.451610802211  0.563660583228
0.576944306019  0.428695309409
0.53379263961  0.432406769465
0.538686673387  0.575097438785
0.755252221354  0.582580442851
0.668604208792  0.46379627437
0.399881350981  0.486994789219
0.601660580399  0.549959613069
0.689957605369  0.429380354463
0.622491754748  0.465274963192
0.375444614138  0.199214984458
0.442100012392  0.573528043978
0.765408526625  0.491709572849
0.555019458036  0.479607419176
0.458472425183  0.421976991904
0.472251865846  0.647118238146
0.645965204701  0.554540864856
0.464796808332  0.52797063883
0.503901406151  0.668397105017
0.561854439958  0.612254790155
0.439600494535  0.423150235187
0.615435189375  0.395059663762
0.545847143476  0.529169273934
0.489458084943  0.509521914299
0.41493423483  0.523701201539
0.454414641158  0.340928462234
0.405385143982  0.460420630972
0.35355932011  0.590226815984
0.587345858532  0.520271331009
0.479396800156  0.553882211258
0.516043957625  0.420848434701
0.635859500759  0.410942305374
0.630265461692  0.321483537938
0.46045796069  0.381983701366
0.644046257996  0.617432270582
0.28714720494  0.409101054963
0.536679848878  0.698457865501
0.421457569575  0.625046427271
0.361169170307  0.318193032029
0.527219607235  0.49770435798
0.479890515207  0.464527278858
0.576999956945  0.486960724734
0.415931714456  0.497204199782
0.488901439473  0.459327246767
0.45589373707  0.468195185013
0.464663442807  0.560913150861
0.539140319742  0.475565586645
0.553874752125  0.621360523353
0.416588665997  0.311195734086
0.538161161627  0.517144021611
0.608563554381  0.553559107367
0.459737087117  0.413957728172
0.661517575533  0.463255717153
0.617119179153  0.430123292265
0.53357247628  0.525980208916
0.565411315769  0.570100233494
0.472894953493  0.505457429947
0.420217401434  0.565022310612
0.617171158523  0.391298864662
0.444956054288  0.384765966135
0.415163037603  0.650413007305
0.634411987958  0.42008838504
0.465066809736  0.526475158036
0.49790215766  0.572251184302
0.459984479883  0.626409670437
0.397321935778  0.494600013508
0.440761294364  0.446889776734
0.510414939269  0.531778159657
0.436653503928  0.537706445967
0.509659904842  0.504225851626
0.559248540351  0.565556153751
0.447142371844  0.463827000287
0.631590852969  0.383516273221
0.384016863632  0.469739743672
0.564640960823  0.654900254204
0.499201581593  0.573491936377
0.371599343068  0.388582691928
0.498068061646  0.404138813102
0.579396705734  0.369728339409
0.505382003455  0.348524371428
0.455319423559  0.528875922645
0.516638233613  0.275086042838
0.40216807477  0.549208186993
0.63213610721  0.521190671541
0.700224512792  0.413136692644
0.495781516534  0.410604494443
0.251937109704  0.49190503697
0.435911312068  0.438673060985
0.516359727981  0.4612624001
0.463624712818  0.46251650692
0.569637284645  0.288646821521
0.449671318813  0.482048334763
0.449204522523  0.520241340621
0.353248479508  0.513696254866
0.31287456673  0.449027514576
0.414736880042  0.630646040648
0.734499100227  0.437015803109
0.442056372792  0.468373403677
0.564632895448  0.587125171555
0.595873433887  0.390414209714
0.590338321428  0.671610499178
0.531161276022  0.507264926107
0.360226208592  0.476770804558
0.457490323044  0.382137206544
0.622492118611  0.670288034876
0.475066228625  0.431249421863
0.548600175965  0.532966960357
0.435186461411  0.602437813824
0.504143573421  0.509433403472
0.448114956816  0.404049416537
0.560409775881  0.287647221003
0.410426444689  0.428654847866
0.678818724676  0.265391559309
0.653854330078  0.503162386614
0.452469139575  0.711213494719
0.490979250705  0.670700714394
0.564986706517  0.655907581783
0.527046894117  0.493429102227
0.532003417289  0.56662046102
0.42094770591  0.537581072893
0.516255685573  0.384702020687
0.538549254101  0.374612247371
0.59068517597  0.339546159342
0.516592679657  0.506004536199
0.428608879073  0.383410819308
0.762794532992  0.431464371096
0.447227282842  0.456899613298
0.309119179219  0.601703455414
0.595658521481  0.298887570013
0.383089242309  0.503381622569
0.463869525016  0.488217173487
0.547091362588  0.423129135016
0.468494319646  0.34147131599
0.548358559049  0.385826016721
0.506561293829  0.456934744832
0.540287137745  0.444801023015
0.428198385427  0.453342702197
0.51019650166  0.540307229696
0.64231839659  0.427626762503
0.235174592453  0.577901361641
0.674762159992  0.481612339917
0.340011015754  0.486541569726
0.602369169293  0.639992621115
0.530930510084  0.230161301818
0.575097877264  0.554389526894
0.47687815825  0.403115484988
0.660608481813  0.6442939666
0.397848719807  0.46402034667
0.314094419172  0.330555577778
0.520674779008  0.412420339016
0.538674885534  0.475458313794
0.368869375085  0.49965520198
0.51010178277  0.530003460478
0.556725413523  0.572124523969
0.508799451668  0.584661796249
0.354809529541  0.363276013287
0.627884820111  0.485046301953
0.488924166891  0.61774506474
0.405100920343  0.531826482043
0.350377942488  0.452252500801
0.631935784704  0.514409312944
0.542512399431  0.627103013044
0.393803586773  0.562470860638
0.496228917889  0.522799738429
0.676082372548  0.485232987508
0.529342963286  0.624583438578
0.511100684088  0.442828558823
0.32591809781  0.427817957045
0.564333629309  0.586815510431
0.500429785486  0.430339344567
0.507720815197  0.505336999753
0.525016461468  0.486065523971
0.563874806973  0.39431291346
0.423297863778  0.475748201644
0.627714242455  0.409518844374
0.495183462881  0.379560871341
0.392451628339  0.409377977796
0.601368400464  0.471518745516
0.676621657486  0.379759306749
0.3375558442  0.540230411487
0.604624280072  0.445227292617
0.617900197291  0.350723159559
0.628264130205  0.250361960468
0.590327537184  0.392467683243
0.490419808652  0.517119155035
0.477282101099  0.576257838932
0.3773106173  0.417390333829
0.419486741508  0.415694210749
0.490702561763  0.506385164353
0.48656237305  0.390985313375
0.353324641862  0.55097139635
0.3838530003  0.455199132336
0.482308924079  0.562587080564
0.609513629093  0.423477543355
0.540280961287  0.853949253646
0.503056043073  0.523728101335
0.311349824466  0.577355419323
0.55959954893  0.482634676306
0.528827762984  0.574911951157
0.41887934631  0.560590554706
0.645330869691  0.582373696704
0.595195648397  0.597256013936
0.525211331585  0.70656962333
0.611284355232  0.544927877534
0.478960602426  0.504466425083
0.745340300563  0.491502779836
0.533074724689  0.536194634372
0.665912188604  0.508761286158
0.685640464617  0.504182713994
0.419865995642  0.336204954733
0.583425499054  0.614883016359
0.699171987564  0.340138946028
0.516777040707  0.467151574445
0.45911491314  0.754459643043
0.463556698092  0.462760345935
0.421068397222  0.530730992881
0.466344535584  0.631680418029
0.469994729222  0.518792506357
0.422526181449  0.619505375584
0.527798586469  0.44817533867
0.378879871132  0.55689777458
0.440933659238  0.577014461276
0.688836915844  0.554393782976
0.654572648751  0.355853917504
0.557384529097  0.370369536171
0.430959612811  0.692134488102
0.541932581176  0.445940115267
0.388938702254  0.703658801861
0.254588332513  0.496285875653
0.637040294622  0.534572753804
0.591774575094  0.53001722397
0.63296804869  0.326103261313
0.619839772608  0.457563893266
0.482622639409  0.657106751885
0.507401489288  0.638644379166
0.728561365581  0.552212340208
0.651975164911  0.541196991402
0.660102441312  0.277903168785
0.385530170533  0.365563665075
0.46324776717  0.46773657206
0.472365718991  0.472215060473
0.326047738562  0.524500178753
0.515031031868  0.464779356602
0.596032830318  0.477715261947
0.626562204911  0.561762981852
0.566240991023  0.361258129115
0.42847701985  0.670764646602
0.570739925356  0.387580493894
0.644630286379  0.5550127588
0.46678272046  0.475246558487
0.596691157367  0.457040752261
0.4798042986  0.504081076091
0.569763064272  0.303825259516
0.371431967172  0.408969733425
0.562968315378  0.624207766902
0.347388026588  0.340618328704
0.570899305242  0.541696634663
0.413408014004  0.568139886911
0.704569544666  0.502822753502
0.557417712958  0.603525600305
0.550496311595  0.516150879214
0.488288572278  0.635123165423
0.556640469499  0.67205683499
0.641031116456  0.555779041161
0.497021803956  0.417971620377
0.443975560846  0.664520329003
0.437647292846  0.462450473109
0.472591352774  0.540398571378
0.542984415488  0.425113576078
0.411745602776  0.497616092982
0.466084610761  0.631191897948
0.509920840744  0.766789568452
0.565213031106  0.614888650542
0.474619577214  0.493477782906
0.634981729365  0.414952593624
0.406431861458  0.5354686126
0.681436489691  0.683501068603
0.461567889348  0.463380894122
0.465489776841  0.470008637727
0.541984496958  0.517263685438
0.645541969008  0.435739790912
0.506301603497  0.392813264708
0.364772233478  0.472093276174
0.484690897848  0.397450575933
0.50493747467  0.525106060762
0.512550399986  0.588614220884
0.551965237268  0.4498642509
0.457998885233  0.642684061075
0.667846727737  0.410711503966
0.567302845758  0.615120666671
0.601493773188  0.357700581656
0.654646332903  0.505148411577
0.451897936928  0.533381149702
0.47871227783  0.627296510148
0.604705448613  0.607281457817
0.463468578061  0.490214821552
0.491476557737  0.504764167134
0.407204143097  0.402767276363
0.445907781051  0.579881432131
0.436904057748  0.43013971326
0.528493180331  0.373157807884
0.387806132122  0.507442776053
0.493234442319  0.244119701228
0.566722419068  0.395926559317
0.498013484524  0.332977899409
0.419229792365  0.492670737963
0.472743210804  0.620549401025
0.524922919467  0.427891724343
0.361221440852  0.431919775974
0.49490160479  0.680167717537
0.346784170409  0.380128709257
0.524756549453  0.388332013061
0.497325201542  0.328561816467
0.539994071902  0.368430099995
0.527215968853  0.545264824398
0.537839884387  0.548081517455
0.436513060246  0.305886038682
0.465043013338  0.44890875787
0.736553080055  0.623658218203
0.392567735401  0.427420834113
0.292843507973  0.554686434868
0.313181089194  0.490124346518
0.383187135021  0.485726192217
0.54925677658  0.294295074597
0.566593200145  0.438987730565
0.369503642656  0.508544283342
0.444065288475  0.563633919525
0.243040298821  0.502565042815
0.501621732865  0.575818983505
0.470385777056  0.532223164483
0.65301369524  0.611541736057
0.647155922349  0.38752000215
0.459991632985  0.399654685281
0.468345902011  0.255457511265
0.445679119361  0.526104086771
0.633020348541  0.404770443858
0.540511892705  0.431581629162
0.40398108065  0.459430460807
0.520594309223  0.722951628623
0.535515293847  0.653597296391
0.407877370064  0.579565169668
0.453346038297  0.576271547167
0.465487756072  0.60056265334
0.259563486308  0.411444760152
0.451064431307  0.409445273249
0.495755209773  0.483856439625
0.516566183321  0.580756967117
0.534768813316  0.591394086802
0.529278742176  0.439024130932
0.490887172142  0.383987680009
0.318788616988  0.469054318711
0.596948921559  0.61084628929
0.442783960117  0.626055241245
0.68285617852  0.468661971688
0.365141288113  0.291389088391
0.526327595012  0.624241749483
0.600661639811  0.501865122267
0.536157684156  0.473358584978
0.57609899674  0.462374248452
0.564639514477  0.60299490819
0.425019167487  0.534863782888
0.437275710187  0.346510267614
0.672505877816  0.590444375417
0.57590609962  0.364209596406
0.408106348583  0.351113513634
0.591252988793  0.587478541965
0.452879013204  0.521950838194
0.488478355313  0.526323390987
0.495625381131  0.274935532147
0.490794155413  0.409167916001
0.564959592025  0.523775054864
0.492266730009  0.570206802505
0.338357707504  0.494453661252
0.457600283152  0.386981013871
0.476643573332  0.375590924604
0.450969276895  0.351248787923
0.574431040562  0.39432352343
0.712609811468  0.432970346968
0.5253117696  0.515165351447
0.463018076851  0.553827685287
0.572651200786  0.484371926298
0.514132624884  0.496650607671
0.594209902134  0.483636172395
0.513581063896  0.451955463832
0.526788609924  0.470351830725
0.441765052474  0.539953650013
0.289556876299  0.522277834725
0.634736227735  0.747200816571
0.446803992864  0.541963398401
0.339732227907  0.627351497332
0.333895451579  0.474896670522
0.483444454772  0.326927808417
0.702912608047  0.367887950945
0.632747363424  0.457518816927
0.493522532259  0.457249276408
0.604228237663  0.473980267365
0.482233032326  0.414605889373
0.428136199034  0.550679855467
0.581383818021  0.291378574316
0.526594683975  0.514360992759
0.39086014502  0.598970295898
0.425771746355  0.566361513868
0.626864781929  0.568620417863
0.510177954357  0.606385397314
0.421357478256  0.513499700061
0.382826068321  0.464818794372
0.347407015314  0.448507049206
0.475563207263  0.627178426052
0.424610800716  0.524963106777
0.590725895248  0.490315468194
0.450414220707  0.600959067773
0.478646235156  0.571521417248
0.426649959325  0.434482086495
0.568003528287  0.523850977351
0.520758282539  0.693741054289
0.455898445882  0.493641569604
0.395598399473  0.528155117141
0.479221102676  0.509338535753
0.464183571447  0.479912058576
0.495240642505  0.568078257707
0.444861345117  0.502188211813
0.595082267818  0.441032217504
0.484951686621  0.503726102131
0.739772985861  0.633023648641
0.711915681459  0.396035494225
0.276667800429  0.489705422592
0.454891082363  0.569656145416
0.659066412329  0.510752993043
0.539658502846  0.48417834068
0.607293515999  0.455841101831
0.575504780414  0.519451044989
0.253563822893  0.469980831562
0.447102431557  0.495671618623
0.580512467922  0.483413737273
0.588911468483  0.549976808206
0.486768469964  0.458008721036
0.390305710627  0.483346465433
0.38423395235  0.466558048619
0.592750061637  0.638147968114
0.450314148879  0.600458607452
0.461409550302  0.584495898271
0.450022859302  0.479186114363
0.430850736113  0.587887351885
0.509242588698  0.545855993612
0.641683081593  0.514365256434
0.403117574505  0.559836055003
0.418141971002  0.426650753583
0.49601621848  0.619705167016
0.572229573008  0.542383181542
0.497093516897  0.504545026146
0.50261427376  0.507623440714
0.459070776068  0.557098149916
0.327319937944  0.428074102957
0.55239150113  0.628536683908
0.362845518579  0.414505743556
0.551666784792  0.514648291124
0.392327614354  0.458988125104
0.459554739239  0.559923569595
0.681397803797  0.405816826756
0.561854170293  0.509544825785
0.585611076296  0.56318243375
0.444342788162  0.492774602775
0.656832972233  0.686469030577
0.548534832547  0.45366475934
0.578556678146  0.487460257386
0.508463863108  0.613931505225
0.576476297066  0.510072342735
0.603625097394  0.513700493211
0.596346959541  0.427163901084
0.421686150401  0.508599921933
0.583430079775  0.338209264392
0.505224875082  0.519127451571
0.540269482299  0.471671916439
0.681115716277  0.479078945138
0.445684078305  0.526293928487
0.550179270071  0.472341051199
0.583921131687  0.281767290926
0.611237303137  0.573357848028
0.601346809978  0.540942030749
0.514601694528  0.513344998361
0.56466350157  0.444429780543
0.606583220021  0.457591227469
0.615201725686  0.417254770922
0.553380142503  0.504915883803
0.355221485814  0.586615320298
0.324987666091  0.440888826138
0.54753563381  0.460597340339
0.334098415194  0.486836160907
0.337310202177  0.665117860135
0.449636573533  0.541354331593
0.525153553548  0.36897366879
0.468661855174  0.413676224154
0.563763998753  0.417536686132
0.524138208174  0.452409148579
0.534253387483  0.451022936506
0.535126304579  0.556818752816
0.468862266654  0.568134934674
0.418204911706  0.55376390144
0.598276155108  0.562988384238
0.540808596964  0.407407433274
0.519357837843  0.467795350625
0.411909783457  0.4514151816
0.41154109358  0.57934032061
0.456431958099  0.468449386912
0.471642331097  0.45823701876
0.481985721819  0.602252254884
0.384270754053  0.699248700814
0.405294101895  0.365281668633
0.507831315534  0.596524243415
0.526085468402  0.598140522546
0.426708065533  0.388100643299
0.514107798882  0.431612809351
0.474522522674  0.487854172889
0.651773721195  0.425828751132
0.349890958097  0.266443768127
0.436449246908  0.467051936023
0.452882428865  0.284530119238
0.561704703884  0.514245219063
0.395579100487  0.493991990216
0.478534103589  0.547103764169
0.514070121798  0.511906789493
0.432941210611  0.303765346682
0.492590968853  0.458892635808
0.332690108379  0.367711236762
0.600584204377  0.340138188934
0.478053284173  0.490250343036
0.570354737145  0.575339445298
0.605622607423  0.613603092387
0.423485569332  0.46195160378
0.309857414867  0.396523107034
0.568676735359  0.616459275435
0.477573913385  0.53141036247
0.504397846356  0.469199518727
0.836885630872  0.561715173296
0.529285937782  0.472410658028
0.635101641834  0.462886279789
0.568375946158  0.454491313315
0.426827813441  0.580816204261
0.627098054135  0.429052297365
0.613992483762  0.558588809457
0.550159104232  0.456863556505
0.545751222311  0.519594693975
0.437024854538  0.560228113627
0.404688564871  0.493539237605
0.471866129341  0.482972539687
0.690658964692  0.353868263063
0.433873428409  0.601035124965
0.507455568645  0.506271043128
0.325496880719  0.650097641765
0.298241649473  0.358383779478
0.555097122235  0.342128593044
0.482990563338  0.56347722017
0.483604583545  0.511277321548
0.460351719644  0.513447823091
0.517938972293  0.566560819045
0.632613141272  0.424612335429
0.430110235518  0.568275297316
0.566003500183  0.478666987485
0.520795372631  0.439716143196
0.611307875825  0.663600261213
0.435669084276  0.441267773856
0.519541131992  0.488057782921
0.62302021115  0.341951864653
0.352021422144  0.447190842137
0.554089698605  0.414369276065
0.43986525481  0.489467362574
0.536377025673  0.686658822328
0.500865201813  0.596199402573
0.614377383422  0.402476673142
0.537384525102  0.383558439206
0.362245196647  0.515303906463
0.49079222447  0.538228932998
0.539074808544  0.386196496173
0.355185332148  0.433053500459
0.520561058063  0.502813818539
0.52106486399  0.658900881239
0.500607870628  0.504122828202
0.405813161635  0.63163806244
0.453531113181  0.586133761962
0.638469684248  0.452734967045
0.431242890269  0.394781678404
0.460741908635  0.488828830607
0.58328276733  0.539313324889
0.418681282644  0.527111837874
0.389396438142  0.613141761951
0.493703451319  0.525841080809
0.685836210581  0.373789421108
0.460971241692  0.416592312465
0.425196100503  0.593408478329
0.516052142256  0.472409855218
0.497331643596  0.557213890503
0.522634460292  0.301827991433
0.452572865057  0.534998812154
0.421538616796  0.42339564323
0.436284369854  0.599264938495
0.298128630259  0.126391269753
0.312805284787  0.49879583973
0.310920120112  0.606807722082
0.347703990933  0.598632343781
0.453739200872  0.545119971673
0.412585100083  0.548281518188
0.417772692543  0.587881328277
0.310227400125  0.531805150227
0.459049259047  0.590502562449
0.611867448783  0.388044321207
0.418198044644  0.399445969336
0.470233880132  0.558560203545
0.41515714137  0.502377083052
0.510236808951  0.429374098381
0.368640147319  0.616913625638
0.599240558321  0.423581104077
0.525014635519  0.499409418565
0.72994352842  0.46528562268
0.737317178198  0.496728154461
0.518318644506  0.607018926299
0.440997928166  0.46370378309
0.418102376708  0.571297413752
0.518907585702  0.566439081647
0.581015313599  0.617629375989
0.372882787719  0.608432963793
0.448028843712  0.367727943227
0.552352180356  0.432146949505
0.698169358419  0.300428948837
0.431333632296  0.457437310969
0.391009302208  0.636172339861
0.687991660708  0.415956821586
0.544537887751  0.666041797043
0.525026243819  0.523187562229
0.483983164286  0.297136644591
0.517381763154  0.564768623627
0.386735039042  0.497168650628
0.588494026551  0.399062631881
0.453696670811  0.459526445257
0.570918360674  0.403983079058
0.47480175518  0.543497206657
0.478834358029  0.437802187235
0.676114461004  0.52283103573
0.417296236099  0.578337385165
0.528607522447  0.335162493129
0.516390697513  0.453263139253
0.49059200576  0.49932286003
0.475913596828  0.43446067957
0.570085402942  0.543485037252
0.509390213801  0.596820847646
0.454130487338  0.472257678492
0.504149114994  0.666721512352
0.397785274108  0.492433611546
0.524593728897  0.468294684838
0.372957556473  0.307274507773
0.686051569655  0.635300221498
0.481171658365  0.530967426683
0.528095021446  0.413608418974
0.430598286112  0.437251129539
0.645681962166  0.594505634613
0.571565743563  0.615949729528
0.503529498108  0.513821203999
0.517090561063  0.53263914811
0.417020471085  0.608000388541
0.563072681343  0.593673911059
0.484126350433  0.600006450437
0.504667771671  0.377399416579
0.346354300543  0.397148728262
0.425177544035  0.554193892432
0.356236275215  0.428479177388
0.451673264852  0.658603693305
0.434252302301  0.586746223277
0.591134813614  0.427722904849
0.595319322552  0.534419103413
0.358086113423  0.67729153238
0.472461914043  0.586030796502
0.511576737927  0.607573961566
0.553521787337  0.582130292719
0.445483713263  0.47744845625
0.528477080299  0.468442791832
0.476788469403  0.303827237147
0.392854777762  0.523232007387
0.58091803564  0.592837219867
0.514355411017  0.565095655197
0.563147162596  0.596833043312
0.631887775995  0.713348446199
0.445365782394  0.35491132361
0.628022714907  0.575754972818
0.459496845864  0.559206549985
0.296198285251  0.429653062086
0.696575939244  0.492957249694
0.429291598342  0.492869637536
0.427461346855  0.548084483
0.474764947472  0.52804104371
0.477679209708  0.491183408273
0.372235497744  0.487718457931
0.479746150974  0.451639024922
0.548526432867  0.578422348511
0.605193274582  0.574998112444
0.505010767671  0.463789646292
0.592073218154  0.413814364548
0.430949457202  0.45963487214
0.66057500864  0.39714424348
0.553849485255  0.634745055525
0.634834309365  0.52869559991
0.486504954952  0.619690356086
0.488685305391  0.570752592502
0.608213425686  0.414700975529
0.50094858677  0.797960849845
0.602858194584  0.432966578535
0.700641975582  0.519605740845
0.465470666896  0.283431855558
0.452495265506  0.43960734451
0.39511070969  0.437496351876
0.551674699873  0.510495820538
0.402395092583  0.600895047577
0.637413572027  0.432323460478
0.706607988999  0.577234046847
0.748461089448  0.338757361719
0.494595929564  0.670746234871
0.574836174916  0.590818846711
0.357980469155  0.404667836691
0.498517425969  0.486490744091
0.592178646291  0.578495258377
0.387073314827  0.644150853841
0.40380937517  0.645340560567
0.521306897892  0.41216681253
0.578331218639  0.662694786896
0.504560626448  0.439044235216
0.525296002793  0.629236980975
0.591830449727  0.571734935486
0.399536810136  0.438502540265
0.531047100303  0.629046633019
0.50454335562  0.333216124286
0.560050373657  0.425941517492
0.431069977725  0.693053500059
0.550593805862  0.59155098848
0.564325913627  0.44005451545
0.458735675254  0.357427559763
0.332812275104  0.680636284268
0.402421343168  0.490769578407
0.536331175619  0.586354838538
0.603905348799  0.677995976611
0.445297489659  0.575545744452
0.480751522927  0.558588388971
0.434337272014  0.505574821701
0.681351334635  0.392370355366
0.443043007401  0.472211934599
0.564016410341  0.406042868554
0.514075679525  0.474121642124
0.393653876144  0.628684050714
0.397880189648  0.481993536292
0.402763255261  0.443774129522
0.523386826484  0.427300307388
0.522190290431  0.363842977741
0.555297851637  0.668735928703
0.509496385186  0.571378458105
0.542335488901  0.492643952505
0.415525501966  0.479165665745
0.452316866994  0.412678047299
0.527518471918  0.616167816669
0.393099277198  0.496608024838
0.400237382559  0.542407587391
0.488669595838  0.640894587603
0.520022578488  0.313082566917
0.394044159443  0.448394202619
0.587521680727  0.412225978262
0.566682204007  0.402482430261
0.55164968638  0.511818214036
0.54478899855  0.593533930731
0.625399506341  0.529196951889
0.578452954664  0.359705759944
0.713618557596  0.456949474309
0.322148834007  0.4389697797
0.474152617325  0.512101251184
0.385189328169  0.304372467288
0.514286469785  0.524238780912
0.414608439139  0.691516306815
0.351507014467  0.710582819395
0.399320770676  0.530354942228
0.472623501253  0.527112855249
0.389682875188  0.520089679583
0.528824728556  0.512025461251
0.69082120231  0.494211559417
0.520314051373  0.475400633655
0.526925253356  0.656121003526
0.441964657613  0.604453673064
0.397774453023  0.537200965056
0.575592250507  0.552870403125
0.444888483715  0.472885238371
0.616239703349  0.533761015617
0.417734447528  0.500057144289
0.455293614165  0.411734926205
0.556646475384  0.560022421365
0.433773126689  0.469115759611
0.427802864353  0.508038858458
0.546663569853  0.60207434472
0.496114783513  0.401209337224
0.533791393007  0.587109247749
0.62773520995  0.506257374158
0.436187866906  0.382757167482
0.454536814005  0.53542398901
0.423073134139  0.711200972254
0.588907189404  0.353839038578
0.489420167486  0.42383947465
0.604649093566  0.502483032288
0.458376089964  0.548840441112
0.666328538989  0.394337006125
0.471819779041  0.347123835962
0.517934973317  0.548989004355
0.423654960768  0.631278411901
0.577573026655  0.207336379342
0.437556709091  0.649454595041
0.525716635471  0.515158102296
0.355590871839  0.555291787719
0.518878958765  0.669965811454
0.403178565967  0.4999989635
0.666461245102  0.30190183852
0.274964454302  0.460770222021
0.55417126501  0.395646583719
0.71334698595  0.442874317001
0.339802117505  0.469939053822
0.446717875862  0.273633088545
0.600885367093  0.548636852598
0.640424688593  0.423028604877
0.366159666701  0.376859196076
0.614209625627  0.455003576843
0.577998440895  0.604029412046
0.41585646342  0.458736436337
0.539606230154  0.514606231893
0.583824166762  0.536278669161
0.355561917734  0.441736742777
0.630639057848  0.484550089519
0.799613747817  0.639043063045
0.426224662825  0.544701291866
0.419640500012  0.472027757802
0.383282383806  0.453613195151
0.680265088483  0.427536657124
0.461044334896  0.627921470163
0.395656369627  0.601939961678
0.372511138976  0.413159748024
0.550341479779  0.526063204383
0.349801284628  0.470726897822
0.433180291693  0.74838721181
0.549130690677  0.451035241888
0.753641713875  0.356475800123
