0.452518016658  0.465688519909
0.566936291945  0.479018229951
0.514912629683  0.701825238218
0.433684838767  0.369104501549
0.339860295598  0.514110930054
0.522003644234  0.451176510069
0.53795925898  0.45643020808
0.413726864056  0.480600089822
0.484732725915  0.449208859905
0.221773466715  0.41755578531
0.512015554444  0.485101417523
0.506934797195  0.500507405888
0.508042343623  0.414378041135
0.536892423806  0.476511242014
0.607181737611  0.595430800374
0.445251830992  0.591581417923
0.628617367774  0.427242355406
0.583681466074  0.358166514951
0.516328544675  0.413059024344
0.427103004428  0.447230373917
0.373460097064  0.537376442877
0.46554815185  0.6223163268
0.602450781308  0.482007462224
0.448965220881  0.734855071617
0.534515550605  0.373195950869
0.345562063803  0.559348238545
0.5329162397  0.412265525656
0.409533014289  0.640916198036
0.373120658479  0.305469907983
0.556331100358  0.57744536866
0.487340778979  0.57875298539
0.529070856798  0.471824370868
0.460832826805  0.53987948777
0.605067167806  0.486517480389
0.613637104211  0.313054096069
0.533424809659  0.282637789611
0.467091296785  0.69837909353
0.635495637012  0.575015229269
0.510460390233  0.516685470646
0.496502328583  0.522989314375
0.574853373636  0.51953485984
0.348989126794  0.609705461369
0.460076798754  0.541197058391
0.55987350433  0.478393669773
0.530916700171  0.37477134693
0.461676130731  0.315698088158
0.476102519553  0.337206160914
0.499370771201  0.358319856589
0.390903022648  0.519078934878
0.367856950204  0.379089457726
0.38761123444  0.456281217942
0.320796795844  0.494505917139
0.517527978926  0.627133578286
0.441049960083  0.537738868407
0.506301514711  0.334039560047
0.430143753291  0.555357747202
0.364328341403  0.37815701455
0.512491969125  0.375160345761
0.610968346487  0.49242921915
0.392514673995  0.441625425717
0.701523225313  0.359899239606
0.3882109648  0.40601152173
0.3577517652  0.387141720888
0.526899063255  0.482722005684
0.440955807976  0.248838562448
0.410039357525  0.373311351295
0.526149658315  0.524426740839
0.631650690567  0.377025806509
0.451497663103  0.62430072219
0.419197553534  0.2945779963
0.471930299626  0.492834552843
0.655028964098  0.53028497398
0.4937256262  0.473324214573
0.399079191845  0.392607532015
0.431714290967  0.61195727718
0.500222249995  0.453539699876
0.452992336245  0.360855365201
0.340342260534  0.335842011489
0.540767433707  0.587114766727
0.609336867861  0.381812772109
0.501835557059  0.56316394543
0.464314237643  0.480067688367
0.493012433016  0.343326931075
0.480651362467  0.460650510446
0.428176531374  0.511866496023
0.545511284197  0.345760076273
0.539850034616  0.520731975479
0.386967806164  0.611061481388
0.312039018667  0.444035897215
0.383817513982  0.43866557768
0.325801255872  0.759039651429
0.456286927689  0.390217742144
0.531291834698  0.621518599179
0.575298481353  0.54344791598
0.480441242913  0.304693515509
0.528659730592  0.502745379906
0.420889072548  0.526124446208
0.516572295748  0.507350436332
0.52521565128  0.227075543702
0.430601039762  0.540372442615
0.43896409422  0.474151539883
0.472986962654  0.573896451235
0.478320859404  0.395225260619
0.349536167053  0.354439135136
0.486653665294  0.484704509546
0.4997862364  0.404581263068
0.569843448672  0.488606223842
0.53927369059  0.44799490897
0.663723587967  0.716370512997
0.576446998272  0.465361002358
0.491313053577  0.467055994428
0.470482969377  0.560995768219
0.54947739174  0.484707913116
0.45986530094  0.394793827987
0.523668045775  0.281035322005
0.58531246823  0.628519340604
0.659019644275  0.516129180858
0.518006300641  0.381260598934
0.672755877076  0.684578407553
0.517821511299  0.57485090562
0.512739084607  0.512563752731
0.638662552164  0.452122163034
0.603380852511  0.380249990115
0.649589409429  0.512558413583
0.456309462437  0.410630489526
0.422200971101  0.45780629046
0.552628283237  0.398118042174
0.32599767009  0.641453230425
0.439887302845  0.55542275586
0.40355403717  0.389433031612
0.603127799807  0.528965116368
0.502904047865  0.488715428699
0.632908146701  0.356148568485
0.588923039363  0.583648849937
0.636628798029  0.579202826648
0.406496370848  0.624908400083
0.418843744769  0.459117057685
0.650299249598  0.33334720213
0.546611226417  0.574998070431
0.240113453749  0.587773141037
0.277044639927  0.57809023326
0.397380227712  0.489747632818
0.656317667209  0.60110324779
0.30933196256  0.477900276481
0.639205724639  0.364419269395
0.567490186128  0.395784595716
0.496871250191  0.562540520806
0.47631781003  0.422691724872
0.610585084477  0.55844904039
0.607593610679  0.43166386814
0.501695805319  0.370407789477
0.384638740963  0.53504185857
0.453145652897  0.345428565165
0.494987913168  0.444816570956
0.454571602533  0.506835568045
0.589839839653  0.619956055365
0.635050141027  0.573322520663
0.400321828667  0.491233558712
0.532773632969  0.379962615351
0.320428106323  0.548783184817
0.52959886994  0.520059477135
0.371753722718  0.557418043771
0.461403295045  0.302226162732
0.558303992571  0.414835220094
0.535579682383  0.467828335039
0.531698162695  0.795838667911
0.456982275995  0.539668144466
0.570072003617  0.372775616389
0.575924864699  0.453274752417
0.458443417152  0.583890030385
0.58541347755  0.529420714467
0.610092559038  0.448910759259
0.56543541381  0.335595620952
0.59879528263  0.412446597039
0.430112147391  0.495962934515
0.537935199793  0.590423379038
0.375440340739  0.430207325145
0.43198273889  0.394800785238
0.719777742474  0.47067889406
0.371059028322  0.487763733963
0.450046263221  0.463075588855
0.453669477255  0.374464162181
0.471350183421  0.554689170582
0.518075821405  0.412756588893
0.519695436513  0.44413034789
0.588190067761  0.524465388499
0.464212887783  0.367030394406
0.432351830153  0.376088174024
0.489798860685  0.5646999099
0.503127250364  0.419584222957
0.458901074043  0.429489655281
0.621416027184  0.614373679697
0.603608108592  0.578695685326
0.495803068173  0.448223627245
0.473106192909  0.602735581104
0.64199585815  0.655979060508
0.541695083368  0.588680209345
0.382690888612  0.639601452856
0.468231808693  0.408757697514
0.48428896631  0.243256927106
0.573215385985  0.649878987926
0.501097143592  0.398968126824
0.446386395192  0.545147221721
0.581150103892  0.468494627642
0.506753402467  0.487989751941
0.487884457814  0.425618281329
0.704095251761  0.280762417447
0.478506943056  0.604349286894
0.588189509266  0.267265926025
0.453560846825  0.411226212415
0.59215355277  0.393535442856
0.396839350699  0.449776035076
0.452287162328  0.595028827433
0.589163767839  0.48792216786
0.384308576158  0.522798532386
0.612694230295  0.440824071177
0.448199506186  0.702459913001
0.492279110345  0.375046357784
0.65792058862  0.617226401188
0.583955374017  0.3791544123
0.524514238124  0.318623970196
0.513697559089  0.532645423207
0.592230777456  0.549031294996
0.529243360637  0.439359581165
0.634719722492  0.493137543455
0.520290115437  0.41493709524
0.59800545163  0.502952511833
0.518249012688  0.527851435039
0.526134879277  0.352797771002
0.50148167682  0.505824331271
0.663493020426  0.678442426061
0.503269496702  0.42203322137
0.55937234646  0.38008903396
0.584872948886  0.498999231305
0.567445814725  0.506207622233
0.314325948002  0.4884106769
0.486041333346  0.422668623157
0.608513236675  0.560984037708
0.586341165247  0.49754476693
0.515883508991  0.418152319536
0.430904858942  0.52490254199
0.539044212801  0.472872488056
0.355422752131  0.489832217579
0.305966185081  0.39069987949
0.524590307042  0.374274104202
0.545769134434  0.645990151471
0.567101121215  0.347263219523
0.534474993038  0.62435128729
0.232543878497  0.594953138244
0.411066967284  0.481078974862
0.449186451493  0.468786142366
0.28224380108  0.520064449028
0.589436657226  0.447808630478
0.534473857464  0.546675383016
0.386996405065  0.701052158217
0.492307918814  0.40026412616
0.542861535593  0.557053156235
0.581493516365  0.340211719866
0.508773223777  0.519526297968
0.557722473037  0.494634562927
0.580298862647  0.677876265935
0.39914823607  0.435585984476
0.464796215135  0.38034175681
0.451406592533  0.382972073895
0.380848316888  0.440014134461
0.496078506139  0.485604935934
0.510796104751  0.475682913597
0.460986272905  0.555933569411
0.575328313153  0.550185663502
0.483916816162  0.426743955381
0.366111036934  0.437281029664
0.550161392723  0.397619773682
0.253268925209  0.469659326464
0.474245083835  0.460565168878
0.554906157542  0.581459254707
0.134009128242  0.420340065925
0.479605396242  0.464141710345
0.556885579804  0.277968201327
0.607193934743  0.312859906493
0.476376734446  0.404989873332
0.340174875897  0.352672632037
0.466677708381  0.532132757348
0.625338625547  0.403496310132
0.415909943695  0.324617593228
0.56290841617  0.425166297767
0.676245299864  0.41872626932
0.530474450575  0.369816081889
0.304548109057  0.14691045958
0.627575063548  0.510224104295
0.709809128069  0.564944950102
0.586284902381  0.476861983419
0.374710427395  0.396615168851
0.543524210846  0.479882332498
0.777299857294  0.324201171535
0.506738200989  0.356695533651
0.414568356921  0.649189476124
0.406167357369  0.354307346208
0.485332941001  0.296109428735
0.439548616242  0.571499739153
0.574850258817  0.680566588217
0.53269236108  0.567215707371
0.443957438763  0.472968987112
0.503815740642  0.550682909648
0.460148424986  0.360602724338
0.28959498345  0.280806508172
0.547079645955  0.494785411942
0.487707405344  0.422104719263
0.406074459145  0.621735500744
0.496838015676  0.568612771465
0.559202329876  0.526649627211
0.45610092103  0.474104390574
0.565878032264  0.38621588388
0.63496577891  0.389993767336
0.458383709694  0.272197416802
0.547304183139  0.393961035329
0.63256969771  0.443037859761
0.49767768121  0.441228231248
0.314268651189  0.431243623572
0.391044880289  0.44385666646
0.368677343985  0.334638934494
0.610576790412  0.600079545364
0.43931880357  0.561812465049
0.596352768371  0.429376064605
0.580383553808  0.482421943672
0.4279074047  0.676729295089
0.372975560735  0.37885831463
0.365995378574  0.356389580654
0.519260590363  0.412313672051
0.528429932093  0.359136535138
0.559047792713  0.556427668384
0.398655997505  0.472852555413
0.530249829154  0.444762461734
0.551683361781  0.508483073026
0.496867986891  0.575863341134
0.667045471582  0.404090594586
0.5925154323  0.542966906884
0.572893148224  0.521589347517
0.533823903547  0.467374378093
0.545226310028  0.388572759789
0.58830131657  0.526717903214
0.436569389066  0.346262807835
0.701416052573  0.350081579841
0.427075591879  0.603189277988
0.542680159264  0.666313942608
0.657416044558  0.370682982822
0.473456632984  0.45120392707
0.542666280641  0.614034024432
0.482314918437  0.437432573246
0.405256726053  0.38500236712
0.585368404646  0.504447654307
0.512459896034  0.325498896898
0.610065122945  0.532999706518
0.65958826372  0.56627691898
0.693187007249  0.367643334933
0.595472483124  0.550790281723
0.574469832429  0.448107973918
0.593590473666  0.421692905358
0.357720723471  0.545172348799
0.337156739556  0.578666965329
0.452128293243  0.550599820487
0.433151304836  0.526686524193
0.546853014138  0.564544577423
0.363396161507  0.427059215714
0.369327848504  0.3683468994
0.541647396531  0.481307494367
0.46502500804  0.585150869242
0.462851327873  0.213534714591
0.462908666413  0.554282531177
0.434274880504  0.506013233944
0.498615042842  0.549922758897
0.508895288734  0.414595297306
0.530620020825  0.420917469648
0.699558348005  0.370800879151
0.769390022904  0.507961223587
0.570288167436  0.617786892621
0.542323971187  0.550519460082
0.371689528477  0.337181698751
0.270124110935  0.234445392992
0.410989956759  0.477681005489
0.662124117034  0.4045638464
0.32266171892  0.516765644151
0.557484547624  0.433217460068
0.505027398641  0.668005958543
0.440066260128  0.609210706675
0.568511511228  0.481207214276
0.292819029428  0.559519479937
0.614860583892  0.558488251339
0.456020277988  0.476768976331
0.275060532187  0.466492116914
0.554044031348  0.331006411508
0.472547019705  0.442190229882
0.437357661694  0.415649711441
0.648216592758  0.501709844779
0.434163907846  0.533434629739
0.446646557533  0.388772495588
0.410500743082  0.522286895838
0.46180379492  0.564314208634
0.465979159383  0.302163450333
0.508719473649  0.575526423037
0.426183382703  0.490471709551
0.380926910485  0.47566869943
0.41333059397  0.375496821744
0.517617459177  0.430418737577
0.485793825049  0.442780670671
0.599174980617  0.343954635819
0.467595026332  0.333655747108
0.463313250845  0.40807261999
0.501879724286  0.528163989479
0.474846329072  0.382534388794
0.427209144459  0.584394651566
0.502552417201  0.525909639421
0.523139965732  0.530396152414
0.361269156444  0.508559360116
0.472731088526  0.368441142253
0.44204320834  0.434884653965
0.400737262164  0.525237407635
0.5202387218  0.45018350272
0.600285335938  0.357479438039
0.319638351689  0.217175260396
0.430385870144  0.479560117113
0.622260018629  0.444466178992
0.529393235979  0.469186825563
0.591561621276  0.46872441901
0.452203403172  0.54887358176
0.526079937201  0.472873263977
0.580491312923  0.463153692859
0.517524452021  0.507455301136
0.528410471599  0.492048081051
0.588543765267  0.525914134775
0.635112079866  0.526830163624
0.619594921966  0.237482675056
0.578019626865  0.710910929459
0.496887558532  0.417134258373
0.484101322154  0.403973730305
0.461427871523  0.540618452255
0.559865407963  0.551004656237
0.473291047135  0.551186361533
0.433295037984  0.56506304932
0.610910613574  0.350549316716
0.483293148082  0.407903108204
0.760396007873  0.585552229061
0.419949141866  0.414380118781
0.588837578721  0.690329462762
0.655108888141  0.467594236239
0.388547674375  0.393442399129
0.347674723543  0.606809331358
0.542593511697  0.38163904669
0.355300604752  0.473178416587
0.37076075191  0.44901626977
0.566455341893  0.521208482216
0.577901181621  0.47509551369
0.538292488739  0.568207392877
0.328256331534  0.663001640129
0.652896295665  0.528750507304
0.520789185851  0.437932746439
0.655372225781  0.37343868953
0.606753079347  0.402849077714
0.582820623295  0.288968568814
0.513930092175  0.600227219669
0.566304757226  0.521479701421
0.567386701354  0.455932014325
0.486409172441  0.492226198153
0.354367170572  0.406496292646
0.362453746997  0.519142838494
0.510773993574  0.487664457667
0.578942825257  0.461445967985
0.554403610059  0.288759720868
0.36962811356  0.251745023814
0.524306289151  0.470613479638
0.672494106252  0.420135851883
0.401170747202  0.464054041105
0.645396646101  0.449975129957
0.432866440769  0.454967570667
0.432631576892  0.549376979193
0.523346334277  0.389905624667
0.63316202536  0.550456491525
0.500352093682  0.678345943293
0.5892635147  0.342128880317
0.615356532175  0.206559567297
0.37489651557  0.494706565609
0.547736851812  0.403725063
0.669238068714  0.545518292557
0.513622708982  0.27142010072
0.494904164965  0.484667952521
0.437077396478  0.508903399997
0.523649318253  0.495169967089
0.536995738362  0.508088032364
0.413841888225  0.405442846376
0.458559688688  0.527614066446
0.512019960804  0.573739761294
0.478133967775  0.422935119357
0.499544883486  0.40503723217
0.630686775809  0.413081520663
0.565021055592  0.39909984468
0.47494544538  0.436391293951
0.513797225077  0.501208864499
0.499290765327  0.460021886822
0.48077282854  0.394524460682
0.381315377412  0.658691144457
0.54535991534  0.234945701367
0.520937847799  0.514482182995
0.654703430968  0.500651868382
0.55333197438  0.545642209525
0.582092196754  0.438600807173
0.625329214488  0.683475772963
0.508491642199  0.4330644692
0.514108017359  0.453991140201
0.511682354199  0.546288803096
0.463953527359  0.532500961471
0.374529541896  0.55562776826
0.441284225372  0.454526322425
0.450525162002  0.445379966402
0.581676235632  0.378258409437
0.464676869834  0.54975239268
0.239726424485  0.443941813734
0.519039562356  0.476402045446
0.549386947729  0.493370895441
0.556022092583  0.540905020231
0.365936372879  0.565002885773
0.494141313934  0.479365254253
0.59265715445  0.419854209584
0.437080009273  0.408867184366
0.42687932906  0.44395008614
0.563692761106  0.573303937218
0.524031076506  0.494797956898
0.39204925336  0.370217071793
0.530091484383  0.412114877175
0.646385123063  0.507014650467
0.392295572102  0.589602869161
0.181799194409  0.567415961839
0.536113987941  0.732402663686
0.509333137381  0.384654791709
0.44133318753  0.406581105483
0.431180779838  0.595849672231
0.551740607302  0.536566871705
0.55926757175  0.462010690579
0.509054053033  0.556553008095
0.515456700051  0.400519420641
0.448635395404  0.415975011494
0.545024614625  0.372326741414
0.458328330444  0.315214045456
0.707585768786  0.327517845584
0.536071637139  0.516352700755
0.545228580443  0.470903101481
0.516711632503  0.376181552628
0.357716243302  0.542707492984
0.502071328511  0.511381754301
0.437474117493  0.537851842067
0.621675448924  0.516974422909
0.392463045302  0.304538749107
0.461002059544  0.562996562927
0.472250483502  0.437302951426
0.546770972629  0.429015744408
0.363367901208  0.498253519836
0.477414745603  0.505279691382
0.544258913893  0.425137393051
0.511728439643  0.668206538349
0.361432140452  0.521976124625
0.566941197809  0.398075787909
0.673237405969  0.422176074449
0.630292482453  0.497388282198
0.60950591377  0.530970706833
0.557838356192  0.37483236292
0.541845218246  0.384091554105
0.469901063906  0.3383691722
0.601666271191  0.381100958404
0.5957209546  0.383081404202
0.641939786116  0.46737906052
0.519168539534  0.48684968912
0.674133216266  0.485131862403
0.618563006234  0.518616440606
0.614398034132  0.313466264347
0.54345528451  0.479383690292
0.438383181878  0.427175263105
0.426345527532  0.427745735249
0.571904822232  0.412062946061
0.694303140482  0.583104950305
0.528717039186  0.393634645153
0.526434466502  0.485891276359
0.515571900508  0.443549616547
0.635068435344  0.456137741673
0.538027505196  0.505156115791
0.596677803262  0.404831767834
0.387337226948  0.349144509177
0.433089695874  0.547134163508
0.725483032333  0.676021494377
0.452482172464  0.449700121377
0.502946326365  0.514820117719
0.631214738322  0.380525140532
0.382025893958  0.547122727058
0.296611722775  0.520385692133
0.457536130177  0.396438952038
0.335488870622  0.451790061247
0.618579997802  0.400576644954
0.395490505918  0.428722016263
0.362940604198  0.513060730487
0.530533722945  0.294163342297
0.501555821788  0.494073970877
0.469788132477  0.519680753423
0.627175997479  0.379528851928
0.609961918545  0.401201094456
0.67259996564  0.278841833454
0.25167954712  0.470437187605
0.622463916505  0.515576354004
0.644484097211  0.60507597682
0.596677356513  0.314509607682
0.386115154865  0.480063560527
0.348055238984  0.522834232193
0.562792419114  0.53342816091
0.360993782813  0.525138590456
0.567634059231  0.473580332651
0.574858219376  0.423343590759
0.527273298031  0.555123465463
0.548582661571  0.368887437222
0.253322043383  0.588425265844
0.518505288143  0.383536069858
0.443145948243  0.38550908364
0.52149324468  0.53343932086
0.449114455115  0.642560694875
0.554235317646  0.303434499081
0.44423699899  0.544462095482
0.572982069  0.654711461368
0.611201623596  0.578359684179
0.510684356565  0.286435713817
0.438539341469  0.519257480967
0.578194718206  0.415936716549
0.687599668221  0.346379682786
0.553113626973  0.43637592944
0.421551508285  0.341053789663
0.487248636904  0.496327001865
0.690012733496  0.62605980829
0.463030309957  0.550090615596
0.567405927472  0.405864449035
0.587989437057  0.401876236914
0.731095495518  0.338006670922
0.563373928424  0.610715685376
0.531805500955  0.470736874848
0.5264649322  0.64806820835
0.682561657687  0.426648499444
0.377705902746  0.558476072966
0.397264312665  0.351149648784
0.505546044543  0.481333061198
0.412272328291  0.500341007092
0.378509119001  0.316478692554
0.492089186163  0.425974499775
0.347447450774  0.3074220074
0.466727902154  0.321484260306
0.559786864101  0.543423918586
0.479686723786  0.460592562055
0.465684491894  0.534009824675
0.466698080342  0.247265958649
0.349450282098  0.503526375328
0.448504954328  0.436670518187
0.381563826589  0.590945267028
0.426130760254  0.3565751278
0.472373857085  0.371602678016
0.253114120409  0.563560464205
0.679873381219  0.478531694522
0.570468561175  0.52727214157
0.467151523869  0.562807115857
0.409109851919  0.511980998876
0.464161837491  0.560486241817
0.521004465905  0.662311947478
0.338832522712  0.36985364504
0.583884596748  0.383382480505
0.467938136373  0.600438929822
0.546932796996  0.573071831047
0.48070581091  0.404455229167
0.689716878465  0.493731852082
0.310109575823  0.316891731038
0.654578887886  0.589193856531
0.531484906335  0.580700089146
0.426935602795  0.517490568709
0.457705823797  0.549927133161
0.427775114184  0.525252807487
0.567775599413  0.446910173407
0.345594817943  0.483746921422
0.574797762706  0.457473605441
0.473148007011  0.583683736117
0.560456696028  0.333279402424
0.640682793806  0.491865008983
0.445063201783  0.664372312852
0.588307065438  0.401667165277
0.638234894208  0.588655321596
0.402880035843  0.619538213498
0.55460786025  0.610304173907
0.337361262892  0.467732238366
0.473423442072  0.589383807939
0.437365021248  0.476787221477
0.53453528544  0.459381055676
0.406981107957  0.235916958412
0.432489232309  0.338689785939
0.382285783109  0.31738978646
0.516179805697  0.536426123004
0.423197168833  0.660282182977
0.498113490535  0.494324958514
0.393400741362  0.591890164269
0.491078574899  0.529437417522
0.48606229397  0.63028472915
0.726163318503  0.536321937109
0.521180781748  0.539921926506
0.427527457281  0.499779602149
0.480368787856  0.436768687206
0.504880720063  0.482549338584
0.518234210761  0.616097261656
0.367311618846  0.572535740595
0.44657616942  0.419063676747
0.469828858149  0.432498186889
0.256201446024  0.51184431132
0.472014466305  0.51714487053
0.602120348091  0.472990014062
0.485323795231  0.46947984619
0.393969878915  0.45602962493
0.340185149966  0.410048738454
0.336721160071  0.480050599653
0.390042668346  0.395336464705
0.456442635322  0.519259271215
0.625524529212  0.47844972218
0.540505290184  0.447122549974
0.430517976374  0.490909980904
0.41849704669  0.437691399942
0.535679477948  0.627223997921
0.291074358716  0.391764116877
0.584024425746  0.669215035764
0.605768428603  0.43140489784
0.55868956806  0.420424705885
0.44106273565  0.409123392381
0.595397800183  0.56594135068
0.327914104196  0.475763878409
0.453353842833  0.576846468856
0.535396549993  0.586686062982
0.484236695244  0.347876624653
0.324785752943  0.424717150807
0.437462608473  0.500733778602
0.612878365859  0.497738667491
0.421114334834  0.720141230019
0.443168187614  0.534213801204
0.491943077515  0.569882956434
0.369762422843  0.165844096749
0.503400941323  0.449565008911
0.394529797824  0.324267476876
0.457941293622  0.426542884876
0.61224017752  0.353302131854
0.452180364526  0.375210820471
0.350330623865  0.43000636456
0.511804497223  0.562550220518
0.607141538745  0.447858162708
0.651042444374  0.281902422427
0.703388791434  0.651320563007
0.493573424111  0.401600413709
0.722249051269  0.42413857772
0.469678023889  0.394937653738
0.486668048493  0.4573121311
0.487648823792  0.454596229277
0.578201521806  0.50705837061
0.423679760221  0.456293425636
0.59669449467  0.406950398523
0.445759938172  0.452518086031
0.383269900447  0.576779248852
0.388380493168  0.478341535658
0.538413754683  0.493206344558
0.480887735432  0.347913992945
0.599209481368  0.633482581609
0.458580056695  0.482194195247
0.456299511848  0.489850870956
0.685095797486  0.497018705513
0.499649468919  0.579779817977
0.352911762742  0.530293941871
0.600845305022  0.417602013621
0.453198924248  0.381581330391
0.676286520712  0.603184561931
0.542639140987  0.362256376252
0.53969054804  0.578517573894
0.373587480509  0.325899863286
0.499204773866  0.682123328849
0.641565315089  0.564267263541
0.671276949505  0.464462916062
0.517925186558  0.413291664019
0.491019693345  0.531144441729
0.401224944214  0.347402445392
0.42844746464  0.463765834353
0.504642420676  0.602274732778
0.488211416141  0.559185987255
0.445112218375  0.519575264088
0.444888792389  0.388834229721
0.196986879803  0.425283611499
0.415111966516  0.587563656017
0.46612397346  0.46659479523
0.591343948523  0.512874841241
0.342906340079  0.604061715121
0.487699445355  0.535759411617
0.408224262992  0.453355990589
0.611699664123  0.394551953764
0.444150282589  0.500348038532
0.535726189255  0.444595247967
0.404119046766  0.54808840034
0.581327097986  0.381214774157
0.416944383778  0.387080211139
0.745132940481  0.451734792063
0.412494245904  0.516041284299
0.402378485485  0.58115998024
0.347613126846  0.619122083099
0.619548584824  0.487486560714
0.340636840755  0.551186844627
0.484807681109  0.500766544517
0.446743101281  0.606395115657
0.506192273419  0.404618505235
0.531341379828  0.559883690907
0.313037775842  0.498550789279
0.361223070504  0.51410474069
0.457468218631  0.540612787017
0.427682461843  0.613106059847
0.541874207258  0.568791653917
0.555649378237  0.46391788544
0.617177525557  0.446806204995
0.487084865237  0.441140521196
0.59259856696  0.444477155868
0.536651405029  0.341875374825
0.398741400794  0.368869970155
0.666939590341  0.446224161299
0.426966814175  0.542608078805
0.555391273248  0.441175778975
0.573765092998  0.601729071038
0.449181758455  0.417503774192
0.509224993353  0.384058582246
0.38294105121  0.574050718986
0.368538644507  0.57968624546
0.474469040922  0.555490454935
0.445786368279  0.373044943562
0.522760331207  0.466926225279
0.625378939784  0.457131431247
0.498867897154  0.324938181587
0.482180425216  0.538486216541
0.478341673152  0.522439707514
0.259779140109  0.356115131386
0.516997014464  0.506813878345
0.383957071423  0.557301797511
0.675035514128  0.665667076268
0.685188482967  0.438587463302
0.60504089484  0.570038990179
0.483711333474  0.267101637335
0.45177443954  0.491259286635
0.546316345738  0.517600586353
0.418619254148  0.355285200302
0.52524289942  0.357292495082
0.463755343346  0.595686613255
0.336238979146  0.465879898327
0.427269595518  0.363333405016
0.487443485242  0.468107018301
0.414245102349  0.440393248207
0.642400224375  0.35332693443
0.69634603301  0.399442014045
0.623044007002  0.449733971542
0.387988615678  0.545978021142
0.481845785772  0.215469627529
0.617692597671  0.321602129486
0.561199009067  0.459305130915
0.580012361055  0.573822771756
0.396123952896  0.662384727873
0.592619636726  0.429148222501
0.465065672987  0.421144236399
0.379443744344  0.440977969929
0.561009793129  0.396121836177
0.495310122797  0.247947877718
0.398627050598  0.530981685571
0.51988432648  0.383402727723
0.39820065521  0.430766616829
0.462010700939  0.390363533981
0.530772580543  0.374467122643
0.642480054341  0.436403347192
0.34121827672  0.448675484097
0.546144176242  0.578676877404
0.550336774939  0.395545626863
0.48782391985  0.539672353973
0.431738991928  0.447518094102
0.628034130819  0.670627956508
0.430969729215  0.434415212606
0.302090473259  0.459766611576
0.510029365628  0.363968254456
0.638297543866  0.426358231375
0.426822262263  0.523372702112
0.642100480903  0.377529052976
0.448389081297  0.574792754666
0.509587362631  0.549394655121
0.3044893744  0.391559772819
0.396688286293  0.44067007726
0.624374495503  0.543591274137
0.416650581959  0.585568575424
0.445552208632  0.460671386469
0.523579951172  0.521733634113
0.671104699344  0.370871579859
0.545784033944  0.641569625339
0.428797218197  0.5656961677
0.374916501719  0.601266797695
0.563743491569  0.468547477423
0.527647259194  0.427044454388
0.589109511682  0.380333143194
0.637700555863  0.475582788804
0.344899042265  0.47417454307
0.531701033931  0.597292392155
0.280488037303  0.503861882928
0.521488320632  0.712532035993
0.205612495294  0.417886755076
0.522825231786  0.514102298057
0.509263949717  0.554824611044
0.384280550063  0.296324441076
0.422048215783  0.586391396493
0.656217846196  0.507111470985
0.336462905818  0.524734099805
0.280180670094  0.639936547182
0.553450410074  0.538605852094
0.441574908829  0.433476539123
0.590069852581  0.475079042415
0.724826421342  0.601463713625
0.494820318953  0.38186060283
0.470409054026  0.384894071945
0.472349374274  0.578180807101
0.481598360566  0.48387939061
0.31521512269  0.474595172402
0.578213708907  0.328282996394
0.553230574297  0.573712118674
0.637639830787  0.428129111975
0.531616339893  0.26589746683
0.614637356311  0.614585414713
0.533168299188  0.498250268292
0.617426621192  0.529945827363
0.399536626609  0.541323032057
0.519675846587  0.586767731884
0.468720519258  0.0906974457355
0.544590308592  0.462719814668
0.441651032079  0.707425778561
0.492799687322  0.507696221103
0.542920183976  0.594850810616
0.563886488328  0.53313709123
0.573287086287  0.432461510874
0.726257962858  0.481097250395
0.337749022038  0.36307038547
0.61231227308  0.330866863756
0.452452131683  0.444757657729
0.624414407389  0.478864998945
0.438517477286  0.274238107885
0.415878250245  0.443039420087
0.399022677659  0.295812683118
0.314242675313  0.304188096216
0.65976840712  0.512664984543
0.652277327245  0.407864328474
0.642447583203  0.558573582815
0.501546281153  0.545082999941
0.475466369663  0.463126349635
0.450041584326  0.352817657809
0.485400366268  0.487280398522
0.669424537633  0.438698319664
0.597109930906  0.448352824131
0.478578835255  0.488049416604
0.577384259892  0.394823190306
0.669888420163  0.478969888567
0.611578123824  0.43501580268
0.531854646306  0.466502086315
0.623183388292  0.396187108526
0.546950878964  0.469621561002
0.428242992417  0.698060945228
0.502212313545  0.262221464804
0.695586916  0.510290228369
0.523986235284  0.424363037244
0.649533138499  0.501342051141
0.574080032996  0.567141918412
0.501546150263  0.445545435572
0.346500360862  0.498398001615
0.415459070355  0.394433949919
0.431686378807  0.383392614274
0.376360524932  0.486990247677
0.546100259842  0.344862663311
0.437480563794  0.275434263517
0.350189290706  0.27282696823
0.404579520288  0.438599707156
0.574525559394  0.597860023371
0.513971647459  0.44351095483
0.442009837854  0.397822642552
0.407093850883  0.493170026858
0.615685063487  0.369174365319
0.53947648659  0.670557822567
0.577861677337  0.589335870798
0.582874749172  0.49381488978
0.47622750427  0.455630408247
0.374452530787  0.606175287054
0.423555055457  0.703088022431
0.573956071209  0.461265152772
0.465104031459  0.431179772076
0.489771679286  0.355761516972
0.509529749203  0.322074875998
0.552759434983  0.358195274962
0.496754982406  0.54827014733
0.451346255564  0.35535145303
0.427871571525  0.392085160297
0.425176421308  0.51080681597
0.522907660118  0.468848459563
0.416348632434  0.680132287146
0.475712805393  0.414188803972
0.585109962075  0.443024688276
0.58095850179  0.489463731748
