0.451620794503  0.612752532848
0.540902392792  0.22127510276
0.486416533791  0.516787299928
0.549255870708  0.639175468597
0.453897738203  0.684352423005
0.470973827986  0.472696686865
0.445773145268  0.601655464125
0.340720247813  0.372913015441
0.731301526068  0.478017524968
0.48709961608  0.325321985836
0.389279775131  0.59607468128
0.452004802657  0.443922291103
0.52813508228  0.351933127163
0.515001238699  0.535754487392
0.293048718057  0.389382856457
0.528091592152  0.503849303611
0.707906575887  0.561435642598
0.464680066028  0.193374612373
0.5082739493  0.589915522795
0.613571084008  0.537180254304
0.452526434317  0.285465921801
0.503903494885  0.434548958344
0.492406961638  0.693511718917
0.488746045653  0.455834114491
0.527220531039  0.421998614913
0.419087490842  0.363933346428
0.588636245696  0.509315770999
0.669122714535  0.673382379724
0.452353847802  0.397642810742
0.479550223158  0.48620441926
0.308118400562  0.482656341361
0.455668401345  0.253135334194
0.52220842773  0.712059221134
0.396940821568  0.534462022393
0.549930137998  0.650101785835
0.314653420226  0.531432988066
0.444669383061  0.449635633992
0.487214007793  0.565425302698
0.541619225831  0.559948427866
0.538144536501  0.345690989737
0.564597747418  0.397835610285
0.436131306718  0.382834773667
0.525740694371  0.266245681467
0.473347880588  0.588812439579
0.468232532227  0.534791356662
0.36113404961  0.573440488764
0.476542477947  0.378819462822
0.387141815799  0.468694326017
0.494097886828  0.716529226464
0.612595761411  0.639076639997
0.598879095597  0.586282596082
0.383493487284  0.440348557709
0.452127385274  0.69645032855
0.620499352285  0.461404814725
0.76288587106  0.484263986077
0.47433705818  0.346079760221
0.325873975823  0.427654557264
0.593509346651  0.61340616708
0.427108926898  0.524482739518
0.659942263094  0.501422443805
0.498708562563  0.51221478584
0.403941723351  0.514719910755
0.613200248528  0.516002149413
0.639314455728  0.719761642505
0.453613021208  0.592104439594
0.335270992736  0.666861575402
0.485583380763  0.476383779576
0.476495994692  0.760308880726
0.624173353304  0.424315340143
0.499241626723  0.643298969545
0.576303148174  0.701569336901
0.526504217438  0.451052629386
0.435852402095  0.409166306442
0.72116542275  0.409998330122
0.353107839978  0.491749791428
0.572270136023  0.469164089716
0.468651721201  0.458528700955
0.382705310843  0.396510926811
0.504387737242  0.512902964516
0.543870067771  0.57113812905
0.464770887563  0.484517831269
0.556955968414  0.296379788395
0.500880103201  0.557113812131
0.621056495804  0.433108297584
0.448193954483  0.633550692539
0.426434718471  0.56614885196
0.640123023793  0.529593871895
0.406175684324  0.472994346557
0.433011111438  0.511804408348
0.302579071875  0.576507515881
0.532531156094  0.434764279868
0.597122156834  0.596862226113
0.255647660203  0.461483680374
0.454810674275  0.591164677839
0.533316978882  0.493302126649
0.314690464692  0.407557406548
0.361854399703  0.567475477803
0.28680232768  0.394683418785
0.411516429565  0.348878163868
0.420355853703  0.526307957018
0.285173944209  0.344948200757
0.451677859024  0.45995336435
0.401591365325  0.584297116928
0.70961477779  0.395411637549
0.564437351283  0.493813654592
0.651610442174  0.400303409849
0.598788298107  0.542753028436
0.594158041798  0.525972802776
0.409145926024  0.35496611846
0.602137862258  0.462182648919
0.351314637449  0.428585358947
0.46193777857  0.659639477769
0.51437973003  0.419238922977
0.381165834009  0.515356038749
0.382255012462  0.483249667439
0.49604326008  0.578727177104
0.337743699675  0.322044030104
0.518530941795  0.512725408895
0.539044125394  0.484631783141
0.401511571061  0.635474023173
0.568613055057  0.591036235865
0.340319055518  0.483885631938
0.42785552882  0.488331523356
0.485180627737  0.645502457859
0.342117075233  0.547034077106
0.433312990094  0.4535371105
0.426903935616  0.367798334122
0.683224448989  0.705847923507
0.382313337222  0.548311679276
0.533835799207  0.55599887334
0.719793304769  0.401063124133
0.476492199476  0.577507342789
0.598243713034  0.455736258102
0.580298500414  0.54232153727
0.441773867515  0.404364993896
0.340390901867  0.403946397744
0.5336661107  0.415933853461
0.489844358964  0.297403549341
0.373183555153  0.309424627528
0.569881892463  0.671374935728
0.326590015807  0.529570263
0.398929285953  0.511751635351
0.673691410735  0.598834453669
0.454312802995  0.479123682926
0.382094039414  0.537951210156
0.603433767197  0.449690505226
0.63606847186  0.42123208781
0.500066890328  0.573877713736
0.562153695525  0.524808871423
0.496917919651  0.566424227393
0.494707056211  0.424786876572
0.268444135605  0.588120502976
0.558139592923  0.532651890299
0.729825368427  0.505603969115
0.429772378799  0.448839799008
0.452902492279  0.409607210658
0.536824733134  0.557350553942
0.279175352967  0.604818859786
0.626972739865  0.510435652167
0.502473792293  0.592235443335
0.352106732577  0.534424728847
0.526952861331  0.517562434855
0.538277666094  0.609803648031
0.378254813425  0.423730642623
0.651328870058  0.529142606442
0.631546956218  0.571671107637
0.40263375079  0.568513952457
0.471990966926  0.410835557122
0.548831725033  0.564587086545
0.504194640346  0.630954522082
0.746914476961  0.524848416129
0.522032928698  0.334684762701
0.622058221068  0.638728878479
0.377241332105  0.405463157238
0.534234788841  0.485383540917
0.440506493052  0.478178278608
0.28882114443  0.402107306505
0.342369644954  0.39775372016
0.430973367142  0.437661396915
0.392524934248  0.495156021682
0.42399446123  0.281942888989
0.313890971183  0.511829424982
0.456359657529  0.38686817841
0.518799956399  0.37127032753
0.366530110229  0.424528766148
0.377998509846  0.519981067318
0.630931044691  0.708300523373
0.548378079131  0.466827653587
0.775831681537  0.422940053047
0.489222409487  0.588989888124
0.404905473438  0.631087841298
0.588393593339  0.358110424519
0.620853563925  0.41967224555
0.683861973806  0.515770436546
0.604275062633  0.703135807535
0.343818102233  0.52017921658
0.48911482066  0.507540618248
0.468026837528  0.455281882214
0.590814652993  0.645994483193
0.486182800541  0.412975081998
0.612999398434  0.564113633541
0.620506921992  0.582432711409
0.698191166419  0.719812107536
0.49944596156  0.449432084466
0.46928027777  0.485622345632
0.698544885621  0.460404353759
0.506194595068  0.370235940806
0.383728258743  0.500075377128
0.386091542805  0.488613963742
0.522916246107  0.310643630981
0.521298896237  0.456676354728
0.393788553396  0.435821523955
0.457396195471  0.470344240124
0.416532877377  0.427929107047
0.370022913658  0.402670423476
0.588537681268  0.492932057238
0.379212733088  0.614871791222
0.460888826931  0.376663963211
0.389034781169  0.439539459296
0.412690195518  0.441117633566
0.522770923078  0.68436156393
0.375771076745  0.465003711841
0.514999396417  0.469894053471
0.522991013368  0.36205572129
0.563637490026  0.562435052453
0.567923498921  0.560836167495
0.436410584759  0.64544693812
0.482046922376  0.360199450564
0.479225010523  0.524406111056
0.478954934489  0.464648371318
0.653833548384  0.408461968756
0.498253670814  0.602052546008
0.61971373033  0.69334754622
0.551800464177  0.522794110293
0.521981492964  0.50901762756
0.350344551368  0.436925550727
0.511438069907  0.414158483943
0.350804942862  0.467181347957
0.457445068474  0.348126014436
0.401962547466  0.506907660649
0.321781481237  0.580283678807
0.662010342983  0.516901465596
0.418102830778  0.576535746442
0.258376365933  0.430175964774
0.614444587273  0.37605959551
0.570334390868  0.518570217556
0.52991319606  0.511794083765
0.419970740153  0.342735743023
0.458045413667  0.546650421059
0.449432225477  0.348782804813
0.509013312667  0.489246155627
0.475787265573  0.38631962519
0.464522970169  0.644648219034
0.473591153419  0.503932729665
0.221771844813  0.470164978068
0.662171089927  0.641820184778
0.683682627132  0.53438033951
0.397689192541  0.620338690245
0.490318423424  0.538666403524
0.561700602054  0.609074974967
0.582326665411  0.534347834533
0.399243764014  0.43890075031
0.338172111668  0.410928778572
0.638975035113  0.617041708966
0.492111911339  0.407739628477
0.616074675948  0.471912653268
0.41813183319  0.485069051869
0.483164499307  0.627856065845
0.384966364366  0.485196432149
0.701550901423  0.634396144371
0.357598832644  0.400645089738
0.4730811315  0.432736721064
0.547439197683  0.370993556736
0.350699715326  0.460112145812
0.478141089792  0.691454128705
0.647490109795  0.575224188571
0.405301430724  0.556587573365
0.425956749912  0.376453783559
0.346137685734  0.494054184559
0.529678001599  0.447223265856
0.536348666308  0.552254466576
0.577703170545  0.509767117247
0.60156518149  0.522412293639
0.545189574211  0.639085539558
0.530596159687  0.323108157049
0.428741066294  0.609579529063
0.468601862039  0.297758383962
0.382812262397  0.397911670168
0.519684416036  0.624706227532
0.306727475774  0.444960939275
0.436319346563  0.336278285343
0.373904610865  0.542920474245
0.663238640049  0.568847478683
0.5408114885  0.546362166594
0.561655833023  0.492114004863
0.685369133891  0.458600847763
0.435355312741  0.410287975608
0.608635103641  0.518723612842
0.554523175448  0.603208742768
0.373895134487  0.466450337175
0.452812120278  0.567854961049
0.348692960135  0.662184626732
0.513128943403  0.574656537232
0.473936573434  0.304001024849
0.416259755288  0.445672970075
0.445557944983  0.536473498543
0.603074097488  0.457852398403
0.489435455185  0.453700928862
0.341563325494  0.307776917734
0.450716999829  0.639402739253
0.349475907784  0.596652035875
0.437639706984  0.486791163658
0.449087800636  0.547360070162
0.479393551609  0.502398074578
0.404783027181  0.420732838172
0.567456116836  0.572011858684
0.639987519807  0.493575833972
0.526485723651  0.602612685038
0.409404610945  0.354290697285
0.346403464507  0.489327809091
0.534709357444  0.477695123545
0.491584795908  0.388465615959
0.521552481828  0.53948127087
0.435613015468  0.363005842046
0.643050142242  0.440208895478
0.65944404916  0.427447687907
0.489646577039  0.533229523618
0.706658365648  0.646483041905
0.61358334757  0.715525500217
0.560919856877  0.357830183203
0.54047456801  0.636025337993
0.503035816892  0.529230811066
0.470373455742  0.404214479687
0.271235505067  0.672712799752
0.435036363679  0.490467596009
0.618584455411  0.630016193851
0.501386962325  0.537740978162
0.425871024229  0.195791163187
0.448056886451  0.697764908089
0.508334603392  0.399829063111
0.535807588383  0.623291670248
0.597651406641  0.495788291474
0.401689206847  0.709154254893
0.407353841755  0.481014452595
0.607378390562  0.414132599428
0.336835151929  0.362849536588
0.4237243217  0.491798326967
0.572918003734  0.579017144595
0.569486089373  0.590425128869
0.432451180014  0.403235637204
0.630042737571  0.462000210009
0.251518974139  0.454422252631
0.554674141445  0.459134647795
0.456329985161  0.525889925539
0.450140103744  0.418427164871
0.549120723523  0.474613047087
0.570245490941  0.497822846112
0.514346032944  0.460100617811
0.192428600278  0.363540289231
0.491149342652  0.450416455873
0.407413588816  0.404995488398
0.618045483211  0.570021358969
0.495000933618  0.349393720866
0.368338737095  0.532947363676
0.473510442283  0.503020302509
0.302255155817  0.511900812863
0.378442706443  0.584799476238
0.513659916791  0.467251382527
0.639903076474  0.695229364528
0.527302351662  0.38074325802
0.379567671752  0.390132351693
0.561565787996  0.479568650785
0.554101658192  0.474657832287
0.412618598526  0.498186031385
0.41279255574  0.526739692685
0.497643818419  0.197155382127
0.507813370618  0.506082233264
0.592853692378  0.380222496968
0.458099468342  0.456891755151
0.541975875747  0.541029171649
0.463786280701  0.441808739673
0.552959137224  0.465717265901
0.434613411574  0.353161238995
0.546161565312  0.339757250788
0.476475983467  0.415509459942
0.557274353016  0.439824421889
0.411016717777  0.428226159246
0.655958748584  0.564823197867
0.62058667812  0.365130466584
0.534575997739  0.425010167406
0.486104607463  0.543758823474
0.563232492706  0.28687728521
0.520722461034  0.652633575706
0.564752749163  0.44154615105
0.537849613187  0.597488102044
0.628751132033  0.582147431509
0.595149936891  0.517181843443
0.498915456284  0.538351829172
0.51183118216  0.593897261292
0.365212181994  0.622001655588
0.411610661215  0.718071038119
0.382627927566  0.487891654463
0.657827366636  0.555593242643
0.568132268817  0.45950860862
0.634768866321  0.38114091319
0.598246399093  0.477248066435
0.505184535709  0.547840152215
0.361904970215  0.453551841382
0.594918699942  0.513561695651
0.523170187208  0.412553008855
0.514750853781  0.322729611517
0.483081960744  0.578037374231
0.527515165535  0.551510577631
0.551110718952  0.329257000016
0.392910227514  0.589980614197
0.302931926029  0.433072428366
0.682009058574  0.547799437595
0.405092833307  0.414558404645
0.329492875187  0.392018691461
0.561124990071  0.569919065996
0.632976755959  0.464295612495
0.510054824849  0.382157960188
0.400514835456  0.510258619856
0.478194421052  0.387881922551
0.571381849927  0.475637453346
0.396111927312  0.787703779907
0.51547497415  0.376754089375
0.450575092863  0.538744374762
0.598764421799  0.510178949217
0.462957694199  0.373337364071
0.372088824837  0.519513207817
0.640744852632  0.457362123205
0.558947858515  0.433560303127
0.413664194125  0.645547355298
0.403224544802  0.347781789831
0.534837518672  0.580165149441
0.722821067321  0.410246535195
0.506947647085  0.411433162359
0.454720390883  0.511430710472
0.498985259483  0.528757864471
0.565129368805  0.404356052968
0.530583421881  0.378182272134
0.291356051455  0.346954260716
0.604177861036  0.438730549768
0.609735003281  0.485821318823
0.62488295105  0.64495539132
0.521035535295  0.530943185276
0.480690460307  0.68732427314
0.601094714157  0.570680676916
0.411288079433  0.484554613741
0.481744410023  0.465225221727
0.371896321644  0.520863432282
0.597759415905  0.499181867229
0.519349990617  0.474018215963
0.503646113352  0.594902031017
0.413151231841  0.56319267158
0.622473304387  0.511602665896
0.598139380381  0.412508690413
0.456640827638  0.397989591288
0.640427340073  0.425538843594
0.537016221369  0.416069606026
0.490573903233  0.560015790859
0.408744653176  0.365592760602
0.496409332829  0.486471989437
0.325816667473  0.406047475269
0.492125820345  0.458460810069
0.627447018343  0.470761547572
0.608684371776  0.613065312255
0.44752555149  0.569370191347
0.520463806812  0.357981088751
0.641946387042  0.729074404063
0.501505481036  0.5046241216
0.645451345447  0.542378414759
0.55345531295  0.564845783654
0.492521238612  0.531441173569
0.406186092224  0.355459282968
0.422613800147  0.577053604272
0.568799995309  0.435719357676
0.513410674773  0.558021973952
0.564848554779  0.466826744822
0.663548859467  0.635013929558
0.41347794228  0.427254827517
0.450748814596  0.434067523458
0.593595932458  0.529875878267
0.605047797388  0.443858144344
0.399328070023  0.363689038052
0.654912536879  0.518770376464
0.47864560657  0.422827791069
0.426915888813  0.513721893169
0.49737498179  0.363583395964
0.441244492582  0.605913904868
0.500927551069  0.321578954514
0.384717005851  0.488418394115
0.425469172724  0.554003638363
0.482888055175  0.627176019797
0.459615564676  0.563526514634
0.472262971388  0.463392121348
0.512445056538  0.665020009814
0.467591628846  0.433127425578
0.514450468615  0.421786026886
0.48320403272  0.539585764891
0.377732946749  0.441073496925
0.718006405859  0.452087157408
0.411296601373  0.480279507812
0.488993964811  0.507500477769
0.394449430458  0.479688905163
0.395064965493  0.487534835526
0.635988338005  0.593058827174
0.362601716411  0.338282195554
0.450779876517  0.593446740671
0.528819013114  0.487106670348
0.462882242844  0.637571970719
0.558953474586  0.598617628103
0.491867236523  0.608866550953
0.415044331075  0.552318521446
0.525243462118  0.457116030704
0.516426018525  0.457771454683
0.539365551758  0.559211742167
0.443170473396  0.659924141563
0.666282879377  0.593912637067
0.267208432924  0.266385339764
0.361851493275  0.390778579237
0.551838011537  0.394897266016
0.506147190836  0.487900376873
0.475382849167  0.561522798781
0.543158184439  0.403305643133
0.455671058315  0.338348423188
0.590942672101  0.472485133813
0.455331842402  0.62857723921
0.528888127707  0.706054928273
0.525394570361  0.521447550022
0.465334770826  0.650894305108
0.46576553673  0.520982986686
0.442639909524  0.414789614135
0.686061163591  0.580287310612
0.573395679664  0.621296109806
0.363602363433  0.507642596534
0.540495732774  0.47161479515
0.626016450465  0.436017157182
0.460632253106  0.483249356457
0.476691529646  0.459542380751
0.376133139805  0.358763974122
0.366852850314  0.409186985018
0.409034641572  0.596154506931
0.548392440208  0.539869950812
0.403283609557  0.688430564104
0.565362810129  0.671922098044
0.371285487628  0.53945235376
0.524978328311  0.57863207213
0.48394963995  0.544172400905
0.54783393329  0.479942901015
0.633910288952  0.518481534627
0.286643991625  0.635628702209
0.505548213409  0.441818957393
0.389895511769  0.469142251996
0.444898351037  0.573458050726
0.503814118357  0.562232314737
0.579342855092  0.565423724805
0.672284725631  0.315660184052
0.609821915167  0.396910318141
0.54051916542  0.552741887519
0.561997661404  0.591212277089
0.680003013041  0.49833623814
0.409961542252  0.409881584788
0.550648530811  0.741764866738
0.634993608636  0.593722705191
0.586953895116  0.469042509372
0.535564688747  0.37522681749
0.568447375696  0.586028657695
0.586569197544  0.560699293794
0.515690335738  0.484314088078
0.667913876324  0.578680291749
0.480742546318  0.390573750203
0.461872654204  0.773650515735
0.798834410788  0.551862577437
0.481359469586  0.288626496669
0.571201146212  0.448754765391
0.53672065411  0.575764184009
0.405363606665  0.422877894192
0.4457393861  0.511240369061
0.44222785935  0.533177617242
0.617670838404  0.649350729873
0.674141077029  0.469729286076
0.531731848679  0.564317521479
0.380806090204  0.352956237046
0.4627639294  0.530059158974
0.575029770854  0.434393915348
0.479511960889  0.440900719576
0.498153514154  0.647470134237
0.42911498967  0.622033110173
0.562199712075  0.373709341445
0.491483694695  0.409738434236
0.402362117246  0.531628157578
0.508015827149  0.604911179146
0.404736979544  0.513461508957
0.543155566539  0.647947204742
0.335413223556  0.724894751223
0.803843305972  0.603135629049
0.407410482913  0.390023043101
0.511534295318  0.292589218687
0.394655600909  0.488144374877
0.435847080351  0.435280796405
0.456065404653  0.642911498459
0.346843512213  0.341553507543
0.429669120813  0.566806455058
0.471342528771  0.672003942216
0.640440112084  0.502886485574
0.493174709638  0.448700447058
0.386794632562  0.450304666021
0.536612832325  0.54140187549
0.731767474002  0.56520486458
0.409929937692  0.593227357532
0.381916138738  0.39829041003
0.436890610843  0.514938859147
0.399990232416  0.494591370579
0.366429599801  0.610409683294
0.454141623139  0.481038173757
0.658825333895  0.386424365307
0.513077695282  0.566248732618
0.56460975951  0.419365279738
0.445083967169  0.49567846272
0.37527392709  0.454782283389
0.372015729233  0.4694086222
0.536541898204  0.504820923464
0.447118033544  0.54128659949
0.599851927946  0.335549440151
0.481300571228  0.616155877274
0.504828177847  0.452511412787
0.492473893372  0.495542959817
0.428647462602  0.494150803082
0.523076917967  0.560311639024
0.415795203603  0.473343918411
0.531155859115  0.61603163186
0.470265673441  0.577196142883
0.490201765995  0.450456485377
0.649600806009  0.658032813945
0.518439505218  0.461225116824
0.559790204985  0.376224944146
0.512987883601  0.469874732356
0.596994847783  0.336062695843
0.413152709016  0.44034298024
0.700682823846  0.434859530346
0.589019376463  0.389566715904
0.390730256515  0.318615297899
0.613792674089  0.458081752858
0.402943370449  0.400821562657
0.623991826915  0.467299794334
0.49617486822  0.419700875439
0.283078352139  0.572662498111
0.54568409382  0.413978694587
0.678625689432  0.450605038136
0.562191702821  0.511432852144
0.545907659326  0.673672537092
0.339971409722  0.470743996056
0.389319235118  0.594317938556
0.517252858105  0.421533392586
0.496675833951  0.489964359255
0.508505974425  0.492158745468
0.429323086867  0.459786642767
0.530396419674  0.41647732348
0.618603741135  0.564786576055
0.44940481158  0.438765709072
0.488192682567  0.535885620463
0.566414911487  0.430494852541
0.605913637901  0.558889421985
0.562836431419  0.431613049756
0.209420365232  0.585449664348
0.392069950385  0.560352405377
0.318322837976  0.488621515372
0.453523088776  0.419618748139
0.380091808901  0.553840799271
0.396412616952  0.439005883118
0.545947626583  0.370368127872
0.437772205818  0.506515680579
0.563187215155  0.378267805822
0.344904773681  0.553813000173
0.463274117221  0.368380156166
0.498220379644  0.617481158694
0.577476461792  0.628436350156
0.392352885904  0.566647478366
0.55802165269  0.487419452081
0.506918215741  0.498451879008
0.360911479828  0.433941611395
0.529313823409  0.351558774242
0.619792446073  0.548434674651
0.476479083672  0.796094733564
0.530160484785  0.636435047622
0.391873274859  0.627334775251
0.657620496443  0.438652328284
0.446458918596  0.331865317784
0.369624622341  0.642004401418
0.344706266064  0.594646207065
0.596582743092  0.595593437794
0.643153351003  0.456391673249
0.492087457622  0.659165046525
0.48107316316  0.525651864212
0.595632992843  0.546402283744
0.412030778183  0.513181860969
0.478446687709  0.468745363281
0.539228428481  0.427717646676
0.374531959369  0.525015765769
0.407494575425  0.548443652903
0.511741414262  0.552297122356
0.419507770072  0.500650768538
0.573370347732  0.473089797816
0.390370660927  0.522822079308
0.514595069051  0.412424589546
0.385514965815  0.418585587207
0.46369115186  0.561240613753
0.490956041416  0.670588532998
0.437922747302  0.571250657251
0.3524872862  0.446452267872
0.449132716644  0.678905381125
0.436560677074  0.582347461905
0.398503249291  0.714633336857
0.591294675382  0.316468398243
0.535362771643  0.623668701504
0.359457981943  0.535230664838
0.433929124378  0.333571625349
0.597855206837  0.582177193101
0.468417000968  0.446732851166
0.47335093856  0.38613837114
0.487675523249  0.534324193546
0.427452482022  0.393941743874
0.528016711994  0.541629108497
0.450301371345  0.404130483721
0.682456384987  0.619675102161
0.490738042927  0.448225497655
0.617416716795  0.39525752193
0.424854002286  0.577651066215
0.439744981815  0.515816389171
0.357307425707  0.480962671543
0.565863153654  0.602297985041
0.335283166703  0.584160504769
0.510048014194  0.631187555302
0.435533998796  0.555667997263
0.629092825449  0.554900427923
0.523270119171  0.661915155848
0.599645881537  0.777626691473
0.477497367954  0.483666142976
0.513573437079  0.635101323159
0.577981912933  0.564625872471
0.528888820825  0.278084555132
0.43077522136  0.554232394926
0.564089621996  0.650164450194
0.446812615449  0.505647530462
0.444141023126  0.613340919114
0.50944087379  0.466264518076
0.629800043087  0.481251479319
0.514416586846  0.52154988826
0.469431090756  0.342432330871
0.4124401009  0.480653669638
0.585138470102  0.487982608869
0.50683387494  0.577520647597
0.545583668456  0.437040084108
0.637871475805  0.566452071818
0.479784714564  0.495722132466
0.502584501138  0.590605764831
0.517940156209  0.528461983626
0.331499483855  0.500205159076
0.563115762478  0.512228578326
0.267162602578  0.544746434377
0.553069289316  0.423535349908
0.407480236054  0.615078295147
0.560587831646  0.279649077468
0.424483567739  0.507094852297
0.628399173153  0.377471248828
0.601968000307  0.537688078471
0.500170501078  0.634416908207
0.583789035838  0.474647207763
0.562768845204  0.503508107443
0.456373678837  0.455104885341
0.455953412918  0.478934053535
0.536295000142  0.629867884357
0.473578609896  0.554695080155
0.450241151481  0.570310755508
0.551078673262  0.529499995155
0.63499330957  0.549092332792
0.619403888822  0.669519448135
0.339155638342  0.677762477782
0.500527531882  0.615835097885
0.463340168775  0.595408990549
0.528781788332  0.674541875531
0.396541172902  0.547407143729
0.694960322293  0.61853650608
0.329244110168  0.461957970664
0.579698711208  0.481312379623
0.542813396286  0.478909281672
0.505713528129  0.362882883718
0.475282530415  0.37094973671
0.456778498453  0.313461983648
0.385985704791  0.393282599952
0.520175490499  0.369536598202
0.576476501556  0.349284196334
0.602712467362  0.556014535719
0.543995607612  0.490593009634
0.464426955157  0.42092064358
0.298751838502  0.61366482759
0.451983948454  0.503439405044
0.352591078148  0.475082826187
0.629496717854  0.558187464256
0.452411071746  0.475436353659
0.474185130255  0.433994724455
0.422391199056  0.490191531207
0.420930226971  0.5186578945
0.553507440829  0.576999935488
0.512042608203  0.515587348422
0.480342018214  0.419681254419
0.516413078731  0.322116471468
0.498588494121  0.607823890551
0.408249921146  0.503626228493
0.423612792808  0.568301891998
0.43300389855  0.416368633896
0.653930047512  0.32249616211
0.68034336893  0.516401588827
0.689386453552  0.466258398264
0.496732037079  0.475638642909
0.461340759049  0.495539478899
0.446388336561  0.374588574203
0.617082836525  0.677784734679
0.415914767071  0.583623241971
0.568681423969  0.45756693645
0.405107283118  0.439033571703
0.586833766112  0.491658216867
0.432709843424  0.451458970311
0.678969396106  0.329631230396
0.411516404207  0.620647937491
0.580599773968  0.613629443631
0.480138951527  0.580764380734
0.375054158622  0.493567431524
0.69984035158  0.380921704496
0.424383195705  0.607999815474
0.406795399096  0.422920134666
0.474979201014  0.601080944425
0.58218124547  0.310090312848
0.527406929348  0.465971952254
0.334982324595  0.501787413415
0.552530265958  0.340197519693
0.42841141478  0.395482068923
0.55504846614  0.427300789009
0.613863754587  0.320614120693
0.442139695328  0.54251912372
0.561286150427  0.508393625807
0.67491727711  0.55739884534
0.520252387771  0.524233042243
0.72630402096  0.666435187031
0.510403854031  0.50999284284
0.43227441582  0.35179262018
0.498843946862  0.501258190246
0.523127632502  0.404426802415
0.385981632063  0.31898292591
0.355181852643  0.578355177593
0.457397462106  0.659321406652
0.523555469061  0.476607048071
0.612682795673  0.440328174688
0.417133968972  0.508571870343
0.635589797251  0.347287100759
0.501317057183  0.341815104908
0.605400990921  0.568641160431
0.317446688267  0.405694652568
0.449925912501  0.549316030666
0.50723964728  0.447165653515
0.337735038307  0.455953246942
0.409341065434  0.556944337009
0.500269347695  0.395746460351
0.430285253055  0.351163834043
0.541839968944  0.411919021036
0.70325953142  0.605945604395
0.343250928752  0.440520746808
0.581786768253  0.444263717514
0.384902552018  0.616924116158
0.63805724577  0.518292356157
0.536093229934  0.505209823824
0.5436302764  0.535038291393
0.539112723946  0.429234459847
0.536860251295  0.57500451351
0.517341866029  0.443822521182
0.352641533355  0.242533532714
0.639873144369  0.622208161857
0.550302364631  0.571935348682
0.547917438764  0.53374674396
0.45294876505  0.425986677679
0.503555634751  0.464900234948
0.517812564086  0.600772685983
0.499245180657  0.401268540939
0.372449361558  0.532273936584
0.573644249592  0.568860755635
0.571404337388  0.44627725177
0.346860478866  0.526357364117
0.509738143197  0.624421725316
0.528701991046  0.504327333767
0.32465931071  0.315893460948
0.570957707428  0.461373465298
0.4881671273  0.440024552341
0.646317232775  0.52291373946
0.631417625982  0.526370254498
0.558740711134  0.433045456638
0.711556468385  0.441440949691
0.582227095548  0.580322709409
0.346115900948  0.443969120024
0.44019903565  0.618570361565
0.513058844111  0.265977779506
0.542039698485  0.365318467588
0.36053384312  0.595017683681
0.440783770528  0.481808883934
0.390679541761  0.405639816159
0.360479665296  0.467683816164
0.535623026639  0.442515808718
0.540216737332  0.493229404012
0.458141013302  0.503862698087
0.396187748799  0.547044288817
0.382577482674  0.41800862081
0.393856809123  0.516970883084
0.523546470416  0.517708551498
0.415172139324  0.407302407341
0.788324941526  0.2880447704
0.585911598773  0.682084544377
0.543373208788  0.423570140344
0.412071860652  0.663149242628
0.578511880325  0.54740241026
0.507965509244  0.493232584288
0.510387303231  0.30708259951
0.691812864416  0.483899963123
0.61945593055  0.277772885557
0.322063847167  0.564427287175
0.572965255795  0.642745980334
0.360706526031  0.547211532855
0.349276946509  0.510622806283
0.385611963693  0.375222972384
0.445672428186  0.639717986071
0.526166768329  0.274244302723
0.318779327126  0.710845061543
0.453447511351  0.408948592068
0.445183239901  0.396425273143
0.379063891779  0.475175835825
0.537985744538  0.549435194176
0.660764322597  0.631561659817
0.467425978514  0.352652473186
0.368784518269  0.509581157809
0.462794355133  0.391145771668
0.545893803058  0.604710485658
0.715555528611  0.658146580123
0.365940088341  0.404839069883
0.428001141455  0.440493648862
0.671095843764  0.39297688097
0.500647958664  0.382847591443
0.385360876182  0.556886440257
0.485463402127  0.493052131301
0.539872186299  0.518672242802
0.632931341931  0.426938473683
0.281626731677  0.404788928923
0.440667387108  0.401733660494
0.525594241185  0.503893918768
0.613266101449  0.519493482676
0.47819258533  0.523630388237
0.488435050116  0.448337306389
0.415962649745  0.538843792596
0.474218277612  0.478177725526
0.556654587414  0.638974267586
0.371658886995  0.317556624936
0.475513189207  0.548329412853
0.588490257357  0.456643882331
0.536547354709  0.547575948048
0.409184605784  0.482749466757
0.457381415369  0.484051095079
0.533841425835  0.406558227103
0.522528456214  0.50044972008
0.53412618723  0.376608197936
0.455088419041  0.53657726024
0.40392403364  0.548011448392
0.284279799866  0.556095966732
0.591150055155  0.638558656622
0.533086466768  0.729888096458
0.554216603139  0.670239275347
0.464797444956  0.559362131393
0.274229652452  0.524043186274
0.553697317104  0.361890036475
0.359848187184  0.42224861422
0.420604691297  0.450906944224
0.434685739963  0.570812228053
0.497304687224  0.582320776663
0.58325106244  0.512547417192
0.696414454362  0.351045570526
0.419762794666  0.573760944012
0.413692150301  0.66299741922
0.468119385383  0.5316966493
0.52526398482  0.480498457191
0.586907014791  0.462826213591
0.33033784304  0.604647626999
0.4642616826  0.505296344035
0.462496460929  0.601287626532
0.369700932912  0.492816613324
0.540254159785  0.578441685662
0.403771432906  0.520452564605
0.3759720786  0.485097908608
0.53911758217  0.590908584833
0.565230337687  0.606356841221
0.474009372742  0.548675358294
0.437339554366  0.524865530238
0.383423806819  0.339764461589
