0.433305501176  0.461491913778
0.651160580775  0.472472874048
0.467223120078  0.541768961446
0.446036858785  0.369573573217
0.481301133669  0.358174970073
0.397301127202  0.524512149145
0.395911968239  0.344165909727
0.48999450757  0.378022891715
0.509837911032  0.481478366242
0.346684489572  0.49086698089
0.505064201862  0.529761299294
0.403058558043  0.24557499956
0.58991654802  0.493994904446
0.472984952995  0.489850704404
0.509148447653  0.534889271866
0.453956778729  0.431081808189
0.672089438358  0.308771267212
0.45430914568  0.329082290203
0.542772794346  0.331188313097
0.558452085702  0.437770050037
0.356189012007  0.463766745872
0.231034998326  0.468174684811
0.523933728702  0.318520257639
0.520755922138  0.620479495969
0.554287748409  0.551884555445
0.509589417389  0.43985327987
0.479399736503  0.407868452005
0.469003667763  0.570126721425
0.475653956199  0.367462485133
0.573160221325  0.354932986405
0.52255597319  0.309356232732
0.47909682121  0.466419045174
0.461581577976  0.571895224971
0.541220235733  0.337819191707
0.32462649078  0.343889390364
0.401110678325  0.41984706541
0.219915184506  0.361489584569
0.552535808868  0.355811578388
0.337095442767  0.639864307869
0.440790185786  0.459470491893
0.684245858696  0.518019449891
0.439892057095  0.515321057469
0.396190805702  0.399605922983
0.438302558891  0.32165919617
0.373217742319  0.50719231517
0.511869252175  0.626421864886
0.431663368506  0.532515425784
0.403920618962  0.357407824721
0.47992172644  0.480742769169
0.50427152972  0.395086815671
0.420681018392  0.30378365948
0.379372241561  0.41260657868
0.321704627104  0.540657295325
0.413408519575  0.581522804367
0.539177694563  0.364811126149
0.402613787008  0.621972430632
0.383972317889  0.572102009124
0.476218847181  0.569158408569
0.389782522509  0.548769989943
0.505743093031  0.509327259838
0.613732654344  0.289374843509
0.501675423141  0.440376581501
0.482138400658  0.570353561916
0.538959642883  0.384477485416
0.60546332651  0.645309056119
0.68800502503  0.606184222464
0.538481390542  0.394679529179
0.416917241465  0.603665687382
0.510108676076  0.430647307253
0.239007323449  0.277704448246
0.558475541627  0.356212164852
0.613734622568  0.275834779748
0.567198061792  0.386046709755
0.673248493957  0.414012247908
0.613809319819  0.490351312468
0.489765485637  0.510594637255
0.494114762317  0.641259474474
0.509587423759  0.561303152236
0.625086184883  0.390987897577
0.476055034692  0.521026794487
0.362166545608  0.460698126445
0.465715334198  0.420463347391
0.442362397977  0.499339898389
0.64325236247  0.441868651798
0.70998239566  0.481112833019
0.449803792115  0.471583200529
0.56333498289  0.476258286304
0.580826056846  0.629287382164
0.387977247492  0.501437093946
0.245410687861  0.592288528277
0.39967571712  0.649780462546
0.47943155002  0.487677493111
0.405314853058  0.504258555336
0.278127607878  0.63368258812
0.480018908356  0.57039824763
0.404597847745  0.482474526594
0.268185435281  0.64876117955
0.544824106332  0.510395896277
0.45803849843  0.487871689415
0.446783600011  0.50199175847
0.269689637908  0.490898576041
0.407230536264  0.493253619966
0.61168131279  0.287090746184
0.341943851885  0.45320973889
0.576251591319  0.495304240748
0.482563056961  0.314192557382
0.408860453323  0.466652746721
0.534560391685  0.362681834125
0.479116093788  0.531088256991
0.438110460208  0.396617680227
0.252908040052  0.497771049862
0.334746737974  0.596519748738
0.407181502398  0.41248257428
0.541091340622  0.50119746408
0.477266051391  0.515619268445
0.494003026649  0.318624926532
0.446128591139  0.513472613402
0.591321241496  0.484262121577
0.340041787904  0.571088707755
0.521701254508  0.46308785521
0.441879780222  0.612970586288
0.712589507657  0.584779047891
0.427251669078  0.521207036303
0.45979635648  0.512847103346
0.560124626917  0.390739004283
0.322352573604  0.560169801105
0.374227248491  0.673277428979
0.475875756591  0.487658700992
0.43193682821  0.438808837577
0.475436916593  0.466288681549
0.506780682793  0.359871820002
0.312103622595  0.370839160695
0.278454216838  0.369338802117
0.504144190849  0.556064301174
0.518569806489  0.512902037341
0.531523457937  0.51853611956
0.549646228073  0.493234565539
0.3748010608  0.471091244233
0.426603425724  0.571811904166
0.50020709757  0.464972363096
0.573576804311  0.510906158555
0.613115332038  0.32204420342
0.493276844718  0.540541626279
0.49897195537  0.539600188935
0.53497200042  0.419651129824
0.50979692708  0.356826027442
0.436774447767  0.497066412201
0.474096513455  0.537910627851
0.480846934399  0.537912049535
0.461121659187  0.386878874868
0.470014815993  0.477856121375
0.465859743042  0.650312161642
0.322198245321  0.387412987488
0.484826554757  0.507368562345
0.587269063608  0.49049849405
0.520872456239  0.571105956007
0.546309413587  0.479269352285
0.498116082847  0.356368492048
0.41615852142  0.310766812102
0.45356252403  0.387670934715
0.412694005942  0.568187234018
0.43537875622  0.356236150063
0.596486938406  0.56542608231
0.448533546789  0.478686103288
0.555948601651  0.507294629909
0.290582813072  0.491442857934
0.428642104461  0.352191722571
0.457218018674  0.481377499455
0.594653003987  0.545967770672
0.438001030542  0.366557653806
0.527832121262  0.52400872966
0.24859230976  0.391905132365
0.53364163151  0.495037974396
0.450566437273  0.54241879758
0.565175628316  0.457376090169
0.476127794654  0.330536391685
0.541481568963  0.438382914827
0.46195686035  0.491817024443
0.524486317829  0.575883667796
0.408558778856  0.47776850278
0.275817541425  0.37393940206
0.411578158008  0.206848742946
0.203195172419  0.486734546087
0.305144076382  0.546951511675
0.435002081372  0.449190594818
0.645037902919  0.417887812824
0.461529400288  0.733919557489
0.435347748605  0.583035547544
0.292190923535  0.612662255022
0.595662891523  0.633969649678
0.488728967493  0.344070339041
0.471178621122  0.394234119058
0.467920224293  0.473757226545
0.400351711392  0.499911322749
0.510015457447  0.442898976091
0.742230250314  0.551900265669
0.552539573606  0.430059553216
0.458696804136  0.453270591295
0.478474400634  0.647981352274
0.434022305605  0.31194233908
0.44639953004  0.606621367802
0.340805302112  0.663402804472
0.395260877351  0.547150550328
0.382892131576  0.508611467244
0.434286646023  0.453621227102
0.278427039669  0.430532396233
0.661752732503  0.654110467906
0.533216963993  0.510930754357
0.36568542079  0.443998287584
0.344486755169  0.438427773987
0.529615671612  0.512405007742
0.426410246488  0.393357276319
0.324131985162  0.377921787732
0.435060572904  0.607365126689
0.359424009214  0.584899922349
0.540939586907  0.433440402395
0.38863117975  0.357221444197
0.513302075852  0.399584449571
0.517661441277  0.430468779046
0.452419748452  0.312090610468
0.542975429055  0.609781756996
0.55232755992  0.486377375393
0.386732703211  0.555377328049
0.380004674306  0.437320489968
0.608639436013  0.334958542775
0.491962017509  0.660918823474
0.66147468762  0.405281010433
0.365849585305  0.529478064913
0.479934796731  0.41456951271
0.386914697626  0.515883600594
0.318495850183  0.443511305349
0.484993748859  0.44664372093
0.643300116242  0.510127417409
0.598709869043  0.489914195326
0.256704680252  0.459375294086
0.610024867714  0.519100196229
0.383803496262  0.460135782986
0.527201956542  0.529018002279
0.483566607801  0.453747904231
0.472788653733  0.386080677967
0.577089450719  0.439955457651
0.496341144052  0.594772604593
0.361127486121  0.32556641017
0.349101958334  0.5619734433
0.46554284042  0.467568916751
0.617839024262  0.373318198727
0.611063928498  0.481089332788
0.517783236799  0.830964529969
0.693603506886  0.363001691901
0.390104319113  0.536741798127
0.61505476876  0.605723824316
0.644461153247  0.515544915229
0.416878818936  0.455076634295
0.468918789982  0.56140479336
0.403217796077  0.319456941065
0.349175355937  0.552161351759
0.529438613999  0.311368187576
0.410937401142  0.534517858195
0.381092526838  0.534207875909
0.50697071712  0.509558710809
0.356783798473  0.518064929802
0.565865154248  0.551127390881
0.439975011326  0.502270170152
0.372300773195  0.551616547024
0.548459357301  0.515914794262
0.595299828221  0.562528117951
0.51930078358  0.591439147954
0.507917558221  0.509243380725
0.454656090864  0.451343464462
0.512752694581  0.420141943501
0.513557783021  0.498253479092
0.312268471958  0.472568774492
0.531054889771  0.418528222488
0.507177101639  0.431666200305
0.450726162202  0.617759205297
0.485769288595  0.58579400553
0.415077579102  0.401021396086
0.43883244729  0.433839961079
0.355835404424  0.458884187316
0.491776585618  0.357958796028
0.329232262635  0.619062917857
0.454755380385  0.504714771636
0.710705837098  0.595388690665
0.479838571034  0.36940347639
0.665009249524  0.424326753428
0.598270172774  0.316619699214
0.495388992991  0.384493018183
0.399432338544  0.389074539263
0.479768592178  0.402895950314
0.623043329666  0.407245052317
0.653901255314  0.51139756605
0.499519844175  0.600204483249
0.5226791847  0.462632534749
0.517449554059  0.563998198182
0.322596744464  0.547372792678
0.405764121923  0.341778553154
0.480142644806  0.414161310553
0.363117919138  0.603136096352
0.451187499457  0.365701249532
0.595167763032  0.418624626374
0.280425494356  0.524010791518
0.413054680765  0.593291956433
0.40340262167  0.544943241251
0.553510070772  0.435748325614
0.409624307496  0.656495002423
0.470648018569  0.520922253818
0.404647723698  0.404090367523
0.387002162071  0.517639169706
0.457896472072  0.630161878115
0.459549913861  0.567297302841
0.58456124872  0.433621237774
0.552107710549  0.347454268452
0.706996768779  0.52486688835
0.52577225558  0.485031389896
0.511729349858  0.371497405038
0.449173233687  0.474529051706
0.487700116435  0.375547273517
0.513983350105  0.482779877301
0.485725656122  0.292998212092
0.547720575011  0.609854398236
0.481574527156  0.53149967752
0.629523275017  0.445151311101
0.589958994964  0.600534105189
0.51634987846  0.466181024732
0.477173937949  0.527510606422
0.382159902557  0.411690936459
0.338896541974  0.438402343453
0.460613501501  0.431450116479
0.455758353689  0.477980717931
0.566416533522  0.281904699304
0.614137294383  0.315765425923
0.363374820057  0.336800918707
0.413507505561  0.426559396353
0.511982223919  0.40307172721
0.410202508843  0.480416512457
0.565353011603  0.368082105185
0.490249964896  0.521679139506
0.472902889551  0.605194884298
0.562274463516  0.44894637213
0.470305445876  0.440002961805
0.339883834563  0.518663583069
0.469492301377  0.46574130861
0.422919077791  0.566961698304
0.308285536308  0.511416666
0.605896816994  0.468836433832
0.551356321442  0.468225831477
0.34469614042  0.532730149433
0.42806944888  0.457065890817
0.496931524609  0.519812802174
0.285468530947  0.389427437855
0.514694431271  0.519921303569
0.451532177908  0.423309404675
0.440753667008  0.340898105336
0.483685209611  0.390484591475
0.357194326697  0.429988070906
0.543340433621  0.519685236025
0.443867295715  0.39619695627
0.451508369991  0.517023600439
0.498176402326  0.311629977892
0.436776720693  0.436896487768
0.446997757989  0.554952141783
0.517152631779  0.531682111383
0.606035804795  0.449527887243
0.561222943785  0.452267937689
0.455748955349  0.368450795119
0.385471985376  0.403459354127
0.464689532794  0.571926333585
0.480996366169  0.51422806335
0.516007245276  0.556657790752
0.358675455639  0.512495883999
0.509737372215  0.438679526024
0.417047617024  0.354789627048
0.432305999643  0.446855409874
0.600206493392  0.409666085116
0.505089772457  0.431352257228
0.423746636421  0.45817231589
0.493247620705  0.524403385534
0.543198865498  0.339523298878
0.426530278329  0.386257501715
0.485529300773  0.339975632713
0.475550230463  0.45112365303
0.37776178642  0.414775504114
0.399701363586  0.427181017503
0.522462700955  0.443894971543
0.458504171423  0.414292895152
0.404301760431  0.280401894087
0.682160853503  0.583432321145
0.5223621212  0.527914992787
0.44207323235  0.395459464321
0.573699481898  0.425451343703
0.488334965107  0.48757988163
0.513779164342  0.571338646992
0.426636625265  0.541280626934
0.510883136039  0.453662052173
0.538440702921  0.542502968945
0.552926302535  0.373353517543
0.530346822872  0.394070866058
0.613470056334  0.491538729429
0.490624289054  0.310248724298
0.428722396401  0.720753208191
0.415412283701  0.608563010754
0.494818254158  0.492159362784
0.33750770003  0.578240312056
0.508396769451  0.43332583306
0.587527113834  0.525930934198
0.61183756211  0.551887297487
0.498819654485  0.646079413074
0.393571081745  0.500732037834
0.693464136973  0.528185748122
0.469314480758  0.250175873636
0.49770790369  0.345841515081
0.515445228426  0.556119114248
0.420710163889  0.376956547329
0.282267387589  0.412719962844
0.410534875511  0.389704845611
0.503946847004  0.60737329384
0.562319705624  0.565213157934
0.311156916461  0.60577632564
0.476104545911  0.45874722928
0.614026682499  0.615102035959
0.438444837607  0.448243155507
0.566046539698  0.362089318234
0.543413664057  0.328544871614
0.525077903654  0.297096982416
0.578167745634  0.618535634114
0.552683296298  0.57520765983
0.474760978942  0.526809010958
0.372338548921  0.503303741815
0.372820932144  0.355584983837
0.457100155857  0.315185324779
0.355149653488  0.47747603669
0.341775223516  0.462988870601
0.485676643596  0.291764018664
0.597391100741  0.252470816198
0.483278362523  0.410671530104
0.563735403024  0.512252906346
0.482461601682  0.446094184224
0.595575617489  0.404093602422
0.390074233661  0.492071335094
0.389419679499  0.451768054015
0.445416545181  0.427952488877
0.493781052523  0.414665780533
0.580099837985  0.43881044301
0.467748421654  0.322354856908
0.451710249835  0.468437293575
0.529734929767  0.477883559174
0.508106889427  0.402590585886
0.727605966011  0.567656928747
0.552255284046  0.534209189295
0.497121165119  0.479123198793
0.666390532251  0.361373014324
0.576587704049  0.308164032287
0.577517490238  0.554538313779
0.578313380466  0.431958175916
0.424071379835  0.401371129522
0.608820044026  0.422272840969
0.632771879784  0.565733295433
0.53736117448  0.414162271315
0.428402388898  0.515700074967
0.429862939628  0.565053075329
0.453238935319  0.411912156743
0.503856982991  0.483229875606
0.629858057701  0.565470300812
0.480619581273  0.527737842442
0.395182114985  0.48104015329
0.565666312996  0.407910664821
0.656326674137  0.471815310654
0.475124969133  0.59875956463
0.463728949397  0.436178202772
0.423512097214  0.396426844648
0.507697936771  0.363335198306
0.498885197396  0.355172524779
0.415250698248  0.584724568534
0.558230079646  0.375738645768
0.467913304375  0.529501670919
0.437466291874  0.418059292508
0.504852304602  0.500362646948
0.555318043884  0.406965792727
0.523567784138  0.209426081391
0.493388646082  0.315296667035
0.351516733002  0.435099221164
0.496976126899  0.441405849031
0.389258963444  0.393209606416
0.661467883333  0.282932259195
0.408877481885  0.483537334661
0.504856841119  0.471611010839
0.654587332856  0.339154011859
0.618493306716  0.458975003392
0.384175558531  0.453492372054
0.365898421144  0.43765726389
0.475147920793  0.46535005651
0.382770812583  0.403471853513
0.610616292194  0.430603085013
0.522026093452  0.615542292906
0.417440980677  0.51666926423
0.540184513199  0.505242365213
0.468639793584  0.370881117364
0.471504979782  0.43180954381
0.572417239036  0.500245245573
0.465503544214  0.559859790174
0.419576907755  0.529525810283
0.401151258848  0.514858336197
0.629226721305  0.36993233981
0.472380061191  0.520563660297
0.436178905401  0.44683836156
0.624788367406  0.415273483912
0.351937340929  0.511105478743
0.472474418566  0.474035077408
0.525638374858  0.623554381467
0.491028930347  0.360518650534
0.402611947105  0.466628703801
0.483836895418  0.588901710804
0.432936209197  0.388949711337
0.58521128155  0.346009407683
0.461376307362  0.428030443159
0.567339928966  0.520550998164
0.689523840724  0.460633366092
0.472585140083  0.338654107406
0.479578293642  0.516999783072
0.619415834732  0.436720323001
0.389228282722  0.578149757641
0.589785045304  0.453052870957
0.480528668354  0.367219103562
0.529800947814  0.397907193891
0.469637946069  0.543526195648
0.477230173369  0.453358872727
0.339803218096  0.499502087082
0.508598165723  0.489663899142
0.582767657694  0.586891024301
0.343875367076  0.318143957462
0.511942130643  0.457141657267
0.38011384724  0.510115394379
0.539704704342  0.498364251987
0.463394433874  0.358259013349
0.539275407095  0.401978036311
0.530020995698  0.496059262228
0.51561409375  0.551656062636
0.434623094853  0.398586748669
0.553979594735  0.52965695715
0.500118876393  0.336188226448
0.614009210734  0.580115765073
0.485229081801  0.36077051626
0.406477444414  0.55555702855
0.619390383296  0.282302821646
0.480236516413  0.181980810092
0.567389289686  0.45320420575
0.536373505358  0.636021137818
0.522859088822  0.420123175602
0.342615464774  0.544270663172
0.636815786095  0.580821667638
0.586286264495  0.559503806011
0.404350329902  0.605273830672
0.369285165599  0.539833857265
0.340696411608  0.437550322344
0.473533737046  0.410656986947
0.478099968463  0.545642306929
0.365294502484  0.239376979466
0.523004080241  0.617373210964
0.509504353576  0.459891374533
0.528253431492  0.301298667641
0.387796941003  0.520882260062
0.404642045051  0.432282600373
0.567908189533  0.573355161228
0.533023364413  0.457947625001
0.583471195931  0.644308976195
0.43208796391  0.613953553357
0.453169754917  0.559395322363
0.435773887714  0.518403523784
0.298264996238  0.493965899986
0.286290598869  0.501616964317
0.533711525593  0.473027177949
0.440843261538  0.504945152953
0.674340751496  0.473360104878
0.556781556598  0.512469504113
0.452938187374  0.710167952471
0.296319426713  0.604729505951
0.39759816109  0.584533109373
0.606437846194  0.402224536708
0.478764432527  0.510287110233
0.44905292908  0.360099680066
0.358289325694  0.327150773428
0.55931420266  0.342611956659
0.542093622946  0.593778475044
0.328543072011  0.468143198666
0.413556427898  0.336155791536
0.421704149793  0.505884983098
0.534384608662  0.223149445714
0.46478937982  0.367033044379
0.529957561461  0.346223499652
0.421178646561  0.487693736641
0.499396102652  0.510245603676
0.586655409776  0.329994829966
0.491744420637  0.320445904552
0.550338113565  0.325472752647
0.399647562898  0.447547480431
0.514981660993  0.588471527309
0.565717519058  0.364260224614
0.326674860492  0.625092808839
0.70364823692  0.57505721253
0.306761170658  0.688444507833
0.393809615655  0.389126316905
0.525404035063  0.443543188536
0.505851081341  0.599754040913
0.454421014944  0.541142845689
0.324096215364  0.526389429264
0.54822143324  0.426554689309
0.450607547817  0.442238873819
0.50226053513  0.55447182223
0.613789952602  0.422302179111
0.419761376064  0.642814748563
0.329388265289  0.495715763681
0.420398656123  0.538557142186
0.367332688709  0.598770773888
0.478526817049  0.593679448732
0.387645957856  0.461776978638
0.576456463962  0.387489897395
0.461562006357  0.42130863704
0.399003444602  0.566440422624
0.452330707173  0.509256838499
0.320758076842  0.631783276945
0.621930114086  0.32539267653
0.398331511284  0.503693125122
0.480575732589  0.71897584734
0.42939812389  0.581851513557
0.405346330559  0.56777584075
0.615543082409  0.493749930609
0.495127082614  0.51759726471
0.547775214357  0.460870216382
0.411689753801  0.55252701155
0.770837884069  0.498125265148
0.367081905141  0.326946551383
0.366604373994  0.246147885388
0.432979058144  0.503225275586
0.32449279163  0.529468624161
0.439864824866  0.358379260138
0.528273094727  0.424263110706
0.296051097454  0.549873926299
0.547479416036  0.333090197209
0.444147339453  0.655956919708
0.501972068171  0.679010352489
0.717191363113  0.504959965334
0.405189165713  0.462628887358
0.602206293066  0.478932663909
0.544376017586  0.595953563776
0.601879931783  0.56502872614
0.48169854793  0.506381376823
0.398238523214  0.442962364409
0.494762294184  0.40702518192
0.474020654518  0.53786807127
0.563008334137  0.425882215776
0.556541386764  0.41758500945
0.570808861994  0.515539034359
0.495388182148  0.494377606546
0.494592097351  0.574630391692
0.520851222032  0.461185097287
0.344352505277  0.437920171289
0.66964089294  0.520948877111
0.441290650603  0.34866170379
0.545031978076  0.726238128712
0.635135764075  0.451186797532
0.418475235024  0.566198082698
0.685222158985  0.507463661219
0.527183043308  0.521803014074
0.617367053235  0.515288025276
0.566725566238  0.501074689173
0.576104789528  0.305684688695
0.674567214202  0.410330436033
0.559139477258  0.41802596763
0.466591809875  0.480186334238
0.393001923528  0.283916838269
0.534639607955  0.520255697934
0.353629145376  0.508540388419
0.604885435277  0.605798275112
0.499939526158  0.503080489696
0.443299650385  0.414359746551
0.794138299957  0.519770296009
0.400404130193  0.626134810206
0.545598671489  0.512494822895
0.52204838832  0.497984577106
0.461650120189  0.408999609634
0.616579268166  0.524513846022
0.342531991266  0.499146945403
0.538392366357  0.604842179736
0.437650042489  0.681216667891
0.443747942077  0.386841026148
0.386990964454  0.224096523653
0.433749833664  0.444281766045
0.371882427158  0.49654072036
0.453408086316  0.461966420601
0.429369073244  0.437486378254
0.561118284371  0.354318389943
0.306797832053  0.512937492087
0.514569711635  0.493604300347
0.407250678823  0.406678870419
0.402424975038  0.507529333122
0.396556037964  0.703246789761
0.243579090271  0.491214187629
0.454643621301  0.614480814152
0.357986669753  0.290893739992
0.685469968906  0.521174814414
0.587314801216  0.5055657227
0.397370168044  0.449692753168
0.481676075236  0.425169995002
0.412641834423  0.575744289949
0.445645570618  0.489709281205
0.418908962089  0.601352648023
0.354270926849  0.437852235803
0.42342000118  0.312143970933
0.477952973531  0.502345094182
0.508142452751  0.636247534411
0.404607827042  0.451658235567
0.417409071512  0.43541641787
0.531090163161  0.425580696433
0.492878013081  0.540313719717
0.498738011207  0.508970979357
0.653008318372  0.599154464443
0.638909238888  0.413049578287
0.705828457135  0.631838087643
0.349132499255  0.459182552279
0.386629602732  0.308040359769
0.331002238022  0.545990566143
0.453522295712  0.37727868943
0.418047739832  0.525289016306
0.463446429164  0.526422184624
0.493563692263  0.496823622887
0.521556852369  0.461395330428
0.346973311662  0.328176680054
0.386466517711  0.476807977297
0.513699840685  0.266302881781
0.487938599526  0.427324210104
0.514312049845  0.496253500127
0.563896530519  0.430936779674
0.567316931476  0.37827903441
0.351287169332  0.457356884512
0.292251492246  0.369250880562
0.572802896969  0.580089229599
0.618354206303  0.483178566439
0.534589172801  0.353752605353
0.512886193471  0.388099712188
0.50417325665  0.442131199714
0.355159523534  0.558014971809
0.382741605294  0.452897876555
0.423947067648  0.336724298932
0.507660279662  0.553856585919
0.549420306612  0.36651201873
0.500848372725  0.427582262067
0.515040068331  0.286390916955
0.419425445464  0.486526268975
0.565986781681  0.52161006375
0.45767028407  0.492133054565
0.702055859326  0.365884488495
0.387252998898  0.455338805117
0.298388173992  0.652576196793
0.41516131083  0.404804346428
0.547722192524  0.506067303481
0.421130780222  0.511705104046
0.533219359197  0.726042238642
0.443479759683  0.590548967442
0.502000548108  0.42560494564
0.632108148827  0.429054466293
0.613045038171  0.573292329845
0.469387043664  0.478455280225
0.529138352212  0.566443961296
0.395768996112  0.423874878071
0.465761837323  0.447415597605
0.417510738397  0.300597720045
0.395060966699  0.276801349238
0.544818827762  0.367784888822
0.545850004534  0.498789137176
0.611848417571  0.674248542482
0.511715786369  0.529803195067
0.492857713815  0.568640222691
0.399013361626  0.628208883181
0.405828408369  0.236191658477
0.283153152682  0.468441623455
0.509177425103  0.501359352189
0.408056148746  0.411973883897
0.603042276082  0.57335005902
0.436199961748  0.341031886468
0.264781644081  0.507287549746
0.30372005445  0.557446830939
0.519470684738  0.46392009925
0.432422747452  0.673652312394
0.374940064129  0.315233106005
0.613485850986  0.49982658937
0.285851063908  0.394985138574
0.507915628072  0.426396930388
0.352949162738  0.648634149568
0.385417265272  0.540986295149
0.526052791414  0.430133775604
0.390948273474  0.513286091537
0.466924683165  0.393566922406
0.483989599797  0.420337562927
0.454683279623  0.397916606827
0.656941160669  0.450609082332
0.203895846756  0.356883383342
0.315930129883  0.545124157764
0.3914557742  0.408605887017
0.550552877823  0.602935993652
0.527110656834  0.444476947871
0.465776947332  0.501489178493
0.376929191939  0.698936288453
0.561104889938  0.582208211361
0.618937750067  0.324810437112
0.303049450301  0.394445895855
0.561101380845  0.49553615044
0.343253455716  0.565286777998
0.227462828069  0.336174431035
0.596977373826  0.495742757756
0.367041289713  0.513954248425
0.646044926722  0.605824682443
0.447499105732  0.333930380993
0.582580218165  0.656017921641
0.37020905328  0.631668460077
0.437977740822  0.59181246299
0.494703938428  0.468903254919
0.538409436161  0.535263045901
0.486263175024  0.473490084314
0.279286427506  0.499338299291
0.532086792809  0.627013484785
0.479611769243  0.52681313242
0.390290832658  0.368344069266
0.346676688231  0.294090814262
0.512262095761  0.448992068615
0.395072464311  0.456333100104
0.629602015133  0.684882672691
0.446117857152  0.486510035566
0.479472745159  0.462064736627
0.459542103537  0.517074639289
0.485568852077  0.524817513703
0.454837693225  0.45945943
0.532067685294  0.579991663943
0.50405568572  0.464273838647
0.512195902914  0.467943135827
0.417252562487  0.382365853378
0.409700249995  0.512661666567
0.42519352928  0.546476653568
0.461384292227  0.509182125706
0.552471452274  0.593031561239
0.480401663489  0.49345612727
0.668725839449  0.416008846406
0.487490008521  0.532776245943
0.526492795845  0.403436621279
0.447735168024  0.486549814458
0.389141111829  0.470477202443
0.327860549024  0.56166625954
0.477283735887  0.430014437783
0.512503466985  0.510821447013
0.525675053209  0.342817607908
0.344926412555  0.524024962196
0.659690791181  0.366718349813
0.501194556758  0.438776141615
0.679955128592  0.424485448045
0.575404680294  0.448620817929
0.406133417666  0.344050694125
0.494211122326  0.42496968361
0.423435285071  0.352168101362
0.523664250036  0.649968141509
0.561676312458  0.478434118116
0.482972715875  0.346363737815
0.361502945146  0.287256572032
0.455625258864  0.451640815582
0.395797929346  0.412651213085
0.435814671988  0.389105175584
0.351990103997  0.454502840976
0.590464844988  0.557981448228
0.45946632609  0.449966040431
0.333110768952  0.652846322062
0.603676391529  0.509702219975
0.520536359584  0.467637354851
0.479652376135  0.4660490106
0.441104704517  0.559671628647
0.580365991855  0.568977600397
0.470446891753  0.521576217428
0.576841792429  0.387372371789
0.296772260282  0.303410438143
0.33166436073  0.534186484635
0.58770448173  0.431446594789
0.502133510588  0.664566190743
0.325625585908  0.452775812813
0.556451275378  0.485127781248
0.425210297371  0.367706349751
0.499535516546  0.559745401915
0.458817621063  0.422641083011
0.407568485818  0.49015636152
0.413849314264  0.514553073671
0.238412617862  0.457709146568
0.505629669588  0.357972595802
0.32764022254  0.65147211665
0.385703976224  0.484066065435
0.438172757706  0.570887322719
0.4402783692  0.44562317678
0.373130653519  0.601259114874
0.438024168922  0.341690544575
0.484079087337  0.492330848528
0.466898699786  0.523045473131
0.493502758202  0.354399428788
0.538668969509  0.531272678865
0.477573352223  0.240302204881
0.61037655973  0.445520488377
0.420313897624  0.537636600293
0.443313857772  0.599177667042
0.34856679328  0.232344934903
0.465567476062  0.688819305272
0.400538830148  0.407939895556
0.339184228627  0.653990262653
0.332120521327  0.574840422202
0.259877552486  0.539745311474
0.473864648386  0.433604219618
0.540681411848  0.50040725964
0.520139638292  0.32659985182
0.556213238737  0.479054995187
0.211471470707  0.364849325803
0.371820611229  0.326513209889
0.494735350042  0.384499385539
0.48705790333  0.581917702492
0.360099986128  0.484617801853
0.500493540036  0.489629842804
0.401295797847  0.454248002697
0.456209285933  0.429090082455
0.336646122497  0.440555442675
0.567020416062  0.688579635182
0.378888166674  0.330288042605
0.488598254822  0.449423337677
0.267751853437  0.401958873559
0.504239797605  0.325722193315
0.391881310514  0.365110773835
0.775250372445  0.433389692233
0.57853426452  0.459018853908
0.436157742498  0.430881084437
0.454514779653  0.585132441302
0.52245898208  0.347830950049
0.723102924245  0.598895923971
0.436998928614  0.406560633575
0.433833144185  0.59387649426
0.479622654746  0.525566586326
0.580104080799  0.548807072411
0.520114549221  0.478741629289
0.337989647795  0.551405701798
0.514376124139  0.310552520327
0.262562067505  0.635852306491
0.445088703067  0.446306188046
0.308878957245  0.576893124263
0.508878751989  0.557280507523
0.424837160583  0.382927352004
0.64243457369  0.400490775474
0.624184452683  0.459546099355
0.517511132271  0.662522970297
0.375989798436  0.760808570798
0.531373159157  0.465839565781
0.501453725903  0.441089603286
0.32091532693  0.633782613557
0.469313111453  0.57464022884
0.577841161024  0.461923532154
0.400796258921  0.49129705422
0.39130959284  0.703511960717
0.497352394618  0.437492876797
0.585373245521  0.483830479236
0.480125684888  0.412905519164
0.392638029134  0.542539997879
0.483307218155  0.441511267311
0.447002682033  0.449004668696
0.385682546692  0.63424226428
0.256688205288  0.599854879519
0.312111806285  0.439652771368
0.40691541721  0.29661961474
0.431699192175  0.356101620981
0.513583122622  0.471852356272
0.499803075155  0.352099006251
0.439675534063  0.477561102075
0.285698096284  0.4330884778
0.408963157412  0.563945661706
0.522797074148  0.294925901318
0.442405894593  0.35680492403
0.447786923109  0.466671252618
0.564551660369  0.337591052852
0.380511848613  0.51954524455
0.322925959681  0.511129096578
0.578511894214  0.501076875504
0.581727411622  0.453422048998
0.492828253183  0.477071712034
0.539360788591  0.540004364666
0.567046509949  0.550494462153
0.559143558994  0.557432268582
0.496284451652  0.512724725866
0.496054332389  0.486690610881
0.653094765712  0.325384141706
0.388528172612  0.341182644349
0.412685396251  0.505432615536
0.411314301474  0.47058331562
0.477182979748  0.252837141379
0.516021330647  0.560817494052
0.58448736976  0.382976226934
0.441800478558  0.419694802982
0.53914257213  0.599016960313
0.600480372287  0.330462918645
0.454115852437  0.442062761721
0.422474978202  0.547415101486
0.587411440165  0.433643635275
0.481658343175  0.48926228284
