0.427745431866  0.431098115362
0.547002124229  0.48820673659
0.452326868982  0.402902095134
0.371428841464  0.453178665146
0.512774880188  0.518647213422
0.43321889791  0.429788123069
0.533834265269  0.445824209787
0.403222756103  0.526822865609
0.516164746334  0.579276170607
0.564068579889  0.452145103061
0.527385925457  0.514832485675
0.464541612254  0.601888244522
0.469921150205  0.464152912112
0.328152078045  0.380189195167
0.364073529752  0.578716981178
0.495379034547  0.442511364934
0.466936018145  0.460768679018
0.448593106313  0.487642846638
0.467934120076  0.322977635361
0.563037208447  0.675546958031
0.387875682564  0.376329615275
0.545089759882  0.345256226619
0.443232704634  0.448233498476
0.629415088223  0.295609312968
0.408254781261  0.431073068555
0.548011034625  0.58889250775
0.571578953539  0.434148182293
0.550255114013  0.488538440885
0.541022151303  0.359176710357
0.433927326139  0.406712701313
0.441747191689  0.489835352387
0.432842865848  0.694329123698
0.524522714393  0.512819624295
0.403275593579  0.457460725428
0.444018687102  0.307539370195
0.42165408088  0.56719405144
0.448198608718  0.452064705842
0.545855433334  0.428096484058
0.342871051102  0.385155786924
0.489467870996  0.373766311162
0.447474922799  0.369123614783
0.62937177809  0.745889087735
0.368523104085  0.549085916986
0.631151060087  0.44038117229
0.429951305303  0.494603146825
0.366660033637  0.521784961117
0.468754355462  0.548603761656
0.3428233389  0.658589950959
0.563082485772  0.578084960162
0.469980016626  0.449771474794
0.466074275976  0.526504353765
0.49922263893  0.604839601337
0.475190804074  0.497702680312
0.437095694369  0.68329325418
0.556983565256  0.443555432603
0.509638062125  0.463038002977
0.506449811325  0.517510137372
0.538895196161  0.547714516322
0.442894126506  0.546295116029
0.518837845263  0.520165820923
0.461659343863  0.497976131732
0.555921677286  0.546774079889
0.46283061443  0.343868000595
0.406990039284  0.434224312923
0.605804325111  0.459977077892
0.668768249586  0.377387889459
0.2395247339  0.411837727178
0.398004281734  0.462874861872
0.442889096523  0.411763704897
0.533438564429  0.517891430361
0.542827513885  0.583988111948
0.524809120442  0.467452975401
0.538219675649  0.463809075321
0.268364328692  0.514786371488
0.510487660143  0.505549194905
0.507634639473  0.523287368827
0.423977309235  0.34823325713
0.571893738145  0.558321778611
0.561484340897  0.394998594602
0.479899863739  0.419948664714
0.356924465656  0.567534137489
0.523169276961  0.450223916748
0.344639450623  0.483829278525
0.390905186487  0.62481908982
0.482369011237  0.527269217157
0.534267524788  0.483885258512
0.619055571432  0.515581600925
0.55917302087  0.547767522713
0.597428183864  0.401258616333
0.409994192002  0.499057071752
0.580602521032  0.358082134104
0.488677100794  0.303503113125
0.495764196328  0.688593254605
0.411863244709  0.480577345732
0.431899093561  0.458217676354
0.296792874098  0.540382095184
0.683626702388  0.507260696339
0.543592573299  0.534696477751
0.430143485932  0.468130258172
0.481505923554  0.505112761631
0.495367654463  0.474838718574
0.666241751147  0.537001482136
0.426166241137  0.399126084183
0.410851306781  0.49065998263
0.546501297147  0.474392885233
0.521231977652  0.579115914649
0.390671552726  0.448213715191
0.435061379956  0.492239563263
0.665027601216  0.513640961162
0.383998401587  0.571081463318
0.726737559983  0.405483767365
0.418627076472  0.40020243825
0.442896104559  0.412743073736
0.356285068645  0.448060317859
0.317159173554  0.40512127318
0.472018120113  0.557607136749
0.448609973254  0.476817640318
0.484634493822  0.323415465179
0.411394143261  0.496487389304
0.663814219986  0.465328690101
0.699284438221  0.412149198598
0.363804259031  0.287928353633
0.429157176047  0.654548345508
0.400755419993  0.758496032397
0.484869383465  0.478547362604
0.509949729456  0.524032596805
0.440188724826  0.473335369212
0.536504047676  0.695297557195
0.614387187109  0.512477201369
0.475906369278  0.564636309746
0.386824336998  0.393823176097
0.587582635533  0.582704042857
0.588959861653  0.421141561
0.44349805138  0.347291517939
0.552696785623  0.569564363813
0.468140420815  0.467089231772
0.443088113786  0.426388185916
0.634951550172  0.618693647852
0.501433142862  0.341311533206
0.278544262028  0.580657800195
0.559212561441  0.473568067744
0.36703921759  0.596261028027
0.439945252392  0.630958590229
0.496027324076  0.389556561287
0.524050076386  0.469918452658
0.190310481333  0.526511202027
0.444116220748  0.555823725905
0.48600204378  0.575663495476
0.507797055937  0.502085579071
0.398685254885  0.448045673783
0.467960254335  0.49258348287
0.519955182003  0.50583093079
0.368535161434  0.501184414698
0.383267394341  0.465651655216
0.567257782432  0.507709772463
0.546112324066  0.414017486541
0.43191412674  0.325238201685
0.4098147419  0.59369998711
0.430582008564  0.636597870974
0.371179814201  0.592934364326
0.40521639201  0.315978455823
0.297153735895  0.506325718685
0.58416955878  0.64514552251
0.623953054542  0.50773505526
0.621471424426  0.527027326889
0.388708824269  0.524413224374
0.730621638298  0.23408085907
0.450655411836  0.512096300671
0.494707921437  0.577282025561
0.478494847038  0.526175550176
0.495830461016  0.531865744059
0.447298846893  0.569623986003
0.386299010683  0.39217708258
0.387243955698  0.636640240066
0.308650575723  0.352518708814
0.656566655092  0.463723511096
0.36408762679  0.482207812937
0.472042382316  0.462503248185
0.377180010466  0.51040366432
0.717271592213  0.605963730193
0.445605822831  0.447620186198
0.510300446867  0.404855853106
0.571517735934  0.265232585128
0.445035705936  0.404390618274
0.384123215473  0.472748885551
0.448651870577  0.658902937032
0.522977321027  0.508269513242
0.401118287497  0.625536533261
0.53051371408  0.545637791343
0.39437887293  0.513551935316
0.375331699175  0.528215977882
0.334605308587  0.601217038703
0.531652239148  0.574344426337
0.412989413247  0.266102847602
0.559482508941  0.558121236117
0.330210722348  0.428740103947
0.38402530386  0.531225097373
0.378964496187  0.581446631097
0.486192824345  0.438519809602
0.645429588721  0.361655022314
0.287841945816  0.388468850428
0.49417209268  0.398394530795
0.488056669658  0.355220236185
0.624594044647  0.541976401085
0.429893346823  0.615022123632
0.504583374413  0.477382159692
0.509563111904  0.440957726701
0.529745029758  0.332605418816
0.380820023265  0.580454865923
0.342452590029  0.519203335563
0.300498294069  0.389624569994
0.503753919338  0.463634123805
0.268606365716  0.477810082352
0.409517319957  0.610975312171
0.523705900855  0.777905183875
0.300600167222  0.346256877133
0.326287916885  0.491810577051
0.43142399443  0.385042928597
0.426355135106  0.480616401945
0.255535931799  0.508289979842
0.453726016582  0.361212227902
0.621194341855  0.602320162786
0.481615040661  0.583304235337
0.606381802244  0.306924579679
0.470080819034  0.504490700522
0.665984812813  0.400823142602
0.484517532516  0.3956573886
0.543459812027  0.62883398866
0.434129417647  0.485948901676
0.506459936973  0.539508043499
0.471118078453  0.387061992948
0.493205137226  0.538628438377
0.367515103484  0.352298809891
0.335613792798  0.317704414911
0.530624164025  0.436224011415
0.351444929496  0.517460189714
0.30925773223  0.53986111271
0.304796702805  0.552788188444
0.510884184903  0.724348397196
0.474379279931  0.455559328105
0.5249989845  0.702084393853
0.258099752429  0.532338033272
0.26520990793  0.437712407522
0.492807247105  0.425070232046
0.613335962687  0.576867195154
0.788431761621  0.624422592688
0.414098011357  0.433300147979
0.409552036386  0.597985568899
0.337910035581  0.532888201599
0.484202347087  0.340052408384
0.466463703182  0.448472977853
0.44135249597  0.5426197969
0.564452410076  0.492974744618
0.35094109755  0.508327805763
0.467578549722  0.457993653971
0.41986867982  0.365423539707
0.584727437385  0.302850108806
0.418334844537  0.739260374039
0.420743566243  0.450097901572
0.594904732461  0.804385639871
0.503041503559  0.532497752359
0.585831977383  0.408849135169
0.58164882314  0.593182535194
0.401653995338  0.329893684865
0.429360074188  0.585353349651
0.491464089222  0.543201457644
0.379229568063  0.560482605964
0.607154780112  0.431487055984
0.483878468342  0.584636922172
0.491160118564  0.471884876176
0.378504002468  0.541966331171
0.478010258924  0.492643955678
0.384666204765  0.700496419735
0.335065099673  0.481462840119
0.431836756803  0.439412694578
0.428053620892  0.456907124837
0.551761247786  0.457516958193
0.4798343373  0.540935028088
0.50641342147  0.461292102365
0.460871634751  0.528834061271
0.522504008306  0.306896127671
0.648308597004  0.449173142436
0.45928620864  0.653581144372
0.492881474912  0.474757348582
0.355777032009  0.378981315362
0.506605592117  0.402386330857
0.507955762394  0.415218839832
0.456852037043  0.724058713562
0.408803686509  0.456025638797
0.48280191866  0.506125369228
0.426976535933  0.393884695385
0.578804543935  0.296907006072
0.428564601792  0.249663837061
0.543810751261  0.624613896173
0.4384453485  0.413189978256
0.548353282102  0.643921078386
0.537490645534  0.423509756018
0.381023436909  0.4576335191
0.707473975721  0.588121422848
0.311467243967  0.544120423953
0.591574991093  0.46377587563
0.439423031402  0.384521913938
0.466146258396  0.442763469937
0.604788965744  0.599822734225
0.712783711432  0.557548626158
0.450868350859  0.442357365084
0.506511824615  0.27358869551
0.625939894978  0.319060914896
0.578274291453  0.374292409694
0.613085742756  0.606159511039
0.438045094179  0.639862564813
0.513614460643  0.544676577961
0.415069562791  0.43249374019
0.512810093964  0.561598532933
0.46837022384  0.400099722779
0.299931314019  0.504065323264
0.439694379553  0.656716302451
0.515627536896  0.436563708882
0.443866468124  0.454652560344
0.229035169076  0.4272069617
0.467367418888  0.481175758315
0.507015192217  0.588264209399
0.60424192727  0.509692709567
0.563242214119  0.458165953746
0.571881062493  0.504639340352
0.36144415968  0.492198085678
0.57372220486  0.403974599557
0.370427103401  0.597079005605
0.422154291467  0.488071924261
0.289993403585  0.464709688682
0.481456752285  0.40696788193
0.609649713281  0.471826714451
0.480975824864  0.374206471097
0.372257347171  0.500118876981
0.36279652287  0.591336395558
0.491364355652  0.35344070482
0.476559861007  0.380677741906
0.479372203732  0.412720419417
0.523117119551  0.169877378793
0.304006160937  0.486606958004
0.464980997762  0.546234968661
0.616571004179  0.513367587297
0.51025347647  0.438990328232
0.381433630761  0.444714262029
0.472044141575  0.482758341222
0.388037368127  0.487525521366
0.482271814155  0.571170524823
0.446980513913  0.330294954548
0.440956817735  0.512929356692
0.577941985433  0.603378662661
0.507892095315  0.473274177131
0.29610472525  0.494023327664
0.581341339565  0.390076434921
0.379370991677  0.802125408398
0.513842148361  0.437891872429
0.358217583949  0.478297149985
0.384837584458  0.377429506727
0.485606050178  0.423985639792
0.531895904827  0.405874186113
0.498572591645  0.615402107712
0.502264032948  0.556155567355
0.463489942766  0.563802305165
0.470127283022  0.583094771984
0.443295426561  0.360710288849
0.445257510264  0.49319106846
0.436490608446  0.421955275472
0.404991296778  0.449987515335
0.358649168493  0.492655851841
0.519693212221  0.586867979758
0.36766288083  0.496073455509
0.609519362206  0.344563806532
0.510414627692  0.64415805738
0.518169507477  0.498847842655
0.401873128092  0.419815771967
0.269820265492  0.547895411646
0.561002763755  0.548955882751
0.436578852705  0.415614815162
0.410580382597  0.568021835836
0.584819113881  0.728824262091
0.549280328598  0.434581990915
0.556102617958  0.493468092988
0.527818579833  0.596421038921
0.35500798285  0.398818145019
0.497015349742  0.343191065613
0.560827670069  0.468709270399
0.412486262068  0.689963771711
0.547217910167  0.588826883249
0.364721359537  0.373539068387
0.394555689064  0.413646110933
0.660092792177  0.44887099039
0.603481128565  0.444054067979
0.526358687137  0.574284699073
0.487795447397  0.525336331959
0.570539379887  0.510029877999
0.410150663235  0.353843611134
0.52786244029  0.471509423134
0.565484192407  0.392992625605
0.533829402858  0.417415259292
0.424338947774  0.445965435051
0.511367395649  0.536722643803
0.535854673791  0.511035231399
0.553218345934  0.55123331799
0.457057756684  0.371733271463
0.597009778137  0.423316228727
0.508496520228  0.433170783911
0.545310566555  0.584763533504
0.51002345647  0.56267716416
0.639710624021  0.480774244354
0.613212687252  0.605633894291
0.474530718272  0.420604806435
0.560361038497  0.359114736631
0.588565492516  0.63357786138
0.44419868332  0.381225268443
0.549885893488  0.44889456797
0.467754338444  0.464933916333
0.430947259397  0.563934313279
0.4876309276  0.457777209305
0.495739946773  0.505534201114
0.515403231713  0.494778245654
0.584469448932  0.34627522642
0.582286210188  0.39297634112
0.544155764624  0.574886714849
0.443472122309  0.493318190094
0.482829320933  0.436738321175
0.4227035094  0.485530357864
0.535559640894  0.56894694376
0.464257173536  0.509178664898
0.481357137467  0.566209559126
0.413835234704  0.543369181566
0.436382179429  0.387422927561
0.244279554035  0.442970103965
0.490329214226  0.513179954771
0.466963574903  0.546949310122
0.539038630501  0.467496629388
0.539794247099  0.533491659437
0.530484529069  0.489964843584
0.408606776643  0.456420113391
0.489227854339  0.595145896214
0.472655012581  0.518586766584
0.58602548132  0.501517900448
0.383369723619  0.255330716821
0.453374661356  0.515662454823
0.469803182411  0.532280537005
0.426050682113  0.428625240232
0.570214900489  0.439261973108
0.344263129447  0.52906480607
0.507322721193  0.5236367258
0.519019083484  0.402841097628
0.735012546635  0.470650370392
0.392799672515  0.479071387733
0.30089258601  0.59074019246
0.611337128035  0.457791358671
0.460542675943  0.574683375385
0.244365286896  0.472040350507
0.705348889361  0.380898210282
0.421732665327  0.425778583612
0.603157424074  0.576172365342
0.445739699429  0.375085497736
0.610794319011  0.513684724979
0.570466955284  0.561673046589
0.524779770449  0.442430383485
0.739677687932  0.460339275063
0.697863416021  0.530336627022
0.428631087856  0.609909167955
0.542873515786  0.439145249485
0.46638149933  0.649508170172
0.501814186748  0.547599110424
0.424149812475  0.504877456435
0.603154952727  0.528071229466
0.478995122494  0.473228319356
0.341328521799  0.524992567278
0.39473179378  0.606746744473
0.496707628791  0.543875406538
0.496578155884  0.556763244981
0.421992879984  0.350317202353
0.383820863963  0.481972522868
0.530925531297  0.62841213248
0.540622913473  0.405833518335
0.575549703443  0.528114303433
0.363015728336  0.473615447188
0.414310111643  0.351630382548
0.396040132406  0.429508333023
0.476958270391  0.593729234256
0.473042355948  0.605840758423
0.509511788914  0.525055025055
0.440096181053  0.559114098923
0.410632324087  0.453822255711
0.441064368416  0.538009450179
0.537653890297  0.429934983312
0.456674735468  0.67811309876
0.499049071869  0.509108837103
0.405825775992  0.347608254413
0.522433635142  0.618636007856
0.425252851278  0.636951631452
0.669791610347  0.389972715426
0.554006364314  0.515895694178
0.440764933421  0.573411545389
0.39288822455  0.489832430664
0.596753167296  0.433089608842
0.49564805934  0.458437902784
0.515611440498  0.427477716988
0.382061916817  0.517712977441
0.438156038026  0.476384319508
0.592522341858  0.44949270471
0.624480483715  0.537188001172
0.396736175057  0.370445152062
0.537205145328  0.554775570813
0.400597089897  0.540498343067
0.501104441004  0.472887511663
0.657934294424  0.523204424865
0.652685593689  0.4096542649
0.547705433698  0.656500231635
0.522569003291  0.6076720673
0.567246899445  0.413720150692
0.641173274334  0.338850715431
0.542282177389  0.339173093922
0.504875813742  0.463316364208
0.466787089161  0.470947458863
0.451448604188  0.484107853848
0.540365979486  0.512608039761
0.34005065451  0.452439306527
0.294953348182  0.686581848557
0.399512376967  0.497168714347
0.494535395178  0.385451770166
0.565822023728  0.695469509786
0.565918403324  0.627693978904
0.318497580281  0.493885869759
0.497261845015  0.567262978024
0.23992562653  0.430120687828
0.512592728383  0.482931775008
0.479432798502  0.494822073791
0.526631283794  0.372803483087
0.515003242386  0.467353309962
0.532280372135  0.444475230245
0.636213593743  0.505740804209
0.487548090819  0.346810739501
0.4435988792  0.519418757947
0.372914138057  0.383767494301
0.597018937138  0.497750281075
0.438450393098  0.591173546719
0.375456805704  0.512145011496
0.573702112612  0.253981960587
0.443433503027  0.390675382449
0.445054432301  0.25921760717
0.488871439079  0.646954651581
0.466849769537  0.4475405117
0.427972496043  0.451236854589
0.450215052743  0.59934302593
0.430984718415  0.631437902869
0.400219283709  0.360244716242
0.392027703699  0.513305643888
0.499342767892  0.321564338484
0.710385109843  0.502978365139
0.492390450732  0.41422914315
0.298977418462  0.577258011703
0.370762064789  0.619523581718
0.450755146794  0.454697168438
0.434906298462  0.385884118154
0.557653394252  0.413078320708
0.378633089537  0.528868446822
0.376550427218  0.62858207816
0.47000825001  0.68778179086
0.406361488408  0.501970678139
0.541886952505  0.397917263718
0.550708678138  0.513313907076
0.401039971799  0.428610355373
0.281416719524  0.402561311521
0.411361695024  0.417028517965
0.421293284585  0.520003575929
0.577031826555  0.600400168476
0.547445036366  0.622135151876
0.583953028806  0.453206257956
0.390166306125  0.442682203505
0.433596065669  0.480738547799
0.573098821031  0.466293764815
0.551112426543  0.613052251863
0.63203152804  0.482429428973
0.712191254145  0.476638355272
0.579537233707  0.562258516425
0.318523432781  0.390814603695
0.60162792231  0.490749727387
0.495594584109  0.579435975189
0.52514047024  0.49826324386
0.353170275447  0.386293633062
0.601447727471  0.659486653415
0.369540711329  0.286402951542
0.512471512991  0.536146310009
0.402296055363  0.41091802689
0.245470054187  0.426451888948
0.476379860378  0.374812270083
0.585421468971  0.46460581854
0.288527022018  0.524375228751
0.5800815178  0.344964751176
0.590815011137  0.412466200296
0.614641188753  0.590187124213
0.584755160057  0.523396203368
0.539303506928  0.480969234795
0.620702583153  0.574255525617
0.446726061436  0.374900657668
0.484709051615  0.551627787133
0.43590140264  0.584835513328
0.524590909923  0.551605227773
0.35547608226  0.581481895685
0.498715184411  0.601200775621
0.642256378038  0.48324058693
0.361426506098  0.463544428519
0.566353594782  0.375623477313
0.223692052769  0.59963957592
0.460340216876  0.562765265348
0.60219241463  0.397197895112
0.531267834178  0.592969190358
0.518690872954  0.445009468313
0.662990754111  0.471421922752
0.393953500844  0.335912988175
0.490656019479  0.573612641235
0.475390851194  0.603231598515
0.600490017145  0.615194102806
0.404213491933  0.50528747632
0.522581087684  0.554376709059
0.334906530656  0.501831529548
0.406551867439  0.445077795994
0.537653502067  0.483796089488
0.631416836949  0.402105430581
0.711682243996  0.48676502111
0.524962962815  0.378634654345
0.464768418863  0.432370312669
0.487337426792  0.460500142016
0.434610186746  0.46053139016
0.360505252733  0.581751592604
0.522818392683  0.249492515937
0.557530668263  0.429690184439
0.430886801378  0.418467381946
0.389631783412  0.431363787997
0.408365127564  0.406641303906
0.574306566627  0.639576050774
0.290996048116  0.411891422511
0.461417648173  0.53296323207
0.373815023232  0.47475745552
0.446896140555  0.522546050102
0.524707020957  0.296572035445
0.476301866422  0.446929324932
0.444922870798  0.782974986531
0.543770164543  0.62267688048
0.518872457588  0.377176413461
0.544610819744  0.416944094525
0.358782034183  0.74882784955
0.582182625269  0.499092201777
0.232193171079  0.376338648244
0.386652403611  0.495767837412
0.49473540593  0.423942191521
0.485906288657  0.457949809944
0.375951033786  0.605784695056
0.372713529887  0.481701133954
0.28336305736  0.520701334526
0.382427162123  0.427428850029
0.327864563684  0.460509173649
0.35218531904  0.634347165361
0.314580364581  0.393598908087
0.553561181509  0.484448562549
0.310975946256  0.516201718374
0.471986888345  0.549542547547
0.557739191699  0.327074524538
0.475725548713  0.489303137963
0.50370113439  0.568300932204
0.480582957242  0.228152716355
0.51100807482  0.541850568054
0.67614774501  0.560779732753
0.625241415426  0.543000410364
0.512971279961  0.476914991559
0.657666622642  0.456822598457
0.446351441844  0.374120808554
0.560784742537  0.520870122824
0.487237198139  0.369434916546
0.424847195221  0.397226840645
0.461067956713  0.42393068653
0.358664973401  0.427084609386
0.638502049137  0.377836197116
0.479942058511  0.595944846813
0.497267471279  0.491872043831
0.570194047521  0.50953818169
0.478078723194  0.463298242262
0.392317032277  0.602464204911
0.411549882449  0.381686535993
0.486102611496  0.405910879725
0.402505395043  0.445721799933
0.4521963335  0.498994179201
0.606237099869  0.381769664689
0.488998656736  0.385983274989
0.558541908645  0.492220077839
0.617442695257  0.633579752638
0.413593163593  0.473298234863
0.504725175083  0.532658346208
0.589189938767  0.580136050417
0.574315085963  0.478591394756
0.66540978489  0.570098688433
0.416310021136  0.493521895867
0.531627394424  0.410505882737
0.465799823265  0.391252417511
0.629461450405  0.244845837213
0.487924118322  0.548985683394
0.590919843562  0.499333838029
0.461007930953  0.36645124021
0.441167528044  0.619023155568
0.377422308509  0.605744353075
0.442123098975  0.346096485014
0.300462525772  0.407303715472
0.444310228052  0.623154803216
0.481619121443  0.804207931697
0.395030804307  0.395197356591
0.429534282097  0.47090730701
0.392102070194  0.35706258687
0.470143609707  0.429075357738
0.488381419435  0.474511960062
0.611375752337  0.351398433928
0.496427352337  0.450782454676
0.527179627939  0.490210074247
0.388580202245  0.450385140169
0.477389636608  0.352318390425
0.401083926454  0.524745992305
0.459386389918  0.503206792949
0.367483887633  0.348104579016
0.435409277061  0.372163212599
0.534298431218  0.484537418485
0.419602370631  0.601454057951
0.586132487195  0.395086885623
0.475489667274  0.510261276047
0.407976536187  0.426257868022
0.408826749659  0.398104418525
0.473381475458  0.624808480918
0.526789432308  0.634864132142
0.410488679396  0.468041788907
0.485221958774  0.443584728063
0.300386722994  0.506285099136
0.603610590989  0.455875359184
0.366908992235  0.592865350118
0.326853706789  0.518796333845
0.323437888233  0.480339528167
0.515041922608  0.355485294553
0.600491360127  0.731947336001
0.578359177218  0.329457570923
0.221114730798  0.457397916496
0.593524583984  0.456466823067
0.623632906112  0.507036833169
0.600208062037  0.408796371596
0.462617095106  0.525206185128
0.527198684858  0.539275741653
0.595937835486  0.479794274574
0.52177824843  0.58065819842
0.499535474466  0.516079270873
0.427089800287  0.482385838273
0.39375196546  0.649885513861
0.659322861989  0.708164817784
0.579219610757  0.513882748995
0.605088903281  0.399053348098
0.381096069793  0.532868670743
0.538526341343  0.482408563461
0.55578692757  0.571357915157
0.404550017338  0.538682609325
0.422768954589  0.545014662625
0.439233331855  0.649699770847
0.44740534632  0.541328436943
0.530838585613  0.34065232651
0.479856251064  0.536073046955
0.524158146558  0.607110206237
0.394980713057  0.48000441061
0.594053985205  0.460264336099
0.489983380636  0.520700253559
0.65776165712  0.66881501002
0.477340105324  0.285626292193
0.498267474175  0.403841150588
0.440898998855  0.402204058313
0.445885203415  0.511138269938
0.7049778939  0.632441137603
0.432145361292  0.488323799184
0.520404133033  0.407032176163
0.55028540638  0.54218118421
0.31446944242  0.410810650167
0.265387451075  0.444501930805
0.522822895608  0.374281678864
0.524232156447  0.483419667325
0.525635954351  0.429270136476
0.712900961423  0.454567686709
0.555219175939  0.33073169704
0.450107702862  0.441051731315
0.368902823865  0.434741966536
0.5699891857  0.581457789889
0.520543350034  0.444702104808
0.519721443127  0.482370506687
0.203376850902  0.474255368464
0.421552319095  0.468767061724
0.583959734281  0.329903389655
0.586271461201  0.434951864078
0.328100660004  0.462621727001
0.555674961271  0.513988221874
0.63490023697  0.662895071461
0.485972772344  0.543623026067
0.500499882871  0.543993389047
0.436142126166  0.488273766395
0.64622704562  0.606726875913
0.400821119146  0.441152577646
0.521862953042  0.567800696708
0.538393009396  0.440153444269
0.601897811594  0.429486582318
0.501820100519  0.525550267184
0.433015681666  0.537169206798
0.549770005219  0.554971316738
0.291985125368  0.333446576541
0.460349276602  0.264438227996
0.380412829739  0.448954911559
0.489705610266  0.302107980868
0.502080697939  0.571995703994
0.296321493073  0.522666659581
0.392327498101  0.670175978237
0.435576602397  0.541870974244
0.528007266825  0.371616920242
0.421651518462  0.406795473018
0.558549780394  0.426658611176
0.551358608154  0.629573762472
0.45899485905  0.500279587596
0.397417276754  0.523450389853
0.433060497023  0.377107017445
0.42697977267  0.555468867516
0.526850102887  0.590682409768
0.282877089854  0.42113470286
0.626225755019  0.383561635805
0.385509708904  0.590454445584
0.442109816206  0.627468930126
0.442814833364  0.305715696399
0.487769550248  0.616743920427
0.364116743487  0.466977693079
0.31309557562  0.50021449707
0.338768714732  0.45088176937
0.336847090508  0.636994295247
0.509158361221  0.525967072199
0.53846384594  0.374708569831
0.537067418348  0.376188287016
0.37468291594  0.384512506741
0.40085025107  0.34070888254
0.421287248771  0.535441911742
0.459018854866  0.491405633434
0.457446725254  0.578147245125
0.565509822082  0.495488804433
0.505338439392  0.560805402384
0.527753818976  0.405776850376
0.44750130807  0.438618629588
0.446921466497  0.442785338538
0.442686650281  0.455527455955
0.545418814859  0.344907779701
0.507857754376  0.430155536176
0.474889827846  0.42351731009
0.332077742255  0.55332176532
0.383921591282  0.60313558853
0.685369127565  0.651501465764
0.426578463784  0.740926259976
0.355602646905  0.39366493992
0.609747219696  0.629788038679
0.554695592972  0.34118669711
0.461361798588  0.482116119415
0.60426341081  0.703944508006
0.246870276147  0.489817005017
0.458868907442  0.404273863215
0.492991428846  0.414189891896
0.561990779135  0.392687765052
0.513183006795  0.440381302435
0.426569113067  0.494351572267
0.450275416167  0.597205945141
0.465380471021  0.392102355717
0.597310900233  0.389919412692
0.361679390893  0.57365469235
0.407658337945  0.509715636384
0.472203857908  0.432848265777
0.363520968899  0.25911954461
0.569730273681  0.477072932386
0.550055552329  0.56832450551
0.498458826528  0.548173251281
0.538974199797  0.512635995115
0.465408866521  0.507906656675
0.602762175998  0.557384336508
0.371165794932  0.48063041189
0.334154652694  0.594612421919
0.631980801162  0.467906532022
0.5010422193  0.681226319549
0.474277344199  0.623103178611
0.363418971067  0.449448858252
0.756988278505  0.536255472969
0.42227610255  0.458571137678
0.464932705147  0.199016843391
0.33203127776  0.486814531749
0.506335996184  0.511851505571
0.377185326628  0.493967920452
0.541882268062  0.421483258576
0.335735741633  0.56656568623
0.62799560641  0.496845358322
0.612574251467  0.338179493852
0.461937820862  0.402718362466
0.227836293179  0.567497409297
0.561331678888  0.56393055684
0.595068843036  0.418866578219
0.44519087741  0.502262864173
0.536351841601  0.624000402949
0.498513757573  0.509620620199
0.625358009396  0.436835373102
0.394591608705  0.565676196649
0.582913984183  0.563363904848
0.43840559268  0.431507253058
0.473236681869  0.500119619456
0.528001511302  0.475462044068
0.512692874082  0.55396702999
0.462340800303  0.566755982025
0.38128616355  0.33024590329
0.414908696816  0.518037613273
0.543136964152  0.497167503863
0.558264041275  0.555925041674
0.62536069681  0.534014660853
0.348741916107  0.344711065348
0.423931835965  0.496911356483
0.479608828821  0.501725019589
0.524900293332  0.508225207633
0.457750925218  0.429846679988
0.389511106319  0.528552664385
0.486106293269  0.311646565391
0.630817592994  0.31171839843
0.511800699478  0.527344608999
0.438406195258  0.418182571984
0.442415533003  0.596217964884
0.640027308065  0.390558824249
0.440100778326  0.496833620549
0.403881252171  0.540918316557
0.596929987339  0.635837910553
0.419933862196  0.360656655736
0.401401294379  0.471076260894
0.387468416687  0.616448691282
0.476877863869  0.308163867986
0.289719131996  0.542542157704
0.47957181552  0.335398521336
0.48160333775  0.406307307203
0.381218653089  0.350917002462
0.493334322149  0.387894205749
0.416261633055  0.369804025095
0.451620257752  0.478563185269
0.523209613258  0.510253651887
0.525699346118  0.490544041818
0.513604391085  0.50924623383
0.333764751489  0.588054273615
0.414784010067  0.356727590533
0.553662341557  0.454934877561
0.396990207524  0.521614682353
0.510345476012  0.645898783742
0.256574399596  0.520340023768
0.328337889532  0.510838554088
0.402430740645  0.486672733599
0.24117664294  0.402533868234
0.427391203877  0.358222106198
0.539766131617  0.325117577603
0.518358712791  0.608084441692
0.433527593998  0.482677106839
0.388999945752  0.71166587247
0.341193951513  0.577210458268
0.4499070768  0.482538181185
0.54269782744  0.507202115987
0.57308246978  0.577953843186
0.417064073131  0.380486207072
0.479576411876  0.576459648969
0.47215800655  0.376801251496
0.497589358291  0.674274050938
0.629169161202  0.437610255642
0.460916260282  0.467689725083
0.504727091405  0.378596314742
0.59391654032  0.673233949227
0.557660225156  0.557614268056
0.382682366595  0.436060881536
0.606270510169  0.516844718011
0.519887433976  0.406713273342
0.520711657182  0.379675153822
0.611843364255  0.271699545599
0.595644390548  0.452171595633
0.414305516755  0.471645098134
0.439876281829  0.522482209106
0.346149860566  0.321609657749
0.41520585924  0.355531493395
0.498974296052  0.458828561976
0.652813503758  0.626081973079
0.283714770766  0.459813653363
0.445443024976  0.573180451061
0.528169334025  0.52271750501
0.582451874907  0.458032446103
0.598703157854  0.363062653897
0.476037883685  0.434121749162
0.578652035861  0.420382068492
0.398685817279  0.57081125181
0.335024184426  0.446164574949
0.534996945795  0.60542844638
0.511093247835  0.420253504657
0.425217589758  0.47784805681
0.450371815821  0.658629087125
0.537996467952  0.450889333747
0.408674534553  0.399297018554
0.365439197078  0.498681812198
0.297398917203  0.433666211206
0.599611933488  0.445156226975
